NUM	NUM	NUM	NUM	NUM	TEXT	TEXT	FLOAT	FLOAT	NUM	NUM	NUM	NUM	NUM	NUM	NUM	NUM	NUM	NUM	NUM	NUM	NUM	NUM	NUM
園催	昧字園催	attr園催	貸辞燕園催	專唔園催	兆各	各催	x已恫炎	z已恫炎	劾﨑	重云園催	嶷伏扮寂	蛍怏園催	錦礼園催	児粥AI	AI猟周	儔貸揃抄	斌糾0	斌糾1	斌糾2	斌糾3	兆圉ID	吉雫	承崧怏
0	1	65324	-1	21	勸濁粕予		205	70	0	0	10000	-1	-1	1	0	-1	-1	-1	-1	-1	-1	90	0
1	2	65324	-1	21	勸濁粕予		205	70	0	0	10000	-1	-1	1	0	-1	-1	-1	-1	-1	-1	90	0
2	3	65324	-1	21	勸濁粕予		205	70	0	0	10000	-1	-1	1	0	-1	-1	-1	-1	-1	-1	90	0
3	4	65324	-1	21	勸濁粕予		205	70	0	0	10000	-1	-1	1	0	-1	-1	-1	-1	-1	-1	90	0
4	5	65324	-1	21	勸濁粕予		205	70	0	0	10000	-1	-1	1	0	-1	-1	-1	-1	-1	-1	90	0
5	6	65324	-1	21	勸濁粕予		205	70	0	0	10000	-1	-1	1	0	-1	-1	-1	-1	-1	-1	90	0
6	7	65324	-1	21	勸濁粕予		205	70	0	0	10000	-1	-1	1	0	-1	-1	-1	-1	-1	-1	90	0
7	8	65324	-1	21	勸濁粕予		205	70	0	0	10000	-1	-1	1	0	-1	-1	-1	-1	-1	-1	90	0
8	9	65324	-1	21	勸濁粕予		205	70	0	0	10000	-1	-1	1	0	-1	-1	-1	-1	-1	-1	90	0
9	10	65324	-1	21	勸濁粕予		205	70	0	0	10000	-1	-1	1	0	-1	-1	-1	-1	-1	-1	90	0
10	11	65324	-1	21	勸濁粕予		205	70	0	0	10000	-1	-1	1	0	-1	-1	-1	-1	-1	-1	90	0
11	12	65324	-1	21	勸濁粕予		205	70	0	0	10000	-1	-1	1	0	-1	-1	-1	-1	-1	-1	90	0
12	13	65324	-1	21	勸濁粕予		235	70	0	0	10000	-1	-1	1	0	-1	-1	-1	-1	-1	-1	90	0
13	14	65324	-1	21	勸濁粕予		235	70	0	0	10000	-1	-1	1	0	-1	-1	-1	-1	-1	-1	90	0
14	15	65324	-1	21	勸濁粕予		235	70	0	0	10000	-1	-1	1	0	-1	-1	-1	-1	-1	-1	90	0
15	16	65324	-1	21	勸濁粕予		235	70	0	0	10000	-1	-1	1	0	-1	-1	-1	-1	-1	-1	90	0
16	17	65324	-1	21	勸濁粕予		235	70	0	0	10000	-1	-1	1	0	-1	-1	-1	-1	-1	-1	90	0
17	18	65324	-1	21	勸濁粕予		235	70	0	0	10000	-1	-1	1	0	-1	-1	-1	-1	-1	-1	90	0
18	19	65324	-1	21	勸濁粕予		235	70	0	0	10000	-1	-1	1	0	-1	-1	-1	-1	-1	-1	90	0
19	20	65324	-1	21	勸濁粕予		235	70	0	0	10000	-1	-1	1	0	-1	-1	-1	-1	-1	-1	90	0
20	21	65324	-1	21	勸濁粕予		235	70	0	0	10000	-1	-1	1	0	-1	-1	-1	-1	-1	-1	90	0
21	22	65324	-1	21	勸濁粕予		235	70	0	0	10000	-1	-1	1	0	-1	-1	-1	-1	-1	-1	90	0
22	23	65324	-1	21	勸濁粕予		235	70	0	0	10000	-1	-1	1	0	-1	-1	-1	-1	-1	-1	90	0
23	24	65324	-1	21	勸濁粕予		235	70	0	0	10000	-1	-1	1	0	-1	-1	-1	-1	-1	-1	90	0
24	25	65324	-1	21	勸濁粕予		235	104	0	0	10000	-1	-1	1	0	-1	-1	-1	-1	-1	-1	90	0
25	26	65324	-1	21	勸濁粕予		235	104	0	0	10000	-1	-1	1	0	-1	-1	-1	-1	-1	-1	90	0
26	27	65324	-1	21	勸濁粕予		235	104	0	0	10000	-1	-1	1	0	-1	-1	-1	-1	-1	-1	90	0
27	28	65324	-1	21	勸濁粕予		235	104	0	0	10000	-1	-1	1	0	-1	-1	-1	-1	-1	-1	90	0
28	29	65324	-1	21	勸濁粕予		235	104	0	0	10000	-1	-1	1	0	-1	-1	-1	-1	-1	-1	90	0
29	30	65324	-1	21	勸濁粕予		235	104	0	0	10000	-1	-1	1	0	-1	-1	-1	-1	-1	-1	90	0
30	31	65324	-1	21	勸濁粕予		235	104	0	0	10000	-1	-1	1	0	-1	-1	-1	-1	-1	-1	90	0
31	32	65324	-1	21	勸濁粕予		235	104	0	0	10000	-1	-1	1	0	-1	-1	-1	-1	-1	-1	90	0
32	33	65324	-1	21	勸濁粕予		235	104	0	0	10000	-1	-1	1	0	-1	-1	-1	-1	-1	-1	90	0
33	34	65324	-1	21	勸濁粕予		235	104	0	0	10000	-1	-1	1	0	-1	-1	-1	-1	-1	-1	90	0
34	35	65324	-1	21	勸濁粕予		235	104	0	0	10000	-1	-1	1	0	-1	-1	-1	-1	-1	-1	90	0
35	36	65324	-1	21	勸濁粕予		235	104	0	0	10000	-1	-1	1	0	-1	-1	-1	-1	-1	-1	90	0
36	37	65324	-1	21	勸濁粕予		235	137	0	0	10000	-1	-1	1	0	-1	-1	-1	-1	-1	-1	90	0
37	38	65324	-1	21	勸濁粕予		235	137	0	0	10000	-1	-1	1	0	-1	-1	-1	-1	-1	-1	90	0
38	39	65324	-1	21	勸濁粕予		235	137	0	0	10000	-1	-1	1	0	-1	-1	-1	-1	-1	-1	90	0
39	40	65324	-1	21	勸濁粕予		235	137	0	0	10000	-1	-1	1	0	-1	-1	-1	-1	-1	-1	90	0
40	41	65324	-1	21	勸濁粕予		235	137	0	0	10000	-1	-1	1	0	-1	-1	-1	-1	-1	-1	90	0
41	42	65324	-1	21	勸濁粕予		235	137	0	0	10000	-1	-1	1	0	-1	-1	-1	-1	-1	-1	90	0
42	43	65324	-1	21	勸濁粕予		235	137	0	0	10000	-1	-1	1	0	-1	-1	-1	-1	-1	-1	90	0
43	44	65324	-1	21	勸濁粕予		235	137	0	0	10000	-1	-1	1	0	-1	-1	-1	-1	-1	-1	90	0
44	45	65324	-1	21	勸濁粕予		235	137	0	0	10000	-1	-1	1	0	-1	-1	-1	-1	-1	-1	90	0
45	46	65324	-1	21	勸濁粕予		235	137	0	0	10000	-1	-1	1	0	-1	-1	-1	-1	-1	-1	90	0
46	47	65324	-1	21	勸濁粕予		235	137	0	0	10000	-1	-1	1	0	-1	-1	-1	-1	-1	-1	90	0
47	48	65324	-1	21	勸濁粕予		235	137	0	0	10000	-1	-1	1	0	-1	-1	-1	-1	-1	-1	90	0
48	49	65324	-1	21	勸濁粕予		187	125	0	0	10000	-1	-1	1	0	-1	-1	-1	-1	-1	-1	90	0
49	50	65324	-1	21	勸濁粕予		187	125	0	0	10000	-1	-1	1	0	-1	-1	-1	-1	-1	-1	90	0
50	51	65324	-1	21	勸濁粕予		187	125	0	0	10000	-1	-1	1	0	-1	-1	-1	-1	-1	-1	90	0
51	52	65324	-1	21	勸濁粕予		187	125	0	0	10000	-1	-1	1	0	-1	-1	-1	-1	-1	-1	90	0
52	53	65324	-1	21	勸濁粕予		187	125	0	0	10000	-1	-1	1	0	-1	-1	-1	-1	-1	-1	90	0
53	54	65324	-1	21	勸濁粕予		187	125	0	0	10000	-1	-1	1	0	-1	-1	-1	-1	-1	-1	90	0
54	55	65324	-1	21	勸濁粕予		187	125	0	0	10000	-1	-1	1	0	-1	-1	-1	-1	-1	-1	90	0
55	56	65324	-1	21	勸濁粕予		187	125	0	0	10000	-1	-1	1	0	-1	-1	-1	-1	-1	-1	90	0
56	57	65324	-1	21	勸濁粕予		187	125	0	0	10000	-1	-1	1	0	-1	-1	-1	-1	-1	-1	90	0
57	58	65324	-1	21	勸濁粕予		187	108	0	0	10000	-1	-1	1	0	-1	-1	-1	-1	-1	-1	90	0
58	59	65324	-1	21	勸濁粕予		187	108	0	0	10000	-1	-1	1	0	-1	-1	-1	-1	-1	-1	90	0
59	60	65324	-1	21	勸濁粕予		187	108	0	0	10000	-1	-1	1	0	-1	-1	-1	-1	-1	-1	90	0
60	61	65324	-1	21	勸濁粕予		187	108	0	0	10000	-1	-1	1	0	-1	-1	-1	-1	-1	-1	90	0
61	62	65324	-1	21	勸濁粕予		187	108	0	0	10000	-1	-1	1	0	-1	-1	-1	-1	-1	-1	90	0
62	63	65324	-1	21	勸濁粕予		187	108	0	0	10000	-1	-1	1	0	-1	-1	-1	-1	-1	-1	90	0
63	64	65324	-1	21	勸濁粕予		187	108	0	0	10000	-1	-1	1	0	-1	-1	-1	-1	-1	-1	90	0
64	65	65324	-1	21	勸濁粕予		187	108	0	0	10000	-1	-1	1	0	-1	-1	-1	-1	-1	-1	90	0
65	66	65324	-1	21	勸濁粕予		187	108	0	0	10000	-1	-1	1	0	-1	-1	-1	-1	-1	-1	90	0
66	67	65324	-1	21	勸濁粕予		200	108	0	0	10000	-1	-1	1	0	-1	-1	-1	-1	-1	-1	90	0
67	68	65324	-1	21	勸濁粕予		200	108	0	0	10000	-1	-1	1	0	-1	-1	-1	-1	-1	-1	90	0
68	69	65324	-1	21	勸濁粕予		200	108	0	0	10000	-1	-1	1	0	-1	-1	-1	-1	-1	-1	90	0
69	70	65324	-1	21	勸濁粕予		200	108	0	0	10000	-1	-1	1	0	-1	-1	-1	-1	-1	-1	90	0
70	71	65324	-1	21	勸濁粕予		200	108	0	0	10000	-1	-1	1	0	-1	-1	-1	-1	-1	-1	90	0
71	72	65324	-1	21	勸濁粕予		200	108	0	0	10000	-1	-1	1	0	-1	-1	-1	-1	-1	-1	90	0
72	73	65324	-1	21	勸濁粕予		200	108	0	0	10000	-1	-1	1	0	-1	-1	-1	-1	-1	-1	90	0
73	74	65324	-1	21	勸濁粕予		200	108	0	0	10000	-1	-1	1	0	-1	-1	-1	-1	-1	-1	90	0
74	75	65324	-1	21	勸濁粕予		200	108	0	0	10000	-1	-1	1	0	-1	-1	-1	-1	-1	-1	90	0
75	76	65324	-1	21	勸濁粕予		200	125	0	0	10000	-1	-1	1	0	-1	-1	-1	-1	-1	-1	90	0
76	77	65324	-1	21	勸濁粕予		200	125	0	0	10000	-1	-1	1	0	-1	-1	-1	-1	-1	-1	90	0
77	78	65324	-1	21	勸濁粕予		200	125	0	0	10000	-1	-1	1	0	-1	-1	-1	-1	-1	-1	90	0
78	79	65324	-1	21	勸濁粕予		200	125	0	0	10000	-1	-1	1	0	-1	-1	-1	-1	-1	-1	90	0
79	80	65324	-1	21	勸濁粕予		200	125	0	0	10000	-1	-1	1	0	-1	-1	-1	-1	-1	-1	90	0
80	81	65324	-1	21	勸濁粕予		200	125	0	0	10000	-1	-1	1	0	-1	-1	-1	-1	-1	-1	90	0
81	82	65324	-1	21	勸濁粕予		200	125	0	0	10000	-1	-1	1	0	-1	-1	-1	-1	-1	-1	90	0
82	83	65324	-1	21	勸濁粕予		200	125	0	0	10000	-1	-1	1	0	-1	-1	-1	-1	-1	-1	90	0
83	84	65324	-1	21	勸濁粕予		200	125	0	0	10000	-1	-1	1	0	-1	-1	-1	-1	-1	-1	90	0
84	85	65324	-1	21	勸濁粕予		235	144	0	0	10000	-1	-1	1	0	-1	-1	-1	-1	-1	-1	90	0
85	86	65324	-1	21	勸濁粕予		235	144	0	0	10000	-1	-1	1	0	-1	-1	-1	-1	-1	-1	90	0
86	87	65324	-1	21	勸濁粕予		235	144	0	0	10000	-1	-1	1	0	-1	-1	-1	-1	-1	-1	90	0
87	88	65324	-1	21	勸濁粕予		235	144	0	0	10000	-1	-1	1	0	-1	-1	-1	-1	-1	-1	90	0
88	89	65324	-1	21	勸濁粕予		235	144	0	0	10000	-1	-1	1	0	-1	-1	-1	-1	-1	-1	90	0
89	90	65324	-1	21	勸濁粕予		235	144	0	0	10000	-1	-1	1	0	-1	-1	-1	-1	-1	-1	90	0
90	91	65324	-1	21	勸濁粕予		235	144	0	0	10000	-1	-1	1	0	-1	-1	-1	-1	-1	-1	90	0
91	92	65324	-1	21	勸濁粕予		235	144	0	0	10000	-1	-1	1	0	-1	-1	-1	-1	-1	-1	90	0
92	93	65324	-1	21	勸濁粕予		235	144	0	0	10000	-1	-1	1	0	-1	-1	-1	-1	-1	-1	90	0
93	94	65324	-1	21	勸濁粕予		235	144	0	0	10000	-1	-1	1	0	-1	-1	-1	-1	-1	-1	90	0
94	95	65324	-1	21	勸濁粕予		235	144	0	0	10000	-1	-1	1	0	-1	-1	-1	-1	-1	-1	90	0
95	96	65324	-1	21	勸濁粕予		235	144	0	0	10000	-1	-1	1	0	-1	-1	-1	-1	-1	-1	90	0
96	97	65324	-1	21	勸濁粕予		235	165	0	0	10000	-1	-1	1	0	-1	-1	-1	-1	-1	-1	90	0
97	98	65324	-1	21	勸濁粕予		235	165	0	0	10000	-1	-1	1	0	-1	-1	-1	-1	-1	-1	90	0
98	99	65324	-1	21	勸濁粕予		235	165	0	0	10000	-1	-1	1	0	-1	-1	-1	-1	-1	-1	90	0
99	100	65324	-1	21	勸濁粕予		235	165	0	0	10000	-1	-1	1	0	-1	-1	-1	-1	-1	-1	90	0
100	101	65324	-1	21	勸濁粕予		235	165	0	0	10000	-1	-1	1	0	-1	-1	-1	-1	-1	-1	90	0
101	102	65324	-1	21	勸濁粕予		235	165	0	0	10000	-1	-1	1	0	-1	-1	-1	-1	-1	-1	90	0
102	103	65324	-1	21	勸濁粕予		235	165	0	0	10000	-1	-1	1	0	-1	-1	-1	-1	-1	-1	90	0
103	104	65324	-1	21	勸濁粕予		235	165	0	0	10000	-1	-1	1	0	-1	-1	-1	-1	-1	-1	90	0
104	105	65324	-1	21	勸濁粕予		235	165	0	0	10000	-1	-1	1	0	-1	-1	-1	-1	-1	-1	90	0
105	106	65324	-1	21	勸濁粕予		235	165	0	0	10000	-1	-1	1	0	-1	-1	-1	-1	-1	-1	90	0
106	107	65324	-1	21	勸濁粕予		235	165	0	0	10000	-1	-1	1	0	-1	-1	-1	-1	-1	-1	90	0
107	108	65324	-1	21	勸濁粕予		235	165	0	0	10000	-1	-1	1	0	-1	-1	-1	-1	-1	-1	90	0
108	109	65324	-1	21	勸濁粕予		217	165	0	0	10000	-1	-1	1	0	-1	-1	-1	-1	-1	-1	90	0
109	110	65324	-1	21	勸濁粕予		217	165	0	0	10000	-1	-1	1	0	-1	-1	-1	-1	-1	-1	90	0
110	111	65324	-1	21	勸濁粕予		217	165	0	0	10000	-1	-1	1	0	-1	-1	-1	-1	-1	-1	90	0
111	112	65324	-1	21	勸濁粕予		217	165	0	0	10000	-1	-1	1	0	-1	-1	-1	-1	-1	-1	90	0
112	113	65324	-1	21	勸濁粕予		217	165	0	0	10000	-1	-1	1	0	-1	-1	-1	-1	-1	-1	90	0
113	114	65324	-1	21	勸濁粕予		217	165	0	0	10000	-1	-1	1	0	-1	-1	-1	-1	-1	-1	90	0
114	115	65324	-1	21	勸濁粕予		217	165	0	0	10000	-1	-1	1	0	-1	-1	-1	-1	-1	-1	90	0
115	116	65324	-1	21	勸濁粕予		217	165	0	0	10000	-1	-1	1	0	-1	-1	-1	-1	-1	-1	90	0
116	117	65324	-1	21	勸濁粕予		217	165	0	0	10000	-1	-1	1	0	-1	-1	-1	-1	-1	-1	90	0
117	118	65324	-1	21	勸濁粕予		217	165	0	0	10000	-1	-1	1	0	-1	-1	-1	-1	-1	-1	90	0
118	119	65324	-1	21	勸濁粕予		217	165	0	0	10000	-1	-1	1	0	-1	-1	-1	-1	-1	-1	90	0
119	120	65324	-1	21	勸濁粕予		217	165	0	0	10000	-1	-1	1	0	-1	-1	-1	-1	-1	-1	90	0
120	121	65324	-1	21	勸濁粕予		200	165	0	0	10000	-1	-1	1	0	-1	-1	-1	-1	-1	-1	90	0
121	122	65324	-1	21	勸濁粕予		200	165	0	0	10000	-1	-1	1	0	-1	-1	-1	-1	-1	-1	90	0
122	123	65324	-1	21	勸濁粕予		200	165	0	0	10000	-1	-1	1	0	-1	-1	-1	-1	-1	-1	90	0
123	124	65324	-1	21	勸濁粕予		200	165	0	0	10000	-1	-1	1	0	-1	-1	-1	-1	-1	-1	90	0
124	125	65324	-1	21	勸濁粕予		200	165	0	0	10000	-1	-1	1	0	-1	-1	-1	-1	-1	-1	90	0
125	126	65324	-1	21	勸濁粕予		200	165	0	0	10000	-1	-1	1	0	-1	-1	-1	-1	-1	-1	90	0
126	127	65324	-1	21	勸濁粕予		200	165	0	0	10000	-1	-1	1	0	-1	-1	-1	-1	-1	-1	90	0
127	128	65324	-1	21	勸濁粕予		200	165	0	0	10000	-1	-1	1	0	-1	-1	-1	-1	-1	-1	90	0
128	129	65324	-1	21	勸濁粕予		200	165	0	0	10000	-1	-1	1	0	-1	-1	-1	-1	-1	-1	90	0
129	130	65324	-1	21	勸濁粕予		200	165	0	0	10000	-1	-1	1	0	-1	-1	-1	-1	-1	-1	90	0
130	131	65324	-1	21	勸濁粕予		200	165	0	0	10000	-1	-1	1	0	-1	-1	-1	-1	-1	-1	90	0
131	132	65324	-1	21	勸濁粕予		200	165	0	0	10000	-1	-1	1	0	-1	-1	-1	-1	-1	-1	90	0
132	133	65324	-1	21	勸濁粕予		179	183	0	0	10000	-1	-1	1	0	-1	-1	-1	-1	-1	-1	90	0
133	134	65324	-1	21	勸濁粕予		179	183	0	0	10000	-1	-1	1	0	-1	-1	-1	-1	-1	-1	90	0
134	135	65324	-1	21	勸濁粕予		179	183	0	0	10000	-1	-1	1	0	-1	-1	-1	-1	-1	-1	90	0
135	136	65324	-1	21	勸濁粕予		179	183	0	0	10000	-1	-1	1	0	-1	-1	-1	-1	-1	-1	90	0
136	137	65324	-1	21	勸濁粕予		179	183	0	0	10000	-1	-1	1	0	-1	-1	-1	-1	-1	-1	90	0
137	138	65324	-1	21	勸濁粕予		179	183	0	0	10000	-1	-1	1	0	-1	-1	-1	-1	-1	-1	90	0
138	139	65324	-1	21	勸濁粕予		179	183	0	0	10000	-1	-1	1	0	-1	-1	-1	-1	-1	-1	90	0
139	140	65324	-1	21	勸濁粕予		179	183	0	0	10000	-1	-1	1	0	-1	-1	-1	-1	-1	-1	90	0
140	141	65324	-1	21	勸濁粕予		179	183	0	0	10000	-1	-1	1	0	-1	-1	-1	-1	-1	-1	90	0
141	142	65324	-1	21	勸濁粕予		179	183	0	0	10000	-1	-1	1	0	-1	-1	-1	-1	-1	-1	90	0
142	143	65324	-1	21	勸濁粕予		179	183	0	0	10000	-1	-1	1	0	-1	-1	-1	-1	-1	-1	90	0
143	144	65324	-1	21	勸濁粕予		179	183	0	0	10000	-1	-1	1	0	-1	-1	-1	-1	-1	-1	90	0
144	145	65324	-1	21	勸濁粕予		179	210	0	0	10000	-1	-1	1	0	-1	-1	-1	-1	-1	-1	90	0
145	146	65324	-1	21	勸濁粕予		179	210	0	0	10000	-1	-1	1	0	-1	-1	-1	-1	-1	-1	90	0
146	147	65324	-1	21	勸濁粕予		179	210	0	0	10000	-1	-1	1	0	-1	-1	-1	-1	-1	-1	90	0
147	148	65324	-1	21	勸濁粕予		179	210	0	0	10000	-1	-1	1	0	-1	-1	-1	-1	-1	-1	90	0
148	149	65324	-1	21	勸濁粕予		179	210	0	0	10000	-1	-1	1	0	-1	-1	-1	-1	-1	-1	90	0
149	150	65324	-1	21	勸濁粕予		179	210	0	0	10000	-1	-1	1	0	-1	-1	-1	-1	-1	-1	90	0
150	151	65324	-1	21	勸濁粕予		179	210	0	0	10000	-1	-1	1	0	-1	-1	-1	-1	-1	-1	90	0
151	152	65324	-1	21	勸濁粕予		179	210	0	0	10000	-1	-1	1	0	-1	-1	-1	-1	-1	-1	90	0
152	153	65324	-1	21	勸濁粕予		179	210	0	0	10000	-1	-1	1	0	-1	-1	-1	-1	-1	-1	90	0
153	154	65324	-1	21	勸濁粕予		179	210	0	0	10000	-1	-1	1	0	-1	-1	-1	-1	-1	-1	90	0
154	155	65324	-1	21	勸濁粕予		179	210	0	0	10000	-1	-1	1	0	-1	-1	-1	-1	-1	-1	90	0
155	156	65324	-1	21	勸濁粕予		179	210	0	0	10000	-1	-1	1	0	-1	-1	-1	-1	-1	-1	90	0
156	157	65324	-1	21	勸濁粕予		228	202	0	0	10000	-1	-1	1	0	-1	-1	-1	-1	-1	-1	90	0
157	158	65324	-1	21	勸濁粕予		228	202	0	0	10000	-1	-1	1	0	-1	-1	-1	-1	-1	-1	90	0
158	159	65324	-1	21	勸濁粕予		228	202	0	0	10000	-1	-1	1	0	-1	-1	-1	-1	-1	-1	90	0
159	160	65324	-1	21	勸濁粕予		228	202	0	0	10000	-1	-1	1	0	-1	-1	-1	-1	-1	-1	90	0
160	161	65324	-1	21	勸濁粕予		228	202	0	0	10000	-1	-1	1	0	-1	-1	-1	-1	-1	-1	90	0
161	162	65324	-1	21	勸濁粕予		228	202	0	0	10000	-1	-1	1	0	-1	-1	-1	-1	-1	-1	90	0
162	163	65324	-1	21	勸濁粕予		228	202	0	0	10000	-1	-1	1	0	-1	-1	-1	-1	-1	-1	90	0
163	164	65324	-1	21	勸濁粕予		228	202	0	0	10000	-1	-1	1	0	-1	-1	-1	-1	-1	-1	90	0
164	165	65324	-1	21	勸濁粕予		228	202	0	0	10000	-1	-1	1	0	-1	-1	-1	-1	-1	-1	90	0
165	166	65324	-1	21	勸濁粕予		228	218	0	0	10000	-1	-1	1	0	-1	-1	-1	-1	-1	-1	90	0
166	167	65324	-1	21	勸濁粕予		228	218	0	0	10000	-1	-1	1	0	-1	-1	-1	-1	-1	-1	90	0
167	168	65324	-1	21	勸濁粕予		228	218	0	0	10000	-1	-1	1	0	-1	-1	-1	-1	-1	-1	90	0
168	169	65324	-1	21	勸濁粕予		228	218	0	0	10000	-1	-1	1	0	-1	-1	-1	-1	-1	-1	90	0
169	170	65324	-1	21	勸濁粕予		228	218	0	0	10000	-1	-1	1	0	-1	-1	-1	-1	-1	-1	90	0
170	171	65324	-1	21	勸濁粕予		228	218	0	0	10000	-1	-1	1	0	-1	-1	-1	-1	-1	-1	90	0
171	172	65324	-1	21	勸濁粕予		228	218	0	0	10000	-1	-1	1	0	-1	-1	-1	-1	-1	-1	90	0
172	173	65324	-1	21	勸濁粕予		228	218	0	0	10000	-1	-1	1	0	-1	-1	-1	-1	-1	-1	90	0
173	174	65324	-1	21	勸濁粕予		228	218	0	0	10000	-1	-1	1	0	-1	-1	-1	-1	-1	-1	90	0
174	175	65324	-1	21	勸濁粕予		210	202	0	0	10000	-1	-1	1	0	-1	-1	-1	-1	-1	-1	90	0
175	176	65324	-1	21	勸濁粕予		210	202	0	0	10000	-1	-1	1	0	-1	-1	-1	-1	-1	-1	90	0
176	177	65324	-1	21	勸濁粕予		210	202	0	0	10000	-1	-1	1	0	-1	-1	-1	-1	-1	-1	90	0
177	178	65324	-1	21	勸濁粕予		210	202	0	0	10000	-1	-1	1	0	-1	-1	-1	-1	-1	-1	90	0
178	179	65324	-1	21	勸濁粕予		210	202	0	0	10000	-1	-1	1	0	-1	-1	-1	-1	-1	-1	90	0
179	180	65324	-1	21	勸濁粕予		210	202	0	0	10000	-1	-1	1	0	-1	-1	-1	-1	-1	-1	90	0
180	181	65324	-1	21	勸濁粕予		210	202	0	0	10000	-1	-1	1	0	-1	-1	-1	-1	-1	-1	90	0
181	182	65324	-1	21	勸濁粕予		210	202	0	0	10000	-1	-1	1	0	-1	-1	-1	-1	-1	-1	90	0
182	183	65324	-1	21	勸濁粕予		210	202	0	0	10000	-1	-1	1	0	-1	-1	-1	-1	-1	-1	90	0
183	184	65324	-1	21	勸濁粕予		210	218	0	0	10000	-1	-1	1	0	-1	-1	-1	-1	-1	-1	90	0
184	185	65324	-1	21	勸濁粕予		210	218	0	0	10000	-1	-1	1	0	-1	-1	-1	-1	-1	-1	90	0
185	186	65324	-1	21	勸濁粕予		210	218	0	0	10000	-1	-1	1	0	-1	-1	-1	-1	-1	-1	90	0
186	187	65324	-1	21	勸濁粕予		210	218	0	0	10000	-1	-1	1	0	-1	-1	-1	-1	-1	-1	90	0
187	188	65324	-1	21	勸濁粕予		210	218	0	0	10000	-1	-1	1	0	-1	-1	-1	-1	-1	-1	90	0
188	189	65324	-1	21	勸濁粕予		210	218	0	0	10000	-1	-1	1	0	-1	-1	-1	-1	-1	-1	90	0
189	190	65324	-1	21	勸濁粕予		210	218	0	0	10000	-1	-1	1	0	-1	-1	-1	-1	-1	-1	90	0
190	191	65324	-1	21	勸濁粕予		210	218	0	0	10000	-1	-1	1	0	-1	-1	-1	-1	-1	-1	90	0
191	192	65324	-1	21	勸濁粕予		210	218	0	0	10000	-1	-1	1	0	-1	-1	-1	-1	-1	-1	90	0
192	193	65324	-1	21	勸濁粕予		178	233	0	0	10000	-1	-1	1	0	-1	-1	-1	-1	-1	-1	90	0
193	194	65324	-1	21	勸濁粕予		178	233	0	0	10000	-1	-1	1	0	-1	-1	-1	-1	-1	-1	90	0
194	195	65324	-1	21	勸濁粕予		178	233	0	0	10000	-1	-1	1	0	-1	-1	-1	-1	-1	-1	90	0
195	196	65324	-1	21	勸濁粕予		178	233	0	0	10000	-1	-1	1	0	-1	-1	-1	-1	-1	-1	90	0
196	197	65324	-1	21	勸濁粕予		178	233	0	0	10000	-1	-1	1	0	-1	-1	-1	-1	-1	-1	90	0
197	198	65324	-1	21	勸濁粕予		178	233	0	0	10000	-1	-1	1	0	-1	-1	-1	-1	-1	-1	90	0
198	199	65324	-1	21	勸濁粕予		178	233	0	0	10000	-1	-1	1	0	-1	-1	-1	-1	-1	-1	90	0
199	200	65324	-1	21	勸濁粕予		178	233	0	0	10000	-1	-1	1	0	-1	-1	-1	-1	-1	-1	90	0
200	201	65324	-1	21	勸濁粕予		178	233	0	0	10000	-1	-1	1	0	-1	-1	-1	-1	-1	-1	90	0
201	202	65324	-1	21	勸濁粕予		178	233	0	0	10000	-1	-1	1	0	-1	-1	-1	-1	-1	-1	90	0
202	203	65324	-1	21	勸濁粕予		178	233	0	0	10000	-1	-1	1	0	-1	-1	-1	-1	-1	-1	90	0
203	204	65324	-1	21	勸濁粕予		178	233	0	0	10000	-1	-1	1	0	-1	-1	-1	-1	-1	-1	90	0
204	205	65324	-1	21	勸濁粕予		156	233	0	0	10000	-1	-1	1	0	-1	-1	-1	-1	-1	-1	90	0
205	206	65324	-1	21	勸濁粕予		156	233	0	0	10000	-1	-1	1	0	-1	-1	-1	-1	-1	-1	90	0
206	207	65324	-1	21	勸濁粕予		156	233	0	0	10000	-1	-1	1	0	-1	-1	-1	-1	-1	-1	90	0
207	208	65324	-1	21	勸濁粕予		156	233	0	0	10000	-1	-1	1	0	-1	-1	-1	-1	-1	-1	90	0
208	209	65324	-1	21	勸濁粕予		156	233	0	0	10000	-1	-1	1	0	-1	-1	-1	-1	-1	-1	90	0
209	210	65324	-1	21	勸濁粕予		156	233	0	0	10000	-1	-1	1	0	-1	-1	-1	-1	-1	-1	90	0
210	211	65324	-1	21	勸濁粕予		156	233	0	0	10000	-1	-1	1	0	-1	-1	-1	-1	-1	-1	90	0
211	212	65324	-1	21	勸濁粕予		156	233	0	0	10000	-1	-1	1	0	-1	-1	-1	-1	-1	-1	90	0
212	213	65324	-1	21	勸濁粕予		156	233	0	0	10000	-1	-1	1	0	-1	-1	-1	-1	-1	-1	90	0
213	214	65324	-1	21	勸濁粕予		156	233	0	0	10000	-1	-1	1	0	-1	-1	-1	-1	-1	-1	90	0
214	215	65324	-1	21	勸濁粕予		156	233	0	0	10000	-1	-1	1	0	-1	-1	-1	-1	-1	-1	90	0
215	216	65324	-1	21	勸濁粕予		156	233	0	0	10000	-1	-1	1	0	-1	-1	-1	-1	-1	-1	90	0
216	217	65324	-1	21	勸濁粕予		128	127	0	0	10000	-1	-1	1	0	-1	-1	-1	-1	-1	-1	90	0
217	218	65324	-1	21	勸濁粕予		128	127	0	0	10000	-1	-1	1	0	-1	-1	-1	-1	-1	-1	90	0
218	219	65324	-1	21	勸濁粕予		128	127	0	0	10000	-1	-1	1	0	-1	-1	-1	-1	-1	-1	90	0
219	220	65324	-1	21	勸濁粕予		128	127	0	0	10000	-1	-1	1	0	-1	-1	-1	-1	-1	-1	90	0
220	221	65324	-1	21	勸濁粕予		128	127	0	0	10000	-1	-1	1	0	-1	-1	-1	-1	-1	-1	90	0
221	222	65324	-1	21	勸濁粕予		128	127	0	0	10000	-1	-1	1	0	-1	-1	-1	-1	-1	-1	90	0
222	223	65324	-1	21	勸濁粕予		128	127	0	0	10000	-1	-1	1	0	-1	-1	-1	-1	-1	-1	90	0
223	224	65324	-1	21	勸濁粕予		128	127	0	0	10000	-1	-1	1	0	-1	-1	-1	-1	-1	-1	90	0
224	225	65324	-1	21	勸濁粕予		128	127	0	0	10000	-1	-1	1	0	-1	-1	-1	-1	-1	-1	90	0
225	226	65324	-1	21	勸濁粕予		128	127	0	0	10000	-1	-1	1	0	-1	-1	-1	-1	-1	-1	90	0
226	227	65324	-1	21	勸濁粕予		128	127	0	0	10000	-1	-1	1	0	-1	-1	-1	-1	-1	-1	90	0
227	228	65324	-1	21	勸濁粕予		128	127	0	0	10000	-1	-1	1	0	-1	-1	-1	-1	-1	-1	90	0
228	229	65324	-1	21	勸濁粕予		128	204	0	0	10000	-1	-1	1	0	-1	-1	-1	-1	-1	-1	90	0
229	230	65324	-1	21	勸濁粕予		128	204	0	0	10000	-1	-1	1	0	-1	-1	-1	-1	-1	-1	90	0
230	231	65324	-1	21	勸濁粕予		128	204	0	0	10000	-1	-1	1	0	-1	-1	-1	-1	-1	-1	90	0
231	232	65324	-1	21	勸濁粕予		128	204	0	0	10000	-1	-1	1	0	-1	-1	-1	-1	-1	-1	90	0
232	233	65324	-1	21	勸濁粕予		128	204	0	0	10000	-1	-1	1	0	-1	-1	-1	-1	-1	-1	90	0
233	234	65324	-1	21	勸濁粕予		128	204	0	0	10000	-1	-1	1	0	-1	-1	-1	-1	-1	-1	90	0
234	235	65324	-1	21	勸濁粕予		128	204	0	0	10000	-1	-1	1	0	-1	-1	-1	-1	-1	-1	90	0
235	236	65324	-1	21	勸濁粕予		128	204	0	0	10000	-1	-1	1	0	-1	-1	-1	-1	-1	-1	90	0
236	237	65324	-1	21	勸濁粕予		128	204	0	0	10000	-1	-1	1	0	-1	-1	-1	-1	-1	-1	90	0
237	238	65324	-1	21	勸濁粕予		128	204	0	0	10000	-1	-1	1	0	-1	-1	-1	-1	-1	-1	90	0
238	239	65324	-1	21	勸濁粕予		128	204	0	0	10000	-1	-1	1	0	-1	-1	-1	-1	-1	-1	90	0
239	240	65324	-1	21	勸濁粕予		128	204	0	0	10000	-1	-1	1	0	-1	-1	-1	-1	-1	-1	90	0
240	241	65324	-1	21	勸濁粕予		128	184	0	0	10000	-1	-1	1	0	-1	-1	-1	-1	-1	-1	90	0
241	242	65324	-1	21	勸濁粕予		128	184	0	0	10000	-1	-1	1	0	-1	-1	-1	-1	-1	-1	90	0
242	243	65324	-1	21	勸濁粕予		128	184	0	0	10000	-1	-1	1	0	-1	-1	-1	-1	-1	-1	90	0
243	244	65324	-1	21	勸濁粕予		128	184	0	0	10000	-1	-1	1	0	-1	-1	-1	-1	-1	-1	90	0
244	245	65324	-1	21	勸濁粕予		128	184	0	0	10000	-1	-1	1	0	-1	-1	-1	-1	-1	-1	90	0
245	246	65324	-1	21	勸濁粕予		128	184	0	0	10000	-1	-1	1	0	-1	-1	-1	-1	-1	-1	90	0
246	247	65324	-1	21	勸濁粕予		128	184	0	0	10000	-1	-1	1	0	-1	-1	-1	-1	-1	-1	90	0
247	248	65324	-1	21	勸濁粕予		128	184	0	0	10000	-1	-1	1	0	-1	-1	-1	-1	-1	-1	90	0
248	249	65324	-1	21	勸濁粕予		128	184	0	0	10000	-1	-1	1	0	-1	-1	-1	-1	-1	-1	90	0
249	250	65324	-1	21	勸濁粕予		128	184	0	0	10000	-1	-1	1	0	-1	-1	-1	-1	-1	-1	90	0
250	251	65324	-1	21	勸濁粕予		128	184	0	0	10000	-1	-1	1	0	-1	-1	-1	-1	-1	-1	90	0
251	252	65324	-1	21	勸濁粕予		128	184	0	0	10000	-1	-1	1	0	-1	-1	-1	-1	-1	-1	90	0
252	253	65324	-1	21	勸濁粕予		120	137	0	0	10000	-1	-1	1	0	-1	-1	-1	-1	-1	-1	90	0
253	254	65324	-1	21	勸濁粕予		120	137	0	0	10000	-1	-1	1	0	-1	-1	-1	-1	-1	-1	90	0
254	255	65324	-1	21	勸濁粕予		120	137	0	0	10000	-1	-1	1	0	-1	-1	-1	-1	-1	-1	90	0
255	256	65324	-1	21	勸濁粕予		120	137	0	0	10000	-1	-1	1	0	-1	-1	-1	-1	-1	-1	90	0
256	257	65324	-1	21	勸濁粕予		120	137	0	0	10000	-1	-1	1	0	-1	-1	-1	-1	-1	-1	90	0
257	258	65324	-1	21	勸濁粕予		120	137	0	0	10000	-1	-1	1	0	-1	-1	-1	-1	-1	-1	90	0
258	259	65324	-1	21	勸濁粕予		120	137	0	0	10000	-1	-1	1	0	-1	-1	-1	-1	-1	-1	90	0
259	260	65324	-1	21	勸濁粕予		120	137	0	0	10000	-1	-1	1	0	-1	-1	-1	-1	-1	-1	90	0
260	261	65324	-1	21	勸濁粕予		120	137	0	0	10000	-1	-1	1	0	-1	-1	-1	-1	-1	-1	90	0
261	262	65324	-1	21	勸濁粕予		134	137	0	0	10000	-1	-1	1	0	-1	-1	-1	-1	-1	-1	90	0
262	263	65324	-1	21	勸濁粕予		134	137	0	0	10000	-1	-1	1	0	-1	-1	-1	-1	-1	-1	90	0
263	264	65324	-1	21	勸濁粕予		134	137	0	0	10000	-1	-1	1	0	-1	-1	-1	-1	-1	-1	90	0
264	265	65324	-1	21	勸濁粕予		134	137	0	0	10000	-1	-1	1	0	-1	-1	-1	-1	-1	-1	90	0
265	266	65324	-1	21	勸濁粕予		134	137	0	0	10000	-1	-1	1	0	-1	-1	-1	-1	-1	-1	90	0
266	267	65324	-1	21	勸濁粕予		134	137	0	0	10000	-1	-1	1	0	-1	-1	-1	-1	-1	-1	90	0
267	268	65324	-1	21	勸濁粕予		134	137	0	0	10000	-1	-1	1	0	-1	-1	-1	-1	-1	-1	90	0
268	269	65324	-1	21	勸濁粕予		134	137	0	0	10000	-1	-1	1	0	-1	-1	-1	-1	-1	-1	90	0
269	270	65324	-1	21	勸濁粕予		134	137	0	0	10000	-1	-1	1	0	-1	-1	-1	-1	-1	-1	90	0
270	271	65324	-1	21	勸濁粕予		120	149	0	0	10000	-1	-1	1	0	-1	-1	-1	-1	-1	-1	90	0
271	272	65324	-1	21	勸濁粕予		120	149	0	0	10000	-1	-1	1	0	-1	-1	-1	-1	-1	-1	90	0
272	273	65324	-1	21	勸濁粕予		120	149	0	0	10000	-1	-1	1	0	-1	-1	-1	-1	-1	-1	90	0
273	274	65324	-1	21	勸濁粕予		120	149	0	0	10000	-1	-1	1	0	-1	-1	-1	-1	-1	-1	90	0
274	275	65324	-1	21	勸濁粕予		120	149	0	0	10000	-1	-1	1	0	-1	-1	-1	-1	-1	-1	90	0
275	276	65324	-1	21	勸濁粕予		120	149	0	0	10000	-1	-1	1	0	-1	-1	-1	-1	-1	-1	90	0
276	277	65324	-1	21	勸濁粕予		120	149	0	0	10000	-1	-1	1	0	-1	-1	-1	-1	-1	-1	90	0
277	278	65324	-1	21	勸濁粕予		120	149	0	0	10000	-1	-1	1	0	-1	-1	-1	-1	-1	-1	90	0
278	279	65324	-1	21	勸濁粕予		120	149	0	0	10000	-1	-1	1	0	-1	-1	-1	-1	-1	-1	90	0
279	280	65324	-1	21	勸濁粕予		134	149	0	0	10000	-1	-1	1	0	-1	-1	-1	-1	-1	-1	90	0
280	281	65324	-1	21	勸濁粕予		134	149	0	0	10000	-1	-1	1	0	-1	-1	-1	-1	-1	-1	90	0
281	282	65324	-1	21	勸濁粕予		134	149	0	0	10000	-1	-1	1	0	-1	-1	-1	-1	-1	-1	90	0
282	283	65324	-1	21	勸濁粕予		134	149	0	0	10000	-1	-1	1	0	-1	-1	-1	-1	-1	-1	90	0
283	284	65324	-1	21	勸濁粕予		134	149	0	0	10000	-1	-1	1	0	-1	-1	-1	-1	-1	-1	90	0
284	285	65324	-1	21	勸濁粕予		134	149	0	0	10000	-1	-1	1	0	-1	-1	-1	-1	-1	-1	90	0
285	286	65324	-1	21	勸濁粕予		134	149	0	0	10000	-1	-1	1	0	-1	-1	-1	-1	-1	-1	90	0
286	287	65324	-1	21	勸濁粕予		134	149	0	0	10000	-1	-1	1	0	-1	-1	-1	-1	-1	-1	90	0
287	288	65324	-1	21	勸濁粕予		134	149	0	0	10000	-1	-1	1	0	-1	-1	-1	-1	-1	-1	90	0
288	289	65324	-1	21	勸濁粕予		81	180	0	0	10000	-1	-1	1	0	-1	-1	-1	-1	-1	-1	90	0
289	290	65324	-1	21	勸濁粕予		81	180	0	0	10000	-1	-1	1	0	-1	-1	-1	-1	-1	-1	90	0
290	291	65324	-1	21	勸濁粕予		81	180	0	0	10000	-1	-1	1	0	-1	-1	-1	-1	-1	-1	90	0
291	292	65324	-1	21	勸濁粕予		81	180	0	0	10000	-1	-1	1	0	-1	-1	-1	-1	-1	-1	90	0
292	293	65324	-1	21	勸濁粕予		81	180	0	0	10000	-1	-1	1	0	-1	-1	-1	-1	-1	-1	90	0
293	294	65324	-1	21	勸濁粕予		81	180	0	0	10000	-1	-1	1	0	-1	-1	-1	-1	-1	-1	90	0
294	295	65324	-1	21	勸濁粕予		81	180	0	0	10000	-1	-1	1	0	-1	-1	-1	-1	-1	-1	90	0
295	296	65324	-1	21	勸濁粕予		81	180	0	0	10000	-1	-1	1	0	-1	-1	-1	-1	-1	-1	90	0
296	297	65324	-1	21	勸濁粕予		81	180	0	0	10000	-1	-1	1	0	-1	-1	-1	-1	-1	-1	90	0
297	298	65324	-1	21	勸濁粕予		81	180	0	0	10000	-1	-1	1	0	-1	-1	-1	-1	-1	-1	90	0
298	299	65324	-1	21	勸濁粕予		81	180	0	0	10000	-1	-1	1	0	-1	-1	-1	-1	-1	-1	90	0
299	300	65324	-1	21	勸濁粕予		81	180	0	0	10000	-1	-1	1	0	-1	-1	-1	-1	-1	-1	90	0
300	301	65324	-1	21	勸濁粕予		79	154	0	0	10000	-1	-1	1	0	-1	-1	-1	-1	-1	-1	90	0
301	302	65324	-1	21	勸濁粕予		79	154	0	0	10000	-1	-1	1	0	-1	-1	-1	-1	-1	-1	90	0
302	303	65324	-1	21	勸濁粕予		79	154	0	0	10000	-1	-1	1	0	-1	-1	-1	-1	-1	-1	90	0
303	304	65324	-1	21	勸濁粕予		79	154	0	0	10000	-1	-1	1	0	-1	-1	-1	-1	-1	-1	90	0
304	305	65324	-1	21	勸濁粕予		79	154	0	0	10000	-1	-1	1	0	-1	-1	-1	-1	-1	-1	90	0
305	306	65324	-1	21	勸濁粕予		79	154	0	0	10000	-1	-1	1	0	-1	-1	-1	-1	-1	-1	90	0
306	307	65324	-1	21	勸濁粕予		79	154	0	0	10000	-1	-1	1	0	-1	-1	-1	-1	-1	-1	90	0
307	308	65324	-1	21	勸濁粕予		79	154	0	0	10000	-1	-1	1	0	-1	-1	-1	-1	-1	-1	90	0
308	309	65324	-1	21	勸濁粕予		79	154	0	0	10000	-1	-1	1	0	-1	-1	-1	-1	-1	-1	90	0
309	310	65324	-1	21	勸濁粕予		79	154	0	0	10000	-1	-1	1	0	-1	-1	-1	-1	-1	-1	90	0
310	311	65324	-1	21	勸濁粕予		79	154	0	0	10000	-1	-1	1	0	-1	-1	-1	-1	-1	-1	90	0
311	312	65324	-1	21	勸濁粕予		79	154	0	0	10000	-1	-1	1	0	-1	-1	-1	-1	-1	-1	90	0
312	313	65324	-1	21	勸濁粕予		79	123	0	0	10000	-1	-1	1	0	-1	-1	-1	-1	-1	-1	90	0
313	314	65324	-1	21	勸濁粕予		79	123	0	0	10000	-1	-1	1	0	-1	-1	-1	-1	-1	-1	90	0
314	315	65324	-1	21	勸濁粕予		79	123	0	0	10000	-1	-1	1	0	-1	-1	-1	-1	-1	-1	90	0
315	316	65324	-1	21	勸濁粕予		79	123	0	0	10000	-1	-1	1	0	-1	-1	-1	-1	-1	-1	90	0
316	317	65324	-1	21	勸濁粕予		79	123	0	0	10000	-1	-1	1	0	-1	-1	-1	-1	-1	-1	90	0
317	318	65324	-1	21	勸濁粕予		79	123	0	0	10000	-1	-1	1	0	-1	-1	-1	-1	-1	-1	90	0
318	319	65324	-1	21	勸濁粕予		79	123	0	0	10000	-1	-1	1	0	-1	-1	-1	-1	-1	-1	90	0
319	320	65324	-1	21	勸濁粕予		79	123	0	0	10000	-1	-1	1	0	-1	-1	-1	-1	-1	-1	90	0
320	321	65324	-1	21	勸濁粕予		79	123	0	0	10000	-1	-1	1	0	-1	-1	-1	-1	-1	-1	90	0
321	322	65324	-1	21	勸濁粕予		79	123	0	0	10000	-1	-1	1	0	-1	-1	-1	-1	-1	-1	90	0
322	323	65324	-1	21	勸濁粕予		79	123	0	0	10000	-1	-1	1	0	-1	-1	-1	-1	-1	-1	90	0
323	324	65324	-1	21	勸濁粕予		79	123	0	0	10000	-1	-1	1	0	-1	-1	-1	-1	-1	-1	90	0
324	325	65324	-1	21	勸濁粕予		30	138	0	0	10000	-1	-1	1	0	-1	-1	-1	-1	-1	-1	90	0
325	326	65324	-1	21	勸濁粕予		30	138	0	0	10000	-1	-1	1	0	-1	-1	-1	-1	-1	-1	90	0
326	327	65324	-1	21	勸濁粕予		30	138	0	0	10000	-1	-1	1	0	-1	-1	-1	-1	-1	-1	90	0
327	328	65324	-1	21	勸濁粕予		30	138	0	0	10000	-1	-1	1	0	-1	-1	-1	-1	-1	-1	90	0
328	329	65324	-1	21	勸濁粕予		30	138	0	0	10000	-1	-1	1	0	-1	-1	-1	-1	-1	-1	90	0
329	330	65324	-1	21	勸濁粕予		30	138	0	0	10000	-1	-1	1	0	-1	-1	-1	-1	-1	-1	90	0
330	331	65324	-1	21	勸濁粕予		30	138	0	0	10000	-1	-1	1	0	-1	-1	-1	-1	-1	-1	90	0
331	332	65324	-1	21	勸濁粕予		30	138	0	0	10000	-1	-1	1	0	-1	-1	-1	-1	-1	-1	90	0
332	333	65324	-1	21	勸濁粕予		30	138	0	0	10000	-1	-1	1	0	-1	-1	-1	-1	-1	-1	90	0
333	334	65324	-1	21	勸濁粕予		30	138	0	0	10000	-1	-1	1	0	-1	-1	-1	-1	-1	-1	90	0
334	335	65324	-1	21	勸濁粕予		30	138	0	0	10000	-1	-1	1	0	-1	-1	-1	-1	-1	-1	90	0
335	336	65324	-1	21	勸濁粕予		30	138	0	0	10000	-1	-1	1	0	-1	-1	-1	-1	-1	-1	90	0
336	337	65324	-1	21	勸濁粕予		30	138	0	0	10000	-1	-1	1	0	-1	-1	-1	-1	-1	-1	90	0
337	338	65324	-1	21	勸濁粕予		30	138	0	0	10000	-1	-1	1	0	-1	-1	-1	-1	-1	-1	90	0
338	339	65324	-1	21	勸濁粕予		30	138	0	0	10000	-1	-1	1	0	-1	-1	-1	-1	-1	-1	90	0
339	340	65324	-1	21	勸濁粕予		30	138	0	0	10000	-1	-1	1	0	-1	-1	-1	-1	-1	-1	90	0
340	341	65324	-1	21	勸濁粕予		30	213	0	0	10000	-1	-1	1	0	-1	-1	-1	-1	-1	-1	90	0
341	342	65324	-1	21	勸濁粕予		30	213	0	0	10000	-1	-1	1	0	-1	-1	-1	-1	-1	-1	90	0
342	343	65324	-1	21	勸濁粕予		30	213	0	0	10000	-1	-1	1	0	-1	-1	-1	-1	-1	-1	90	0
343	344	65324	-1	21	勸濁粕予		30	213	0	0	10000	-1	-1	1	0	-1	-1	-1	-1	-1	-1	90	0
344	345	65324	-1	21	勸濁粕予		30	213	0	0	10000	-1	-1	1	0	-1	-1	-1	-1	-1	-1	90	0
345	346	65324	-1	21	勸濁粕予		30	213	0	0	10000	-1	-1	1	0	-1	-1	-1	-1	-1	-1	90	0
346	347	65324	-1	21	勸濁粕予		30	213	0	0	10000	-1	-1	1	0	-1	-1	-1	-1	-1	-1	90	0
347	348	65324	-1	21	勸濁粕予		30	213	0	0	10000	-1	-1	1	0	-1	-1	-1	-1	-1	-1	90	0
348	349	65324	-1	21	勸濁粕予		30	213	0	0	10000	-1	-1	1	0	-1	-1	-1	-1	-1	-1	90	0
349	350	65324	-1	21	勸濁粕予		30	213	0	0	10000	-1	-1	1	0	-1	-1	-1	-1	-1	-1	90	0
350	351	65324	-1	21	勸濁粕予		30	213	0	0	10000	-1	-1	1	0	-1	-1	-1	-1	-1	-1	90	0
351	352	65324	-1	21	勸濁粕予		30	213	0	0	10000	-1	-1	1	0	-1	-1	-1	-1	-1	-1	90	0
352	353	65324	-1	21	勸濁粕予		30	213	0	0	10000	-1	-1	1	0	-1	-1	-1	-1	-1	-1	90	0
353	354	65324	-1	21	勸濁粕予		30	213	0	0	10000	-1	-1	1	0	-1	-1	-1	-1	-1	-1	90	0
354	355	65324	-1	21	勸濁粕予		30	213	0	0	10000	-1	-1	1	0	-1	-1	-1	-1	-1	-1	90	0
355	356	65324	-1	21	勸濁粕予		30	213	0	0	10000	-1	-1	1	0	-1	-1	-1	-1	-1	-1	90	0
356	357	65324	-1	21	勸濁粕予		61	219	0	0	10000	-1	-1	1	0	-1	-1	-1	-1	-1	-1	90	0
357	358	65324	-1	21	勸濁粕予		61	219	0	0	10000	-1	-1	1	0	-1	-1	-1	-1	-1	-1	90	0
358	359	65324	-1	21	勸濁粕予		61	219	0	0	10000	-1	-1	1	0	-1	-1	-1	-1	-1	-1	90	0
359	360	65324	-1	21	勸濁粕予		61	219	0	0	10000	-1	-1	1	0	-1	-1	-1	-1	-1	-1	90	0
360	361	65324	-1	21	勸濁粕予		61	219	0	0	10000	-1	-1	1	0	-1	-1	-1	-1	-1	-1	90	0
361	362	65324	-1	21	勸濁粕予		61	219	0	0	10000	-1	-1	1	0	-1	-1	-1	-1	-1	-1	90	0
362	363	65324	-1	21	勸濁粕予		61	219	0	0	10000	-1	-1	1	0	-1	-1	-1	-1	-1	-1	90	0
363	364	65324	-1	21	勸濁粕予		61	219	0	0	10000	-1	-1	1	0	-1	-1	-1	-1	-1	-1	90	0
364	365	65324	-1	21	勸濁粕予		61	219	0	0	10000	-1	-1	1	0	-1	-1	-1	-1	-1	-1	90	0
365	366	65324	-1	21	勸濁粕予		61	219	0	0	10000	-1	-1	1	0	-1	-1	-1	-1	-1	-1	90	0
366	367	65324	-1	21	勸濁粕予		61	219	0	0	10000	-1	-1	1	0	-1	-1	-1	-1	-1	-1	90	0
367	368	65324	-1	21	勸濁粕予		61	219	0	0	10000	-1	-1	1	0	-1	-1	-1	-1	-1	-1	90	0
368	369	65324	-1	21	勸濁粕予		61	219	0	0	10000	-1	-1	1	0	-1	-1	-1	-1	-1	-1	90	0
369	370	65324	-1	21	勸濁粕予		61	219	0	0	10000	-1	-1	1	0	-1	-1	-1	-1	-1	-1	90	0
370	371	65324	-1	21	勸濁粕予		61	219	0	0	10000	-1	-1	1	0	-1	-1	-1	-1	-1	-1	90	0
371	372	65324	-1	21	勸濁粕予		61	219	0	0	10000	-1	-1	1	0	-1	-1	-1	-1	-1	-1	90	0
372	373	65324	-1	21	勸濁粕予		111	91	0	0	10000	-1	-1	1	0	-1	-1	-1	-1	-1	-1	90	0
373	374	65324	-1	21	勸濁粕予		111	91	0	0	10000	-1	-1	1	0	-1	-1	-1	-1	-1	-1	90	0
374	375	65324	-1	21	勸濁粕予		111	91	0	0	10000	-1	-1	1	0	-1	-1	-1	-1	-1	-1	90	0
375	376	65324	-1	21	勸濁粕予		111	91	0	0	10000	-1	-1	1	0	-1	-1	-1	-1	-1	-1	90	0
376	377	65324	-1	21	勸濁粕予		111	91	0	0	10000	-1	-1	1	0	-1	-1	-1	-1	-1	-1	90	0
377	378	65324	-1	21	勸濁粕予		111	91	0	0	10000	-1	-1	1	0	-1	-1	-1	-1	-1	-1	90	0
378	379	65324	-1	21	勸濁粕予		111	91	0	0	10000	-1	-1	1	0	-1	-1	-1	-1	-1	-1	90	0
379	380	65324	-1	21	勸濁粕予		111	91	0	0	10000	-1	-1	1	0	-1	-1	-1	-1	-1	-1	90	0
380	381	65324	-1	21	勸濁粕予		111	91	0	0	10000	-1	-1	1	0	-1	-1	-1	-1	-1	-1	90	0
381	382	65324	-1	21	勸濁粕予		111	91	0	0	10000	-1	-1	1	0	-1	-1	-1	-1	-1	-1	90	0
382	383	65324	-1	21	勸濁粕予		111	91	0	0	10000	-1	-1	1	0	-1	-1	-1	-1	-1	-1	90	0
383	384	65324	-1	21	勸濁粕予		111	91	0	0	10000	-1	-1	1	0	-1	-1	-1	-1	-1	-1	90	0
384	385	65324	-1	21	勸濁粕予		111	91	0	0	10000	-1	-1	1	0	-1	-1	-1	-1	-1	-1	90	0
385	386	65324	-1	21	勸濁粕予		111	91	0	0	10000	-1	-1	1	0	-1	-1	-1	-1	-1	-1	90	0
386	387	65324	-1	21	勸濁粕予		111	91	0	0	10000	-1	-1	1	0	-1	-1	-1	-1	-1	-1	90	0
387	388	65324	-1	21	勸濁粕予		111	91	0	0	10000	-1	-1	1	0	-1	-1	-1	-1	-1	-1	90	0
388	389	65324	-1	21	勸濁粕予		133	41	0	0	10000	-1	-1	1	0	-1	-1	-1	-1	-1	-1	90	0
389	390	65324	-1	21	勸濁粕予		133	41	0	0	10000	-1	-1	1	0	-1	-1	-1	-1	-1	-1	90	0
390	391	65324	-1	21	勸濁粕予		133	41	0	0	10000	-1	-1	1	0	-1	-1	-1	-1	-1	-1	90	0
391	392	65324	-1	21	勸濁粕予		133	41	0	0	10000	-1	-1	1	0	-1	-1	-1	-1	-1	-1	90	0
392	393	65324	-1	21	勸濁粕予		133	41	0	0	10000	-1	-1	1	0	-1	-1	-1	-1	-1	-1	90	0
393	394	65324	-1	21	勸濁粕予		133	41	0	0	10000	-1	-1	1	0	-1	-1	-1	-1	-1	-1	90	0
394	395	65324	-1	21	勸濁粕予		133	41	0	0	10000	-1	-1	1	0	-1	-1	-1	-1	-1	-1	90	0
395	396	65324	-1	21	勸濁粕予		133	41	0	0	10000	-1	-1	1	0	-1	-1	-1	-1	-1	-1	90	0
396	397	65324	-1	21	勸濁粕予		133	41	0	0	10000	-1	-1	1	0	-1	-1	-1	-1	-1	-1	90	0
397	398	65324	-1	21	勸濁粕予		133	41	0	0	10000	-1	-1	1	0	-1	-1	-1	-1	-1	-1	90	0
398	399	65324	-1	21	勸濁粕予		133	41	0	0	10000	-1	-1	1	0	-1	-1	-1	-1	-1	-1	90	0
399	400	65324	-1	21	勸濁粕予		133	41	0	0	10000	-1	-1	1	0	-1	-1	-1	-1	-1	-1	90	0
400	401	65324	-1	21	勸濁粕予		133	41	0	0	10000	-1	-1	1	0	-1	-1	-1	-1	-1	-1	90	0
401	402	65324	-1	21	勸濁粕予		133	41	0	0	10000	-1	-1	1	0	-1	-1	-1	-1	-1	-1	90	0
402	403	65324	-1	21	勸濁粕予		133	41	0	0	10000	-1	-1	1	0	-1	-1	-1	-1	-1	-1	90	0
403	404	65324	-1	21	勸濁粕予		133	41	0	0	10000	-1	-1	1	0	-1	-1	-1	-1	-1	-1	90	0
404	405	65317	141404	20	拓學戴		205	23	27	0	10000	-1	-1	3	0	-1	-1	-1	-1	-1	-1	100	0
