NUM	NUM	NUM	NUM	NUM	TEXT	TEXT	FLOAT	FLOAT	NUM	NUM	NUM	NUM	NUM	NUM	NUM	NUM	NUM	NUM	NUM	NUM	NUM	NUM	NUM
園催	昧字園催	attr園催	貸辞燕園催	專唔園催	兆各	各催	x已恫炎	z已恫炎	劾﨑	重云園催	嶷伏扮寂	蛍怏園催	錦礼園催	児粥AI	AI猟周	儔貸揃抄	斌糾0	斌糾1	斌糾2	斌糾3	兆圉ID	吉雫	承崧怏
0	1505229	9811	-1	21	冉親健	亙僮岻藍廢兩	42	20	27	300619	10000	-1	-1	1	0	-1	-1	-1	-1	-1	-1	90	0	
1	1	45	400440	20	仍櫛固	叫屎縮舞研	77.125999	223.39006	9	0	10000	-1	-1	3	0	-1	-1	-1	-1	-1	-1	90	0	
2	2	65	400441	20	凧紬健繁	鯖紐偏酎	81.134369	196.283157	26	0	10000	-1	-1	3	0	-1	-1	-1	-1	-1	-1	90	0	
3	3	249	400442	20	荻戦帽巷浄		68.004486	217.776917	9	0	10000	-1	-1	3	0	-1	-1	-1	-1	-1	-1	90	0	
4	4	66	400443	20	芦槌	喩署帽岻曇	81.088966	198.235611	8	0	10000	-1	-1	3	0	-1	-1	-1	-1	-1	-1	90	0	
5	5	67	400444	20	継罠	巷浄岻曇	58.205132	222.624191	8	0	10000	-1	-1	3	0	-1	-1	-1	-1	-1	-1	90	0	
6	6	68	400445	20	泳誼	巷浄岻徨	56.735889	220.354095	0	0	10000	-1	-1	3	0	-1	-1	-1	-1	-1	-1	90	0	
7	7	77	400446	20	略針謹	襖声斌繁	53.417713	208.897781	0	0	10000	-1	-1	3	0	-1	-1	-1	-1	-1	-1	90	0	
8	8	78	400447	20	廉親帽児	鯖紐偏酎	77.948555	220.656937	24	0	10000	-1	-1	3	0	-1	-1	-1	-1	-1	-1	90	0	
9	9	76	400448	20	唖煽針琵	巷浄別貫	65.37674	216.760574	0	0	10000	-1	-1	3	0	-1	-1	-1	-1	-1	-1	90	0	
10	10	1374	400449	20	鶴児満	鑓遮韻繍嘱	208.506119	27.979345	30	0	10000	-1	-1	3	0	-1	-1	-1	-1	-1	-1	90	0	
11	11	79	400450	20	喩署帽	鯖紐偏酎	57.781261	193.021454	0	0	10000	-1	-1	3	0	-1	-1	-1	-1	-1	-1	90	0	
12	12	69	400451	20	囘辛健	喩署帽岻徨	59.528	195.269745	0	0	10000	-1	-1	3	0	-1	-1	-1	-1	-1	-1	90	0	
13	13	79	400452	20	埃肘健	鯖紐偏酎	75.880898	220.568497	28	0	10000	-1	-1	3	0	-1	-1	-1	-1	-1	-1	90	0	
14	14	1374	400453	20	互櫛賀針	賞土韻便繍	137.051376	117.83622	0	0	10000	-1	-1	3	0	-1	-1	-1	-1	-1	-1	90	0	
15	15	1382	400454	20	賞土韻平汚		137.676849	112.977837	0	0	10000	-1	-1	3	0	-1	-1	-1	-1	-1	-1	90	0	
16	16	1382	400455	20	賞土韻平汚		137.4487	122.777672	0	0	10000	-1	-1	3	0	-1	-1	-1	-1	-1	-1	90	0	
17	17	1382	400456	20	賞土韻平汚		118.611641	124.215248	18	0	10000	-1	-1	3	0	-1	-1	-1	-1	-1	-1	90	0	
18	18	1382	400457	20	賞土韻平汚		118.648041	117.803406	18	0	10000	-1	-1	3	0	-1	-1	-1	-1	-1	-1	90	0	
19	19	1382	400454	20	賞土韻平汚		131.552185	125.07653	9	0	10000	-1	-1	3	0	-1	-1	-1	-1	-1	-1	90	0	
20	20	1382	400455	20	賞土韻平汚		134.99086	119.779106	0	0	10000	-1	-1	3	0	-1	-1	-1	-1	-1	-1	90	0	
21	21	1382	400456	20	賞土韻平汚		135.099594	116.110588	0	0	10000	-1	-1	3	0	-1	-1	-1	-1	-1	-1	90	0	
22	22	1382	400457	20	賞土韻平汚		123.045654	147.357147	27	0	10000	-1	-1	3	0	-1	-1	-1	-1	-1	-1	90	0	
23	23	1382	400456	20	賞土韻平汚		131.923187	147.639145	27	0	10000	-1	-1	3	0	-1	-1	-1	-1	-1	-1	90	0	
24	35	1382	400438	20	賞土韻平汚		123.463257	125.234848	9	0	10000	-1	-1	3	0	-1	-1	-1	-1	-1	-1	90	0	
25	24	1373	400458	20	鑓遮韻平汚		207.00676	40.130234	0	0	10000	-1	-1	3	0	-1	-1	-1	-1	-1	-1	90	0	
26	25	1373	400459	20	鑓遮韻平汚		205.5961	34.768036	4	0	10000	-1	-1	3	0	-1	-1	-1	-1	-1	-1	90	0	
27	26	1373	400458	20	鑓遮韻平汚		216.108902	29.968847	20	0	10000	-1	-1	3	0	-1	-1	-1	-1	-1	-1	90	0	
28	27	1373	400459	20	鑓遮韻平汚		218.935684	34.637264	24	0	10000	-1	-1	3	0	-1	-1	-1	-1	-1	-1	90	0	
29	28	167	-1	20	 	 	199.383133	28.478954	0	0	10000	-1	-1	3	0	-1	-1	-1	-1	-1	-1	90	0	
30	29	168	-1	20	 	 	198.775024	25.844336	0	0	10000	-1	-1	3	0	-1	-1	-1	-1	-1	-1	90	0	
31	30	169	-1	20	 	 	213.971497	19.404854	24	0	10000	-1	-1	3	0	-1	-1	-1	-1	-1	-1	90	0	
32	31	170	-1	20	 	 	212.250061	18.374268	24	0	10000	-1	-1	3	0	-1	-1	-1	-1	-1	-1	90	0	
33	32	172	-1	20	 	 	216.181595	20.512695	24	0	10000	-1	-1	3	0	-1	-1	-1	-1	-1	-1	90	0	
34	33	170	-1	20	 	 	51.44278	208.191757	0	0	10000	-1	-1	3	0	-1	-1	-1	-1	-1	-1	90	0	
35	36	1373	400439	20	巷浄別寮		230.489517	157.274094	9	0	10000	-1	-1	3	0	-1	-1	-1	-1	-1	-1	90	0	
36	37	1373	400437	20	巷浄別寮		102.934395	205.632614	35	0	10000	-1	-1	3	0	-1	-1	-1	-1	-1	-1	90	0	
37	38	1373	400438	20	巷浄別寮		102.627838	215.240463	35	0	10000	-1	-1	3	0	-1	-1	-1	-1	-1	-1	90	0	
38	39	1373	400439	20	巷浄別寮		85.537201	215.417847	18	0	10000	-1	-1	3	0	-1	-1	-1	-1	-1	-1	90	0	
39	40	1373	400437	20	巷浄別寮		85.463997	204.982895	18	0	10000	-1	-1	3	0	-1	-1	-1	-1	-1	-1	90	0	
40	41	1373	400438	20	巷浄別寮		71.7724	188.036591	19	0	10000	-1	-1	3	0	-1	-1	-1	-1	-1	-1	90	0	
41	42	1373	400439	20	巷浄別寮		64.733253	187.799377	35	0	10000	-1	-1	3	0	-1	-1	-1	-1	-1	-1	90	0	
42	43	1373	400437	20	巷浄別寮		73.718414	172.986511	9	0	10000	-1	-1	3	0	-1	-1	-1	-1	-1	-1	90	0	
43	44	1373	400438	20	巷浄別寮		63.174862	172.718536	9	0	10000	-1	-1	3	0	-1	-1	-1	-1	-1	-1	90	0	
44	45	1373	400439	20	巷浄別寮		30.743633	205.428772	18	0	10000	-1	-1	3	0	-1	-1	-1	-1	-1	-1	90	0	
45	46	1373	400437	20	巷浄別寮		46.982525	205.496338	0	0	10000	-1	-1	3	0	-1	-1	-1	-1	-1	-1	90	0	
46	49	1373	400437	20	巷浄別寮		235.224304	142.778946	18	0	10000	-1	-1	3	0	-1	-1	-1	-1	-1	-1	90	0	
47	50	1373	400438	20	巷浄別寮		234.287857	155.402328	18	0	10000	-1	-1	3	0	-1	-1	-1	-1	-1	-1	90	0	
48	51	1373	400439	20	巷浄別寮		30.653984	216.369507	18	0	10000	-1	-1	3	0	-1	-1	-1	-1	-1	-1	90	0	
49	52	1373	400437	20	巷浄別寮		65.407516	219.426498	9	0	10000	-1	-1	3	0	-1	-1	-1	-1	-1	-1	90	0	
50	53	1373	400438	20	巷浄別寮		46.969658	216.708313	0	0	10000	-1	-1	3	0	-1	-1	-1	-1	-1	-1	90	0	
51	54	1373	400439	20	巷浄別寮		70.359612	219.539124	9	0	10000	-1	-1	3	0	-1	-1	-1	-1	-1	-1	90	0	
52	55	2220	-1	21	叫天勸税		236.107452	22.796221	0	300640	10000	-1	-1	1	0	-1	-1	-1	-1	-1	-1	90	0	
53	56	2220	-1	21	叫天勸税		235.309052	23.285927	0	300640	10000	-1	-1	1	0	-1	-1	-1	-1	-1	-1	90	0	
54	57	2220	-1	21	叫天勸税		237.07164	23.532099	0	300640	10000	-1	-1	1	0	-1	-1	-1	-1	-1	-1	90	0	
55	58	2220	-1	21	叫天勸税		235.851974	24.733593	0	300640	10000	-1	-1	1	0	-1	-1	-1	-1	-1	-1	90	0	
56	59	2220	-1	21	叫天勸税		235.268112	23.806944	0	300640	10000	-1	-1	1	0	-1	-1	-1	-1	-1	-1	90	0	
57	60	2220	-1	21	叫天勸税		236.634995	23.627989	0	300640	10000	-1	-1	1	0	-1	-1	-1	-1	-1	-1	90	0	
58	61	2220	-1	21	叫天勸税		236.328796	24.282207	0	300640	10000	-1	-1	1	0	-1	-1	-1	-1	-1	-1	90	0	
59	62	2220	-1	21	叫天勸税		235.642975	23.809238	0	300640	10000	-1	-1	1	0	-1	-1	-1	-1	-1	-1	90	0	
60	63	2220	-1	21	叫天勸税		236.181656	23.427929	0	300640	10000	-1	-1	1	0	-1	-1	-1	-1	-1	-1	90	0	
61	64	2220	-1	21	叫天勸税		236.181656	23.427929	0	300640	10000	-1	-1	1	0	-1	-1	-1	-1	-1	-1	90	0	
62	65	2220	-1	21	叫天勸税		234.219711	43.27911	0	300640	10000	-1	-1	1	0	-1	-1	-1	-1	-1	-1	90	0	
63	66	2220	-1	21	叫天勸税		234.826736	42.952286	0	300640	10000	-1	-1	1	0	-1	-1	-1	-1	-1	-1	90	0	
64	67	2220	-1	21	叫天勸税		234.701508	44.153164	0	300640	10000	-1	-1	1	0	-1	-1	-1	-1	-1	-1	90	0	
65	68	2220	-1	21	叫天勸税		180.523315	115.408394	0	300640	10000	-1	-1	1	0	-1	-1	-1	-1	-1	-1	90	0	
66	69	2220	-1	21	叫天勸税		235.876404	45.185215	0	300640	10000	-1	-1	1	0	-1	-1	-1	-1	-1	-1	90	0	
67	70	2220	-1	21	叫天勸税		236.4133	44.177616	0	300640	10000	-1	-1	1	0	-1	-1	-1	-1	-1	-1	90	0	
68	71	2220	-1	21	叫天勸税		235.99791	43.187588	0	300640	10000	-1	-1	1	0	-1	-1	-1	-1	-1	-1	90	0	
69	72	2220	-1	21	叫天勸税		235.760498	44.238205	0	300640	10000	-1	-1	1	0	-1	-1	-1	-1	-1	-1	90	0	
70	73	2220	-1	21	叫天勸税		235.338455	44.148632	0	300640	10000	-1	-1	1	0	-1	-1	-1	-1	-1	-1	90	0	
71	74	2220	-1	21	叫天勸税		235.338455	44.148632	0	300640	10000	-1	-1	1	0	-1	-1	-1	-1	-1	-1	90	0	
72	75	2220	-1	21	叫天勸税		235.338455	44.148632	0	300640	10000	-1	-1	1	0	-1	-1	-1	-1	-1	-1	90	0	
73	76	2220	-1	21	叫天勸税		234.782272	45.028088	0	300640	10000	-1	-1	1	0	-1	-1	-1	-1	-1	-1	90	0	
74	77	2220	-1	21	叫天勸税		181.07048	116.362389	0	300640	10000	-1	-1	1	0	-1	-1	-1	-1	-1	-1	90	0	
75	78	2220	-1	21	叫天勸税		180.029068	116.169838	0	300640	10000	-1	-1	1	0	-1	-1	-1	-1	-1	-1	90	0	
76	79	2220	-1	21	叫天勸税		162.35701	113.320908	0	300640	10000	-1	-1	1	0	-1	-1	-1	-1	-1	-1	90	0	
77	80	2220	-1	21	叫天勸税		181.488846	114.341194	0	300640	10000	-1	-1	1	0	-1	-1	-1	-1	-1	-1	90	0	
78	81	2220	-1	21	叫天勸税		181.727524	116.497078	0	300640	10000	-1	-1	1	0	-1	-1	-1	-1	-1	-1	90	0	
79	82	2220	-1	21	叫天勸税		188.687759	216.897644	0	300640	10000	-1	-1	1	0	-1	-1	-1	-1	-1	-1	90	0	
80	83	2220	-1	21	叫天勸税		181.75827	115.230217	0	300640	10000	-1	-1	1	0	-1	-1	-1	-1	-1	-1	90	0	
81	84	2220	-1	21	叫天勸税		220.051987	223.916	0	300640	10000	-1	-1	1	0	-1	-1	-1	-1	-1	-1	90	0	
82	85	2220	-1	21	叫天勸税		181.909897	115.502808	0	300640	10000	-1	-1	1	0	-1	-1	-1	-1	-1	-1	90	0	
83	86	2220	-1	21	叫天勸税		218.404617	178.690765	0	300640	10000	-1	-1	1	0	-1	-1	-1	-1	-1	-1	90	0	
84	87	2220	-1	21	叫天勸税		180.523315	115.408394	0	300640	10000	-1	-1	1	0	-1	-1	-1	-1	-1	-1	90	0	
85	88	2220	-1	21	叫天勸税		180.523315	115.408394	0	300640	10000	-1	-1	1	0	-1	-1	-1	-1	-1	-1	90	0	
86	89	2220	-1	21	叫天勸税		181.529114	115.320534	0	300640	10000	-1	-1	1	0	-1	-1	-1	-1	-1	-1	90	0	
87	90	2220	-1	21	叫天勸税		181.529114	115.320534	0	300640	10000	-1	-1	1	0	-1	-1	-1	-1	-1	-1	90	0	
88	91	2220	-1	21	叫天勸税		181.529114	115.320534	0	300640	10000	-1	-1	1	0	-1	-1	-1	-1	-1	-1	90	0	
89	92	2220	-1	21	叫天勸税		218.020767	179.427902	0	300640	10000	-1	-1	1	0	-1	-1	-1	-1	-1	-1	90	0	
90	93	2220	-1	21	叫天勸税		217.787338	179.23587	0	300640	10000	-1	-1	1	0	-1	-1	-1	-1	-1	-1	90	0	
91	94	2220	-1	21	叫天勸税		219.193817	177.748322	0	300640	10000	-1	-1	1	0	-1	-1	-1	-1	-1	-1	90	0	
92	95	2220	-1	21	叫天勸税		219.832474	178.014343	0	300640	10000	-1	-1	1	0	-1	-1	-1	-1	-1	-1	90	0	
93	96	2220	-1	21	叫天勸税		219.43222	179.92775	0	300640	10000	-1	-1	1	0	-1	-1	-1	-1	-1	-1	90	0	
94	97	2220	-1	21	叫天勸税		196.513077	166.231766	0	300640	10000	-1	-1	1	0	-1	-1	-1	-1	-1	-1	90	0	
95	98	2220	-1	21	叫天勸税		218.749039	179.516815	0	300640	10000	-1	-1	1	0	-1	-1	-1	-1	-1	-1	90	0	
96	99	2220	-1	21	叫天勸税		219.259613	179.006592	0	300640	10000	-1	-1	1	0	-1	-1	-1	-1	-1	-1	90	0	
97	100	2220	-1	21	叫天勸税		218.696381	178.698456	0	300640	10000	-1	-1	1	0	-1	-1	-1	-1	-1	-1	90	0	
98	101	2220	-1	21	叫天勸税		221.143021	224.030853	0	300640	10000	-1	-1	1	0	-1	-1	-1	-1	-1	-1	90	0	
99	102	2220	-1	21	叫天勸税		221.821381	223.393814	0	300640	10000	-1	-1	1	0	-1	-1	-1	-1	-1	-1	90	0	
100	103	2220	-1	21	叫天勸税		220.859695	222.845459	0	300640	10000	-1	-1	1	0	-1	-1	-1	-1	-1	-1	90	0	
101	104	2220	-1	21	叫天勸税		220.659378	223.279282	0	300640	10000	-1	-1	1	0	-1	-1	-1	-1	-1	-1	90	0	
102	105	2220	-1	21	叫天勸税		219.337006	222.990295	0	300640	10000	-1	-1	1	0	-1	-1	-1	-1	-1	-1	90	0	
103	106	2220	-1	21	叫天勸税		221.543823	222.534653	0	300640	10000	-1	-1	1	0	-1	-1	-1	-1	-1	-1	90	0	
104	107	2220	-1	21	叫天勸税		221.270081	221.58754	0	300640	10000	-1	-1	1	0	-1	-1	-1	-1	-1	-1	90	0	
105	108	2220	-1	21	叫天勸税		220.497406	221.13269	0	300640	10000	-1	-1	1	0	-1	-1	-1	-1	-1	-1	90	0	
106	109	2220	-1	21	叫天勸税		219.34407	221.930649	0	300640	10000	-1	-1	1	0	-1	-1	-1	-1	-1	-1	90	0	
107	110	2220	-1	21	叫天勸税		221.888123	221.48053	0	300640	10000	-1	-1	1	0	-1	-1	-1	-1	-1	-1	90	0	
108	111	2220	-1	21	叫天勸税		220.282623	222.219955	0	300640	10000	-1	-1	1	0	-1	-1	-1	-1	-1	-1	90	0	
109	112	2220	-1	21	叫天勸税		189.290207	217.473648	0	300640	10000	-1	-1	1	0	-1	-1	-1	-1	-1	-1	90	0	
110	113	2220	-1	21	叫天勸税		188.583633	216.156677	0	300640	10000	-1	-1	1	0	-1	-1	-1	-1	-1	-1	90	0	
111	114	2220	-1	21	叫天勸税		189.040726	215.597473	0	300640	10000	-1	-1	1	0	-1	-1	-1	-1	-1	-1	90	0	
112	115	2220	-1	21	叫天勸税		189.844208	217.280594	0	300640	10000	-1	-1	1	0	-1	-1	-1	-1	-1	-1	90	0	
113	116	2220	-1	21	叫天勸税		190.606445	216.896362	0	300640	10000	-1	-1	1	0	-1	-1	-1	-1	-1	-1	90	0	
114	117	2220	-1	21	叫天勸税		190.891342	216.212494	0	300640	10000	-1	-1	1	0	-1	-1	-1	-1	-1	-1	90	0	
115	118	2220	-1	21	叫天勸税		190.564377	215.132385	0	300640	10000	-1	-1	1	0	-1	-1	-1	-1	-1	-1	90	0	
116	119	2220	-1	21	叫天勸税		189.608429	214.777328	0	300640	10000	-1	-1	1	0	-1	-1	-1	-1	-1	-1	90	0	
117	120	2220	-1	21	叫天勸税		126.967613	173.368423	0	300640	10000	-1	-1	1	0	-1	-1	-1	-1	-1	-1	90	0	
118	121	2220	-1	21	叫天勸税		189.667877	215.993774	0	300640	10000	-1	-1	1	0	-1	-1	-1	-1	-1	-1	90	0	
119	122	2220	-1	21	叫天勸税		189.667877	215.993774	0	300640	10000	-1	-1	1	0	-1	-1	-1	-1	-1	-1	90	0	
120	123	2220	-1	21	叫天勸税		189.667877	215.993774	0	300640	10000	-1	-1	1	0	-1	-1	-1	-1	-1	-1	90	0	
121	124	2220	-1	21	叫天勸税		189.667877	215.993774	0	300640	10000	-1	-1	1	0	-1	-1	-1	-1	-1	-1	90	0	
122	125	2220	-1	21	叫天勸税		180.980011	187.219086	0	300640	10000	-1	-1	1	0	-1	-1	-1	-1	-1	-1	90	0	
123	126	2220	-1	21	叫天勸税		182.278397	185.777191	0	300640	10000	-1	-1	1	0	-1	-1	-1	-1	-1	-1	90	0	
124	127	2220	-1	21	叫天勸税		148.100983	187.093964	0	300640	10000	-1	-1	1	0	-1	-1	-1	-1	-1	-1	90	0	
125	128	2220	-1	21	叫天勸税		182.529465	188.261673	0	300640	10000	-1	-1	1	0	-1	-1	-1	-1	-1	-1	90	0	
126	129	2220	-1	21	叫天勸税		183.410141	187.622604	0	300640	10000	-1	-1	1	0	-1	-1	-1	-1	-1	-1	90	0	
127	130	2220	-1	21	叫天勸税		182.992126	186.469711	0	300640	10000	-1	-1	1	0	-1	-1	-1	-1	-1	-1	90	0	
128	131	2220	-1	21	叫天勸税		183.065262	188.065445	0	300640	10000	-1	-1	1	0	-1	-1	-1	-1	-1	-1	90	0	
129	132	2220	-1	21	叫天勸税		181.87529	187.715714	0	300640	10000	-1	-1	1	0	-1	-1	-1	-1	-1	-1	90	0	
130	133	2220	-1	21	叫天勸税		181.789047	187.075058	0	300640	10000	-1	-1	1	0	-1	-1	-1	-1	-1	-1	90	0	
131	134	2220	-1	21	叫天勸税		182.576355	187.168655	0	300640	10000	-1	-1	1	0	-1	-1	-1	-1	-1	-1	90	0	
132	135	2220	-1	21	叫天勸税		182.576355	187.168655	0	300640	10000	-1	-1	1	0	-1	-1	-1	-1	-1	-1	90	0	
133	136	2220	-1	21	叫天勸税		182.576355	187.168655	0	300640	10000	-1	-1	1	0	-1	-1	-1	-1	-1	-1	90	0	
134	137	2220	-1	21	叫天勸税		182.576355	187.168655	0	300640	10000	-1	-1	1	0	-1	-1	-1	-1	-1	-1	90	0	
135	138	2221	-1	21	清墳講		152.892365	37.702137	0	300640	10000	-1	-1	1	0	-1	-1	-1	-1	-1	-1	90	0	
136	139	2221	-1	21	清墳講		176.960007	67.77932	0	300640	10000	-1	-1	1	0	-1	-1	-1	-1	-1	-1	90	0	
137	140	2221	-1	21	清墳講		153.466019	37.064072	0	300640	10000	-1	-1	1	0	-1	-1	-1	-1	-1	-1	90	0	
138	141	2221	-1	21	清墳講		153.561752	37.76918	0	300640	10000	-1	-1	1	0	-1	-1	-1	-1	-1	-1	90	0	
139	142	2221	-1	21	清墳講		153.935226	38.428867	0	300640	10000	-1	-1	1	0	-1	-1	-1	-1	-1	-1	90	0	
140	143	2221	-1	21	清墳講		152.551865	38.378105	0	300640	10000	-1	-1	1	0	-1	-1	-1	-1	-1	-1	90	0	
141	144	2221	-1	21	清墳講		152.628586	38.718048	0	300640	10000	-1	-1	1	0	-1	-1	-1	-1	-1	-1	90	0	
142	145	2221	-1	21	清墳講		107.856728	53.618893	0	300640	10000	-1	-1	1	0	-1	-1	-1	-1	-1	-1	90	0	
143	146	2221	-1	21	清墳講		153.323746	38.695488	0	300640	10000	-1	-1	1	0	-1	-1	-1	-1	-1	-1	90	0	
144	147	2221	-1	21	清墳講		153.323746	38.695488	0	300640	10000	-1	-1	1	0	-1	-1	-1	-1	-1	-1	90	0	
145	148	2221	-1	21	清墳講		153.323746	38.695488	0	300640	10000	-1	-1	1	0	-1	-1	-1	-1	-1	-1	90	0	
146	149	2221	-1	21	清墳講		153.466019	37.064072	0	300640	10000	-1	-1	1	0	-1	-1	-1	-1	-1	-1	90	0	
147	150	2221	-1	21	清墳講		173.589294	32.690285	0	300640	10000	-1	-1	1	0	-1	-1	-1	-1	-1	-1	90	0	
148	151	2221	-1	21	清墳講		174.989838	32.773125	0	300640	10000	-1	-1	1	0	-1	-1	-1	-1	-1	-1	90	0	
149	152	2221	-1	21	清墳講		174.108597	33.218674	0	300640	10000	-1	-1	1	0	-1	-1	-1	-1	-1	-1	90	0	
150	153	2221	-1	21	清墳講		174.276398	33.680187	0	300640	10000	-1	-1	1	0	-1	-1	-1	-1	-1	-1	90	0	
151	154	2221	-1	21	清墳講		173.476028	34.186573	0	300640	10000	-1	-1	1	0	-1	-1	-1	-1	-1	-1	90	0	
152	155	2221	-1	21	清墳講		174.844254	33.972256	0	300640	10000	-1	-1	1	0	-1	-1	-1	-1	-1	-1	90	0	
153	156	2221	-1	21	清墳講		175.093689	34.38588	0	300640	10000	-1	-1	1	0	-1	-1	-1	-1	-1	-1	90	0	
154	157	2221	-1	21	清墳講		173.914398	34.384132	0	300640	10000	-1	-1	1	0	-1	-1	-1	-1	-1	-1	90	0	
155	158	2221	-1	21	清墳講		174.363907	34.30788	0	300640	10000	-1	-1	1	0	-1	-1	-1	-1	-1	-1	90	0	
156	159	2221	-1	21	清墳講		174.363907	34.30788	0	300640	10000	-1	-1	1	0	-1	-1	-1	-1	-1	-1	90	0	
157	160	2221	-1	21	清墳講		174.363907	34.30788	0	300640	10000	-1	-1	1	0	-1	-1	-1	-1	-1	-1	90	0	
158	161	2220	-1	21	叫天勸税		182.576355	187.168655	0	300640	10000	-1	-1	1	0	-1	-1	-1	-1	-1	-1	90	0	
159	162	2220	-1	21	叫天勸税		182.576355	187.168655	0	300640	10000	-1	-1	1	0	-1	-1	-1	-1	-1	-1	90	0	
160	163	2220	-1	21	叫天勸税		147.920868	188.795761	0	300640	10000	-1	-1	1	0	-1	-1	-1	-1	-1	-1	90	0	
161	164	2220	-1	21	叫天勸税		147.765579	190.033768	0	300640	10000	-1	-1	1	0	-1	-1	-1	-1	-1	-1	90	0	
162	165	2220	-1	21	叫天勸税		147.664383	188.197296	0	300640	10000	-1	-1	1	0	-1	-1	-1	-1	-1	-1	90	0	
163	166	2220	-1	21	叫天勸税		148.489975	188.377991	0	300640	10000	-1	-1	1	0	-1	-1	-1	-1	-1	-1	90	0	
164	167	2220	-1	21	叫天勸税		148.968201	187.789108	0	300640	10000	-1	-1	1	0	-1	-1	-1	-1	-1	-1	90	0	
165	168	2220	-1	21	叫天勸税		148.23941	188.457672	0	300640	10000	-1	-1	1	0	-1	-1	-1	-1	-1	-1	90	0	
166	169	2220	-1	21	叫天勸税		147.806747	187.90535	0	300640	10000	-1	-1	1	0	-1	-1	-1	-1	-1	-1	90	0	
167	170	2220	-1	21	叫天勸税		148.681824	187.630951	0	300640	10000	-1	-1	1	0	-1	-1	-1	-1	-1	-1	90	0	
168	171	2220	-1	21	叫天勸税		147.474243	187.352478	0	300640	10000	-1	-1	1	0	-1	-1	-1	-1	-1	-1	90	0	
169	172	2220	-1	21	叫天勸税		148.543365	189.519516	0	300640	10000	-1	-1	1	0	-1	-1	-1	-1	-1	-1	90	0	
170	173	2220	-1	21	叫天勸税		126.970757	172.393555	0	300640	10000	-1	-1	1	0	-1	-1	-1	-1	-1	-1	90	0	
171	174	2220	-1	21	叫天勸税		127.662018	173.276947	0	300640	10000	-1	-1	1	0	-1	-1	-1	-1	-1	-1	90	0	
172	175	2220	-1	21	叫天勸税		128.803955	173.363464	0	300640	10000	-1	-1	1	0	-1	-1	-1	-1	-1	-1	90	0	
173	176	2220	-1	21	叫天勸税		129.944962	172.638504	0	300640	10000	-1	-1	1	0	-1	-1	-1	-1	-1	-1	90	0	
174	177	2220	-1	21	叫天勸税		128.446533	170.990433	0	300640	10000	-1	-1	1	0	-1	-1	-1	-1	-1	-1	90	0	
175	178	2220	-1	21	叫天勸税		129.149597	172.109192	0	300640	10000	-1	-1	1	0	-1	-1	-1	-1	-1	-1	90	0	
176	179	2220	-1	21	叫天勸税		128.496826	171.519913	0	300640	10000	-1	-1	1	0	-1	-1	-1	-1	-1	-1	90	0	
177	180	2220	-1	21	叫天勸税		127.417244	171.620758	0	300640	10000	-1	-1	1	0	-1	-1	-1	-1	-1	-1	90	0	
178	181	2220	-1	21	叫天勸税		127.873466	172.282898	0	300640	10000	-1	-1	1	0	-1	-1	-1	-1	-1	-1	90	0	
179	182	2220	-1	21	叫天勸税		127.873466	172.282898	0	300640	10000	-1	-1	1	0	-1	-1	-1	-1	-1	-1	90	0	
180	183	2221	-1	21	清墳講		151.813126	38.059444	0	300640	10000	-1	-1	1	0	-1	-1	-1	-1	-1	-1	90	0	
181	184	2221	-1	21	清墳講		151.813126	38.059444	0	300640	10000	-1	-1	1	0	-1	-1	-1	-1	-1	-1	90	0	
182	185	2221	-1	21	清墳講		108.592499	51.884903	0	300640	10000	-1	-1	1	0	-1	-1	-1	-1	-1	-1	90	0	
183	186	2221	-1	21	清墳講		109.943428	53.345024	0	300640	10000	-1	-1	1	0	-1	-1	-1	-1	-1	-1	90	0	
184	187	2221	-1	21	清墳講		108.664284	51.599823	0	300640	10000	-1	-1	1	0	-1	-1	-1	-1	-1	-1	90	0	
185	188	2221	-1	21	清墳講		108.498848	52.272621	0	300640	10000	-1	-1	1	0	-1	-1	-1	-1	-1	-1	90	0	
186	189	2221	-1	21	清墳講		109.425552	52.228184	0	300640	10000	-1	-1	1	0	-1	-1	-1	-1	-1	-1	90	0	
187	190	2221	-1	21	清墳講		109.432236	52.427891	0	300640	10000	-1	-1	1	0	-1	-1	-1	-1	-1	-1	90	0	
188	191	2221	-1	21	清墳講		108.739853	52.734947	0	300640	10000	-1	-1	1	0	-1	-1	-1	-1	-1	-1	90	0	
189	192	2221	-1	21	清墳講		108.71312	52.9958	0	300640	10000	-1	-1	1	0	-1	-1	-1	-1	-1	-1	90	0	
190	193	2221	-1	21	清墳講		118.364883	29.182226	0	300640	10000	-1	-1	1	0	-1	-1	-1	-1	-1	-1	90	0	
191	194	2221	-1	21	清墳講		109.513817	52.701916	0	300640	10000	-1	-1	1	0	-1	-1	-1	-1	-1	-1	90	0	
192	195	2221	-1	21	清墳講		82.615196	87.752945	0	300640	10000	-1	-1	1	0	-1	-1	-1	-1	-1	-1	90	0	
193	196	2221	-1	21	清墳講		85.788216	27.425634	0	300640	10000	-1	-1	1	0	-1	-1	-1	-1	-1	-1	90	0	
194	197	2221	-1	21	清墳講		109.27169	52.944469	0	300640	10000	-1	-1	1	0	-1	-1	-1	-1	-1	-1	90	0	
195	198	2221	-1	21	清墳講		107.842278	52.51215	0	300640	10000	-1	-1	1	0	-1	-1	-1	-1	-1	-1	90	0	
196	199	2221	-1	21	清墳講		82.503937	86.715012	0	300640	10000	-1	-1	1	0	-1	-1	-1	-1	-1	-1	90	0	
197	200	2221	-1	21	清墳講		83.231064	86.402702	0	300640	10000	-1	-1	1	0	-1	-1	-1	-1	-1	-1	90	0	
198	201	2221	-1	21	清墳講		84.601585	87.21537	0	300640	10000	-1	-1	1	0	-1	-1	-1	-1	-1	-1	90	0	
199	202	2221	-1	21	清墳講		82.49791	88.589447	0	300640	10000	-1	-1	1	0	-1	-1	-1	-1	-1	-1	90	0	
200	203	2221	-1	21	清墳講		83.167084	89.481888	0	300640	10000	-1	-1	1	0	-1	-1	-1	-1	-1	-1	90	0	
201	204	2221	-1	21	清墳講		84.074196	90.19239	0	300640	10000	-1	-1	1	0	-1	-1	-1	-1	-1	-1	90	0	
202	205	2221	-1	21	清墳講		85.230339	88.869781	0	300640	10000	-1	-1	1	0	-1	-1	-1	-1	-1	-1	90	0	
203	206	2221	-1	21	清墳講		83.403946	87.576309	0	300640	10000	-1	-1	1	0	-1	-1	-1	-1	-1	-1	90	0	
204	207	2221	-1	21	清墳講		84.47863	89.146317	0	300640	10000	-1	-1	1	0	-1	-1	-1	-1	-1	-1	90	0	
205	208	2221	-1	21	清墳講		84.081215	88.562637	0	300640	10000	-1	-1	1	0	-1	-1	-1	-1	-1	-1	90	0	
206	209	2221	-1	21	清墳講		84.159836	88.223694	0	300640	10000	-1	-1	1	0	-1	-1	-1	-1	-1	-1	90	0	
207	210	2221	-1	21	清墳講		118.937805	28.928545	0	300640	10000	-1	-1	1	0	-1	-1	-1	-1	-1	-1	90	0	
208	211	2221	-1	21	清墳講		119.723343	29.425127	0	300640	10000	-1	-1	1	0	-1	-1	-1	-1	-1	-1	90	0	
209	212	2221	-1	21	清墳講		120.193794	29.918995	0	300640	10000	-1	-1	1	0	-1	-1	-1	-1	-1	-1	90	0	
210	213	2221	-1	21	清墳講		118.372932	30.019785	0	300640	10000	-1	-1	1	0	-1	-1	-1	-1	-1	-1	90	0	
211	214	2221	-1	21	清墳講		119.098953	29.51334	0	300640	10000	-1	-1	1	0	-1	-1	-1	-1	-1	-1	90	0	
212	215	2221	-1	21	清墳講		119.885582	30.432774	0	300640	10000	-1	-1	1	0	-1	-1	-1	-1	-1	-1	90	0	
213	216	2221	-1	21	清墳講		119.628387	30.735546	0	300640	10000	-1	-1	1	0	-1	-1	-1	-1	-1	-1	90	0	
214	217	2221	-1	21	清墳講		119.072517	30.704561	0	300640	10000	-1	-1	1	0	-1	-1	-1	-1	-1	-1	90	0	
215	218	2221	-1	21	清墳講		119.072517	30.704561	0	300640	10000	-1	-1	1	0	-1	-1	-1	-1	-1	-1	90	0	
216	219	2221	-1	21	清墳講		119.072517	30.704561	0	300640	10000	-1	-1	1	0	-1	-1	-1	-1	-1	-1	90	0	
217	220	2221	-1	21	清墳講		119.072517	30.704561	0	300640	10000	-1	-1	1	0	-1	-1	-1	-1	-1	-1	90	0	
218	221	2221	-1	21	清墳講		119.072517	30.704561	0	300640	10000	-1	-1	1	0	-1	-1	-1	-1	-1	-1	90	0	
219	222	2221	-1	21	清墳講		84.905319	29.706768	0	300640	10000	-1	-1	1	0	-1	-1	-1	-1	-1	-1	90	0	
220	223	2221	-1	21	清墳講		84.89994	27.301464	0	300640	10000	-1	-1	1	0	-1	-1	-1	-1	-1	-1	90	0	
221	224	2221	-1	21	清墳講		58.617611	36.073349	0	300640	10000	-1	-1	1	0	-1	-1	-1	-1	-1	-1	90	0	
222	225	2221	-1	21	清墳講		84.40535	28.026583	0	300640	10000	-1	-1	1	0	-1	-1	-1	-1	-1	-1	90	0	
223	226	2221	-1	21	清墳講		84.288055	29.361103	0	300640	10000	-1	-1	1	0	-1	-1	-1	-1	-1	-1	90	0	
224	227	2221	-1	21	清墳講		85.451111	28.800772	0	300640	10000	-1	-1	1	0	-1	-1	-1	-1	-1	-1	90	0	
225	228	2221	-1	21	清墳講		84.754936	28.656485	0	300640	10000	-1	-1	1	0	-1	-1	-1	-1	-1	-1	90	0	
226	229	2221	-1	21	清墳講		85.283401	27.970634	0	300640	10000	-1	-1	1	0	-1	-1	-1	-1	-1	-1	90	0	
227	230	2221	-1	21	清墳講		85.283401	27.970634	0	300640	10000	-1	-1	1	0	-1	-1	-1	-1	-1	-1	90	0	
228	231	2221	-1	21	清墳講		85.283401	27.970634	0	300640	10000	-1	-1	1	0	-1	-1	-1	-1	-1	-1	90	0	
229	232	2221	-1	21	清墳講		85.283401	27.970634	0	300640	10000	-1	-1	1	0	-1	-1	-1	-1	-1	-1	90	0	
230	233	2221	-1	21	清墳講		58.736401	37.62368	0	300640	10000	-1	-1	1	0	-1	-1	-1	-1	-1	-1	90	0	
231	234	2221	-1	21	清墳講		31.619835	32.94577	0	300640	10000	-1	-1	1	0	-1	-1	-1	-1	-1	-1	90	0	
232	235	2221	-1	21	清墳講		59.332916	38.005058	0	300640	10000	-1	-1	1	0	-1	-1	-1	-1	-1	-1	90	0	
233	236	2221	-1	21	清墳講		60.46521	37.860752	0	300640	10000	-1	-1	1	0	-1	-1	-1	-1	-1	-1	90	0	
234	237	2221	-1	21	清墳講		60.014244	39.01376	0	300640	10000	-1	-1	1	0	-1	-1	-1	-1	-1	-1	90	0	
235	238	2221	-1	21	清墳講		59.524971	35.929863	0	300640	10000	-1	-1	1	0	-1	-1	-1	-1	-1	-1	90	0	
236	239	2221	-1	21	清墳講		60.348564	36.396652	0	300640	10000	-1	-1	1	0	-1	-1	-1	-1	-1	-1	90	0	
237	240	2221	-1	21	清墳講		60.101845	36.933762	0	300640	10000	-1	-1	1	0	-1	-1	-1	-1	-1	-1	90	0	
238	241	2221	-1	21	清墳講		59.673981	37.453369	0	300640	10000	-1	-1	1	0	-1	-1	-1	-1	-1	-1	90	0	
239	242	2221	-1	21	清墳講		59.432461	37.03463	0	300640	10000	-1	-1	1	0	-1	-1	-1	-1	-1	-1	90	0	
240	243	2221	-1	21	清墳講		30.780029	33.193233	0	300640	10000	-1	-1	1	0	-1	-1	-1	-1	-1	-1	90	0	
241	244	2221	-1	21	清墳講		30.605478	34.06786	0	300640	10000	-1	-1	1	0	-1	-1	-1	-1	-1	-1	90	0	
242	245	2221	-1	21	清墳講		32.414219	32.508839	0	300640	10000	-1	-1	1	0	-1	-1	-1	-1	-1	-1	90	0	
243	246	2221	-1	21	清墳講		33.499149	32.699451	0	300640	10000	-1	-1	1	0	-1	-1	-1	-1	-1	-1	90	0	
244	247	2221	-1	21	清墳講		32.055408	34.154221	0	300640	10000	-1	-1	1	0	-1	-1	-1	-1	-1	-1	90	0	
245	248	2221	-1	21	清墳講		31.990791	34.935448	0	300640	10000	-1	-1	1	0	-1	-1	-1	-1	-1	-1	90	0	
246	249	2221	-1	21	清墳講		28.000801	81.763824	0	300640	10000	-1	-1	1	0	-1	-1	-1	-1	-1	-1	90	0	
247	250	2221	-1	21	清墳講		32.690311	34.259666	0	300640	10000	-1	-1	1	0	-1	-1	-1	-1	-1	-1	90	0	
248	251	2221	-1	21	清墳講		32.690311	34.259666	0	300640	10000	-1	-1	1	0	-1	-1	-1	-1	-1	-1	90	0	
249	252	2221	-1	21	清墳講		32.690311	34.259666	0	300640	10000	-1	-1	1	0	-1	-1	-1	-1	-1	-1	90	0	
250	253	2221	-1	21	清墳講		38.300968	57.539688	0	300640	10000	-1	-1	1	0	-1	-1	-1	-1	-1	-1	90	0	
251	254	2221	-1	21	清墳講		37.188602	56.796741	0	300640	10000	-1	-1	1	0	-1	-1	-1	-1	-1	-1	90	0	
252	255	2221	-1	21	清墳講		35.691639	58.532223	0	300640	10000	-1	-1	1	0	-1	-1	-1	-1	-1	-1	90	0	
253	256	2221	-1	21	清墳講		36.741398	59.660175	0	300640	10000	-1	-1	1	0	-1	-1	-1	-1	-1	-1	90	0	
254	257	2221	-1	21	清墳講		36.227383	57.557213	0	300640	10000	-1	-1	1	0	-1	-1	-1	-1	-1	-1	90	0	
255	258	2221	-1	21	清墳講		37.643478	57.958553	0	300640	10000	-1	-1	1	0	-1	-1	-1	-1	-1	-1	90	0	
256	259	2221	-1	21	清墳講		37.252548	58.947079	0	300640	10000	-1	-1	1	0	-1	-1	-1	-1	-1	-1	90	0	
257	260	2221	-1	21	清墳講		37.252548	58.947079	0	300640	10000	-1	-1	1	0	-1	-1	-1	-1	-1	-1	90	0	
258	261	2221	-1	21	清墳講		37.252548	58.947079	0	300640	10000	-1	-1	1	0	-1	-1	-1	-1	-1	-1	90	0	
259	262	2221	-1	21	清墳講		37.252548	58.947079	0	300640	10000	-1	-1	1	0	-1	-1	-1	-1	-1	-1	90	0	
260	263	2221	-1	21	清墳講		37.252548	58.947079	0	300640	10000	-1	-1	1	0	-1	-1	-1	-1	-1	-1	90	0	
261	264	2221	-1	21	清墳講		28.164454	82.622742	0	300640	10000	-1	-1	1	0	-1	-1	-1	-1	-1	-1	90	0	
262	265	2221	-1	21	清墳講		28.523466	82.97464	0	300640	10000	-1	-1	1	0	-1	-1	-1	-1	-1	-1	90	0	
263	266	2221	-1	21	清墳講		29.34289	83.584717	0	300640	10000	-1	-1	1	0	-1	-1	-1	-1	-1	-1	90	0	
264	267	2221	-1	21	清墳講		30.036339	83.095604	0	300640	10000	-1	-1	1	0	-1	-1	-1	-1	-1	-1	90	0	
265	268	2221	-1	21	清墳講		29.113222	105.010941	0	300640	10000	-1	-1	1	0	-1	-1	-1	-1	-1	-1	90	0	
266	269	2221	-1	21	清墳講		28.574707	80.977356	0	300640	10000	-1	-1	1	0	-1	-1	-1	-1	-1	-1	90	0	
267	270	2221	-1	21	清墳講		29.322754	81.125946	0	300640	10000	-1	-1	1	0	-1	-1	-1	-1	-1	-1	90	0	
268	271	2221	-1	21	清墳講		30.569082	82.533562	0	300640	10000	-1	-1	1	0	-1	-1	-1	-1	-1	-1	90	0	
269	272	2221	-1	21	清墳講		29.708437	80.697556	0	300640	10000	-1	-1	1	0	-1	-1	-1	-1	-1	-1	90	0	
270	273	2221	-1	21	清墳講		28.477549	81.853348	0	300640	10000	-1	-1	1	0	-1	-1	-1	-1	-1	-1	90	0	
271	274	2221	-1	21	清墳講		29.798634	82.164505	0	300640	10000	-1	-1	1	0	-1	-1	-1	-1	-1	-1	90	0	
272	275	2221	-1	21	清墳講		29.798634	82.164505	0	300640	10000	-1	-1	1	0	-1	-1	-1	-1	-1	-1	90	0	
273	276	2221	-1	21	清墳講		29.798634	82.164505	0	300640	10000	-1	-1	1	0	-1	-1	-1	-1	-1	-1	90	0	
274	277	2221	-1	21	清墳講		29.798634	82.164505	0	300640	10000	-1	-1	1	0	-1	-1	-1	-1	-1	-1	90	0	
275	278	2221	-1	21	清墳講		29.798634	82.164505	0	300640	10000	-1	-1	1	0	-1	-1	-1	-1	-1	-1	90	0	
276	279	2221	-1	21	清墳講		28.557402	105.290604	0	300640	10000	-1	-1	1	0	-1	-1	-1	-1	-1	-1	90	0	
277	280	2221	-1	21	清墳講		29.060108	106.098938	0	300640	10000	-1	-1	1	0	-1	-1	-1	-1	-1	-1	90	0	
278	281	2221	-1	21	清墳講		57.676525	68.892776	0	300640	10000	-1	-1	1	0	-1	-1	-1	-1	-1	-1	90	0	
279	282	2221	-1	21	清墳講		27.587431	103.907173	0	300640	10000	-1	-1	1	0	-1	-1	-1	-1	-1	-1	90	0	
280	283	2221	-1	21	清墳講		28.341738	104.551384	0	300640	10000	-1	-1	1	0	-1	-1	-1	-1	-1	-1	90	0	
281	284	2221	-1	21	清墳講		28.190655	103.911957	0	300640	10000	-1	-1	1	0	-1	-1	-1	-1	-1	-1	90	0	
282	285	2221	-1	21	清墳講		27.787685	105.451324	0	300640	10000	-1	-1	1	0	-1	-1	-1	-1	-1	-1	90	0	
283	286	2221	-1	21	清墳講		27.278564	104.845833	0	300640	10000	-1	-1	1	0	-1	-1	-1	-1	-1	-1	90	0	
284	287	2221	-1	21	清墳講		27.278564	104.845833	0	300640	10000	-1	-1	1	0	-1	-1	-1	-1	-1	-1	90	0	
285	288	2221	-1	21	清墳講		27.278564	104.845833	0	300640	10000	-1	-1	1	0	-1	-1	-1	-1	-1	-1	90	0	
286	289	2221	-1	21	清墳講		27.278564	104.845833	0	300640	10000	-1	-1	1	0	-1	-1	-1	-1	-1	-1	90	0	
287	290	2221	-1	21	清墳講		27.278564	104.845833	0	300640	10000	-1	-1	1	0	-1	-1	-1	-1	-1	-1	90	0	
288	291	2221	-1	21	清墳講		27.787685	105.451324	0	300640	10000	-1	-1	1	0	-1	-1	-1	-1	-1	-1	90	0	
289	292	2221	-1	21	清墳講		58.661362	68.819641	0	300640	10000	-1	-1	1	0	-1	-1	-1	-1	-1	-1	90	0	
290	293	2221	-1	21	清墳講		57.783379	68.567413	0	300640	10000	-1	-1	1	0	-1	-1	-1	-1	-1	-1	90	0	
291	294	2221	-1	21	清墳講		58.943829	69.50824	0	300640	10000	-1	-1	1	0	-1	-1	-1	-1	-1	-1	90	0	
292	295	2221	-1	21	清墳講		56.712757	95.080719	0	300640	10000	-1	-1	1	0	-1	-1	-1	-1	-1	-1	90	0	
293	296	2221	-1	21	清墳講		57.833027	69.842888	0	300640	10000	-1	-1	1	0	-1	-1	-1	-1	-1	-1	90	0	
294	297	2221	-1	21	清墳講		58.099045	68.799194	0	300640	10000	-1	-1	1	0	-1	-1	-1	-1	-1	-1	90	0	
295	298	2221	-1	21	清墳講		58.233654	69.899559	0	300640	10000	-1	-1	1	0	-1	-1	-1	-1	-1	-1	90	0	
296	299	2221	-1	21	清墳講		57.51857	69.365128	0	300640	10000	-1	-1	1	0	-1	-1	-1	-1	-1	-1	90	0	
297	300	2221	-1	21	清墳講		58.457287	69.869652	0	300640	10000	-1	-1	1	0	-1	-1	-1	-1	-1	-1	90	0	
298	301	2221	-1	21	清墳講		58.36327	70.102837	0	300640	10000	-1	-1	1	0	-1	-1	-1	-1	-1	-1	90	0	
299	302	2221	-1	21	清墳講		59.026089	70.28878	0	300640	10000	-1	-1	1	0	-1	-1	-1	-1	-1	-1	90	0	
300	303	2221	-1	21	清墳講		56.532017	94.601288	0	300640	10000	-1	-1	1	0	-1	-1	-1	-1	-1	-1	90	0	
301	304	2221	-1	21	清墳講		56.915825	95.998413	0	300640	10000	-1	-1	1	0	-1	-1	-1	-1	-1	-1	90	0	
302	305	2221	-1	21	清墳講		56.056698	95.273277	0	300640	10000	-1	-1	1	0	-1	-1	-1	-1	-1	-1	90	0	
303	306	2221	-1	21	清墳講		56.054123	94.612038	0	300640	10000	-1	-1	1	0	-1	-1	-1	-1	-1	-1	90	0	
304	307	2221	-1	21	清墳講		56.856113	95.779144	0	300640	10000	-1	-1	1	0	-1	-1	-1	-1	-1	-1	90	0	
305	308	2221	-1	21	清墳講		57.086212	95.14418	0	300640	10000	-1	-1	1	0	-1	-1	-1	-1	-1	-1	90	0	
306	309	2221	-1	21	清墳講		57.403042	95.492424	0	300640	10000	-1	-1	1	0	-1	-1	-1	-1	-1	-1	90	0	
307	310	2221	-1	21	清墳講		56.456059	96.008118	0	300640	10000	-1	-1	1	0	-1	-1	-1	-1	-1	-1	90	0	
308	311	2221	-1	21	清墳講		55.649918	95.737511	0	300640	10000	-1	-1	1	0	-1	-1	-1	-1	-1	-1	90	0	
309	312	2221	-1	21	清墳講		55.979965	96.308189	0	300640	10000	-1	-1	1	0	-1	-1	-1	-1	-1	-1	90	0	
310	313	2221	-1	21	清墳講		56.138641	96.122314	0	300640	10000	-1	-1	1	0	-1	-1	-1	-1	-1	-1	90	0	
311	314	2221	-1	21	清墳講		56.138641	96.122314	0	300640	10000	-1	-1	1	0	-1	-1	-1	-1	-1	-1	90	0	
312	315	2220	-1	21	叫天勸税		219.193817	177.748322	0	300640	10000	-1	-1	1	0	-1	-1	-1	-1	-1	-1	90	0	
313	316	2220	-1	21	叫天勸税		219.193817	177.748322	0	300640	10000	-1	-1	1	0	-1	-1	-1	-1	-1	-1	90	0	
314	317	2220	-1	21	叫天勸税		197.314514	167.052216	0	300640	10000	-1	-1	1	0	-1	-1	-1	-1	-1	-1	90	0	
315	318	2220	-1	21	叫天勸税		196.937256	164.939682	0	300640	10000	-1	-1	1	0	-1	-1	-1	-1	-1	-1	90	0	
316	319	2220	-1	21	叫天勸税		197.533875	165.617447	0	300640	10000	-1	-1	1	0	-1	-1	-1	-1	-1	-1	90	0	
317	320	2220	-1	21	叫天勸税		195.780807	165.361893	0	300640	10000	-1	-1	1	0	-1	-1	-1	-1	-1	-1	90	0	
318	321	2220	-1	21	叫天勸税		196.176239	167.065155	0	300640	10000	-1	-1	1	0	-1	-1	-1	-1	-1	-1	90	0	
319	322	2220	-1	21	叫天勸税		197.836288	166.276031	0	300640	10000	-1	-1	1	0	-1	-1	-1	-1	-1	-1	90	0	
320	323	2220	-1	21	叫天勸税		195.936264	167.403091	0	300640	10000	-1	-1	1	0	-1	-1	-1	-1	-1	-1	90	0	
321	324	2220	-1	21	叫天勸税		195.755386	164.514343	0	300640	10000	-1	-1	1	0	-1	-1	-1	-1	-1	-1	90	0	
322	325	2220	-1	21	叫天勸税		194.917099	165.459473	0	300640	10000	-1	-1	1	0	-1	-1	-1	-1	-1	-1	90	0	
323	326	2220	-1	21	叫天勸税		195.470444	166.136841	0	300640	10000	-1	-1	1	0	-1	-1	-1	-1	-1	-1	90	0	
324	327	2220	-1	21	叫天勸税		195.129288	166.739075	0	300640	10000	-1	-1	1	0	-1	-1	-1	-1	-1	-1	90	0	
325	328	2220	-1	21	叫天勸税		220.10141	178.991837	0	300640	10000	-1	-1	1	0	-1	-1	-1	-1	-1	-1	90	0	
326	329	2220	-1	21	叫天勸税		217.836487	177.887436	0	300640	10000	-1	-1	1	0	-1	-1	-1	-1	-1	-1	90	0	
327	330	2221	-1	21	清墳講		178.07225	69.240807	0	300640	10000	-1	-1	1	0	-1	-1	-1	-1	-1	-1	90	0	
328	331	2221	-1	21	清墳講		177.569214	67.914955	0	300640	10000	-1	-1	1	0	-1	-1	-1	-1	-1	-1	90	0	
329	332	2221	-1	21	清墳講		178.750122	68.994507	0	300640	10000	-1	-1	1	0	-1	-1	-1	-1	-1	-1	90	0	
330	333	2221	-1	21	清墳講		178.057541	68.613449	0	300640	10000	-1	-1	1	0	-1	-1	-1	-1	-1	-1	90	0	
331	334	2221	-1	21	清墳講		178.180252	66.210907	0	300640	10000	-1	-1	1	0	-1	-1	-1	-1	-1	-1	90	0	
332	335	2221	-1	21	清墳講		177.657104	66.787514	0	300640	10000	-1	-1	1	0	-1	-1	-1	-1	-1	-1	90	0	
333	336	2221	-1	21	清墳講		178.817413	68.288559	0	300640	10000	-1	-1	1	0	-1	-1	-1	-1	-1	-1	90	0	
334	337	2221	-1	21	清墳講		178.840317	67.121201	0	300640	10000	-1	-1	1	0	-1	-1	-1	-1	-1	-1	90	0	
335	338	2221	-1	21	清墳講		179.827438	68.315331	0	300640	10000	-1	-1	1	0	-1	-1	-1	-1	-1	-1	90	0	
336	339	2221	-1	21	清墳講		178.441162	67.55452	0	300640	10000	-1	-1	1	0	-1	-1	-1	-1	-1	-1	90	0	
337	340	2221	-1	21	清墳講		179.465591	67.467323	0	300640	10000	-1	-1	1	0	-1	-1	-1	-1	-1	-1	90	0	
338	341	2221	-1	21	清墳講		179.465591	67.467323	0	300640	10000	-1	-1	1	0	-1	-1	-1	-1	-1	-1	90	0	
339	342	2220	-1	21	叫天勸税		180.5177	114.321991	0	300640	10000	-1	-1	1	0	-1	-1	-1	-1	-1	-1	90	0	
340	343	2220	-1	21	叫天勸税		162.820236	112.031601	0	300640	10000	-1	-1	1	0	-1	-1	-1	-1	-1	-1	90	0	
341	344	2220	-1	21	叫天勸税		162.219177	111.015106	0	300640	10000	-1	-1	1	0	-1	-1	-1	-1	-1	-1	90	0	
342	345	2220	-1	21	叫天勸税		160.40686	113.989578	0	300640	10000	-1	-1	1	0	-1	-1	-1	-1	-1	-1	90	0	
343	346	2220	-1	21	叫天勸税		160.166962	113.016121	0	300640	10000	-1	-1	1	0	-1	-1	-1	-1	-1	-1	90	0	
344	347	2220	-1	21	叫天勸税		160.374298	111.991203	0	300640	10000	-1	-1	1	0	-1	-1	-1	-1	-1	-1	90	0	
345	348	2220	-1	21	叫天勸税		160.587708	111.224289	0	300640	10000	-1	-1	1	0	-1	-1	-1	-1	-1	-1	90	0	
346	349	2220	-1	21	叫天勸税		161.681198	111.790863	0	300640	10000	-1	-1	1	0	-1	-1	-1	-1	-1	-1	90	0	
347	350	2220	-1	21	叫天勸税		161.119888	111.698189	0	300640	10000	-1	-1	1	0	-1	-1	-1	-1	-1	-1	90	0	
348	351	2220	-1	21	叫天勸税		161.688995	112.102654	0	300640	10000	-1	-1	1	0	-1	-1	-1	-1	-1	-1	90	0	
349	352	2220	-1	21	叫天勸税		161.688995	112.102654	0	300640	10000	-1	-1	1	0	-1	-1	-1	-1	-1	-1	90	0	
350	353	2220	-1	21	叫天勸税		161.688995	112.102654	0	300640	10000	-1	-1	1	0	-1	-1	-1	-1	-1	-1	90	0	
351	351	2220	-1	21	叫天勸税		161.688995	112.102654	0	300640	10000	-1	-1	1	0	-1	-1	-1	-1	-1	-1	90	0	
352	352	2220	-1	21	叫天勸税		161.688995	112.102654	0	300640	10000	-1	-1	1	0	-1	-1	-1	-1	-1	-1	90	0	
353	353	2220	-1	21	叫天勸税		161.688995	112.102654	0	300640	10000	-1	-1	1	0	-1	-1	-1	-1	-1	-1	90	0	
354	15052370	2604	101307	-1	襖声藍忽	糟仇勧僕繁	58	168	0	0	1000	-1	-1	3	0	-1	-1	-1	-1	-1	-1	100	0	
355	7336799	4295	101693	-1	怏錦峺哈繁		215	139	27	-1	1000	-1	-1	3	0	-1	-1	-1	-1	-1	-1	100	0	
