2240	增加经验获得1%	领取经验的倍数	1																																78	STD_IMPACT_0078	1	2240	2240	2240	1	1	0	0	0	0	0	0	0	1	-1	0	0	0	-1	0	0				-1	
2241	增加经验获得2%	领取经验的倍数	2																																78	STD_IMPACT_0078	1	2241	2241	2241	1	1	0	0	0	0	0	0	0	1	-1	0	0	0	-1	0	0				-1	
2242	增加经验获得3%	领取经验的倍数	3																																78	STD_IMPACT_0078	1	2242	2242	2242	1	1	0	0	0	0	0	0	0	1	-1	0	0	0	-1	0	0				-1	
2243	增加经验获得4%	领取经验的倍数	4																																78	STD_IMPACT_0078	1	2243	2243	2243	1	1	0	0	0	0	0	0	0	1	-1	0	0	0	-1	0	0				-1	
2244	增加经验获得5%	领取经验的倍数	5																																78	STD_IMPACT_0078	1	2244	2244	2244	1	1	0	0	0	0	0	0	0	1	-1	0	0	0	-1	0	0				-1	
2245	增加经验获得6%	领取经验的倍数	6																																78	STD_IMPACT_0078	1	2245	2245	2245	1	1	0	0	0	0	0	0	0	1	-1	0	0	0	-1	0	0				-1	
2246	增加经验获得7%	领取经验的倍数	7																																78	STD_IMPACT_0078	1	2246	2246	2246	1	1	0	0	0	0	0	0	0	1	-1	0	0	0	-1	0	0				-1	
2247	增加经验获得8%	领取经验的倍数	8																																78	STD_IMPACT_0078	1	2247	2247	2247	1	1	0	0	0	0	0	0	0	1	-1	0	0	0	-1	0	0				-1	
2248	增加经验获得9%	领取经验的倍数	9																																78	STD_IMPACT_0078	1	2248	2248	2248	1	1	0	0	0	0	0	0	0	1	-1	0	0	0	-1	0	0				-1	
2249	增加经验获得10%	领取经验的倍数	10																																78	STD_IMPACT_0078	1	2249	2249	2249	1	1	0	0	0	0	0	0	0	1	-1	0	0	0	-1	0	0				-1	
2250	增加经验获得11%	领取经验的倍数	11																																78	STD_IMPACT_0078	1	2250	2250	2250	1	1	0	0	0	0	0	0	0	1	-1	0	0	0	-1	0	0				-1	
2251	增加经验获得12%	领取经验的倍数	12																																78	STD_IMPACT_0078	1	2251	2251	2251	1	1	0	0	0	0	0	0	0	1	-1	0	0	0	-1	0	0				-1	
2252	增加经验获得13%	领取经验的倍数	13																																78	STD_IMPACT_0078	1	2252	2252	2252	1	1	0	0	0	0	0	0	0	1	-1	0	0	0	-1	0	0				-1	
2253	增加经验获得14%	领取经验的倍数	14																																78	STD_IMPACT_0078	1	2253	2253	2253	1	1	0	0	0	0	0	0	0	1	-1	0	0	0	-1	0	0				-1	
2254	增加经验获得15%	领取经验的倍数	15																																78	STD_IMPACT_0078	1	2254	2254	2254	1	1	0	0	0	0	0	0	0	1	-1	0	0	0	-1	0	0				-1	
2255	增加经验获得16%	领取经验的倍数	16																																78	STD_IMPACT_0078	1	2255	2255	2255	1	1	0	0	0	0	0	0	0	1	-1	0	0	0	-1	0	0				-1	
2256	增加经验获得17%	领取经验的倍数	17																																78	STD_IMPACT_0078	1	2256	2256	2256	1	1	0	0	0	0	0	0	0	1	-1	0	0	0	-1	0	0				-1	
2257	增加经验获得18%	领取经验的倍数	18																																78	STD_IMPACT_0078	1	2257	2257	2257	1	1	0	0	0	0	0	0	0	1	-1	0	0	0	-1	0	0				-1	
2258	增加经验获得19%	领取经验的倍数	19																																78	STD_IMPACT_0078	1	2258	2258	2258	1	1	0	0	0	0	0	0	0	1	-1	0	0	0	-1	0	0				-1	
2259	增加经验获得20%	领取经验的倍数	20																																78	STD_IMPACT_0078	1	2259	2259	2259	1	1	0	0	0	0	0	0	0	1	-1	0	0	0	-1	0	0				-1	
2260	增加经验获得21%	领取经验的倍数	21																																78	STD_IMPACT_0078	1	2260	2260	2260	1	1	0	0	0	0	0	0	0	1	-1	0	0	0	-1	0	0				-1	
2261	增加经验获得22%	领取经验的倍数	22																																78	STD_IMPACT_0078	1	2261	2261	2261	1	1	0	0	0	0	0	0	0	1	-1	0	0	0	-1	0	0				-1	
2262	增加经验获得23%	领取经验的倍数	23																																78	STD_IMPACT_0078	1	2262	2262	2262	1	1	0	0	0	0	0	0	0	1	-1	0	0	0	-1	0	0				-1	
2263	增加经验获得24%	领取经验的倍数	24																																78	STD_IMPACT_0078	1	2263	2263	2263	1	1	0	0	0	0	0	0	0	1	-1	0	0	0	-1	0	0				-1	
2264	增加经验获得25%	领取经验的倍数	25																																78	STD_IMPACT_0078	1	2264	2264	2264	1	1	0	0	0	0	0	0	0	1	-1	0	0	0	-1	0	0				-1	
2265	增加经验获得26%	领取经验的倍数	26																																78	STD_IMPACT_0078	1	2265	2265	2265	1	1	0	0	0	0	0	0	0	1	-1	0	0	0	-1	0	0				-1	
2266	增加经验获得27%	领取经验的倍数	27																																78	STD_IMPACT_0078	1	2266	2266	2266	1	1	0	0	0	0	0	0	0	1	-1	0	0	0	-1	0	0				-1	
2267	增加经验获得28%	领取经验的倍数	28																																78	STD_IMPACT_0078	1	2267	2267	2267	1	1	0	0	0	0	0	0	0	1	-1	0	0	0	-1	0	0				-1	
2268	增加经验获得29%	领取经验的倍数	29																																78	STD_IMPACT_0078	1	2268	2268	2268	1	1	0	0	0	0	0	0	0	1	-1	0	0	0	-1	0	0				-1	
2269	增加经验获得30%	领取经验的倍数	30																																78	STD_IMPACT_0078	1	2269	2269	2269	1	1	0	0	0	0	0	0	0	1	-1	0	0	0	-1	0	0				-1	
2270	增加经验获得31%	领取经验的倍数	31																																78	STD_IMPACT_0078	1	2270	2270	2270	1	1	0	0	0	0	0	0	0	1	-1	0	0	0	-1	0	0				-1	
2271	增加经验获得32%	领取经验的倍数	32																																78	STD_IMPACT_0078	1	2271	2271	2271	1	1	0	0	0	0	0	0	0	1	-1	0	0	0	-1	0	0				-1	
2272	增加经验获得33%	领取经验的倍数	33																																78	STD_IMPACT_0078	1	2272	2272	2272	1	1	0	0	0	0	0	0	0	1	-1	0	0	0	-1	0	0				-1	
2273	增加经验获得34%	领取经验的倍数	34																																78	STD_IMPACT_0078	1	2273	2273	2273	1	1	0	0	0	0	0	0	0	1	-1	0	0	0	-1	0	0				-1	
2274	增加经验获得35%	领取经验的倍数	35																																78	STD_IMPACT_0078	1	2274	2274	2274	1	1	0	0	0	0	0	0	0	1	-1	0	0	0	-1	0	0				-1	
2275	增加经验获得36%	领取经验的倍数	36																																78	STD_IMPACT_0078	1	2275	2275	2275	1	1	0	0	0	0	0	0	0	1	-1	0	0	0	-1	0	0				-1	
2276	增加经验获得37%	领取经验的倍数	37																																78	STD_IMPACT_0078	1	2276	2276	2276	1	1	0	0	0	0	0	0	0	1	-1	0	0	0	-1	0	0				-1	
2277	增加经验获得38%	领取经验的倍数	38																																78	STD_IMPACT_0078	1	2277	2277	2277	1	1	0	0	0	0	0	0	0	1	-1	0	0	0	-1	0	0				-1	
2278	增加经验获得39%	领取经验的倍数	39																																78	STD_IMPACT_0078	1	2278	2278	2278	1	1	0	0	0	0	0	0	0	1	-1	0	0	0	-1	0	0				-1	
2279	增加经验获得40%	领取经验的倍数	40																																78	STD_IMPACT_0078	1	2279	2279	2279	1	1	0	0	0	0	0	0	0	1	-1	0	0	0	-1	0	0				-1	
2280	增加经验获得41%	领取经验的倍数	41																																78	STD_IMPACT_0078	1	2280	2280	2280	1	1	0	0	0	0	0	0	0	1	-1	0	0	0	-1	0	0				-1	
2281	增加经验获得42%	领取经验的倍数	42																																78	STD_IMPACT_0078	1	2281	2281	2281	1	1	0	0	0	0	0	0	0	1	-1	0	0	0	-1	0	0				-1	
2282	增加经验获得43%	领取经验的倍数	43																																78	STD_IMPACT_0078	1	2282	2282	2282	1	1	0	0	0	0	0	0	0	1	-1	0	0	0	-1	0	0				-1	
2283	增加经验获得44%	领取经验的倍数	44																																78	STD_IMPACT_0078	1	2283	2283	2283	1	1	0	0	0	0	0	0	0	1	-1	0	0	0	-1	0	0				-1	
2284	增加经验获得45%	领取经验的倍数	45																																78	STD_IMPACT_0078	1	2284	2284	2284	1	1	0	0	0	0	0	0	0	1	-1	0	0	0	-1	0	0				-1	
2285	增加经验获得46%	领取经验的倍数	46																																78	STD_IMPACT_0078	1	2285	2285	2285	1	1	0	0	0	0	0	0	0	1	-1	0	0	0	-1	0	0				-1	
2286	增加经验获得47%	领取经验的倍数	47																																78	STD_IMPACT_0078	1	2286	2286	2286	1	1	0	0	0	0	0	0	0	1	-1	0	0	0	-1	0	0				-1	
2287	增加经验获得48%	领取经验的倍数	48																																78	STD_IMPACT_0078	1	2287	2287	2287	1	1	0	0	0	0	0	0	0	1	-1	0	0	0	-1	0	0				-1	
2288	增加经验获得49%	领取经验的倍数	49																																78	STD_IMPACT_0078	1	2288	2288	2288	1	1	0	0	0	0	0	0	0	1	-1	0	0	0	-1	0	0				-1	
2289	增加经验获得50%	领取经验的倍数	50																																78	STD_IMPACT_0078	1	2289	2289	2289	1	1	0	0	0	0	0	0	0	1	-1	0	0	0	-1	0	0				-1	
2290	增加经验获得51%	领取经验的倍数	51																																78	STD_IMPACT_0078	1	2290	2290	2290	1	1	0	0	0	0	0	0	0	1	-1	0	0	0	-1	0	0				-1	
2291	增加经验获得52%	领取经验的倍数	52																																78	STD_IMPACT_0078	1	2291	2291	2291	1	1	0	0	0	0	0	0	0	1	-1	0	0	0	-1	0	0				-1	
2292	增加经验获得53%	领取经验的倍数	53																																78	STD_IMPACT_0078	1	2292	2292	2292	1	1	0	0	0	0	0	0	0	1	-1	0	0	0	-1	0	0				-1	
2293	增加经验获得54%	领取经验的倍数	54																																78	STD_IMPACT_0078	1	2293	2293	2293	1	1	0	0	0	0	0	0	0	1	-1	0	0	0	-1	0	0				-1	
2294	增加经验获得55%	领取经验的倍数	55																																78	STD_IMPACT_0078	1	2294	2294	2294	1	1	0	0	0	0	0	0	0	1	-1	0	0	0	-1	0	0				-1	
2295	增加经验获得56%	领取经验的倍数	56																																78	STD_IMPACT_0078	1	2295	2295	2295	1	1	0	0	0	0	0	0	0	1	-1	0	0	0	-1	0	0				-1	
2296	增加经验获得57%	领取经验的倍数	57																																78	STD_IMPACT_0078	1	2296	2296	2296	1	1	0	0	0	0	0	0	0	1	-1	0	0	0	-1	0	0				-1	
2297	增加经验获得58%	领取经验的倍数	58																																78	STD_IMPACT_0078	1	2297	2297	2297	1	1	0	0	0	0	0	0	0	1	-1	0	0	0	-1	0	0				-1	
2298	增加经验获得59%	领取经验的倍数	59																																78	STD_IMPACT_0078	1	2298	2298	2298	1	1	0	0	0	0	0	0	0	1	-1	0	0	0	-1	0	0				-1	
2299	增加经验获得60%	领取经验的倍数	60																																78	STD_IMPACT_0078	1	2299	2299	2299	1	1	0	0	0	0	0	0	0	1	-1	0	0	0	-1	0	0				-1	
2300	增加经验获得61%	领取经验的倍数	61																																78	STD_IMPACT_0078	1	2300	2300	2300	1	1	0	0	0	0	0	0	0	1	-1	0	0	0	-1	0	0				-1	
2301	增加经验获得62%	领取经验的倍数	62																																78	STD_IMPACT_0078	1	2301	2301	2301	1	1	0	0	0	0	0	0	0	1	-1	0	0	0	-1	0	0				-1	
2302	增加经验获得63%	领取经验的倍数	63																																78	STD_IMPACT_0078	1	2302	2302	2302	1	1	0	0	0	0	0	0	0	1	-1	0	0	0	-1	0	0				-1	
2303	增加经验获得64%	领取经验的倍数	64																																78	STD_IMPACT_0078	1	2303	2303	2303	1	1	0	0	0	0	0	0	0	1	-1	0	0	0	-1	0	0				-1	
2304	增加经验获得65%	领取经验的倍数	65																																78	STD_IMPACT_0078	1	2304	2304	2304	1	1	0	0	0	0	0	0	0	1	-1	0	0	0	-1	0	0				-1	
2305	增加经验获得66%	领取经验的倍数	66																																78	STD_IMPACT_0078	1	2305	2305	2305	1	1	0	0	0	0	0	0	0	1	-1	0	0	0	-1	0	0				-1	
2306	增加经验获得67%	领取经验的倍数	67																																78	STD_IMPACT_0078	1	2306	2306	2306	1	1	0	0	0	0	0	0	0	1	-1	0	0	0	-1	0	0				-1	
2307	增加经验获得68%	领取经验的倍数	68																																78	STD_IMPACT_0078	1	2307	2307	2307	1	1	0	0	0	0	0	0	0	1	-1	0	0	0	-1	0	0				-1	
2308	增加经验获得69%	领取经验的倍数	69																																78	STD_IMPACT_0078	1	2308	2308	2308	1	1	0	0	0	0	0	0	0	1	-1	0	0	0	-1	0	0				-1	
2309	增加经验获得70%	领取经验的倍数	70																																78	STD_IMPACT_0078	1	2309	2309	2309	1	1	0	0	0	0	0	0	0	1	-1	0	0	0	-1	0	0				-1	
2310	增加经验获得71%	领取经验的倍数	71																																78	STD_IMPACT_0078	1	2310	2310	2310	1	1	0	0	0	0	0	0	0	1	-1	0	0	0	-1	0	0				-1	
2311	增加经验获得72%	领取经验的倍数	72																																78	STD_IMPACT_0078	1	2311	2311	2311	1	1	0	0	0	0	0	0	0	1	-1	0	0	0	-1	0	0				-1	
2312	增加经验获得73%	领取经验的倍数	73																																78	STD_IMPACT_0078	1	2312	2312	2312	1	1	0	0	0	0	0	0	0	1	-1	0	0	0	-1	0	0				-1	
2313	增加经验获得74%	领取经验的倍数	74																																78	STD_IMPACT_0078	1	2313	2313	2313	1	1	0	0	0	0	0	0	0	1	-1	0	0	0	-1	0	0				-1	
2314	增加经验获得75%	领取经验的倍数	75																																78	STD_IMPACT_0078	1	2314	2314	2314	1	1	0	0	0	0	0	0	0	1	-1	0	0	0	-1	0	0				-1	
2315	增加经验获得76%	领取经验的倍数	76																																78	STD_IMPACT_0078	1	2315	2315	2315	1	1	0	0	0	0	0	0	0	1	-1	0	0	0	-1	0	0				-1	
2316	增加经验获得77%	领取经验的倍数	77																																78	STD_IMPACT_0078	1	2316	2316	2316	1	1	0	0	0	0	0	0	0	1	-1	0	0	0	-1	0	0				-1	
2317	增加经验获得78%	领取经验的倍数	78																																78	STD_IMPACT_0078	1	2317	2317	2317	1	1	0	0	0	0	0	0	0	1	-1	0	0	0	-1	0	0				-1	
2318	增加经验获得79%	领取经验的倍数	79																																78	STD_IMPACT_0078	1	2318	2318	2318	1	1	0	0	0	0	0	0	0	1	-1	0	0	0	-1	0	0				-1	
2319	增加经验获得80%	领取经验的倍数	80																																78	STD_IMPACT_0078	1	2319	2319	2319	1	1	0	0	0	0	0	0	0	1	-1	0	0	0	-1	0	0				-1	
2320	增加经验获得81%	领取经验的倍数	81																																78	STD_IMPACT_0078	1	2320	2320	2320	1	1	0	0	0	0	0	0	0	1	-1	0	0	0	-1	0	0				-1	
2321	增加经验获得82%	领取经验的倍数	82																																78	STD_IMPACT_0078	1	2321	2321	2321	1	1	0	0	0	0	0	0	0	1	-1	0	0	0	-1	0	0				-1	
2322	增加经验获得83%	领取经验的倍数	83																																78	STD_IMPACT_0078	1	2322	2322	2322	1	1	0	0	0	0	0	0	0	1	-1	0	0	0	-1	0	0				-1	
2323	增加经验获得84%	领取经验的倍数	84																																78	STD_IMPACT_0078	1	2323	2323	2323	1	1	0	0	0	0	0	0	0	1	-1	0	0	0	-1	0	0				-1	
2324	增加经验获得85%	领取经验的倍数	85																																78	STD_IMPACT_0078	1	2324	2324	2324	1	1	0	0	0	0	0	0	0	1	-1	0	0	0	-1	0	0				-1	
2325	增加经验获得86%	领取经验的倍数	86																																78	STD_IMPACT_0078	1	2325	2325	2325	1	1	0	0	0	0	0	0	0	1	-1	0	0	0	-1	0	0				-1	
2326	增加经验获得87%	领取经验的倍数	87																																78	STD_IMPACT_0078	1	2326	2326	2326	1	1	0	0	0	0	0	0	0	1	-1	0	0	0	-1	0	0				-1	
2327	增加经验获得88%	领取经验的倍数	88																																78	STD_IMPACT_0078	1	2327	2327	2327	1	1	0	0	0	0	0	0	0	1	-1	0	0	0	-1	0	0				-1	
2328	增加经验获得89%	领取经验的倍数	89																																78	STD_IMPACT_0078	1	2328	2328	2328	1	1	0	0	0	0	0	0	0	1	-1	0	0	0	-1	0	0				-1	
2329	增加经验获得90%	领取经验的倍数	90																																78	STD_IMPACT_0078	1	2329	2329	2329	1	1	0	0	0	0	0	0	0	1	-1	0	0	0	-1	0	0				-1	
2330	增加经验获得91%	领取经验的倍数	91																																78	STD_IMPACT_0078	1	2330	2330	2330	1	1	0	0	0	0	0	0	0	1	-1	0	0	0	-1	0	0				-1	
2331	增加经验获得92%	领取经验的倍数	92																																78	STD_IMPACT_0078	1	2331	2331	2331	1	1	0	0	0	0	0	0	0	1	-1	0	0	0	-1	0	0				-1	
2332	增加经验获得93%	领取经验的倍数	93																																78	STD_IMPACT_0078	1	2332	2332	2332	1	1	0	0	0	0	0	0	0	1	-1	0	0	0	-1	0	0				-1	
2333	增加经验获得94%	领取经验的倍数	94																																78	STD_IMPACT_0078	1	2333	2333	2333	1	1	0	0	0	0	0	0	0	1	-1	0	0	0	-1	0	0				-1	
2334	增加经验获得95%	领取经验的倍数	95																																78	STD_IMPACT_0078	1	2334	2334	2334	1	1	0	0	0	0	0	0	0	1	-1	0	0	0	-1	0	0				-1	
2335	增加经验获得96%	领取经验的倍数	96																																78	STD_IMPACT_0078	1	2335	2335	2335	1	1	0	0	0	0	0	0	0	1	-1	0	0	0	-1	0	0				-1	
2336	增加经验获得97%	领取经验的倍数	97																																78	STD_IMPACT_0078	1	2336	2336	2336	1	1	0	0	0	0	0	0	0	1	-1	0	0	0	-1	0	0				-1	
2337	增加经验获得98%	领取经验的倍数	98																																78	STD_IMPACT_0078	1	2337	2337	2337	1	1	0	0	0	0	0	0	0	1	-1	0	0	0	-1	0	0				-1	
2338	增加经验获得99%	领取经验的倍数	99																																78	STD_IMPACT_0078	1	2338	2338	2338	1	1	0	0	0	0	0	0	0	1	-1	0	0	0	-1	0	0				-1	
2339	增加经验获得100%	领取经验的倍数	100																																78	STD_IMPACT_0078	1	2339	2339	2339	1	1	0	0	0	0	0	0	0	1	-1	0	0	0	-1	0	0				-1	
