NUM	NUM	NUM	NUM	NUM	TEXT	TEXT	FLOAT	FLOAT	NUM	NUM	NUM	NUM	NUM	NUM	NUM	NUM	NUM	NUM	NUM	NUM	NUM	NUM	NUM
编号	随机编号	attr编号	逻辑表编号	阵营编号	名称	称号	x轴坐标	z轴坐标	朝向	脚本编号	重生时间	分组编号	队伍编号	基础AI	AI文件	巡逻路径	商店0	商店1	商店2	商店3	名誉ID	等级	镜像组
0	15052370	2298	101306	-1	波斯高原	领地传送人	185	170	0	-1	1000	-1	-1	3	0	-1	-1	-1	-1	-1	-1	100	0	
1	15053370	9808	-1	21	努尔丁	恒河之王爪牙	28.467762	26.721668	32	300619	10000	-1	-1	1	0	-1	-1	-1	-1	-1	-1	80	0	
2	10969095	2170	400371	20	勇士礼萨		124.880402	34.000839	32	0	10000	-1	-1	3	0	-1	-1	-1	-1	-1	-1	80	0	
3	10969101	2171	400373	20	呼罗珊勇士		131.955704	40.137051	28	0	10000	-1	-1	3	0	-1	-1	-1	-1	-1	-1	80	0	
4	10969122	2171	400374	20	呼罗珊勇士		125.03685	40.085236	28	0	10000	-1	-1	3	0	-1	-1	-1	-1	-1	-1	80	0	
5	10969102	56	400370	20	阿里沙	呼罗珊大族长	127.664009	32.490929	28	0	10000	-1	-1	3	0	-1	-1	-1	-1	-1	-1	80	0	
6	10969121	6	400372	20	邱富贵	大元商人	128.049301	36.63541	9	0	10000	-1	-1	3	0	-1	-1	-1	-1	-1	-1	80	0	
7	10969103	2363	-1	20	  		122.354301	47.597755	8	0	10000	-1	-1	3	0	-1	-1	-1	-1	-1	-1	80	0	
8	10969104	2363	-1	20	  		124.959641	47.671127	8	0	10000	-1	-1	3	0	-1	-1	-1	-1	-1	-1	80	0	
9	15053626	9769	-1	21	里海虎		209.007935	203.669434	0	300640	10000	-1	-1	1	0	-1	-1	-1	-1	-1	-1	80	0	
10	15053627	9769	-1	21	里海虎		209.007935	203.469437	0	300640	10000	-1	-1	1	0	-1	-1	-1	-1	-1	-1	80	0	
11	15053628	9769	-1	21	里海虎		209.007935	203.869431	0	300640	10000	-1	-1	1	0	-1	-1	-1	-1	-1	-1	80	0	
12	15053629	9769	-1	21	里海虎		208.807938	203.669434	0	300640	10000	-1	-1	1	0	-1	-1	-1	-1	-1	-1	80	0	
13	15053630	9769	-1	21	里海虎		209.207932	203.669434	0	300640	10000	-1	-1	1	0	-1	-1	-1	-1	-1	-1	80	0	
14	15053631	9769	-1	21	里海虎		208.907928	203.569427	0	300640	10000	-1	-1	1	0	-1	-1	-1	-1	-1	-1	80	0	
15	15053632	9769	-1	21	里海虎		208.907928	203.76944	0	300640	10000	-1	-1	1	0	-1	-1	-1	-1	-1	-1	80	0	
16	15053633	9769	-1	21	里海虎		208.707932	203.669434	0	300640	10000	-1	-1	1	0	-1	-1	-1	-1	-1	-1	80	0	
17	15053634	9769	-1	21	里海虎		209.307938	203.669434	0	300640	10000	-1	-1	1	0	-1	-1	-1	-1	-1	-1	80	0	
18	15053635	9769	-1	21	里海虎		209.107941	203.569427	0	300640	10000	-1	-1	1	0	-1	-1	-1	-1	-1	-1	80	0	
19	15053636	9769	-1	21	里海虎		209.107941	203.76944	0	300640	10000	-1	-1	1	0	-1	-1	-1	-1	-1	-1	80	0	
20	15053637	9769	-1	21	里海虎		208.907928	203.669434	0	300640	10000	-1	-1	1	0	-1	-1	-1	-1	-1	-1	80	0	
21	15053638	9769	-1	21	里海虎		209.107941	203.669434	0	300640	10000	-1	-1	1	0	-1	-1	-1	-1	-1	-1	80	0	
22	15053639	9769	-1	21	里海虎		209.007935	203.76944	0	300640	10000	-1	-1	1	0	-1	-1	-1	-1	-1	-1	80	0	
23	15053640	9769	-1	21	里海虎		209.007935	203.569427	0	300640	10000	-1	-1	1	0	-1	-1	-1	-1	-1	-1	80	0	
24	15053641	9769	-1	21	里海虎		206.876556	231.083801	0	300640	10000	-1	-1	1	0	-1	-1	-1	-1	-1	-1	80	0	
25	15053642	9769	-1	21	里海虎		206.876556	230.883804	0	300640	10000	-1	-1	1	0	-1	-1	-1	-1	-1	-1	80	0	
26	15053643	9769	-1	21	里海虎		206.876556	231.283798	0	300640	10000	-1	-1	1	0	-1	-1	-1	-1	-1	-1	80	0	
27	15053644	9769	-1	21	里海虎		206.676559	231.083801	0	300640	10000	-1	-1	1	0	-1	-1	-1	-1	-1	-1	80	0	
28	15053645	9769	-1	21	里海虎		207.076553	231.083801	0	300640	10000	-1	-1	1	0	-1	-1	-1	-1	-1	-1	80	0	
29	15053646	9769	-1	21	里海虎		206.77655	230.983795	0	300640	10000	-1	-1	1	0	-1	-1	-1	-1	-1	-1	80	0	
30	15053647	9769	-1	21	里海虎		206.77655	231.183807	0	300640	10000	-1	-1	1	0	-1	-1	-1	-1	-1	-1	80	0	
31	15053648	9769	-1	21	里海虎		206.576553	231.083801	0	300640	10000	-1	-1	1	0	-1	-1	-1	-1	-1	-1	80	0	
32	15053649	9769	-1	21	里海虎		207.176559	231.083801	0	300640	10000	-1	-1	1	0	-1	-1	-1	-1	-1	-1	80	0	
33	15053650	9769	-1	21	里海虎		206.976563	230.983795	0	300640	10000	-1	-1	1	0	-1	-1	-1	-1	-1	-1	80	0	
34	15053651	9769	-1	21	里海虎		206.976563	231.183807	0	300640	10000	-1	-1	1	0	-1	-1	-1	-1	-1	-1	80	0	
35	15053652	9769	-1	21	里海虎		206.77655	231.083801	0	300640	10000	-1	-1	1	0	-1	-1	-1	-1	-1	-1	80	0	
36	15053653	9769	-1	21	里海虎		206.976563	231.083801	0	300640	10000	-1	-1	1	0	-1	-1	-1	-1	-1	-1	80	0	
37	15053654	9769	-1	21	里海虎		206.876556	231.183807	0	300640	10000	-1	-1	1	0	-1	-1	-1	-1	-1	-1	80	0	
38	15053655	9769	-1	21	里海虎		206.876556	230.983795	0	300640	10000	-1	-1	1	0	-1	-1	-1	-1	-1	-1	80	0	
39	15053656	9769	-1	21	里海虎		224.778198	70.012756	0	300640	10000	-1	-1	1	0	-1	-1	-1	-1	-1	-1	80	0	
40	15053657	9769	-1	21	里海虎		222.919922	69.327034	0	300640	10000	-1	-1	1	0	-1	-1	-1	-1	-1	-1	80	0	
41	15053658	9769	-1	21	里海虎		223.227814	68.726212	0	300640	10000	-1	-1	1	0	-1	-1	-1	-1	-1	-1	80	0	
42	15053659	9769	-1	21	里海虎		224.358856	70.318626	0	300640	10000	-1	-1	1	0	-1	-1	-1	-1	-1	-1	80	0	
43	15053660	9769	-1	21	里海虎		224.281677	68.150909	0	300640	10000	-1	-1	1	0	-1	-1	-1	-1	-1	-1	80	0	
44	15053661	9769	-1	21	里海虎		223.571518	68.677673	0	300640	10000	-1	-1	1	0	-1	-1	-1	-1	-1	-1	80	0	
45	15053662	9769	-1	21	里海虎		223.534271	71.084869	0	300640	10000	-1	-1	1	0	-1	-1	-1	-1	-1	-1	80	0	
46	15053663	9769	-1	21	里海虎		223.016724	68.450623	0	300640	10000	-1	-1	1	0	-1	-1	-1	-1	-1	-1	80	0	
47	15053664	9769	-1	21	里海虎		224.362518	69.582253	0	300640	10000	-1	-1	1	0	-1	-1	-1	-1	-1	-1	80	0	
48	15053665	9769	-1	21	里海虎		225.048859	69.673698	0	300640	10000	-1	-1	1	0	-1	-1	-1	-1	-1	-1	80	0	
49	15053666	9769	-1	21	里海虎		223.503769	70.654076	0	300640	10000	-1	-1	1	0	-1	-1	-1	-1	-1	-1	80	0	
50	15053667	9769	-1	21	里海虎		224.948273	69.603851	0	300640	10000	-1	-1	1	0	-1	-1	-1	-1	-1	-1	80	0	
51	15053668	9769	-1	21	里海虎		223.93187	70.436371	0	300640	10000	-1	-1	1	0	-1	-1	-1	-1	-1	-1	80	0	
52	15053669	9769	-1	21	里海虎		224.362518	69.582253	0	300640	10000	-1	-1	1	0	-1	-1	-1	-1	-1	-1	80	0	
53	15053670	9769	-1	21	里海虎		224.77063	69.887619	0	300640	10000	-1	-1	1	0	-1	-1	-1	-1	-1	-1	80	0	
54	15053686	9769	-1	21	里海虎		218.749496	35.755745	0	300640	10000	-1	-1	1	0	-1	-1	-1	-1	-1	-1	80	0	
55	15053687	9769	-1	21	里海虎		218.749496	35.555744	0	300640	10000	-1	-1	1	0	-1	-1	-1	-1	-1	-1	80	0	
56	15053688	9769	-1	21	里海虎		218.749496	35.955746	0	300640	10000	-1	-1	1	0	-1	-1	-1	-1	-1	-1	80	0	
57	15053689	9769	-1	21	里海虎		218.5495	35.755745	0	300640	10000	-1	-1	1	0	-1	-1	-1	-1	-1	-1	80	0	
58	15053690	9769	-1	21	里海虎		218.949493	35.755745	0	300640	10000	-1	-1	1	0	-1	-1	-1	-1	-1	-1	80	0	
59	15053691	9769	-1	21	里海虎		218.64949	35.655746	0	300640	10000	-1	-1	1	0	-1	-1	-1	-1	-1	-1	80	0	
60	15053692	9769	-1	21	里海虎		218.64949	35.855743	0	300640	10000	-1	-1	1	0	-1	-1	-1	-1	-1	-1	80	0	
61	15053693	9769	-1	21	里海虎		218.449493	35.755745	0	300640	10000	-1	-1	1	0	-1	-1	-1	-1	-1	-1	80	0	
62	15053694	9769	-1	21	里海虎		219.0495	35.755745	0	300640	10000	-1	-1	1	0	-1	-1	-1	-1	-1	-1	80	0	
63	15053695	9769	-1	21	里海虎		218.849503	35.655746	0	300640	10000	-1	-1	1	0	-1	-1	-1	-1	-1	-1	80	0	
64	15053696	9769	-1	21	里海虎		218.849503	35.855743	0	300640	10000	-1	-1	1	0	-1	-1	-1	-1	-1	-1	80	0	
65	15053697	9769	-1	21	里海虎		218.64949	35.755745	0	300640	10000	-1	-1	1	0	-1	-1	-1	-1	-1	-1	80	0	
66	15053698	9769	-1	21	里海虎		218.849503	35.755745	0	300640	10000	-1	-1	1	0	-1	-1	-1	-1	-1	-1	80	0	
67	15053699	9769	-1	21	里海虎		218.749496	35.855743	0	300640	10000	-1	-1	1	0	-1	-1	-1	-1	-1	-1	80	0	
68	15053700	9769	-1	21	里海虎		218.749496	35.655746	0	300640	10000	-1	-1	1	0	-1	-1	-1	-1	-1	-1	80	0	
69	15053701	9769	-1	21	里海虎		165.085892	96.056091	0	300640	10000	-1	-1	1	0	-1	-1	-1	-1	-1	-1	80	0	
70	15053702	9769	-1	21	里海虎		163.197281	95.703987	0	300640	10000	-1	-1	1	0	-1	-1	-1	-1	-1	-1	80	0	
71	15053703	9769	-1	21	里海虎		165.157593	96.054886	0	300640	10000	-1	-1	1	0	-1	-1	-1	-1	-1	-1	80	0	
72	15053704	9769	-1	21	里海虎		164.751343	95.537041	0	300640	10000	-1	-1	1	0	-1	-1	-1	-1	-1	-1	80	0	
73	15053705	9769	-1	21	里海虎		163.236588	96.128281	0	300640	10000	-1	-1	1	0	-1	-1	-1	-1	-1	-1	80	0	
74	15053706	9769	-1	21	里海虎		165.508255	95.961502	0	300640	10000	-1	-1	1	0	-1	-1	-1	-1	-1	-1	80	0	
75	15053707	9769	-1	21	里海虎		165.802017	96.044083	0	300640	10000	-1	-1	1	0	-1	-1	-1	-1	-1	-1	80	0	
76	15053708	9769	-1	21	里海虎		164.133789	96.601425	0	300640	10000	-1	-1	1	0	-1	-1	-1	-1	-1	-1	80	0	
77	15053709	9769	-1	21	里海虎		164.219391	95.989944	0	300640	10000	-1	-1	1	0	-1	-1	-1	-1	-1	-1	80	0	
78	15053710	9769	-1	21	里海虎		163.323196	95.524902	0	300640	10000	-1	-1	1	0	-1	-1	-1	-1	-1	-1	80	0	
79	15053711	9769	-1	21	里海虎		164.329941	95.636986	0	300640	10000	-1	-1	1	0	-1	-1	-1	-1	-1	-1	80	0	
80	15053712	9769	-1	21	里海虎		164.179153	95.555389	0	300640	10000	-1	-1	1	0	-1	-1	-1	-1	-1	-1	80	0	
81	15053713	9769	-1	21	里海虎		164.560806	95.805725	0	300640	10000	-1	-1	1	0	-1	-1	-1	-1	-1	-1	80	0	
82	15053714	9769	-1	21	里海虎		165.572266	95.872269	0	300640	10000	-1	-1	1	0	-1	-1	-1	-1	-1	-1	80	0	
83	15053715	9769	-1	21	里海虎		164.894684	95.533302	0	300640	10000	-1	-1	1	0	-1	-1	-1	-1	-1	-1	80	0	
84	15053716	9769	-1	21	里海虎		170.315125	124.97081	0	300640	10000	-1	-1	1	0	-1	-1	-1	-1	-1	-1	80	0	
85	15053717	9769	-1	21	里海虎		170.315125	124.770813	0	300640	10000	-1	-1	1	0	-1	-1	-1	-1	-1	-1	80	0	
86	15053718	9769	-1	21	里海虎		170.315125	125.170807	0	300640	10000	-1	-1	1	0	-1	-1	-1	-1	-1	-1	80	0	
87	15053719	9769	-1	21	里海虎		170.115128	124.97081	0	300640	10000	-1	-1	1	0	-1	-1	-1	-1	-1	-1	80	0	
88	15053720	9769	-1	21	里海虎		170.515121	124.97081	0	300640	10000	-1	-1	1	0	-1	-1	-1	-1	-1	-1	80	0	
89	15053721	9769	-1	21	里海虎		170.215118	124.870811	0	300640	10000	-1	-1	1	0	-1	-1	-1	-1	-1	-1	80	0	
90	15053722	9769	-1	21	里海虎		170.215118	125.070808	0	300640	10000	-1	-1	1	0	-1	-1	-1	-1	-1	-1	80	0	
91	15053723	9769	-1	21	里海虎		170.015121	124.97081	0	300640	10000	-1	-1	1	0	-1	-1	-1	-1	-1	-1	80	0	
92	15053724	9769	-1	21	里海虎		170.615128	124.97081	0	300640	10000	-1	-1	1	0	-1	-1	-1	-1	-1	-1	80	0	
93	15053725	9769	-1	21	里海虎		170.415131	124.870811	0	300640	10000	-1	-1	1	0	-1	-1	-1	-1	-1	-1	80	0	
94	15053726	9769	-1	21	里海虎		170.415131	125.070808	0	300640	10000	-1	-1	1	0	-1	-1	-1	-1	-1	-1	80	0	
95	15053727	9769	-1	21	里海虎		170.215118	124.97081	0	300640	10000	-1	-1	1	0	-1	-1	-1	-1	-1	-1	80	0	
96	15053728	9769	-1	21	里海虎		170.415131	124.97081	0	300640	10000	-1	-1	1	0	-1	-1	-1	-1	-1	-1	80	0	
97	15053729	9769	-1	21	里海虎		170.315125	125.070808	0	300640	10000	-1	-1	1	0	-1	-1	-1	-1	-1	-1	80	0	
98	15053730	9769	-1	21	里海虎		170.315125	124.870811	0	300640	10000	-1	-1	1	0	-1	-1	-1	-1	-1	-1	80	0	
99	15053731	9769	-1	21	里海虎		109.257614	105.93541	0	300640	10000	-1	-1	1	0	-1	-1	-1	-1	-1	-1	80	0	
100	15053732	9769	-1	21	里海虎		109.257614	105.735413	0	300640	10000	-1	-1	1	0	-1	-1	-1	-1	-1	-1	80	0	
101	15053733	9769	-1	21	里海虎		109.257614	106.135406	0	300640	10000	-1	-1	1	0	-1	-1	-1	-1	-1	-1	80	0	
102	15053734	9769	-1	21	里海虎		109.057617	105.93541	0	300640	10000	-1	-1	1	0	-1	-1	-1	-1	-1	-1	80	0	
103	15053735	9769	-1	21	里海虎		109.457611	105.93541	0	300640	10000	-1	-1	1	0	-1	-1	-1	-1	-1	-1	80	0	
104	15053736	9769	-1	21	里海虎		109.157616	105.835411	0	300640	10000	-1	-1	1	0	-1	-1	-1	-1	-1	-1	80	0	
105	15053737	9769	-1	21	里海虎		109.157616	106.035408	0	300640	10000	-1	-1	1	0	-1	-1	-1	-1	-1	-1	80	0	
106	15053738	9769	-1	21	里海虎		108.957611	105.93541	0	300640	10000	-1	-1	1	0	-1	-1	-1	-1	-1	-1	80	0	
107	15053739	9769	-1	21	里海虎		109.557617	105.93541	0	300640	10000	-1	-1	1	0	-1	-1	-1	-1	-1	-1	80	0	
108	15053740	9769	-1	21	里海虎		109.357613	105.835411	0	300640	10000	-1	-1	1	0	-1	-1	-1	-1	-1	-1	80	0	
109	15053741	9769	-1	21	里海虎		109.357613	106.035408	0	300640	10000	-1	-1	1	0	-1	-1	-1	-1	-1	-1	80	0	
110	15053742	9769	-1	21	里海虎		109.157616	105.93541	0	300640	10000	-1	-1	1	0	-1	-1	-1	-1	-1	-1	80	0	
111	15053743	9769	-1	21	里海虎		109.357613	105.93541	0	300640	10000	-1	-1	1	0	-1	-1	-1	-1	-1	-1	80	0	
112	15053744	9769	-1	21	里海虎		109.257614	106.035408	0	300640	10000	-1	-1	1	0	-1	-1	-1	-1	-1	-1	80	0	
113	15053745	9769	-1	21	里海虎		109.257614	105.835411	0	300640	10000	-1	-1	1	0	-1	-1	-1	-1	-1	-1	80	0	
114	15053761	9559	-1	21	高原绿蜘蛛		79.024651	71.15551	0	300640	10000	-1	-1	1	0	-1	-1	-1	-1	-1	-1	80	0	
115	15053762	9559	-1	21	高原绿蜘蛛		79.024651	70.955513	0	300640	10000	-1	-1	1	0	-1	-1	-1	-1	-1	-1	80	0	
116	15053763	9559	-1	21	高原绿蜘蛛		79.024651	71.355507	0	300640	10000	-1	-1	1	0	-1	-1	-1	-1	-1	-1	80	0	
117	15053764	9559	-1	21	高原绿蜘蛛		78.824654	71.15551	0	300640	10000	-1	-1	1	0	-1	-1	-1	-1	-1	-1	80	0	
118	15053765	9559	-1	21	高原绿蜘蛛		79.224648	71.15551	0	300640	10000	-1	-1	1	0	-1	-1	-1	-1	-1	-1	80	0	
119	15053766	9559	-1	21	高原绿蜘蛛		78.924652	71.055511	0	300640	10000	-1	-1	1	0	-1	-1	-1	-1	-1	-1	80	0	
120	15053767	9559	-1	21	高原绿蜘蛛		78.924652	71.255508	0	300640	10000	-1	-1	1	0	-1	-1	-1	-1	-1	-1	80	0	
121	15053768	9559	-1	21	高原绿蜘蛛		78.724648	71.15551	0	300640	10000	-1	-1	1	0	-1	-1	-1	-1	-1	-1	80	0	
122	15053769	9559	-1	21	高原绿蜘蛛		79.324654	71.15551	0	300640	10000	-1	-1	1	0	-1	-1	-1	-1	-1	-1	80	0	
123	15053770	9559	-1	21	高原绿蜘蛛		79.124649	71.055511	0	300640	10000	-1	-1	1	0	-1	-1	-1	-1	-1	-1	80	0	
124	15053771	9559	-1	21	高原绿蜘蛛		79.124649	71.255508	0	300640	10000	-1	-1	1	0	-1	-1	-1	-1	-1	-1	80	0	
125	15053772	9559	-1	21	高原绿蜘蛛		78.924652	71.15551	0	300640	10000	-1	-1	1	0	-1	-1	-1	-1	-1	-1	80	0	
126	15053773	9559	-1	21	高原绿蜘蛛		79.124649	71.15551	0	300640	10000	-1	-1	1	0	-1	-1	-1	-1	-1	-1	80	0	
127	15053774	9559	-1	21	高原绿蜘蛛		79.024651	71.255508	0	300640	10000	-1	-1	1	0	-1	-1	-1	-1	-1	-1	80	0	
128	15053775	9559	-1	21	高原绿蜘蛛		79.024651	71.055511	0	300640	10000	-1	-1	1	0	-1	-1	-1	-1	-1	-1	80	0	
129	15053776	9559	-1	21	高原绿蜘蛛		32.717316	54.188766	0	300640	10000	-1	-1	1	0	-1	-1	-1	-1	-1	-1	80	0	
130	15053777	9559	-1	21	高原绿蜘蛛		32.717316	53.988766	0	300640	10000	-1	-1	1	0	-1	-1	-1	-1	-1	-1	80	0	
131	15053778	9559	-1	21	高原绿蜘蛛		32.717316	54.388767	0	300640	10000	-1	-1	1	0	-1	-1	-1	-1	-1	-1	80	0	
132	15053779	9559	-1	21	高原绿蜘蛛		32.517315	54.188766	0	300640	10000	-1	-1	1	0	-1	-1	-1	-1	-1	-1	80	0	
133	15053780	9559	-1	21	高原绿蜘蛛		32.917316	54.188766	0	300640	10000	-1	-1	1	0	-1	-1	-1	-1	-1	-1	80	0	
134	15053781	9559	-1	21	高原绿蜘蛛		32.617317	54.088764	0	300640	10000	-1	-1	1	0	-1	-1	-1	-1	-1	-1	80	0	
135	15053782	9559	-1	21	高原绿蜘蛛		32.617317	54.288765	0	300640	10000	-1	-1	1	0	-1	-1	-1	-1	-1	-1	80	0	
136	15053783	9559	-1	21	高原绿蜘蛛		32.417316	54.188766	0	300640	10000	-1	-1	1	0	-1	-1	-1	-1	-1	-1	80	0	
137	15053784	9559	-1	21	高原绿蜘蛛		33.017315	54.188766	0	300640	10000	-1	-1	1	0	-1	-1	-1	-1	-1	-1	80	0	
138	15053785	9559	-1	21	高原绿蜘蛛		32.817314	54.088764	0	300640	10000	-1	-1	1	0	-1	-1	-1	-1	-1	-1	80	0	
139	15053786	9559	-1	21	高原绿蜘蛛		32.817314	54.288765	0	300640	10000	-1	-1	1	0	-1	-1	-1	-1	-1	-1	80	0	
140	15053787	9559	-1	21	高原绿蜘蛛		32.617317	54.188766	0	300640	10000	-1	-1	1	0	-1	-1	-1	-1	-1	-1	80	0	
141	15053788	9559	-1	21	高原绿蜘蛛		32.817314	54.188766	0	300640	10000	-1	-1	1	0	-1	-1	-1	-1	-1	-1	80	0	
142	15053789	9559	-1	21	高原绿蜘蛛		32.717316	54.288765	0	300640	10000	-1	-1	1	0	-1	-1	-1	-1	-1	-1	80	0	
143	15053790	9559	-1	21	高原绿蜘蛛		32.717316	54.088764	0	300640	10000	-1	-1	1	0	-1	-1	-1	-1	-1	-1	80	0	
144	15053806	9559	-1	21	高原绿蜘蛛		103.637115	147.42511	0	300640	10000	-1	-1	1	0	-1	-1	-1	-1	-1	-1	80	0	
145	15053807	9559	-1	21	高原绿蜘蛛		103.637115	147.225113	0	300640	10000	-1	-1	1	0	-1	-1	-1	-1	-1	-1	80	0	
146	15053808	9559	-1	21	高原绿蜘蛛		103.637115	147.625107	0	300640	10000	-1	-1	1	0	-1	-1	-1	-1	-1	-1	80	0	
147	15053809	9559	-1	21	高原绿蜘蛛		103.437119	147.42511	0	300640	10000	-1	-1	1	0	-1	-1	-1	-1	-1	-1	80	0	
148	15053810	9559	-1	21	高原绿蜘蛛		103.837112	147.42511	0	300640	10000	-1	-1	1	0	-1	-1	-1	-1	-1	-1	80	0	
149	15053811	9559	-1	21	高原绿蜘蛛		103.537117	147.325104	0	300640	10000	-1	-1	1	0	-1	-1	-1	-1	-1	-1	80	0	
150	15053812	9559	-1	21	高原绿蜘蛛		103.537117	147.525116	0	300640	10000	-1	-1	1	0	-1	-1	-1	-1	-1	-1	80	0	
151	15053813	9559	-1	21	高原绿蜘蛛		103.337112	147.42511	0	300640	10000	-1	-1	1	0	-1	-1	-1	-1	-1	-1	80	0	
152	15053814	9559	-1	21	高原绿蜘蛛		103.937119	147.42511	0	300640	10000	-1	-1	1	0	-1	-1	-1	-1	-1	-1	80	0	
153	15053815	9559	-1	21	高原绿蜘蛛		103.737114	147.325104	0	300640	10000	-1	-1	1	0	-1	-1	-1	-1	-1	-1	80	0	
154	15053816	9559	-1	21	高原绿蜘蛛		103.737114	147.525116	0	300640	10000	-1	-1	1	0	-1	-1	-1	-1	-1	-1	80	0	
155	15053817	9559	-1	21	高原绿蜘蛛		103.537117	147.42511	0	300640	10000	-1	-1	1	0	-1	-1	-1	-1	-1	-1	80	0	
156	15053818	9559	-1	21	高原绿蜘蛛		103.737114	147.42511	0	300640	10000	-1	-1	1	0	-1	-1	-1	-1	-1	-1	80	0	
157	15053819	9559	-1	21	高原绿蜘蛛		103.637115	147.525116	0	300640	10000	-1	-1	1	0	-1	-1	-1	-1	-1	-1	80	0	
158	15053820	9559	-1	21	高原绿蜘蛛		103.637115	147.325104	0	300640	10000	-1	-1	1	0	-1	-1	-1	-1	-1	-1	80	0	
159	15053821	9559	-1	21	高原绿蜘蛛		107.760651	182.693344	0	300640	10000	-1	-1	1	0	-1	-1	-1	-1	-1	-1	80	0	
160	15053822	9559	-1	21	高原绿蜘蛛		107.760651	182.493347	0	300640	10000	-1	-1	1	0	-1	-1	-1	-1	-1	-1	80	0	
161	15053823	9559	-1	21	高原绿蜘蛛		107.760651	182.893341	0	300640	10000	-1	-1	1	0	-1	-1	-1	-1	-1	-1	80	0	
162	15053824	9559	-1	21	高原绿蜘蛛		107.560654	182.693344	0	300640	10000	-1	-1	1	0	-1	-1	-1	-1	-1	-1	80	0	
163	15053825	9559	-1	21	高原绿蜘蛛		107.960648	182.693344	0	300640	10000	-1	-1	1	0	-1	-1	-1	-1	-1	-1	80	0	
164	15053826	9559	-1	21	高原绿蜘蛛		107.660652	182.593338	0	300640	10000	-1	-1	1	0	-1	-1	-1	-1	-1	-1	80	0	
165	15053827	9559	-1	21	高原绿蜘蛛		107.660652	182.79335	0	300640	10000	-1	-1	1	0	-1	-1	-1	-1	-1	-1	80	0	
166	15053828	9559	-1	21	高原绿蜘蛛		107.460648	182.693344	0	300640	10000	-1	-1	1	0	-1	-1	-1	-1	-1	-1	80	0	
167	15053829	9559	-1	21	高原绿蜘蛛		108.060654	182.693344	0	300640	10000	-1	-1	1	0	-1	-1	-1	-1	-1	-1	80	0	
168	15053830	9559	-1	21	高原绿蜘蛛		107.860649	182.593338	0	300640	10000	-1	-1	1	0	-1	-1	-1	-1	-1	-1	80	0	
169	15053831	9559	-1	21	高原绿蜘蛛		107.860649	182.79335	0	300640	10000	-1	-1	1	0	-1	-1	-1	-1	-1	-1	80	0	
170	15053832	9559	-1	21	高原绿蜘蛛		107.660652	182.693344	0	300640	10000	-1	-1	1	0	-1	-1	-1	-1	-1	-1	80	0	
171	15053833	9559	-1	21	高原绿蜘蛛		107.860649	182.693344	0	300640	10000	-1	-1	1	0	-1	-1	-1	-1	-1	-1	80	0	
172	15053834	9559	-1	21	高原绿蜘蛛		107.760651	182.79335	0	300640	10000	-1	-1	1	0	-1	-1	-1	-1	-1	-1	80	0	
173	15053835	9559	-1	21	高原绿蜘蛛		107.760651	182.593338	0	300640	10000	-1	-1	1	0	-1	-1	-1	-1	-1	-1	80	0	
174	15053836	9559	-1	21	高原绿蜘蛛		118.456589	215.983932	0	300640	10000	-1	-1	1	0	-1	-1	-1	-1	-1	-1	80	0	
175	15053837	9559	-1	21	高原绿蜘蛛		118.456589	215.783936	0	300640	10000	-1	-1	1	0	-1	-1	-1	-1	-1	-1	80	0	
176	15053838	9559	-1	21	高原绿蜘蛛		118.456589	216.183929	0	300640	10000	-1	-1	1	0	-1	-1	-1	-1	-1	-1	80	0	
177	15053839	9559	-1	21	高原绿蜘蛛		118.256592	215.983932	0	300640	10000	-1	-1	1	0	-1	-1	-1	-1	-1	-1	80	0	
178	15053840	9559	-1	21	高原绿蜘蛛		118.656586	215.983932	0	300640	10000	-1	-1	1	0	-1	-1	-1	-1	-1	-1	80	0	
179	15053841	9559	-1	21	高原绿蜘蛛		118.35659	215.883926	0	300640	10000	-1	-1	1	0	-1	-1	-1	-1	-1	-1	80	0	
180	15053842	9559	-1	21	高原绿蜘蛛		118.35659	216.083939	0	300640	10000	-1	-1	1	0	-1	-1	-1	-1	-1	-1	80	0	
181	15053843	9559	-1	21	高原绿蜘蛛		118.156586	215.983932	0	300640	10000	-1	-1	1	0	-1	-1	-1	-1	-1	-1	80	0	
182	15053844	9559	-1	21	高原绿蜘蛛		118.756592	215.983932	0	300640	10000	-1	-1	1	0	-1	-1	-1	-1	-1	-1	80	0	
183	15053845	9559	-1	21	高原绿蜘蛛		118.556587	215.883926	0	300640	10000	-1	-1	1	0	-1	-1	-1	-1	-1	-1	80	0	
184	15053846	9559	-1	21	高原绿蜘蛛		118.556587	216.083939	0	300640	10000	-1	-1	1	0	-1	-1	-1	-1	-1	-1	80	0	
185	15053847	9559	-1	21	高原绿蜘蛛		118.35659	215.983932	0	300640	10000	-1	-1	1	0	-1	-1	-1	-1	-1	-1	80	0	
186	15053848	9559	-1	21	高原绿蜘蛛		118.556587	215.983932	0	300640	10000	-1	-1	1	0	-1	-1	-1	-1	-1	-1	80	0	
187	15053849	9559	-1	21	高原绿蜘蛛		118.456589	216.083939	0	300640	10000	-1	-1	1	0	-1	-1	-1	-1	-1	-1	80	0	
188	15053850	9559	-1	21	高原绿蜘蛛		118.456589	215.883926	0	300640	10000	-1	-1	1	0	-1	-1	-1	-1	-1	-1	80	0	
189	15053866	9559	-1	21	高原绿蜘蛛		76.308029	182.439178	0	300640	10000	-1	-1	1	0	-1	-1	-1	-1	-1	-1	80	0	
190	15053867	9559	-1	21	高原绿蜘蛛		76.308029	182.239182	0	300640	10000	-1	-1	1	0	-1	-1	-1	-1	-1	-1	80	0	
191	15053868	9559	-1	21	高原绿蜘蛛		76.308029	182.639175	0	300640	10000	-1	-1	1	0	-1	-1	-1	-1	-1	-1	80	0	
192	15053869	9559	-1	21	高原绿蜘蛛		76.108032	182.439178	0	300640	10000	-1	-1	1	0	-1	-1	-1	-1	-1	-1	80	0	
193	15053870	9559	-1	21	高原绿蜘蛛		76.508026	182.439178	0	300640	10000	-1	-1	1	0	-1	-1	-1	-1	-1	-1	80	0	
194	15053871	9559	-1	21	高原绿蜘蛛		76.208031	182.339172	0	300640	10000	-1	-1	1	0	-1	-1	-1	-1	-1	-1	80	0	
195	15053872	9559	-1	21	高原绿蜘蛛		76.208031	182.539185	0	300640	10000	-1	-1	1	0	-1	-1	-1	-1	-1	-1	80	0	
196	15053873	9559	-1	21	高原绿蜘蛛		76.008026	182.439178	0	300640	10000	-1	-1	1	0	-1	-1	-1	-1	-1	-1	80	0	
197	15053874	9559	-1	21	高原绿蜘蛛		76.608032	182.439178	0	300640	10000	-1	-1	1	0	-1	-1	-1	-1	-1	-1	80	0	
198	15053875	9559	-1	21	高原绿蜘蛛		76.408028	182.339172	0	300640	10000	-1	-1	1	0	-1	-1	-1	-1	-1	-1	80	0	
199	15053876	9559	-1	21	高原绿蜘蛛		76.408028	182.539185	0	300640	10000	-1	-1	1	0	-1	-1	-1	-1	-1	-1	80	0	
200	15053877	9559	-1	21	高原绿蜘蛛		76.208031	182.439178	0	300640	10000	-1	-1	1	0	-1	-1	-1	-1	-1	-1	80	0	
201	15053878	9559	-1	21	高原绿蜘蛛		76.408028	182.439178	0	300640	10000	-1	-1	1	0	-1	-1	-1	-1	-1	-1	80	0	
202	15053879	9559	-1	21	高原绿蜘蛛		76.308029	182.539185	0	300640	10000	-1	-1	1	0	-1	-1	-1	-1	-1	-1	80	0	
203	15053880	9559	-1	21	高原绿蜘蛛		76.308029	182.339172	0	300640	10000	-1	-1	1	0	-1	-1	-1	-1	-1	-1	80	0	
204	15053896	57	400375	20	祭天长老		161.51004	191.377151	9	0	10000	-1	-1	3	0	-1	-1	-1	-1	-1	-1	80	0	
205	15053897	57	400376	20	祈福长老		217.940353	142.796646	20	0	10000	-1	-1	3	0	-1	-1	-1	-1	-1	-1	80	0	
206	15053898	57	400377	20	图腾长老		57.361206	213.09317	18	0	10000	-1	-1	3	0	-1	-1	-1	-1	-1	-1	80	0	
207	15053899	57	400378	20	刑法长老		33.601124	124.817146	0	0	10000	-1	-1	3	0	-1	-1	-1	-1	-1	-1	80	0	
208	15053900	2171	400379	20	呼罗珊勇士		31.761221	126.970062	0	0	10000	-1	-1	3	0	-1	-1	-1	-1	-1	-1	80	0	
209	15053901	2171	400379	20	呼罗珊勇士		31.881132	122.367844	0	0	10000	-1	-1	3	0	-1	-1	-1	-1	-1	-1	80	0	
210	15053902	2171	400380	20	呼罗珊勇士		58.040993	210.360001	18	0	10000	-1	-1	3	0	-1	-1	-1	-1	-1	-1	80	0	
211	15053903	2171	400380	20	呼罗珊勇士		58.164375	215.193054	18	0	10000	-1	-1	3	0	-1	-1	-1	-1	-1	-1	80	0	
212	15053904	2171	400381	20	呼罗珊勇士		162.657562	174.83989	9	0	10000	-1	-1	3	0	-1	-1	-1	-1	-1	-1	80	0	
213	15053905	2171	400381	20	呼罗珊勇士		155.971207	175.062286	9	0	10000	-1	-1	3	0	-1	-1	-1	-1	-1	-1	80	0	
214	15053906	2171	400382	20	呼罗珊勇士		203.196777	146.512024	18	0	10000	-1	-1	3	0	-1	-1	-1	-1	-1	-1	80	0	
215	15053907	2171	400382	20	呼罗珊勇士		203.246994	141.268005	18	0	10000	-1	-1	3	0	-1	-1	-1	-1	-1	-1	80	0	
216	15053911	51	400383	20	阿里达	族长谋士	130.917404	33.653954	24	0	10000	-1	-1	3	0	-1	-1	-1	-1	-1	-1	80	0	
217	15053913	2171	400382	20	呼罗珊勇士		217.355835	127.135857	12	0	10000	-1	-1	3	0	-1	-1	-1	-1	-1	-1	80	0	
218	15053914	2171	400382	20	呼罗珊勇士		219.746841	125.669403	12	0	10000	-1	-1	3	0	-1	-1	-1	-1	-1	-1	80	0	
219	15053915	2171	400381	20	呼罗珊勇士		143.287994	191.389908	16	0	10000	-1	-1	3	0	-1	-1	-1	-1	-1	-1	80	0	
220	15053916	2171	400381	20	呼罗珊勇士		143.565384	187.028458	16	0	10000	-1	-1	3	0	-1	-1	-1	-1	-1	-1	80	0	
221	15053917	2171	400381	20	呼罗珊勇士		174.14621	188.700607	0	0	10000	-1	-1	3	0	-1	-1	-1	-1	-1	-1	80	0	
222	15053918	2171	400381	20	呼罗珊勇士		174.104507	193.928406	0	0	10000	-1	-1	3	0	-1	-1	-1	-1	-1	-1	80	0	
223	15053919	2171	400379	20	呼罗珊勇士		50.131359	118.846764	0	0	10000	-1	-1	3	0	-1	-1	-1	-1	-1	-1	80	0	
224	15053920	2171	400379	20	呼罗珊勇士		48.915173	132.352097	0	0	10000	-1	-1	3	0	-1	-1	-1	-1	-1	-1	80	0	
225	15053921	2171	400380	20	呼罗珊勇士		45.081669	205.623459	8	0	10000	-1	-1	3	0	-1	-1	-1	-1	-1	-1	80	0	
226	15053922	2171	400380	20	呼罗珊勇士		38.789745	205.459488	8	0	10000	-1	-1	3	0	-1	-1	-1	-1	-1	-1	80	0	
227	15053923	2171	400380	20	呼罗珊勇士		68.958466	225.169006	0	0	10000	-1	-1	3	0	-1	-1	-1	-1	-1	-1	80	0	
228	15053924	2171	400380	20	呼罗珊勇士		68.938934	221.007874	0	0	10000	-1	-1	3	0	-1	-1	-1	-1	-1	-1	80	0	
229	15053925	218	400384	20	米剩	伙计	127.195496	47.756954	8	0	10000	-1	-1	3	0	-1	-1	-1	-1	-1	-1	80	0	
230	7336799	4295	101690	-1	组队指引人		59	53	0	-1	1000	-1	-1	3	0	-1	-1	-1	-1	-1	-1	100	0	
