NUM	NUM	NUM	NUM	NUM	TEXT	TEXT	FLOAT	FLOAT	NUM	NUM	NUM	NUM	NUM	NUM	NUM	NUM	NUM	NUM	NUM	NUM	NUM	NUM	NUM
编号	随机编号	attr编号	逻辑表编号	阵营编号	名称	称号	x轴坐标	z轴坐标	朝向	脚本编号	重生时间	分组编号	队伍编号	基础AI	AI文件	巡逻路径	商店0	商店1	商店2	商店3	名誉ID	等级	镜像组
0	1	4497	101127	20	崇天门	大都传送人	255.028854	160.864517	27	-1	1000	-1	-1	3	0	-1	-1	-1	-1	-1	-1	100	0
1	2	4402	101108	20	大都	大都传送人	255	224	27	-1	1000	-1	-1	3	0	-1	-1	-1	-1	-1	-1	100	0
2	3	1083	139051	-1	金湘	装备镶嵌大师	232.448059	207.820984	9	-1	1000	-1	-1	3	0	-1	-1	-1	-1	-1	-1	80	0
3	4	1089	139052	-1	李定邦	装备铭刻大师	241.0242	207.739029	9	-1	1000	-1	-1	3	0	-1	-1	-1	-1	-1	-1	80	0
4	5	1087	139054	-1	傅克龙	装备保值大师	205.747528	206.437378	9	-1	1000	-1	-1	3	0	-1	-1	-1	-1	-1	-1	80	0
5	6	4225	139057	-1	武元	武器店	225.092957	252.244736	18	-1	1000	-1	-1	3	0	-1	-1	-1	-1	-1	-1	80	0
6	7	1310	139058	-1	房举	防具店	222.238647	249.606415	27	-1	1000	-1	-1	3	0	-1	-1	-1	-1	-1	-1	80	0
7	8	4271	139059	-1	徐长卿	药品商人	230.672974	256.62146	27	-1	1000	-1	-1	3	0	-1	-1	-1	-1	-1	-1	80	0
8	9	1086	139060	-1	盛名	声望商店	123.883057	223.437485	29	-1	1000	-1	-1	3	0	-1	-1	-1	-1	-1	-1	80	0
9	10	4217	139062	-1	乘骏	骑乘技能大师	337.274567	215.983246	18	-1	1000	-1	-1	3	0	-1	-1	-1	-1	-1	-1	80	0
10	11	4211	139063	-1	马安	骑乘道具商人	332.010132	222.454147	9	-1	1000	-1	-1	3	0	-1	-1	-1	-1	-1	-1	80	0
11	12	1255	139095	-1	马元	马币商店	121.101814	236.653259	9	-1	1000	-1	-1	3	0	-1	-1	-1	-1	-1	-1	80	0
12	13	4355	139065	-1	仓储元	仓库保管员	247.052673	214.649307	0	-1	1000	-1	-1	3	0	-1	-1	-1	-1	-1	-1	80	0
13	14	4355	139066	-1	仓储备	仓库保管员	265.322418	214.409286	18	-1	1000	-1	-1	3	0	-1	-1	-1	-1	-1	-1	80	0
14	15	4206	139067	-1	助家亮	杂货商人	237.347519	256.391876	27	-1	1000	-1	-1	3	0	-1	-1	-1	-1	-1	-1	80	0
15	16	4228	139068	-1	乘英	骑乘繁殖大师	329.531464	213.503098	27	-1	1000	-1	-1	3	0	-1	-1	-1	-1	-1	-1	80	0
16	17	4227	139070	-1	塔娜娇娇	印度珠宝大师	300.354736	216.802856	9	-1	1000	-1	-1	3	0	-1	-1	-1	-1	-1	-1	80	0
17	18	4277	139071	-1	姚瑶	中原草药大师	303.605286	215.820938	13	-1	1000	-1	-1	3	0	-1	-1	-1	-1	-1	-1	80	0
18	19	1085	139072	-1	武奎	装备升星大师	236.929153	207.044434	9	-1	1000	-1	-1	3	0	-1	-1	-1	-1	-1	-1	80	0
19	20	4336	139074	-1	龙嫣	龙眼石兑换	132.283417	236.78334	9	-1	1000	-1	-1	3	0	-1	-1	-1	-1	-1	-1	80	0
20	21	4264	139076	-1	赵当归	免费治疗师	263.381866	260.744049	18	-1	1000	-1	-1	3	0	-1	-1	-1	-1	-1	-1	60	0
21	22	1319	139077	-1	项伯乐	骑乘恢复商人	263.309174	255.973953	18	-1	1000	-1	-1	3	0	-1	-1	-1	-1	-1	-1	60	0
22	23	4217	139079	-1	坦木尔	蒙古驯马大师	306.100342	231.469955	27	-1	1000	-1	-1	3	0	-1	-1	-1	-1	-1	-1	80	0
23	24	4251	139083	-1	沈芊芊	盐帮堂主	421.286652	236.815018	18	-1	1000	-1	-1	3	0	-1	-1	-1	-1	-1	-1	60	0
24	25	4208	139084	-1	铁算盘	赵王府采办	428	118	18	-1	1000	-1	-1	3	0	-1	-1	-1	-1	-1	-1	80	0
25	26	1119	139087	-1	幻竞演	成就兑换	136.91835	223.422928	27	-1	1000	-1	-1	3	0	-1	-1	-1	-1	-1	-1	80	0
26	27	1090	139088	-1	筹阑	外装大师	210.979141	222.994919	27	-1	1000	-1	-1	3	0	-1	-1	-1	-1	-1	-1	80	0
27	28	4346	139090	-1	庄回	装备回收	228.93248	212.70047	18	-1	1000	-1	-1	3	0	-1	-1	-1	-1	-1	-1	80	0
28	29	4229	139104	-1	杜十娘	‘美高美’美丽会招待	197.541245	243.614899	0	-1	1000	-1	-1	3	0	-1	-1	-1	-1	-1	-1	80	0
29	30	4244	139105	-1	陈思思	‘美高美’美丽会服务员	197.778152	237.264069	0	-1	1000	-1	-1	3	0	-1	-1	-1	-1	-1	-1	80	0
30	31	5951	139106	-1	海总管	大内总管	257.460938	97.158234	25	-1	1000	-1	-1	3	0	-1	-1	-1	-1	-1	-1	80	0
31	32	27	139114	-1	白朴	元曲名家	397.14566	102.225166	27	-1	1000	-1	-1	3	0	-1	-1	-1	-1	-1	-1	80	0
32	33	1615	139116	-1	明空	相国寺知客僧	116	135	27	-1	1000	-1	-1	3	0	-1	-1	-1	-1	-1	-1	60	0
33	34	4245	139117	-1	杜成双	结婚助理	329.121094	255.717285	27	-1	1000	-1	-1	3	0	-1	-1	-1	-1	-1	-1	80	0
34	35	4391	139118	-1	节姻缘	结婚管理员	338.232788	259.022644	18	-1	1000	-1	-1	3	0	-1	-1	-1	-1	-1	-1	80	0
35	36	4305	139120	-1	金步缓	银票兑换	270.503601	209.210236	9	-1	1000	-1	-1	3	0	-1	-1	-1	-1	-1	-1	80	0
36	37	75	139140	-1	司徒绍	仕官晋级考官	235.719162	273.938995	0	-1	1000	-1	-1	3	0	-1	-1	-1	-1	-1	-1	80	0
37	38	487	139124	-1	波斯舞娘		191.871323	232.68895	0	-1	1000	-1	-1	3	0	-1	-1	-1	-1	-1	-1	80	0
38	39	488	139125	-1	波斯舞娘		191.889481	248.039612	0	-1	1000	-1	-1	3	0	-1	-1	-1	-1	-1	-1	80	0
39	40	487	139124	-1	波斯舞娘		189.491638	236.88063	0	-1	1000	-1	-1	3	0	-1	-1	-1	-1	-1	-1	80	0
40	41	488	139125	-1	波斯舞娘		189.3741	244.02034	0	-1	1000	-1	-1	3	0	-1	-1	-1	-1	-1	-1	80	0
41	42	384	139124	-1	大都舞娘		192.697968	243.164291	32	0	10000	-1	-1	3	0	-1	-1	-1	-1	-1	-1	60	0
42	43	385	139125	-1	大都舞娘		190.736191	240.472427	0	0	10000	-1	-1	3	0	-1	-1	-1	-1	-1	-1	60	0
43	44	386	139124	-1	大都舞娘		192.854477	237.90274	8	0	10000	-1	-1	3	0	-1	-1	-1	-1	-1	-1	60	0
44	45	499	300103	20	巴特	‘美高美’美丽会老板	184.07077	240.474716	0	0	10000	-1	-1	3	0	-1	-1	-1	-1	-1	-1	60	0
45	46	1158	139133	-1	蔡德楚	灯谜使官	217.257751	353.293304	0	-1	1000	-1	-1	3	0	-1	-1	-1	-1	-1	-1	40	0
46	47	4294	139138	-1	潘桧	国籍管理员	247.535858	170.520645	0	-1	1000	-1	-1	3	0	-1	-1	-1	-1	-1	-1	40	0
47	48	12	139405	-1	张申算	王府客卿	464.057312	151.135574	18	-1	1000	-1	-1	3	0	-1	-1	-1	-1	-1	-1	80	0
48	49	1643	139406	-1	努尔博达	赵王	405.208191	66.060196	27	-1	1000	-1	-1	3	0	-1	-1	-1	-1	-1	-1	80	0
49	50	4308	139407	-1	脱里	赵王府侍卫	399.463226	97.718781	32	-1	1000	-1	-1	3	0	-1	-1	-1	-1	-1	-1	80	0
50	51	4308	139408	-1	脱罕	赵王府侍卫	410.987732	98.122185	22	-1	1000	-1	-1	3	0	-1	-1	-1	-1	-1	-1	80	0
51	52	7	140006	-1	沈万四	沈万三之弟	455.822723	268.042419	18	-1	1000	-1	-1	3	0	-1	-1	-1	-1	-1	-1	80	0
52	53	4224	140552	-1	铁虎	双人战场执事	186.074371	200.216278	9	-1	1000	-1	-1	3	0	-1	-1	-1	-1	-1	-1	60	0
53	54	4225	140606	-1	金龙	六人战场执事	181.094528	200.286575	9	-1	1000	-1	-1	3	0	-1	-1	-1	-1	-1	-1	60	0
54	55	4335	140607	-1	察帖尔	战场积分商人	177.154968	198.119141	0	-1	1000	-1	-1	3	0	-1	-1	-1	-1	-1	-1	60	0
55	56	1093	140915	-1	上官石	钻石金刚兑换	126.415352	236.754913	9	-1	1000	-1	-1	3	0	-1	-1	-1	-1	-1	-1	80	0
56	57	4345	140982	-1	司徒尚	威望商店	133.421082	223.431412	27	-1	1000	-1	-1	3	0	-1	-1	-1	-1	-1	-1	80	0
57	58	1094	141026	20	黄盛峙	装备鎏金大师	211.659988	206.028091	9	-1	1000	-1	-1	3	0	-1	-1	-1	-1	-1	-1	40	0
58	59	4281	141028	-1	秦韧	突厥锻造大师	299.066986	249.536072	9	-1	1000	-1	-1	3	0	-1	-1	-1	-1	-1	-1	80	0
59	60	4292	141029	-1	战甲	罗马铸甲大师	292.865601	248.367523	9	-1	1000	-1	-1	3	0	-1	-1	-1	-1	-1	-1	80	0
60	61	4255	141030	-1	阿伊丽	波斯工艺大师	297.594727	215.276718	5	-1	1000	-1	-1	3	0	-1	-1	-1	-1	-1	-1	80	0
61	62	1099	141032	-1	梵贝	领双管理员	247.283691	176.334808	0	-1	1000	-1	-1	3	0	-1	-1	-1	-1	-1	-1	80	0
62	63	1071	141501	-1	戏子“铜锤”		344.670166	109.235733	34	-1	1000	-1	-1	0	0	67	-1	-1	-1	-1	-1	40	0
63	64	334	141502	-1	戏子“小生”		371.64444	74.281876	35	-1	1000	-1	-1	3	0	66	-1	-1	-1	-1	-1	40	0
64	65	351	141503	-1	戏子“花旦”		447.48526	126.352287	27	-1	1000	-1	-1	0	0	70	-1	-1	-1	-1	-1	40	0
65	66	442	141504	-1	戏子“关公”		425.969147	192.75824	18	-1	1000	-1	-1	0	0	69	-1	-1	-1	-1	-1	40	0
66	67	1070	141505	-1	戏子“武丑”		354.726715	147.030182	27	-1	1000	-1	-1	0	0	68	-1	-1	-1	-1	-1	40	0
67	68	4259	139129	-1	全美丽	金常焕之妻	232	326	0	-1	1000	-1	-1	3	0	-1	-1	-1	-1	-1	-1	40	0
68	69	1432	139130	-1	金常焕	高丽国使	232	323	0	-1	1000	-1	-1	3	0	-1	-1	-1	-1	-1	-1	40	0
69	70	1645	139100	-1	华常志	铁三发布人	358.152893	230.466125	27	-1	1000	-1	-1	3	0	-1	-1	-1	-1	-1	-1	80	0
70	71	1645	139101	-1	胡巧夫	铁三接应人	430	441	9	-1	1000	-1	-1	3	0	-1	-1	-1	-1	-1	-1	80	0
71	72	1645	139102	-1	庞大海	铁三接应人	204	458	12	-1	1000	-1	-1	3	0	-1	-1	-1	-1	-1	-1	80	0
72	73	1645	139103	-1	杜二元	铁三接应人	85	353	34	-1	1000	-1	-1	3	0	-1	-1	-1	-1	-1	-1	80	0
73	74	1645	139128	-1	简申	铁三接应人	248	180	27	-1	1000	-1	-1	3	0	-1	-1	-1	-1	-1	-1	60	0
74	75	1084	141506	-1	梅	灯谜仕女	255.196777	352.150726	9	-1	1000	-1	-1	3	0	-1	-1	-1	-1	-1	-1	40	0
75	76	1084	141507	-1	兰	灯谜仕女	267.506378	365.140015	35	-1	1000	-1	-1	3	0	-1	-1	-1	-1	-1	-1	40	0
76	77	1084	141508	-1	竹	灯谜仕女	254.5	377.5	27	-1	1000	-1	-1	3	0	-1	-1	-1	-1	-1	-1	40	0
77	78	1084	141509	-1	菊	灯谜仕女	242.1306	365.069733	18	-1	1000	-1	-1	3	0	-1	-1	-1	-1	-1	-1	40	0
78	79	216	139078	-1	玄冥道长	龙魂合成人	270.769867	227.178879	18	-1	1000	-1	-1	3	0	-1	-1	-1	-1	-1	-1	80	0
79	80	4226	139086	-1	金来幻	钱庄	273.881012	209.436264	9	-1	1000	-1	-1	3	0	-1	-1	-1	-1	-1	-1	80	0
80	81	1919	140900	-1	米粒	米店伙计	215.161667	273.62619	35	-1	1000	-1	-1	3	0	-1	-1	-1	-1	-1	-1	80	0
81	82	7	140916	-1	满仓	米店老板	220.898041	270.75116	23	-1	1000	-1	-1	3	0	-1	-1	-1	-1	-1	-1	80	0
82	83	27	140967	-1	齐员外		231.60437	267.769775	31	-1	1000	-1	-1	3	0	-1	-1	-1	-1	-1	-1	80	0
83	84	89	140904	-1	施不赊	水果贩	292.797607	240.351105	27	-1	1000	-1	-1	3	0	-1	-1	-1	-1	-1	-1	80	0
84	85	15	140961	-1	武夷	艺馆馆主	289.931396	260.675629	27	-1	1000	-1	-1	3	0	-1	-1	-1	-1	-1	-1	80	0
85	86	1183	141512	-1	一号主持人	乌龙辞典大都淘汰赛	205	50	27	-1	1000	-1	-1	3	0	-1	-1	-1	-1	-1	-1	80	0
86	87	1183	141512	-1	一号主持人	乌龙辞典大都淘汰赛	295	50	27	-1	1000	-1	-1	3	0	-1	-1	-1	-1	-1	-1	80	0
87	88	1184	141513	-1	二号主持人	乌龙辞典大都淘汰赛	225	128	0	-1	1000	-1	-1	3	0	-1	-1	-1	-1	-1	-1	80	0
88	89	1184	141513	-1	二号主持人	乌龙辞典大都淘汰赛	283	128	18	-1	1000	-1	-1	3	0	-1	-1	-1	-1	-1	-1	80	0
89	90	1185	141514	-1	三号主持人	乌龙辞典大都淘汰赛	283	174	27	-1	1000	-1	-1	3	0	-1	-1	-1	-1	-1	-1	80	0
90	91	1186	141515	-1	四号主持人	乌龙辞典大都淘汰赛	365	199	9	-1	1000	-1	-1	3	0	-1	-1	-1	-1	-1	-1	80	0
91	92	1187	141516	-1	五号主持人	乌龙辞典大都淘汰赛	420	105	27	-1	1000	-1	-1	3	0	-1	-1	-1	-1	-1	-1	40	0
92	93	1183	141517	-1	六号主持人	乌龙辞典大都淘汰赛	462	145	27	-1	1000	-1	-1	3	0	-1	-1	-1	-1	-1	-1	40	0
93	94	1184	141518	-1	七号主持人	乌龙辞典大都淘汰赛	427	257	27	-1	1000	-1	-1	3	0	-1	-1	-1	-1	-1	-1	40	0
94	95	1185	141519	-1	八号主持人	乌龙辞典大都淘汰赛	466	337	18	-1	1000	-1	-1	3	0	-1	-1	-1	-1	-1	-1	40	0
95	96	1186	141520	-1	九号主持人	乌龙辞典大都淘汰赛	404	236	9	-1	1000	-1	-1	3	0	-1	-1	-1	-1	-1	-1	40	0
96	97	1187	141521	-1	十号主持人	乌龙辞典大都淘汰赛	340	203	18	-1	1000	-1	-1	3	0	-1	-1	-1	-1	-1	-1	40	0
97	98	1183	141522	-1	十一号主持人	乌龙辞典大都淘汰赛	350	310	27	-1	1000	-1	-1	3	0	-1	-1	-1	-1	-1	-1	80	0
98	99	1184	141523	-1	十二号主持人	乌龙辞典大都淘汰赛	360	457	18	-1	1000	-1	-1	3	0	-1	-1	-1	-1	-1	-1	80	0
99	100	1185	141524	-1	十三号主持人	乌龙辞典大都淘汰赛	220	441	9	-1	1000	-1	-1	3	0	-1	-1	-1	-1	-1	-1	80	0
100	101	1186	141525	-1	十四号主持人	乌龙辞典大都淘汰赛	87	321	9	-1	1000	-1	-1	3	0	-1	-1	-1	-1	-1	-1	80	0
101	102	1187	141526	-1	十五号主持人	乌龙辞典大都淘汰赛	144	273	9	-1	1000	-1	-1	3	0	-1	-1	-1	-1	-1	-1	80	0
102	103	1183	141527	-1	十六号主持人	乌龙辞典大都淘汰赛	115	155	18	-1	1000	-1	-1	3	0	-1	-1	-1	-1	-1	-1	80	0
103	104	1184	141528	-1	十七号主持人	乌龙辞典大都淘汰赛	93	52	27	-1	1000	-1	-1	3	0	-1	-1	-1	-1	-1	-1	80	0
104	105	1185	141529	-1	十八号主持人	乌龙辞典大都淘汰赛	148	158	31	-1	1000	-1	-1	3	0	-1	-1	-1	-1	-1	-1	80	0
105	106	1186	141530	-1	十九号主持人	乌龙辞典大都淘汰赛	229	173	27	-1	1000	-1	-1	3	0	-1	-1	-1	-1	-1	-1	80	0
106	107	1187	141531	-1	二十号主持人	乌龙辞典大都淘汰赛	254	65	9	-1	1000	-1	-1	3	0	-1	-1	-1	-1	-1	-1	80	0
107	108	1167	140417	-1	包打听		260.015747	235.573334	23	-1	1000	-1	-1	3	0	-1	-1	-1	-1	-1	-1	80	0
108	109	4393	140419	-1	卜运算元		237.842743	241.015549	7	-1	1000	-1	-1	3	0	-1	-1	-1	-1	-1	-1	80	0
109	110	4333	140418	-1	胡青牛		238.009445	233.350006	27	-1	1000	-1	-1	3	0	-1	-1	-1	-1	-1	-1	80	0
110	111	1257	141533	20	阎必忠	王府客卿	417.223572	61.512596	28	0	10000	-1	-1	3	0	-1	-1	-1	-1	-1	-1	10	0
111	112	1255	141534	20	霍身先	王府客卿	426.496185	169.723221	18	0	10000	-1	-1	3	0	-1	-1	-1	-1	-1	-1	10	0
112	113	1256	141535	20	只天明	王府客卿	347.494202	129.016983	0	0	10000	-1	-1	3	0	-1	-1	-1	-1	-1	-1	10	0
113	114	1250	110098	-1	药罗葛丽	回鹘美人	398.27655	62.174023	27	-1	1000	-1	-1	3	0	-1	-1	-1	-1	-1	-1	50	0
114	115	1251	110099	-1	古力裴娜	回鹘美人	390.775665	61.917599	27	-1	1000	-1	-1	3	0	-1	-1	-1	-1	-1	-1	50	0
115	116	1252	110100	-1	黠多丽罗	回鹘美人	395.185608	61.947811	27	-1	1000	-1	-1	3	0	-1	-1	-1	-1	-1	-1	50	0
116	117	1253	110101	-1	顿英贺宁	回鹘美人	387.465271	61.908321	27	-1	1000	-1	-1	3	0	-1	-1	-1	-1	-1	-1	50	0
117	118	1096	124057	-1	达鲁赤	卫率府将军	188.536697	264.968414	0	-1	1000	-1	-1	3	0	-1	-1	-1	-1	-1	-1	50	0
118	119	1938	139139	-1	紫云	紫青侠女	270.871796	232.206161	18	-1	1000	-1	-1	3	0	-1	-1	-1	-1	-1	-1	40	0
119	120	1373	139134	-1	达鲁花	卫率府将军	310.131409	268.978821	0	-1	1000	-1	-1	3	0	-1	-1	-1	-1	-1	-1	40	0
120	121	248	139137	-1	半仙刘		255.00528	350.632874	18	-1	1000	-1	-1	3	0	0	-1	-1	-1	-1	-1	40	0
121	122	1320	101547	20	通往迷宫五层	王国迷宫传送	321.860107	176.064804	18	0	10000	-1	-1	3	0	-1	-1	-1	-1	-1	-1	60	0
122	123	4498	101128	20	大相国寺	大都传送人	105.080017	145.245483	27	-1	1000	-1	-1	3	0	-1	-1	-1	-1	-1	-1	100	0
123	124	4499	101129	20	赵王府	大都传送人	404.755524	116.343918	27	-1	1000	-1	-1	3	0	-1	-1	-1	-1	-1	-1	100	0
124	125	1644	101704	-1	黎线长	离线代练管理员	244.514771	254.28154	27	-1	30000	-1	-1	3	0	-1	-1	-1	-1	-1	-1	100	0
125	126	1385	139092	-1	乘合	骑乘炼化大师	334.127167	213.447479	26	-1	1000	-1	-1	3	0	-1	-1	-1	-1	-1	-1	80	0
126	127	1044	141100	-1	魂天福	战魂天赋大师	160.20546	214.728806	18	0	10000	-1	-1	3	0	-1	-1	-1	-1	-1	-1	80	0
127	128	1040	141101	-1	熟天福	属性天赋大师	165.981171	220.539825	27	0	10000	-1	-1	3	0	-1	-1	-1	-1	-1	-1	80	0
128	129	1041	141102	-1	衡天福	平衡天赋大师	174.044708	219.79892	27	0	10000	-1	-1	3	0	-1	-1	-1	-1	-1	-1	80	0
129	130	1042	141103	-1	竞天福	专精天赋大师	181.585312	217.198853	1	0	10000	-1	-1	3	0	-1	-1	-1	-1	-1	-1	80	0
130	131	1043	141104	-1	缘天福	元素天赋大师	186.870407	212.816422	27	0	10000	-1	-1	3	0	-1	-1	-1	-1	-1	-1	80	0
131	132	1318	141105	20	雷鹏	跨服双人战场中转人	177.238129	193.144043	0	0	10000	-1	-1	3	0	-1	-1	-1	-1	-1	-1	60	0
132	133	2385	141107	20	嘉婕	节日使者	262.7034	172.589523	18	-1	10000	-1	-1	3	0	-1	-1	-1	-1	-1	-1	80	0
133	134	1316	141108	20	布柏达	英勇勋章兑换商人	186.044571	191.836792	27	0	10000	-1	-1	3	0	-1	-1	-1	-1	-1	-1	60	0
134	135	1310	141109	20	布柏莱	跨服战场功绩商人	180.835266	191.778915	27	0	10000	-1	-1	3	0	-1	-1	-1	-1	-1	-1	60	0
135	136	1317	141110	20	灵宝	活动使者	262.629608	178.185791	18	0	10000	-1	-1	3	0	-1	-1	-1	-1	-1	-1	60	0
136	137	20104	138900	20	  	屠龙排行榜冠军	239.135223	197.793182	18	0	10000	-1	-1	3	0	-1	-1	-1	-1	-1	-1	60	0
137	138	20105	138901	20	  	智力竞赛排行榜冠军	240.381927	186.092346	18	0	10000	-1	-1	3	0	-1	-1	-1	-1	-1	-1	60	0
138	139	20106	138902	20	  	杀敌排行榜冠军	210.162048	186.747284	0	0	10000	-1	-1	3	0	-1	-1	-1	-1	-1	-1	60	0
139	140	20103	138903	20	  	战场等级排行榜冠军	210.213379	198.636398	0	0	10000	-1	-1	3	0	-1	-1	-1	-1	-1	-1	60	0
140	141	1386	141120	20	阿塔依	耶路撒冷冥甲大师	287.130646	249.943054	9	0	10000	-1	-1	3	0	-1	-1	-1	-1	-1	-1	60	0
141	142	1907	140970	-1	张弘范	上柱国	270.18927	93.571358	27	-1	1000	-1	-1	3	0	-1	-1	-1	-1	-1	-1	80	0
142	143	20013	141124	20	珀色	地中海工程大师	306.329895	247.772659	9	0	10000	-1	-1	3	0	-1	-1	-1	-1	-1	-1	60	0
143	144	20012	141123	20	吴迪	冥装大师	215.732849	223.988403	23	0	10000	-1	-1	3	0	-1	-1	-1	-1	-1	-1	60	0
144	145	3681	141125	20	刁相	排行榜展示者	264.256714	209.112946	15	0	10000	-1	-1	3	0	-1	-1	-1	-1	-1	-1	60	0
145	146	1387	141127	-1	悬赏布告		249.199997	283.207092	0	0	10000	-1	-1	3	0	-1	-1	-1	-1	-1	-1	80	0
146	147	1078	141145	-1	焦占撤	巴尔干战车大师	301.698517	231.783127	27	-1	1000	-1	-1	3	0	-1	-1	-1	-1	-1	-1	80	0
147	148	1046	141146	-1	风翼战车		163.393402	265.447998	9	-1	1000	-1	-1	3	0	-1	-1	-1	-1	-1	-1	80	0
148	149	1047	141147	-1	独冲战车		150.360992	265.374786	9	-1	1000	-1	-1	3	0	-1	-1	-1	-1	-1	-1	80	0
149	150	1048	141148	-1	奎甲战车		170.027252	266.332947	9	-1	1000	-1	-1	3	0	-1	-1	-1	-1	-1	-1	80	0
150	151	1049	141149	-1	雷爪战车		176.30336	268.705231	9	-1	1000	-1	-1	3	0	-1	-1	-1	-1	-1	-1	80	0
151	152	3	141156	-1	休宜夏	战车修理大师	263.226654	266.420837	18	-1	1000	-1	-1	3	0	-1	-1	-1	-1	-1	-1	80	0
152	153	10470	401255	-1	金鬃狂狮		245.852692	274.568359	0	-1	1000	-1	-1	3	0	-1	-1	-1	-1	-1	-1	80	0
153	154	10468	139093	-1	甄青松	体力值大师	265.495361	249.340744	18	-1	1000	-1	-1	3	0	-1	-1	-1	-1	-1	-1	80	0
154	155	10469	139094	-1	泰荣义	帝国嘉奖使	262.884521	167.912231	18	-1	1000	-1	-1	3	0	-1	-1	-1	-1	-1	-1	80	0
156	157	4279	141132	20	萱紫	玄装大师	206.441193	223.80481	31	0	10000	-1	-1	3	0	-1	-1	-1	-1	-1	-1	80	0
157	158	207	141173	20	“征服者”苏合	征服商店	129.05722	217.261749	27	0	10000	-1	-1	3	0	-1	-1	-1	-1	-1	-1	80	0
158	159	1057	141133	20	阿鲁依	地中海宝石大师	199.683701	213.274887	18	-1	10000	-1	-1	3	0	-1	-1	-1	-1	-1	-1	80	0
159	160	3300	146000	20	龙雀	武士神兵大师	301.118408	180	27	0	10000	-1	-1	3	0	-1	-1	-1	-1	-1	-1	70	0
160	161	3301	146001	20	龙渊	剑侠神兵大师	295.542725	180	27	0	10000	-1	-1	3	0	-1	-1	-1	-1	-1	-1	70	0
161	162	3302	146002	20	落日	骑射神兵大师	290.255219	180	27	0	10000	-1	-1	3	0	-1	-1	-1	-1	-1	-1	70	0
162	163	3303	146003	20	霸王	火枪神兵大师	284.815552	180	27	0	10000	-1	-1	3	0	-1	-1	-1	-1	-1	-1	70	0
163	164	3304	146004	20	轰雷	先知神兵大师	279.5	180	27	0	10000	-1	-1	3	0	-1	-1	-1	-1	-1	-1	70	0
164	165	3305	146005	20	青龙	萨满神兵大师	274.111542	180	27	0	10000	-1	-1	3	0	-1	-1	-1	-1	-1	-1	70	0
165	166	3306	146006	20	判决	十字军神兵大师	235.717621	180	27	0	10000	-1	-1	3	0	-1	-1	-1	-1	-1	-1	70	0
166	167	3307	146007	20	神使	圣火使神兵大师	230.190811	180	27	0	10000	-1	-1	3	0	-1	-1	-1	-1	-1	-1	70	0
167	168	3308	146008	20	灭神	刺客神兵大师	224.800003	180	27	0	10000	-1	-1	3	0	-1	-1	-1	-1	-1	-1	70	0
168	169	3309	146009	20	落星	近卫军神兵大师	219.498993	180	27	0	10000	-1	-1	3	0	-1	-1	-1	-1	-1	-1	70	0
169	170	3310	146010	20	圣名	隐修士神兵大师	214.211136	180	27	0	10000	-1	-1	3	0	-1	-1	-1	-1	-1	-1	70	0
170	171	3311	146011	20	金刚	僧侣神兵大师	208.874176	180	27	0	10000	-1	-1	3	0	-1	-1	-1	-1	-1	-1	70	0
171	172	1178	-1	21	东瀛刺客		370	439	18	-1	1000	-1	-1	1	0	-1	-1	-1	-1	-1	-1	40	0
172	173	1178	-1	21	东瀛刺客		363	441	18	-1	1000	-1	-1	1	0	-1	-1	-1	-1	-1	-1	40	0
173	174	1178	-1	21	东瀛刺客		367.368744	446.646606	18	-1	1000	-1	-1	1	0	-1	-1	-1	-1	-1	-1	40	0
174	175	1179	-1	21	高丽细作		139	402	18	-1	1000	-1	-1	1	0	-1	-1	-1	-1	-1	-1	40	0
175	176	1179	-1	21	高丽细作		138	394	18	-1	1000	-1	-1	1	0	-1	-1	-1	-1	-1	-1	40	0
176	177	1179	-1	21	高丽细作		143	402	18	-1	1000	-1	-1	1	0	-1	-1	-1	-1	-1	-1	40	0
177	178	1180	-1	21	爪哇奸细		81.759338	389.605194	18	-1	1000	-1	-1	1	0	-1	-1	-1	-1	-1	-1	40	0
178	179	1180	-1	21	爪哇奸细		80.809044	392.3414	18	-1	1000	-1	-1	1	0	-1	-1	-1	-1	-1	-1	40	0
179	180	1180	-1	21	爪哇奸细		77.338089	391.152466	18	-1	1000	-1	-1	1	0	-1	-1	-1	-1	-1	-1	40	0
180	181	1181	-1	21	安南密探		376	388	18	-1	1000	-1	-1	1	0	-1	-1	-1	-1	-1	-1	40	0
181	182	1181	-1	21	安南密探		374	387	18	-1	1000	-1	-1	1	0	-1	-1	-1	-1	-1	-1	40	0
182	183	1181	-1	21	安南密探		378	385	18	-1	1000	-1	-1	1	0	-1	-1	-1	-1	-1	-1	40	0
183	184	203	139412	-1	王府卫兵		401.054443	65.347191	27	-1	1000	-1	-1	3	0	-1	-1	-1	-1	-1	-1	80	0
184	185	203	139413	-1	王府卫兵		408.945557	65.341209	27	-1	1000	-1	-1	3	0	-1	-1	-1	-1	-1	-1	80	0
185	186	203	139414	-1	王府卫兵		402.027802	89.405426	27	-1	1000	-1	-1	3	0	-1	-1	-1	-1	-1	-1	80	0
186	187	203	139415	-1	王府卫兵		408.052826	89.068787	27	-1	1000	-1	-1	3	0	-1	-1	-1	-1	-1	-1	80	0
187	188	203	139416	-1	王府卫兵		378.152039	133.347198	5	-1	1000	-1	-1	3	0	-1	-1	-1	-1	-1	-1	80	0
188	189	203	139417	-1	王府卫兵		378.082153	128.70163	31	-1	1000	-1	-1	3	0	-1	-1	-1	-1	-1	-1	80	0
189	190	392	140018	-1	盐帮帮众		380.345306	227.7677	12	-1	1000	-1	-1	3	0	-1	-1	-1	-1	-1	-1	80	0
190	191	392	140019	-1	盐帮帮众		404.587036	205.577087	14	-1	1000	-1	-1	3	0	-1	-1	-1	-1	-1	-1	80	0
191	192	392	140020	-1	盐帮帮众		428.721313	264.213776	20	-1	1000	-1	-1	3	0	-1	-1	-1	-1	-1	-1	80	0
192	193	392	140021	-1	盐帮帮众		428.639954	273.336304	18	-1	1000	-1	-1	3	0	-1	-1	-1	-1	-1	-1	80	0
193	194	392	140022	-1	盐帮帮众		416.724335	230.053497	25	-1	1000	-1	-1	3	0	-1	-1	-1	-1	-1	-1	80	0
194	195	392	140023	-1	盐帮帮众		411.986938	229.001221	25	-1	1000	-1	-1	3	0	-1	-1	-1	-1	-1	-1	80	0
195	196	392	140024	-1	盐帮帮众		410.762726	242.270142	2	-1	1000	-1	-1	3	0	-1	-1	-1	-1	-1	-1	80	0
196	197	392	140025	-1	盐帮帮众		411.895721	248.150742	1	-1	1000	-1	-1	3	0	-1	-1	-1	-1	-1	-1	80	0
197	198	392	140026	-1	盐帮帮众		447.308014	271.808746	14	-1	1000	-1	-1	3	0	-1	-1	-1	-1	-1	-1	80	0
198	199	392	140027	-1	盐帮帮众		424.681335	289.358643	9	-1	1000	-1	-1	3	0	-1	-1	-1	-1	-1	-1	80	0
199	200	392	140028	-1	盐帮帮众		418.292633	288.955505	8	-1	1000	-1	-1	3	0	-1	-1	-1	-1	-1	-1	80	0
200	201	392	140029	-1	盐帮帮众		447.346466	264.492737	24	-1	1000	-1	-1	3	0	-1	-1	-1	-1	-1	-1	80	0
201	202	392	140030	-1	盐帮帮众		380.614166	225.410828	20	-1	1000	-1	-1	3	0	-1	-1	-1	-1	-1	-1	80	0
202	203	392	140031	-1	盐帮帮众		400.009308	205.742538	2	-1	1000	-1	-1	3	0	-1	-1	-1	-1	-1	-1	80	0
203	204	30	140033	-1	沈府丫鬟		421.91214	233.516632	22	-1	1000	-1	-1	3	0	-1	-1	-1	-1	-1	-1	80	0
204	205	30	140034	-1	沈府丫鬟		422.996948	234.897217	20	-1	1000	-1	-1	3	0	-1	-1	-1	-1	-1	-1	80	0
205	206	30	140035	-1	沈府丫鬟		423.394501	239.128891	14	-1	1000	-1	-1	3	0	-1	-1	-1	-1	-1	-1	80	0
206	207	30	140036	-1	沈府丫鬟		451.324402	270.56543	12	-1	1000	-1	-1	3	0	-1	-1	-1	-1	-1	-1	80	0
207	208	30	140037	-1	沈府丫鬟		451.258057	265.493103	24	-1	1000	-1	-1	3	0	-1	-1	-1	-1	-1	-1	80	0
208	209	492	140041	-1	元朝士兵		406.922302	190.315765	24	-1	1000	-1	-1	3	0	-1	-1	-1	-1	-1	-1	80	0
209	210	492	140042	-1	元朝士兵		406.898865	195.699402	12	-1	1000	-1	-1	3	0	-1	-1	-1	-1	-1	-1	80	0
210	211	492	140043	-1	元朝士兵		435.410461	123.674568	20	-1	1000	-1	-1	3	0	-1	-1	-1	-1	-1	-1	80	0
211	212	492	140044	-1	元朝士兵		435.197662	130.357727	16	-1	1000	-1	-1	3	0	-1	-1	-1	-1	-1	-1	80	0
212	213	1432	140929	-1	近侍		257.371216	93.171219	27	-1	1000	-1	-1	3	0	-1	-1	-1	-1	-1	-1	80	0
213	214	1432	140929	-1	近侍		259.239502	94.280983	23	-1	1000	-1	-1	3	0	-1	-1	-1	-1	-1	-1	80	0
214	215	1645	140974	-1	内侍		251.082291	89.404846	0	-1	1000	-1	-1	3	0	-1	-1	-1	-1	-1	-1	80	0
215	216	1645	140974	-1	内侍		250.923874	107.612701	0	-1	1000	-1	-1	3	0	-1	-1	-1	-1	-1	-1	80	0
216	217	1645	140974	-1	内侍		238.83754	99.810036	0	-1	1000	-1	-1	3	0	-1	-1	-1	-1	-1	-1	80	0
217	218	1645	140974	-1	内侍		250.601868	99.130646	0	-1	1000	-1	-1	3	0	-1	-1	-1	-1	-1	-1	80	0
218	219	1645	140974	-1	内侍		258.946381	88.875114	18	-1	1000	-1	-1	3	0	-1	-1	-1	-1	-1	-1	80	0
219	220	1645	140974	-1	内侍		259.390442	107.733879	18	-1	1000	-1	-1	3	0	-1	-1	-1	-1	-1	-1	80	0
220	221	1645	140974	-1	内侍		270.864563	100.474876	18	-1	1000	-1	-1	3	0	-1	-1	-1	-1	-1	-1	80	0
221	222	1645	140974	-1	内侍		259.540192	99.577042	18	-1	1000	-1	-1	3	0	-1	-1	-1	-1	-1	-1	80	0
222	223	4412	139235	-1	乌山	御卫队长	255.010971	150.112564	27	-1	1000	-1	-1	3	0	-1	-1	-1	-1	-1	-1	80	0
223	224	4412	140930	-1	大元御卫兵		249.036652	150.242813	31	-1	1000	-1	-1	3	0	-1	-1	-1	-1	-1	-1	80	0
224	225	4412	140930	-1	大元御卫兵		249.585617	117.81723	0	-1	1000	-1	-1	3	0	-1	-1	-1	-1	-1	-1	80	0
225	226	4412	140930	-1	大元御卫兵		271.462708	119.787102	18	-1	1000	-1	-1	3	0	-1	-1	-1	-1	-1	-1	80	0
226	227	4412	140930	-1	大元御卫兵		271.6763	128.58403	18	-1	1000	-1	-1	3	0	-1	-1	-1	-1	-1	-1	80	0
227	228	4412	140930	-1	大元御卫兵		259.844055	117.714645	18	-1	1000	-1	-1	3	0	-1	-1	-1	-1	-1	-1	80	0
228	229	4412	140930	-1	大元御卫兵		260.827393	305.679321	27	-1	1000	-1	-1	3	0	-1	-1	-1	-1	-1	-1	80	0
229	230	4412	140930	-1	大元御卫兵		220.818466	99.40831	0	-1	1000	-1	-1	3	0	-1	-1	-1	-1	-1	-1	80	0
230	231	4412	140930	-1	大元御卫兵		289.693054	99.432472	18	-1	1000	-1	-1	3	0	-1	-1	-1	-1	-1	-1	80	0
231	232	4412	139226	-1	乌廷	御卫队长	251.324646	307.971527	34	-1	1000	-1	-1	3	0	-1	-1	-1	-1	-1	-1	80	0
232	233	4412	139226	-1	大元御卫兵		250.461044	129.803177	0	-1	1000	-1	-1	3	0	-1	-1	-1	-1	-1	-1	80	0
233	234	4412	139226	-1	大元御卫兵		239.683395	107.46904	27	-1	1000	-1	-1	3	0	-1	-1	-1	-1	-1	-1	80	0
234	235	4412	139226	-1	大元御卫兵		271.296509	107.174706	27	-1	1000	-1	-1	3	0	-1	-1	-1	-1	-1	-1	80	0
235	236	4412	139226	-1	大元御卫兵		249.991608	225.800568	0	-1	1000	-1	-1	3	0	-1	-1	-1	-1	-1	-1	80	0
236	237	4412	139226	-1	大元御卫兵		259.694641	129.23555	18	-1	1000	-1	-1	3	0	-1	-1	-1	-1	-1	-1	80	0
237	238	4412	139226	-1	大元御卫兵		261.03537	150.242813	27	-1	1000	-1	-1	3	0	-1	-1	-1	-1	-1	-1	80	0
238	239	4412	140595	-1	大元御卫兵		249.265686	306.365479	27	-1	1000	-1	-1	3	0	-1	-1	-1	-1	-1	-1	60	0
239	240	4412	140596	-1	大元御卫兵		238.471069	128.561005	0	-1	1000	-1	-1	3	0	-1	-1	-1	-1	-1	-1	60	0
240	241	4412	140597	-1	大元御卫兵		238.143707	119.289368	0	-1	1000	-1	-1	3	0	-1	-1	-1	-1	-1	-1	60	0
241	242	4412	140598	-1	大元御卫兵		244.208282	179.48999	27	-1	1000	-1	-1	3	0	-1	-1	-1	-1	-1	-1	60	0
242	243	4412	140599	-1	大元御卫兵		266.376282	178.995255	27	-1	1000	-1	-1	3	0	-1	-1	-1	-1	-1	-1	60	0
243	244	4412	140611	-1	大元御卫兵		258.578735	227.805664	20	-1	1000	-1	-1	3	0	-1	-1	-1	-1	-1	-1	60	0
244	245	4412	140588	-1	大元御卫兵		248.860001	281.02301	0	-1	1000	-1	-1	3	0	-1	-1	-1	-1	-1	-1	60	0
245	246	4412	140589	-1	大元御卫兵		193.547607	192.536011	34	-1	1000	-1	-1	3	0	-1	-1	-1	-1	-1	-1	60	0
246	247	1167	140400	20	巫山真人		134.074814	309.137512	26	-1	1000	-1	-1	3	0	-1	-1	-1	-1	-1	-1	40	0
247	248	4343	140401	20	崔老夫人		38.861366	319.417999	34	-1	1000	-1	-1	3	0	-1	-1	-1	-1	-1	-1	40	0
248	249	4394	140402	20	崔莺莺		62.340099	302.957031	32	-1	1000	-1	-1	3	0	-1	-1	-1	-1	-1	-1	40	0
249	250	4396	140403	20	红娘		63.172245	301.903503	30	-1	1000	-1	-1	3	0	-1	-1	-1	-1	-1	-1	40	0
250	251	4392	140404	20	张生		62.824921	333.940155	6	-1	1000	-1	-1	3	0	-1	-1	-1	-1	-1	-1	40	0
251	252	4393	140405	20	王实甫		78.093697	319.962006	18	-1	1000	-1	-1	3	0	-1	-1	-1	-1	-1	-1	40	0
252	253	17	140200	-1	范崇虎	汉军统领	43.924103	425.737762	0	-1	1000	-1	-1	3	0	-1	-1	-1	-1	-1	-1	80	0
253	254	9	140201	-1	张天宝	汉军营校尉	43.079884	423.525635	31	-1	1000	-1	-1	3	0	-1	-1	-1	-1	-1	-1	80	0
254	255	10	140202	-1	张翠山	张天宝之子	51.241623	418.025146	27	-1	1000	-1	-1	3	0	-1	-1	-1	-1	-1	-1	80	0
255	256	202	140203	-1	汉军营士兵		86.142067	431.801941	4	-1	1000	-1	-1	3	0	-1	-1	-1	-1	-1	-1	80	0
256	257	202	140204	-1	汉军营士兵		86.481171	424.093842	34	-1	1000	-1	-1	3	0	-1	-1	-1	-1	-1	-1	80	0
257	258	202	140205	-1	汉军营士兵		56.601856	430.20462	12	-1	1000	-1	-1	3	0	-1	-1	-1	-1	-1	-1	80	0
258	259	202	140206	-1	汉军营士兵		57.16301	424.637024	24	-1	1000	-1	-1	3	0	-1	-1	-1	-1	-1	-1	80	0
259	260	202	140207	-1	汉军营士兵		47.535412	451.611633	36	-1	1000	-1	-1	3	0	-1	-1	-1	-1	-1	-1	80	0
260	261	202	140208	-1	汉军营士兵		55.722343	451.265289	12	-1	1000	-1	-1	3	0	-1	-1	-1	-1	-1	-1	80	0
261	262	202	140565	-1	汉军营士兵		44.269474	462.455566	27	-1	1000	-1	-1	3	0	-1	-1	-1	-1	-1	-1	60	0
262	263	202	140566	-1	汉军营士兵		40.669315	428.384735	3	-1	1000	-1	-1	3	0	-1	-1	-1	-1	-1	-1	60	0
263	264	202	140567	-1	汉军营士兵		71.267342	466.634796	23	-1	1000	-1	-1	3	0	-1	-1	-1	-1	-1	-1	60	0
264	265	202	140568	-1	汉军营士兵		71.224182	475.682556	13	-1	1000	-1	-1	3	0	-1	-1	-1	-1	-1	-1	60	0
265	266	202	140569	-1	汉军营士兵		41.704395	421.832703	33	-1	1000	-1	-1	3	0	-1	-1	-1	-1	-1	-1	60	0
266	267	202	140570	-1	汉军营士兵		43.967209	471.598419	31	-1	1000	-1	-1	3	0	-1	-1	-1	-1	-1	-1	60	0
267	268	202	140571	-1	汉军营士兵		44.217148	479.315338	5	-1	1000	-1	-1	3	0	-1	-1	-1	-1	-1	-1	60	0
268	269	202	140572	-1	汉军营士兵		164.831863	481.258118	4	-1	1000	-1	-1	3	0	-1	-1	-1	-1	-1	-1	60	0
269	270	202	140573	-1	汉军营士兵		67.37619	421.325806	27	-1	1000	-1	-1	3	0	-1	-1	-1	-1	-1	-1	60	0
270	271	202	140574	-1	汉军营士兵		65.945236	433.692749	0	-1	1000	-1	-1	3	0	-1	-1	-1	-1	-1	-1	60	0
271	272	202	140575	-1	汉军营士兵		150.251984	470.391449	31	-1	1000	-1	-1	3	0	-1	-1	-1	-1	-1	-1	60	0
272	273	202	140576	-1	汉军营士兵		150.36145	479.763336	5	-1	1000	-1	-1	3	0	-1	-1	-1	-1	-1	-1	60	0
273	274	202	140577	-1	汉军营士兵		128.084854	479.964478	9	-1	1000	-1	-1	3	0	-1	-1	-1	-1	-1	-1	60	0
274	275	202	140578	-1	汉军营士兵		137.74324	464.337921	27	-1	1000	-1	-1	3	0	-1	-1	-1	-1	-1	-1	60	0
275	276	202	140579	-1	汉军营士兵		163.036896	469.221161	32	-1	1000	-1	-1	3	0	-1	-1	-1	-1	-1	-1	60	0
276	277	202	140580	-1	汉军营士兵		83.235428	476.692261	8	-1	1000	-1	-1	3	0	-1	-1	-1	-1	-1	-1	60	0
277	278	202	140581	-1	汉军营士兵		83.369431	465.459686	28	-1	1000	-1	-1	3	0	-1	-1	-1	-1	-1	-1	60	0
278	279	202	140582	-1	汉军营士兵		88.689651	478.979462	9	-1	1000	-1	-1	3	0	-1	-1	-1	-1	-1	-1	60	0
279	280	202	140583	-1	汉军营士兵		89.286072	464.147949	27	-1	1000	-1	-1	3	0	-1	-1	-1	-1	-1	-1	60	0
280	281	202	140584	-1	汉军营士兵		121.67086	476.856354	8	-1	1000	-1	-1	3	0	-1	-1	-1	-1	-1	-1	60	0
281	282	202	140585	-1	汉军营士兵		121.459938	467.401306	28	-1	1000	-1	-1	3	0	-1	-1	-1	-1	-1	-1	60	0
282	283	1118	140416	20	波斯商人		189.241379	272.134064	2	-1	1000	-1	-1	3	0	-1	-1	-1	-1	-1	-1	40	0
283	284	241	139806	20	阳顶天	暂代教主	122.074524	185.353088	18	-1	1000	-1	-1	3	0	-1	-1	-1	-1	-1	-1	80	0
284	285	1925	139807	20	范遥	光明右使	117.987518	189.931091	11	-1	1000	-1	-1	3	0	-1	-1	-1	-1	-1	-1	80	0
285	286	1925	139808	20	杨逍	光明左使	115.810188	190.892502	7	-1	1000	-1	-1	3	0	-1	-1	-1	-1	-1	-1	80	0
286	287	4387	139823	20	布袋和尚	明教教众	64	258	11	-1	1000	-1	-1	3	0	-1	-1	-1	-1	-1	-1	80	0
287	288	393	139818	20	韩山童	明教教众	123.185432	182.61496	23	-1	1000	-1	-1	3	0	-1	-1	-1	-1	-1	-1	80	0
288	289	1610	139810	20	明教弟子		108.041351	155.04335	14	-1	1000	-1	-1	3	0	-1	-1	-1	-1	-1	-1	80	0
289	290	4348	139115	20	周颠	明教香主	85	149	9	-1	1000	-1	-1	3	0	-1	-1	-1	-1	-1	-1	80	0
290	291	4348	139821	20	郭子剑	明教教众	68.163185	206.263916	23	-1	1000	-1	-1	3	0	-1	-1	-1	-1	-1	-1	80	0
291	292	4348	139822	20	蔡子元	明教教众	61.743614	206.343369	31	-1	1000	-1	-1	3	0	-1	-1	-1	-1	-1	-1	80	0
292	293	4389	139824	20	彭莹玉	明教教众	60.276466	258.927704	5	-1	1000	-1	-1	3	0	-1	-1	-1	-1	-1	-1	80	0
293	294	4348	139830	20	徐寿辉	明教教众	123.024635	188.088669	15	-1	1000	-1	-1	3	0	-1	-1	-1	-1	-1	-1	80	0
294	295	1932	139827	20	黛绮丝	紫衫龙王	99.613632	239.153824	15	-1	1000	-1	-1	3	0	-1	-1	-1	-1	-1	-1	80	0
295	296	419	139828	20	殷天正	白眉鹰王	147.789154	197.874344	0	-1	1000	-1	-1	3	0	-1	-1	-1	-1	-1	-1	80	0
296	297	1934	139829	20	韦一笑	青翼蝠王	83.238495	193.155762	9	-1	1000	-1	-1	3	0	-1	-1	-1	-1	-1	-1	80	0
297	298	1943	139834	20	谢逊	金毛狮王	161.953171	240.606644	13	-1	1000	-1	-1	3	0	-1	-1	-1	-1	-1	-1	80	0
298	299	1610	139802	20	明教弟子		98.577644	241.248276	13	-1	1000	-1	-1	3	0	-1	-1	-1	-1	-1	-1	80	0
299	300	1610	139803	20	明教弟子		93.235954	243.047592	9	-1	1000	-1	-1	3	0	-1	-1	-1	-1	-1	-1	80	0
300	301	1610	139804	-1	明教弟子		62.425079	201.510849	3	-1	1000	-1	-1	3	0	-1	-1	-1	-1	-1	-1	80	0
301	302	1610	139805	-1	明教弟子		67.939354	201.377441	11	-1	1000	-1	-1	3	0	-1	-1	-1	-1	-1	-1	80	0
302	303	1610	139809	-1	明教弟子		67.178825	175.923935	27	-1	1000	-1	-1	3	0	-1	-1	-1	-1	-1	-1	80	0
303	304	1610	139810	20	明教弟子		108.041351	155.04335	14	-1	1000	-1	-1	3	0	-1	-1	-1	-1	-1	-1	80	0
304	305	1610	139810	20	明教弟子		101.514473	155.265045	6	-1	1000	-1	-1	3	0	-1	-1	-1	-1	-1	-1	80	0
305	306	1610	139813	-1	明教弟子		60.193615	176.22226	27	-1	1000	-1	-1	3	0	-1	-1	-1	-1	-1	-1	80	0
306	307	1610	139814	-1	明教弟子		51.940548	153.079086	7	-1	1000	-1	-1	3	0	-1	-1	-1	-1	-1	-1	80	0
307	308	1610	139815	-1	明教弟子		112.673897	226.481216	27	-1	1000	-1	-1	3	0	-1	-1	-1	-1	-1	-1	80	0
308	309	1610	139816	-1	明教弟子		56.22662	152.959213	11	-1	1000	-1	-1	3	0	-1	-1	-1	-1	-1	-1	80	0
309	310	1610	139825	-1	明教弟子		51.058144	240.401657	12	-1	1000	-1	-1	3	0	-1	-1	-1	-1	-1	-1	80	0
310	311	1610	139826	-1	明教弟子		46.383556	240.174561	6	-1	1000	-1	-1	3	0	-1	-1	-1	-1	-1	-1	80	0
311	312	215	139812	-1	张中	明教教众	35.283985	261.987976	11	-1	1000	-1	-1	3	0	-1	-1	-1	-1	-1	-1	80	0
312	313	4385	139831	-1	周芷若	周子旺之女	32.130802	257.33963	35	-1	1000	-1	-1	3	0	-1	-1	-1	-1	-1	-1	80	0
313	314	4348	139832	-1	郭子兴	明教教众	80.655937	176.475098	27	-1	1000	-1	-1	3	0	-1	-1	-1	-1	-1	-1	80	0
314	315	4348	139833	-1	刘福通	明教教众	85.639801	176.810745	27	-1	1000	-1	-1	3	0	-1	-1	-1	-1	-1	-1	80	0
315	316	4348	139819	-1	周子旺	明教教众	31.033319	256.53772	35	-1	1000	-1	-1	3	0	-1	-1	-1	-1	-1	-1	80	0
316	317	4348	139820	-1	朱五四	明教教众	113.13134	230.521179	9	-1	1000	-1	-1	3	0	-1	-1	-1	-1	-1	-1	80	0
317	318	1613	-1	21	苏多娜		147.263107	176.491058	34	-1	15000	-1	-1	6	0	-1	-1	-1	-1	-1	-1	76	0
318	319	1612	-1	21			37.785995	193.177994	27	-1	15000	-1	-1	1	0	-1	-1	-1	-1	-1	-1	76	0
319	320	1612	-1	21			43.861973	165.591904	27	-1	15000	-1	-1	1	0	-1	-1	-1	-1	-1	-1	76	0
320	321	1612	-1	21			36.32465	198.876938	27	-1	15000	-1	-1	1	0	-1	-1	-1	-1	-1	-1	76	0
321	322	1612	-1	21			30.921913	192.686691	22	-1	15000	-1	-1	1	0	-1	-1	-1	-1	-1	-1	76	0
322	323	1612	-1	21			29.955996	171.371124	0	-1	15000	-1	-1	1	0	-1	-1	-1	-1	-1	-1	76	0
323	324	1612	-1	21			41.360252	186.299316	2	-1	15000	-1	-1	1	0	-1	-1	-1	-1	-1	-1	76	0
324	325	1612	-1	21			44.281387	182.112976	16	-1	15000	-1	-1	1	0	-1	-1	-1	-1	-1	-1	76	0
325	326	1612	-1	21			37.913399	180.671036	2	-1	15000	-1	-1	1	0	-1	-1	-1	-1	-1	-1	76	0
326	327	1612	-1	21			45.831913	191.542374	20	-1	15000	-1	-1	1	0	-1	-1	-1	-1	-1	-1	76	0
327	328	1612	-1	21			39.452049	164.518509	18	-1	15000	-1	-1	1	0	-1	-1	-1	-1	-1	-1	76	0
328	329	1612	-1	21			33.548634	190.536697	18	-1	15000	-1	-1	1	0	-1	-1	-1	-1	-1	-1	76	0
329	330	1612	-1	21			34.412773	181.335388	18	-1	15000	-1	-1	1	0	-1	-1	-1	-1	-1	-1	76	0
330	331	1612	-1	21			44.61002	197.709702	0	-1	15000	-1	-1	1	0	-1	-1	-1	-1	-1	-1	76	0
331	332	1612	-1	21			31.714649	168.564148	9	-1	15000	-1	-1	1	0	-1	-1	-1	-1	-1	-1	76	0
332	333	1612	-1	21			39.680351	168.91481	25	-1	15000	-1	-1	1	0	-1	-1	-1	-1	-1	-1	76	0
333	334	1612	-1	21			35.896622	165.143066	2	-1	15000	-1	-1	1	0	-1	-1	-1	-1	-1	-1	76	0
334	335	1612	-1	21			41.77	174.060181	16	-1	15000	-1	-1	1	0	-1	-1	-1	-1	-1	-1	76	0
335	336	1612	-1	21			43.367306	170.498169	27	-1	15000	-1	-1	1	0	-1	-1	-1	-1	-1	-1	76	0
336	337	1612	-1	21			29.576445	168.120819	0	-1	15000	-1	-1	1	0	-1	-1	-1	-1	-1	-1	76	0
337	338	1611	-1	21	坤离		332	458	0	-1	5000	-1	-1	1	0	-1	-1	-1	-1	-1	-1	76	0
338	339	31	139300	-1	智丈禅师		105.032997	48.334	27	-1	1000	-1	-1	3	0	-1	-1	-1	-1	-1	-1	80	0
339	340	419	139320	-1	张三丰	武当掌门	115.52874	77.933708	18	-1	1000	-1	-1	3	0	-1	-1	-1	-1	-1	-1	80	0
340	341	4388	139321	-1	宋远桥	武当弟子	117.42202	76.273827	18	-1	1000	-1	-1	3	0	-1	-1	-1	-1	-1	-1	80	0
341	342	4388	139322	-1	俞岱岩	武当弟子	116.808136	74.342888	22	-1	1000	-1	-1	3	0	-1	-1	-1	-1	-1	-1	80	0
342	343	1942	139323	-1	何足道	昆仑三圣	94.834846	78.229706	0	-1	1000	-1	-1	3	0	-1	-1	-1	-1	-1	-1	80	0
343	344	1924	139324	-1	青灵子	昆仑弟子	93.528229	75.908768	0	-1	1000	-1	-1	3	0	-1	-1	-1	-1	-1	-1	80	0
344	345	1924	139325	-1	何太冲	昆仑弟子	93.657341	80.874435	0	-1	1000	-1	-1	3	0	-1	-1	-1	-1	-1	-1	80	0
345	346	1646	139326	-1	风陵师太	峨眉掌门	130.740784	112.75914	9	-1	1000	-1	-1	3	0	-1	-1	-1	-1	-1	-1	80	0
346	347	1937	139327	-1	灭缘	峨眉弟子	133.87648	114.101219	15	-1	1000	-1	-1	3	0	-1	-1	-1	-1	-1	-1	80	0
347	348	1937	139328	-1	灭绝	峨眉弟子	132.661118	114.782516	13	-1	1000	-1	-1	3	0	-1	-1	-1	-1	-1	-1	80	0
348	349	1937	139329	-1	纪慧心	峨眉弟子	126.903885	112.268005	7	-1	1000	-1	-1	3	0	-1	-1	-1	-1	-1	-1	80	0
349	350	1937	139330	-1	丁如兰	峨眉弟子	128.692825	114.046562	8	-1	1000	-1	-1	3	0	-1	-1	-1	-1	-1	-1	80	0
350	351	1651	139331	-1	郭破虏	丐帮帮主	56.752811	60.730194	0	-1	1000	-1	-1	3	0	-1	-1	-1	-1	-1	-1	80	0
351	352	1649	139332	-1	李玄衣		55	58	31	-1	1000	-1	-1	3	0	-1	-1	-1	-1	-1	-1	80	0
352	353	1649	139333	-1	丁尚衣		56.663223	56.823143	27	-1	1000	-1	-1	3	0	-1	-1	-1	-1	-1	-1	80	0
353	354	1649	139334	-1	王十三		54.792442	62.611034	35	-1	1000	-1	-1	3	0	-1	-1	-1	-1	-1	-1	80	0
354	355	1649	139335	-1	冷小欺		55.50713	64.287086	2	-1	1000	-1	-1	3	0	-1	-1	-1	-1	-1	-1	80	0
355	356	1648	139336	-1	丐帮弟子		70	46	22	-1	1000	-1	-1	3	0	-1	-1	-1	-1	-1	-1	80	0
356	357	1648	139337	-1	丐帮弟子		63.801327	44.622128	0	-1	1000	-1	-1	3	0	-1	-1	-1	-1	-1	-1	80	0
357	358	5	139341	-1	西门君临	剑圣传人	80.061409	102.854118	8	-1	1000	-1	-1	3	0	-1	-1	-1	-1	-1	-1	80	0
358	359	1921	139342	-1	纳兰若水		82.665039	99.90387	22	-1	1000	-1	-1	3	0	-1	-1	-1	-1	-1	-1	80	0
359	360	1921	139343	-1	纳兰佩紫		80.777496	99.718636	24	-1	1000	-1	-1	3	0	-1	-1	-1	-1	-1	-1	80	0
360	361	208	139338	-1	铁中堂		126.484795	54.447697	27	-1	1000	-1	-1	3	0	-1	-1	-1	-1	-1	-1	80	0
361	362	20	139339	-1	铁珊瑚		123.427498	53.239746	27	-1	1000	-1	-1	3	0	-1	-1	-1	-1	-1	-1	80	0
362	363	1923	139340	-1	云铮		127.556358	53.39119	27	-1	1000	-1	-1	3	0	-1	-1	-1	-1	-1	-1	80	0
363	364	1924	139344	-1	龙须客	天山隐侠	76.767365	109.12336	1	-1	1000	-1	-1	3	0	-1	-1	-1	-1	-1	-1	80	0
364	365	1938	139345	-1	陆小云	天山隐侠	77.856331	107.002151	33	-1	1000	-1	-1	3	0	-1	-1	-1	-1	-1	-1	80	0
365	366	1903	139346	-1	陈铁志	鹰爪王	84.821037	54.600098	26	-1	1000	-1	-1	3	0	-1	-1	-1	-1	-1	-1	80	0
366	367	1922	139347	-1	陈长泰	小鹰爪	82.001877	53.185116	34	-1	1000	-1	-1	3	0	-1	-1	-1	-1	-1	-1	80	0
367	368	1614	139348	-1	乞丐刘		78	131	30	-1	15000	-1	-1	5	0	-1	-1	-1	-1	-1	-1	60	0
368	369	1614	139349	-1	乞丐张		80	130	26	-1	15000	-1	-1	5	0	-1	-1	-1	-1	-1	-1	60	0
369	370	1615	139301	-1	相国寺僧人		101.757889	49.947266	27	-1	15000	-1	-1	5	0	-1	-1	-1	-1	-1	-1	60	0
370	371	1615	139302	-1	相国寺僧人		108.032692	49.593555	27	-1	15000	-1	-1	5	0	-1	-1	-1	-1	-1	-1	60	0
371	372	1615	139301	-1	相国寺僧人		97.737152	112.688766	32	-1	15000	-1	-1	5	0	-1	-1	-1	-1	-1	-1	60	0
372	373	1615	139302	-1	相国寺僧人		101.695412	63.692245	6	-1	15000	-1	-1	5	0	-1	-1	-1	-1	-1	-1	60	0
373	374	1615	139301	-1	相国寺僧人		101.722481	135.09729	27	-1	15000	-1	-1	5	0	-1	-1	-1	-1	-1	-1	60	0
374	375	1615	139302	-1	相国寺僧人		107.875557	135.141068	27	-1	15000	-1	-1	5	0	-1	-1	-1	-1	-1	-1	60	0
375	376	1615	139301	-1	相国寺僧人		100.291496	88.765076	27	-1	15000	-1	-1	5	0	-1	-1	-1	-1	-1	-1	60	0
376	377	1615	139302	-1	相国寺僧人		109.444717	88.404785	27	-1	15000	-1	-1	5	0	-1	-1	-1	-1	-1	-1	60	0
377	378	1615	139301	-1	相国寺僧人		78.653458	56.443886	32	-1	15000	-1	-1	5	0	-1	-1	-1	-1	-1	-1	60	0
378	379	1615	139302	-1	相国寺僧人		79.03154	63.824257	4	-1	15000	-1	-1	5	0	-1	-1	-1	-1	-1	-1	60	0
379	380	1615	139302	-1	相国寺僧人		131.315659	57.131329	20	-1	15000	-1	-1	5	0	-1	-1	-1	-1	-1	-1	60	0
380	381	1615	139301	-1	相国寺僧人		130.89856	63.800217	18	-1	15000	-1	-1	5	0	-1	-1	-1	-1	-1	-1	60	0
381	382	1615	139302	-1	相国寺僧人		97.522949	98.491386	32	-1	15000	-1	-1	5	0	-1	-1	-1	-1	-1	-1	60	0
382	383	1615	139301	-1	相国寺僧人		112.190742	112.077873	20	-1	15000	-1	-1	5	0	-1	-1	-1	-1	-1	-1	60	0
383	384	1615	139302	-1	相国寺僧人		58.670429	79.966644	27	-1	15000	-1	-1	5	0	-1	-1	-1	-1	-1	-1	60	0
384	385	1615	139301	-1	相国寺僧人		62.984375	105.331551	0	-1	15000	-1	-1	5	0	-1	-1	-1	-1	-1	-1	60	0
385	386	1615	139302	-1	相国寺僧人		63.912148	98.520088	2	-1	15000	-1	-1	5	0	-1	-1	-1	-1	-1	-1	60	0
386	387	1615	139301	-1	相国寺僧人		57.976994	90.443771	22	-1	15000	-1	-1	5	0	-1	-1	-1	-1	-1	-1	60	0
387	388	1615	139302	-1	相国寺僧人		80.181602	117.815773	14	-1	15000	-1	-1	5	0	-1	-1	-1	-1	-1	-1	60	0
388	389	1615	139301	-1	相国寺僧人		82.740662	116.498466	11	-1	15000	-1	-1	5	0	-1	-1	-1	-1	-1	-1	60	0
389	390	1615	139302	-1	相国寺僧人		72.652382	93.644348	14	-1	15000	-1	-1	5	0	-1	-1	-1	-1	-1	-1	60	0
390	391	1615	139302	-1	相国寺僧人		76.568985	91.41584	9	-1	15000	-1	-1	5	0	-1	-1	-1	-1	-1	-1	60	0
391	392	1615	139302	-1	相国寺僧人		68.221405	77.072517	16	-1	15000	-1	-1	5	0	-1	-1	-1	-1	-1	-1	60	0
392	393	1615	139301	-1	相国寺僧人		90.124802	55.574883	27	-1	15000	-1	-1	5	0	-1	-1	-1	-1	-1	-1	60	0
393	394	1615	139302	-1	相国寺僧人		89.239433	64.159691	8	-1	15000	-1	-1	5	0	-1	-1	-1	-1	-1	-1	60	0
394	395	1615	139301	-1	相国寺僧人		112.267128	98.408905	21	-1	15000	-1	-1	5	0	-1	-1	-1	-1	-1	-1	60	0
395	396	1615	140548	-1	相国寺僧人		108.038368	63.773476	15	-1	15000	-1	-1	3	0	-1	-1	-1	-1	-1	-1	60	0
396	397	1615	140549	-1	相国寺僧人		118.953682	63.739452	9	-1	15000	-1	-1	3	0	-1	-1	-1	-1	-1	-1	60	0
397	398	31	141176	-1	智塔禅师	浮屠塔传送人	50	255	9	-1	1000	-1	-1	3	0	-1	-1	-1	-1	-1	-1	60	0
398	399	445	140620	20	九爷爷	酒家村酿酒高手	299.896606	396.852173	0	0	10000	-1	-1	3	0	-1	-1	-1	-1	-1	-1	60	0
399	400	28	140621	20	酒港	酿酒作坊	328.594238	418.53479	20	0	10000	-1	-1	3	0	-1	-1	-1	-1	-1	-1	60	0
400	401	92	140622	20	酒老太太	村长的老母亲	317.591431	320.418488	0	0	10000	-1	-1	3	0	-1	-1	-1	-1	-1	-1	60	0
401	402	1128	140623	20	酒樵	酒家村	294.356659	429.80603	8	0	10000	-1	-1	3	0	-1	-1	-1	-1	-1	-1	20	0
402	403	1256	140624	20	酒桁	酒家村村长	321.37915	315.012482	27	0	10000	-1	-1	3	0	-1	-1	-1	-1	-1	-1	60	0
403	404	3815	140625	20	小酒泓	酒家村	303.07489	352.309479	8	0	10000	-1	-1	3	0	-1	-1	-1	-1	-1	-1	60	0
404	405	3820	140626	20	村头乞丐		322.661011	415.437256	32	0	10000	-1	-1	3	0	-1	-1	-1	-1	-1	-1	50	0
405	406	3821	140627	20	酒小葆	酒家村	301.089081	320.511017	28	0	10000	-1	-1	3	0	-1	-1	-1	-1	-1	-1	60	0
406	407	4010	140628	20	祭拜土地庙的玉儿	酒家村	341.024384	337.637604	4	0	10000	-1	-1	0	0	-1	-1	-1	-1	-1	-1	40	0
407	408	4016	140629	20	萍儿	村长家的小丫鬟	317.280151	322.037079	4	0	10000	-1	-1	0	0	-1	-1	-1	-1	-1	-1	40	0
408	409	4326	140630	20	酒疆	酒家村	292.35025	333.697327	0	0	10000	-1	-1	3	0	-1	-1	-1	-1	-1	-1	60	0
409	410	4338	140631	20	酒湘	九爷爷的孙女	300.467529	399.87265	4	0	10000	-1	-1	3	0	-1	-1	-1	-1	-1	-1	60	0
410	411	30	140632	20	崔府丫鬟		42.256073	323.361969	4	0	10000	-1	-1	3	0	-1	-1	-1	-1	-1	-1	60	0
411	412	30	140633	20	崔府丫鬟		42.120117	316.786621	32	0	10000	-1	-1	3	0	-1	-1	-1	-1	-1	-1	60	0
412	413	1920	140634	20	小玉	崔夫人的贴身丫鬟	41.998611	317.821838	32	0	10000	-1	-1	3	0	-1	-1	-1	-1	-1	-1	60	0
413	414	4208	140635	20	码头管事		429.157074	453.280457	12	0	10000	-1	-1	3	0	-1	-1	-1	-1	-1	-1	60	0
414	415	4217	140636	20	码头工人		411.373718	443.750946	24	0	10000	-1	-1	3	0	-1	-1	-1	-1	-1	-1	60	0
415	416	4217	140637	20	码头工人		410.504364	456.447144	13	0	10000	-1	-1	3	0	-1	-1	-1	-1	-1	-1	60	0
416	417	248	140638	20	清山真人		376.742737	418.464325	16	0	10000	-1	-1	3	0	-1	-1	-1	-1	-1	-1	60	0
417	418	1256	140639	20	赵老爷	城郊的乡绅	206.090363	320.817749	28	0	10000	-1	-1	3	0	-1	-1	-1	-1	-1	-1	60	0
418	419	6	140640	20	崔老爷		38.916447	320.79892	2	0	10000	-1	-1	3	0	-1	-1	-1	-1	-1	-1	60	0
419	420	81	140641	20	瓜园老大爷		80.690407	382.957397	12	0	10000	-1	-1	3	0	-1	-1	-1	-1	-1	-1	60	0
420	421	1128	140642	20	邹良		52.178593	396.842957	8	0	10000	-1	-1	3	0	-1	-1	-1	-1	-1	-1	20	0
421	422	445	140643	20	齐酒仙		107.688988	355.499847	16	0	10000	-1	-1	3	0	-1	-1	-1	-1	-1	-1	60	0
422	423	446	140644	20	李老汉	赵乡绅家的长工	190.698151	375.085907	8	0	10000	-1	-1	3	0	-1	-1	-1	-1	-1	-1	60	0
423	424	1	140645	20	张把式		197.829468	340.322266	0	0	10000	-1	-1	3	0	-1	-1	-1	-1	-1	-1	60	0
424	425	4	140646	20	车夫		198.596466	337.003418	32	0	10000	-1	-1	3	0	-1	-1	-1	-1	-1	-1	60	0
425	426	4387	140647	20	清远大师	普清寺主持	455.897491	357.967682	8	0	10000	-1	-1	3	0	-1	-1	-1	-1	-1	-1	60	0
426	427	4386	140648	20	小孟		459.663544	320.788605	20	0	10000	-1	-1	3	0	-1	-1	-1	-1	-1	-1	60	0
427	428	4357	140649	20	张秀才	香客	461.381073	322.874207	16	0	10000	-1	-1	3	0	-1	-1	-1	-1	-1	-1	60	0
428	429	4343	140650	20	敏敏郡主		394.63147	341.138855	32	0	10000	-1	-1	3	0	-1	-1	-1	-1	-1	-1	60	0
429	430	4395	140651	20	小丫鬟		393.249054	341.628113	36	0	10000	-1	-1	3	0	-1	-1	-1	-1	-1	-1	60	0
430	431	4395	140652	20	小丫鬟		394.063812	339.53476	32	0	10000	-1	-1	3	0	-1	-1	-1	-1	-1	-1	60	0
431	432	4388	140653	20	小道士		451.618164	386.426544	32	0	10000	-1	-1	3	0	-1	-1	-1	-1	-1	-1	60	0
432	433	3656	140654	20	普清寺和尚		451.736359	344.56012	8	0	10000	-1	-1	3	0	-1	-1	-1	-1	-1	-1	40	0
433	434	3656	140655	20	普清寺和尚		456.077759	344.369293	12	0	10000	-1	-1	3	0	-1	-1	-1	-1	-1	-1	40	0
434	435	4387	140656	20	普度大师	普华寺主持	253.91951	465.240967	8	0	10000	-1	-1	3	0	-1	-1	-1	-1	-1	-1	60	0
435	436	1119	401559	20	撒蛮	#kY#K副本战场传送人	269	307	27	0	10000	-1	-1	3	0	-1	-1	-1	-1	-1	-1	60	0
436	437	4231	123851	-1	史慧	装备升级大师	202.191757	219.64209	18	-1	1000	-1	-1	3	0	-1	-1	-1	-1	-1	-1	40	0
437	438	4337	141134	20	妮露	将星大师	217	210	0	-1	10000	-1	-1	3	0	-1	-1	-1	-1	-1	-1	45	0
438	439	4410	140930	20	皇城巡逻卫兵		205.134094	194.430222	0	0	10000	-1	-1	2	0	73	-1	-1	-1	-1	-1	60	0
439	440	4410	140930	20	皇城巡逻卫兵		212.997696	237.11644	0	0	10000	-1	-1	2	0	72	-1	-1	-1	-1	-1	60	0
440	441	4410	140930	20	皇城巡逻卫兵		254.757797	180.450882	0	0	10000	-1	-1	2	0	71	-1	-1	-1	-1	-1	60	0
441	443	4337	141135	20	妮妮	将星大师	43	256	9	-1	10000	-1	-1	3	0	-1	-1	-1	-1	-1	-1	45	0
442	444	4402	101140	20	光明顶	大都传送人	64	214	27	-1	1000	-1	-1	3	0	-1	-1	-1	-1	-1	-1	100	0
443	445	4402	101141	20	盐帮码头	大都传送人	375	206	27	-1	1000	-1	-1	3	0	-1	-1	-1	-1	-1	-1	100	0
444	446	4402	101142	20	大都天坛	大都传送人	255	318	27	-1	1000	-1	-1	3	0	-1	-1	-1	-1	-1	-1	100	0
445	447	4402	141181	20	大都码头	大都传送人	402.075012	452.612	27	-1	1000	-1	-1	3	0	-1	-1	-1	-1	-1	-1	100	0
446	448	4380	550001	20	钥匙老人	精英剧场传送人	144	323	16	-1	30000	-1	-1	3	0	-1	-1	-1	-1	-1	-1	60	0
447	449	4402	101143	20	崔府	大都传送人	107	318	0	-1	1000	-1	-1	3	0	-1	-1	-1	-1	-1	-1	100	0
448	450	4337	141182	20	靖公主		247	267	0	-1	10000	-1	-1	3	0	-1	-1	-1	-1	-1	-1	45	0
449	451	11053	144800	20	许愿池		255	184	27	-1	10000	-1	-1	3	0	-1	-1	-1	-1	-1	-1	100	0
450	452	11054	144801	20	活动大使		255	210	27	-1	10000	-1	-1	3	0	-1	-1	-1	-1	-1	-1	100	0
451	453	11055	144803	20	肝帝	#kY#K福利大使	245	207	9	-1	10000	-1	-1	3	0	-1	-1	-1	-1	-1	-1	100	0
452	454	4809	144804	20	肝帝	#kY#K神秘兑换	261	200	18	-1	10000	-1	-1	3	0	-1	-1	-1	-1	-1	-1	60	0
453	455	65317	141404	20	麦哲伦	#kY#K典狱长	241	307	27	0	10000	-1	-1	3	0	-1	-1	-1	-1	-1	-1	100	0
454	455			20			250	202	27	0	10000	-1	-1	3	0	-1	-1	-1	-1	-1	-1	100	0
455	455			20			255	202	27	0	10000	-1	-1	3	0	-1	-1	-1	-1	-1	-1	100	0
456	455			20			260	202	27	0	10000	-1	-1	3	0	-1	-1	-1	-1	-1	-1	100	0
457	456	29024	600003	20	祈愿树		242	322	27	0	10000	-1	-1	3	0	-1	-1	-1	-1	-1	-1	100	0
458	457	50142	600004	20	#kY#K宁采臣		249	323	0	0	10000	-1	-1	3	0	-1	-1	-1	-1	-1	-1	100	0
459	458	50141	600005	20	#kY#K聂小倩		249	320	0	0	10000	-1	-1	3	0	-1	-1	-1	-1	-1	-1	100	0
460	459	4809	600006	20	肝帝	#kY#K战车兑换	249	204	0	-1	10000	-1	-1	3	0	-1	-1	-1	-1	-1	-1	60	0
461	460	4809	600007	20	肝帝	#kY#K技能学习	261	204	18	-1	10000	-1	-1	3	0	-1	-1	-1	-1	-1	-1	60	0
462	461	4809	600008	20	肝帝	#kY#K神器兑换	249	196	0	-1	10000	-1	-1	3	0	-1	-1	-1	-1	-1	-1	60	0
463	462	4809	600009	20	肝帝	#kY#K游戏功能	261	196	18	-1	10000	-1	-1	3	0	-1	-1	-1	-1	-1	-1	60	0
464	463	4809	600010	20	肝帝	#kY#K坐骑兑换	249	200	0	-1	10000	-1	-1	3	0	-1	-1	-1	-1	-1	-1	60	0
465	464	4809	600011	20	肝帝	#kY#K玩法大使	261	192	18	-1	10000	-1	-1	3	0	-1	-1	-1	-1	-1	-1	60	0
466	465	4809	600012	20	肝帝	#kY#K兑换商店	249	192	0	-1	10000	-1	-1	3	0	-1	-1	-1	-1	-1	-1	60	0
