NUM	NUM	NUM	NUM	NUM	TEXT	TEXT	FLOAT	FLOAT	NUM	NUM	NUM	NUM	NUM	NUM	NUM	NUM	NUM	NUM	NUM	NUM	NUM	NUM	NUM
编号	随机编号	attr编号	逻辑表编号	阵营编号	名称	称号	x轴坐标	z轴坐标	朝向	脚本编号	重生时间	分组编号	队伍编号	基础AI	AI文件	巡逻路径	商店0	商店1	商店2	商店3	名誉ID	等级	镜像组
0	2	6942	-1	21	幽纹之豹		95.720657	43.369972	0	300640	10000	-1	-1	1	0	-1	-1	-1	-1	-1	-1	40	0	
1	3	6942	-1	21	幽纹之豹		130.363831	60.009457	0	300640	10000	-1	-1	1	0	-1	-1	-1	-1	-1	-1	40	0	
2	4	6942	-1	21	幽纹之豹		196.893509	62.608471	0	300640	10000	-1	-1	1	0	-1	-1	-1	-1	-1	-1	40	0	
3	5	6942	-1	21	幽纹之豹		198.375824	97.420799	0	300640	10000	-1	-1	1	0	-1	-1	-1	-1	-1	-1	40	0	
4	6	6942	-1	21	幽纹之豹		115.192352	111.417114	0	300640	10000	-1	-1	1	0	-1	-1	-1	-1	-1	-1	40	0	
5	7	6942	-1	21	幽纹之豹		67.060829	114.582825	0	300640	10000	-1	-1	1	0	-1	-1	-1	-1	-1	-1	40	0	
6	8	6942	-1	21	幽纹之豹		93.638748	113.997147	0	300640	10000	-1	-1	1	0	-1	-1	-1	-1	-1	-1	40	0	
7	10	6943	-1	21	幽面之魈		171.176834	152.104004	0	300640	10000	-1	-1	1	0	-1	-1	-1	-1	-1	-1	45	0	
8	11	6943	-1	21	幽面之魈		194.526764	187.294144	0	300640	10000	-1	-1	1	0	-1	-1	-1	-1	-1	-1	45	0	
9	12	6943	-1	21	幽面之魈		124.158073	197.488342	0	300640	10000	-1	-1	1	0	-1	-1	-1	-1	-1	-1	45	0	
10	13	6943	-1	21	幽面之魈		106.449577	179.377411	0	300640	10000	-1	-1	1	0	-1	-1	-1	-1	-1	-1	45	0	
11	14	6943	-1	21	幽面之魈		138.028732	148.315872	0	300640	10000	-1	-1	1	0	-1	-1	-1	-1	-1	-1	45	0	
12	16	6943	-1	21	幽面之魈		111.902168	141.908218	0	300640	10000	-1	-1	1	0	-1	-1	-1	-1	-1	-1	45	0	
13	1	6942	-1	21	幽纹之豹		94.279625	77.323685	0	300640	10000	-1	-1	1	0	-1	-1	-1	-1	-1	-1	40	0	
14	2	6942	-1	21	幽纹之豹		95.056343	43.526123	0	300640	10000	-1	-1	1	0	-1	-1	-1	-1	-1	-1	40	0	
15	3	6942	-1	21	幽纹之豹		129.752411	59.851837	0	300640	10000	-1	-1	1	0	-1	-1	-1	-1	-1	-1	40	0	
16	4	6942	-1	21	幽纹之豹		197.808395	64.489281	0	300640	10000	-1	-1	1	0	-1	-1	-1	-1	-1	-1	40	0	
17	5	6942	-1	21	幽纹之豹		183.646835	117.030548	0	300640	10000	-1	-1	1	0	-1	-1	-1	-1	-1	-1	40	0	
18	6	6942	-1	21	幽纹之豹		149.696976	111.662544	0	300640	10000	-1	-1	1	0	-1	-1	-1	-1	-1	-1	40	0	
19	7	6942	-1	21	幽纹之豹		65.394302	116.181862	0	300640	10000	-1	-1	1	0	-1	-1	-1	-1	-1	-1	40	0	
20	8	6942	-1	21	幽纹之豹		88.53907	149.752319	0	300640	10000	-1	-1	1	0	-1	-1	-1	-1	-1	-1	40	0	
21	10	6943	-1	21	幽面之魈		172.285965	152.541382	0	300640	10000	-1	-1	1	0	-1	-1	-1	-1	-1	-1	45	0	
22	11	6943	-1	21	幽面之魈		171.056641	188.498352	0	300640	10000	-1	-1	1	0	-1	-1	-1	-1	-1	-1	45	0	
23	12	6943	-1	21	幽面之魈		125.004036	197.794846	0	300640	10000	-1	-1	1	0	-1	-1	-1	-1	-1	-1	45	0	
24	13	6943	-1	21	幽面之魈		71.556129	224.361557	0	300640	10000	-1	-1	1	0	-1	-1	-1	-1	-1	-1	45	0	
25	14	6943	-1	21	幽面之魈		137.915131	147.625702	0	300640	10000	-1	-1	1	0	-1	-1	-1	-1	-1	-1	45	0	
26	16	6943	-1	21	幽面之魈		110.081512	140.270782	0	300640	10000	-1	-1	1	0	-1	-1	-1	-1	-1	-1	45	0	
27	1	6942	-1	21	幽纹之豹		94.390892	78.386696	0	300640	10000	-1	-1	1	0	-1	-1	-1	-1	-1	-1	40	0	
28	2	6942	-1	21	幽纹之豹		94.489006	41.903378	0	300640	10000	-1	-1	1	0	-1	-1	-1	-1	-1	-1	40	0	
29	3	6942	-1	21	幽纹之豹		130.524109	59.278564	0	300640	10000	-1	-1	1	0	-1	-1	-1	-1	-1	-1	40	0	
30	4	6942	-1	21	幽纹之豹		197.73497	64.359657	0	300640	10000	-1	-1	1	0	-1	-1	-1	-1	-1	-1	40	0	
31	5	6942	-1	21	幽纹之豹		184.115265	117.333344	0	300640	10000	-1	-1	1	0	-1	-1	-1	-1	-1	-1	40	0	
32	6	6942	-1	21	幽纹之豹		114.872406	111.330391	0	300640	10000	-1	-1	1	0	-1	-1	-1	-1	-1	-1	40	0	
33	7	6942	-1	21	幽纹之豹		66.481224	113.680389	0	300640	10000	-1	-1	1	0	-1	-1	-1	-1	-1	-1	40	0	
34	8	6942	-1	21	幽纹之豹		67.354904	149.59082	0	300640	10000	-1	-1	1	0	-1	-1	-1	-1	-1	-1	40	0	
35	10	6943	-1	21	幽面之魈		171.852203	153.230286	0	300640	10000	-1	-1	1	0	-1	-1	-1	-1	-1	-1	45	0	
36	11	6943	-1	21	幽面之魈		193.25322	151.311813	0	300640	10000	-1	-1	1	0	-1	-1	-1	-1	-1	-1	45	0	
37	12	6943	-1	21	幽面之魈		139.357422	177.245377	0	300640	10000	-1	-1	1	0	-1	-1	-1	-1	-1	-1	45	0	
38	13	6943	-1	21	幽面之魈		71.54718	198.09201	0	300640	10000	-1	-1	1	0	-1	-1	-1	-1	-1	-1	45	0	
39	14	6943	-1	21	幽面之魈		138.151001	147.738541	0	300640	10000	-1	-1	1	0	-1	-1	-1	-1	-1	-1	45	0	
40	16	6943	-1	21	幽面之魈		111.393097	142.13298	0	300640	10000	-1	-1	1	0	-1	-1	-1	-1	-1	-1	45	0	
41	1	6942	-1	21	幽纹之豹		95.354568	77.837006	0	300640	10000	-1	-1	1	0	-1	-1	-1	-1	-1	-1	40	0	
42	2	6942	-1	21	幽纹之豹		95.471489	41.191475	0	300640	10000	-1	-1	1	0	-1	-1	-1	-1	-1	-1	40	0	
43	3	6942	-1	21	幽纹之豹		130.599792	59.073158	0	300640	10000	-1	-1	1	0	-1	-1	-1	-1	-1	-1	40	0	
44	4	6942	-1	21	幽纹之豹		196.489716	63.681957	0	300640	10000	-1	-1	1	0	-1	-1	-1	-1	-1	-1	40	0	
45	5	6942	-1	21	幽纹之豹		183.469009	117.198219	0	300640	10000	-1	-1	1	0	-1	-1	-1	-1	-1	-1	40	0	
46	6	6942	-1	21	幽纹之豹		114.48497	111.850586	0	300640	10000	-1	-1	1	0	-1	-1	-1	-1	-1	-1	40	0	
47	7	6942	-1	21	幽纹之豹		66.445503	117.260559	0	300640	10000	-1	-1	1	0	-1	-1	-1	-1	-1	-1	40	0	
48	8	6942	-1	21	幽纹之豹		67.215042	149.918488	0	300640	10000	-1	-1	1	0	-1	-1	-1	-1	-1	-1	40	0	
49	10	6943	-1	21	幽面之魈		171.01976	152.937424	0	300640	10000	-1	-1	1	0	-1	-1	-1	-1	-1	-1	45	0	
50	11	6943	-1	21	幽面之魈		197.181946	187.18457	0	300640	10000	-1	-1	1	0	-1	-1	-1	-1	-1	-1	45	0	
51	12	6943	-1	21	幽面之魈		139.373947	178.493271	0	300640	10000	-1	-1	1	0	-1	-1	-1	-1	-1	-1	45	0	
52	13	6943	-1	21	幽面之魈		106.671112	179.915771	0	300640	10000	-1	-1	1	0	-1	-1	-1	-1	-1	-1	45	0	
53	14	6943	-1	21	幽面之魈		136.636002	146.942657	0	300640	10000	-1	-1	1	0	-1	-1	-1	-1	-1	-1	45	0	
54	16	6943	-1	21	幽面之魈		110.137886	140.271286	0	300640	10000	-1	-1	1	0	-1	-1	-1	-1	-1	-1	45	0	
55	1	6942	-1	21	幽纹之豹		93.922935	78.430954	0	300640	10000	-1	-1	1	0	-1	-1	-1	-1	-1	-1	40	0	
56	2	6942	-1	21	幽纹之豹		97.654793	41.592567	0	300640	10000	-1	-1	1	0	-1	-1	-1	-1	-1	-1	40	0	
57	3	6942	-1	21	幽纹之豹		162.695221	57.085152	0	300640	10000	-1	-1	1	0	-1	-1	-1	-1	-1	-1	40	0	
58	4	6942	-1	21	幽纹之豹		196.631622	63.542892	0	300640	10000	-1	-1	1	0	-1	-1	-1	-1	-1	-1	40	0	
59	5	6942	-1	21	幽纹之豹		182.755966	117.749023	0	300640	10000	-1	-1	1	0	-1	-1	-1	-1	-1	-1	40	0	
60	6	6942	-1	21	幽纹之豹		114.445366	112.631866	0	300640	10000	-1	-1	1	0	-1	-1	-1	-1	-1	-1	40	0	
61	7	6942	-1	21	幽纹之豹		65.238663	113.557564	0	300640	10000	-1	-1	1	0	-1	-1	-1	-1	-1	-1	40	0	
62	8	6942	-1	21	幽纹之豹		66.524773	149.5784	0	300640	10000	-1	-1	1	0	-1	-1	-1	-1	-1	-1	40	0	
63	10	6943	-1	21	幽面之魈		171.304703	152.663528	0	300640	10000	-1	-1	1	0	-1	-1	-1	-1	-1	-1	45	0	
64	11	6943	-1	21	幽面之魈		197.232849	186.080551	0	300640	10000	-1	-1	1	0	-1	-1	-1	-1	-1	-1	45	0	
65	12	6943	-1	21	幽面之魈		139.163513	178.013702	0	300640	10000	-1	-1	1	0	-1	-1	-1	-1	-1	-1	45	0	
66	13	6943	-1	21	幽面之魈		106.07209	179.99469	0	300640	10000	-1	-1	1	0	-1	-1	-1	-1	-1	-1	45	0	
67	14	6943	-1	21	幽面之魈		136.289459	146.714539	0	300640	10000	-1	-1	1	0	-1	-1	-1	-1	-1	-1	45	0	
68	16	6943	-1	21	幽面之魈		110.651726	141.738174	0	300640	10000	-1	-1	1	0	-1	-1	-1	-1	-1	-1	45	0	
69	1	6942	-1	21	幽纹之豹		94.007355	77.167023	0	300640	10000	-1	-1	1	0	-1	-1	-1	-1	-1	-1	40	0	
70	2	6942	-1	21	幽纹之豹		96.299377	42.880272	0	300640	10000	-1	-1	1	0	-1	-1	-1	-1	-1	-1	40	0	
71	3	6942	-1	21	幽纹之豹		129.299255	59.755394	0	300640	10000	-1	-1	1	0	-1	-1	-1	-1	-1	-1	40	0	
72	4	6942	-1	21	幽纹之豹		197.172455	64.049881	0	300640	10000	-1	-1	1	0	-1	-1	-1	-1	-1	-1	40	0	
73	5	6942	-1	21	幽纹之豹		183.168457	118.054131	0	300640	10000	-1	-1	1	0	-1	-1	-1	-1	-1	-1	40	0	
74	6	6942	-1	21	幽纹之豹		114.492035	110.616547	0	300640	10000	-1	-1	1	0	-1	-1	-1	-1	-1	-1	40	0	
75	7	6942	-1	21	幽纹之豹		66.11467	114.81559	0	300640	10000	-1	-1	1	0	-1	-1	-1	-1	-1	-1	40	0	
76	8	6942	-1	21	幽纹之豹		66.738266	149.749786	0	300640	10000	-1	-1	1	0	-1	-1	-1	-1	-1	-1	40	0	
77	10	6943	-1	21	幽面之魈		171.791916	152.742035	0	300640	10000	-1	-1	1	0	-1	-1	-1	-1	-1	-1	45	0	
78	11	6943	-1	21	幽面之魈		194.30043	188.537811	0	300640	10000	-1	-1	1	0	-1	-1	-1	-1	-1	-1	45	0	
79	12	6943	-1	21	幽面之魈		139.505936	178.213608	0	300640	10000	-1	-1	1	0	-1	-1	-1	-1	-1	-1	45	0	
80	13	6943	-1	21	幽面之魈		106.626984	180.590271	0	300640	10000	-1	-1	1	0	-1	-1	-1	-1	-1	-1	45	0	
81	14	6943	-1	21	幽面之魈		138.207901	147.911774	0	300640	10000	-1	-1	1	0	-1	-1	-1	-1	-1	-1	45	0	
82	16	6943	-1	21	幽面之魈		110.87175	140.669189	0	300640	10000	-1	-1	1	0	-1	-1	-1	-1	-1	-1	45	0	
83	1	6942	-1	21	幽纹之豹		93.847321	77.88073	0	300640	10000	-1	-1	1	0	-1	-1	-1	-1	-1	-1	40	0	
84	2	6942	-1	21	幽纹之豹		96.669289	42.587833	0	300640	10000	-1	-1	1	0	-1	-1	-1	-1	-1	-1	40	0	
85	3	6942	-1	21	幽纹之豹		130.599518	59.409843	0	300640	10000	-1	-1	1	0	-1	-1	-1	-1	-1	-1	40	0	
86	4	6942	-1	21	幽纹之豹		197.848465	64.093796	0	300640	10000	-1	-1	1	0	-1	-1	-1	-1	-1	-1	40	0	
87	5	6942	-1	21	幽纹之豹		182.515167	118.024918	0	300640	10000	-1	-1	1	0	-1	-1	-1	-1	-1	-1	40	0	
88	6	6942	-1	21	幽纹之豹		115.359222	111.93354	0	300640	10000	-1	-1	1	0	-1	-1	-1	-1	-1	-1	40	0	
89	7	6942	-1	21	幽纹之豹		67.70118	115.423187	0	300640	10000	-1	-1	1	0	-1	-1	-1	-1	-1	-1	40	0	
90	8	6942	-1	21	幽纹之豹		67.65509	149.238281	0	300640	10000	-1	-1	1	0	-1	-1	-1	-1	-1	-1	40	0	
91	10	6943	-1	21	幽面之魈		171.87825	151.977005	0	300640	10000	-1	-1	1	0	-1	-1	-1	-1	-1	-1	45	0	
92	11	6943	-1	21	幽面之魈		196.980972	186.60936	0	300640	10000	-1	-1	1	0	-1	-1	-1	-1	-1	-1	45	0	
93	12	6943	-1	21	幽面之魈		140.593628	178.261841	0	300640	10000	-1	-1	1	0	-1	-1	-1	-1	-1	-1	45	0	
94	13	6943	-1	21	幽面之魈		106.136391	179.92598	0	300640	10000	-1	-1	1	0	-1	-1	-1	-1	-1	-1	45	0	
95	14	6943	-1	21	幽面之魈		137.860123	146.763443	0	300640	10000	-1	-1	1	0	-1	-1	-1	-1	-1	-1	45	0	
96	16	6943	-1	21	幽面之魈		110.822815	141.737549	0	300640	10000	-1	-1	1	0	-1	-1	-1	-1	-1	-1	45	0	
97	1	6942	-1	21	幽纹之豹		93.847321	77.88073	0	300640	10000	-1	-1	1	0	-1	-1	-1	-1	-1	-1	40	0	
98	2	6942	-1	21	幽纹之豹		95.122108	42.733768	0	300640	10000	-1	-1	1	0	-1	-1	-1	-1	-1	-1	40	0	
99	3	6942	-1	21	幽纹之豹		130.068329	60.263451	0	300640	10000	-1	-1	1	0	-1	-1	-1	-1	-1	-1	40	0	
100	4	6942	-1	21	幽纹之豹		195.91629	65.085381	0	300640	10000	-1	-1	1	0	-1	-1	-1	-1	-1	-1	40	0	
101	5	6942	-1	21	幽纹之豹		182.282608	117.382225	0	300640	10000	-1	-1	1	0	-1	-1	-1	-1	-1	-1	40	0	
102	6	6942	-1	21	幽纹之豹		116.110847	110.959229	0	300640	10000	-1	-1	1	0	-1	-1	-1	-1	-1	-1	40	0	
103	7	6942	-1	21	幽纹之豹		67.368179	113.685097	0	300640	10000	-1	-1	1	0	-1	-1	-1	-1	-1	-1	40	0	
104	8	6942	-1	21	幽纹之豹		66.82016	149.703598	0	300640	10000	-1	-1	1	0	-1	-1	-1	-1	-1	-1	40	0	
105	10	6943	-1	21	幽面之魈		171.857986	152.951752	0	300640	10000	-1	-1	1	0	-1	-1	-1	-1	-1	-1	45	0	
106	11	6943	-1	21	幽面之魈		194.589172	187.095779	0	300640	10000	-1	-1	1	0	-1	-1	-1	-1	-1	-1	45	0	
107	12	6943	-1	21	幽面之魈		138.270218	177.343796	0	300640	10000	-1	-1	1	0	-1	-1	-1	-1	-1	-1	45	0	
108	13	6943	-1	21	幽面之魈		106.14122	180.060715	0	300640	10000	-1	-1	1	0	-1	-1	-1	-1	-1	-1	45	0	
109	14	6943	-1	21	幽面之魈		137.163101	146.364822	0	300640	10000	-1	-1	1	0	-1	-1	-1	-1	-1	-1	45	0	
110	16	6943	-1	21	幽面之魈		110.934174	141.399231	0	300640	10000	-1	-1	1	0	-1	-1	-1	-1	-1	-1	45	0	
111	1	6942	-1	21	幽纹之豹		93.847321	77.88073	0	300640	10000	-1	-1	1	0	-1	-1	-1	-1	-1	-1	40	0	
112	2	6942	-1	21	幽纹之豹		95.633827	42.250389	0	300640	10000	-1	-1	1	0	-1	-1	-1	-1	-1	-1	40	0	
113	3	6942	-1	21	幽纹之豹		129.111221	60.28463	0	300640	10000	-1	-1	1	0	-1	-1	-1	-1	-1	-1	40	0	
114	4	6942	-1	21	幽纹之豹		196.734421	63.768463	0	300640	10000	-1	-1	1	0	-1	-1	-1	-1	-1	-1	40	0	
115	5	6942	-1	21	幽纹之豹		183.879227	117.384338	0	300640	10000	-1	-1	1	0	-1	-1	-1	-1	-1	-1	40	0	
116	6	6942	-1	21	幽纹之豹		116.070381	112.022621	0	300640	10000	-1	-1	1	0	-1	-1	-1	-1	-1	-1	40	0	
117	7	6942	-1	21	幽纹之豹		67.453888	116.554543	0	300640	10000	-1	-1	1	0	-1	-1	-1	-1	-1	-1	40	0	
118	8	6942	-1	21	幽纹之豹		67.47245	149.774734	0	300640	10000	-1	-1	1	0	-1	-1	-1	-1	-1	-1	40	0	
119	10	6943	-1	21	幽面之魈		170.994675	154.121109	0	300640	10000	-1	-1	1	0	-1	-1	-1	-1	-1	-1	45	0	
120	11	6943	-1	21	幽面之魈		197.490387	186.135239	0	300640	10000	-1	-1	1	0	-1	-1	-1	-1	-1	-1	45	0	
121	12	6943	-1	21	幽面之魈		140.115707	178.062271	0	300640	10000	-1	-1	1	0	-1	-1	-1	-1	-1	-1	45	0	
122	13	6943	-1	21	幽面之魈		106.069611	179.927124	0	300640	10000	-1	-1	1	0	-1	-1	-1	-1	-1	-1	45	0	
123	14	6943	-1	21	幽面之魈		137.797516	147.913315	0	300640	10000	-1	-1	1	0	-1	-1	-1	-1	-1	-1	45	0	
124	16	6943	-1	21	幽面之魈		109.970512	141.568863	0	300640	10000	-1	-1	1	0	-1	-1	-1	-1	-1	-1	45	0	
125	7191855	3852	400052	20			131	49	32	0	2000	-1	-1	5	0	0	-1	-1	-1	-1	-1	40	0	
126	7191856	3853	400053	20			180	94	32	0	2000	-1	-1	5	0	1	-1	-1	-1	-1	-1	40	0	
127	7191857	3854	400054	20			171	149	32	0	2000	-1	-1	5	0	2	-1	-1	-1	-1	-1	45	0	
128	7191859	3856	400056	20			103	181	32	0	2000	-1	-1	5	0	3	-1	-1	-1	-1	-1	45	0	
129	7191860	6942	-1	21	幽纹之豹		162.967728	59.53413	0	300640	10000	-1	-1	1	0	-1	-1	-1	-1	-1	-1	40	0	
130	7191861	6942	-1	21	幽纹之豹		164.531448	59.591534	0	300640	10000	-1	-1	1	0	-1	-1	-1	-1	-1	-1	40	0	
131	7191862	6942	-1	21	幽纹之豹		163.868088	57.085011	0	300640	10000	-1	-1	1	0	-1	-1	-1	-1	-1	-1	40	0	
132	7191863	6942	-1	21	幽纹之豹		164.759613	58.312603	0	300640	10000	-1	-1	1	0	-1	-1	-1	-1	-1	-1	40	0	
133	7191864	6942	-1	21	幽纹之豹		161.186279	57.419857	0	300640	10000	-1	-1	1	0	-1	-1	-1	-1	-1	-1	40	0	
134	7191865	6942	-1	21	幽纹之豹		161.409454	59.374889	0	300640	10000	-1	-1	1	0	-1	-1	-1	-1	-1	-1	40	0	
135	7191866	6942	-1	21	幽纹之豹		161.745255	58.146839	0	300640	10000	-1	-1	1	0	-1	-1	-1	-1	-1	-1	40	0	
136	7191867	6942	-1	21	幽纹之豹		163.139053	58.311798	0	300640	10000	-1	-1	1	0	-1	-1	-1	-1	-1	-1	40	0	
137	7191868	6942	-1	21	幽纹之豹		163.139053	58.311798	0	300640	10000	-1	-1	1	0	-1	-1	-1	-1	-1	-1	40	0	
138	7191869	6942	-1	21	幽纹之豹		163.139053	58.311798	0	300640	10000	-1	-1	1	0	-1	-1	-1	-1	-1	-1	40	0	
139	7191870	6942	-1	21	幽纹之豹		163.139053	58.311798	0	300640	10000	-1	-1	1	0	-1	-1	-1	-1	-1	-1	40	0	
140	7191871	6942	-1	21	幽纹之豹		148.420609	111.770844	0	300640	10000	-1	-1	1	0	-1	-1	-1	-1	-1	-1	40	0	
141	7191872	6942	-1	21	幽纹之豹		148.714172	114.234406	0	300640	10000	-1	-1	1	0	-1	-1	-1	-1	-1	-1	40	0	
142	7191873	6942	-1	21	幽纹之豹		147.127991	113.851463	0	300640	10000	-1	-1	1	0	-1	-1	-1	-1	-1	-1	40	0	
143	7191874	6942	-1	21	幽纹之豹		148.015091	113.191177	0	300640	10000	-1	-1	1	0	-1	-1	-1	-1	-1	-1	40	0	
144	7191875	6942	-1	21	幽纹之豹		150.257645	114.040535	0	300640	10000	-1	-1	1	0	-1	-1	-1	-1	-1	-1	40	0	
145	7191876	6942	-1	21	幽纹之豹		149.864975	112.722298	0	300640	10000	-1	-1	1	0	-1	-1	-1	-1	-1	-1	40	0	
146	7191877	6942	-1	21	幽纹之豹		147.363708	111.814034	0	300640	10000	-1	-1	1	0	-1	-1	-1	-1	-1	-1	40	0	
147	7191878	6942	-1	21	幽纹之豹		148.511993	112.976509	0	300640	10000	-1	-1	1	0	-1	-1	-1	-1	-1	-1	40	0	
148	7191879	6942	-1	21	幽纹之豹		148.511993	112.976509	0	300640	10000	-1	-1	1	0	-1	-1	-1	-1	-1	-1	40	0	
149	7191880	6942	-1	21	幽纹之豹		148.511993	112.976509	0	300640	10000	-1	-1	1	0	-1	-1	-1	-1	-1	-1	40	0	
150	7191881	6942	-1	21	幽纹之豹		182.282608	117.382225	0	300640	10000	-1	-1	1	0	-1	-1	-1	-1	-1	-1	40	0	
151	7191882	6942	-1	21	幽纹之豹		182.282608	117.382225	0	300640	10000	-1	-1	1	0	-1	-1	-1	-1	-1	-1	40	0	
152	7191883	6942	-1	21	幽纹之豹		201.055664	95.162025	0	300640	10000	-1	-1	1	0	-1	-1	-1	-1	-1	-1	40	0	
153	7191884	6942	-1	21	幽纹之豹		199.319519	95.860374	0	300640	10000	-1	-1	1	0	-1	-1	-1	-1	-1	-1	40	0	
154	7191885	6942	-1	21	幽纹之豹		199.532806	94.129738	0	300640	10000	-1	-1	1	0	-1	-1	-1	-1	-1	-1	40	0	
155	7191886	6942	-1	21	幽纹之豹		201.069946	96.730843	0	300640	10000	-1	-1	1	0	-1	-1	-1	-1	-1	-1	40	0	
156	7191887	6942	-1	21	幽纹之豹		198.825455	94.361496	0	300640	10000	-1	-1	1	0	-1	-1	-1	-1	-1	-1	40	0	
157	7191888	6942	-1	21	幽纹之豹		198.606049	96.033615	0	300640	10000	-1	-1	1	0	-1	-1	-1	-1	-1	-1	40	0	
158	7191889	6942	-1	21	幽纹之豹		198.489243	96.785172	0	300640	10000	-1	-1	1	0	-1	-1	-1	-1	-1	-1	40	0	
159	7191890	6942	-1	21	幽纹之豹		199.953491	94.474365	0	300640	10000	-1	-1	1	0	-1	-1	-1	-1	-1	-1	40	0	
160	7191891	6942	-1	21	幽纹之豹		199.0177	95.802917	0	300640	10000	-1	-1	1	0	-1	-1	-1	-1	-1	-1	40	0	
161	7191892	6942	-1	21	幽纹之豹		199.376312	95.744896	0	300640	10000	-1	-1	1	0	-1	-1	-1	-1	-1	-1	40	0	
162	7191893	6942	-1	21	幽纹之豹		90.067261	113.12146	0	300640	10000	-1	-1	1	0	-1	-1	-1	-1	-1	-1	40	0	
163	7191894	6942	-1	21	幽纹之豹		92.07811	111.958031	0	300640	10000	-1	-1	1	0	-1	-1	-1	-1	-1	-1	40	0	
164	7191895	6942	-1	21	幽纹之豹		91.300858	115.400146	0	300640	10000	-1	-1	1	0	-1	-1	-1	-1	-1	-1	40	0	
165	7191896	6942	-1	21	幽纹之豹		89.931297	114.776848	0	300640	10000	-1	-1	1	0	-1	-1	-1	-1	-1	-1	40	0	
166	7191897	6942	-1	21	幽纹之豹		92.686928	114.794037	0	300640	10000	-1	-1	1	0	-1	-1	-1	-1	-1	-1	40	0	
167	7191898	6942	-1	21	幽纹之豹		90.50853	112.447456	0	300640	10000	-1	-1	1	0	-1	-1	-1	-1	-1	-1	40	0	
168	7191899	6942	-1	21	幽纹之豹		93.398102	112.206314	0	300640	10000	-1	-1	1	0	-1	-1	-1	-1	-1	-1	40	0	
169	7191900	6942	-1	21	幽纹之豹		92.447052	113.067368	0	300640	10000	-1	-1	1	0	-1	-1	-1	-1	-1	-1	40	0	
170	7191901	6942	-1	21	幽纹之豹		91.727165	113.486511	0	300640	10000	-1	-1	1	0	-1	-1	-1	-1	-1	-1	40	0	
171	7191902	6942	-1	21	幽纹之豹		91.727165	113.486511	0	300640	10000	-1	-1	1	0	-1	-1	-1	-1	-1	-1	40	0	
172	7191903	6942	-1	21	幽纹之豹		88.935242	149.202072	0	300640	10000	-1	-1	1	0	-1	-1	-1	-1	-1	-1	40	0	
173	7191904	6942	-1	21	幽纹之豹		88.624176	148.829514	0	300640	10000	-1	-1	1	0	-1	-1	-1	-1	-1	-1	40	0	
174	7191905	6942	-1	21	幽纹之豹		88.304062	149.669662	0	300640	10000	-1	-1	1	0	-1	-1	-1	-1	-1	-1	40	0	
175	7191906	6942	-1	21	幽纹之豹		88.696213	149.675415	0	300640	10000	-1	-1	1	0	-1	-1	-1	-1	-1	-1	40	0	
176	7191907	6942	-1	21	幽纹之豹		87.327293	149.471634	0	300640	10000	-1	-1	1	0	-1	-1	-1	-1	-1	-1	40	0	
177	7191908	6942	-1	21	幽纹之豹		88.463493	149.354034	0	300640	10000	-1	-1	1	0	-1	-1	-1	-1	-1	-1	40	0	
178	7191909	6942	-1	21	幽纹之豹		88.624115	149.039246	0	300640	10000	-1	-1	1	0	-1	-1	-1	-1	-1	-1	40	0	
179	7191910	6942	-1	21	幽纹之豹		89.541451	150.438812	0	300640	10000	-1	-1	1	0	-1	-1	-1	-1	-1	-1	40	0	
180	7191911	6942	-1	21	幽纹之豹		89.541451	150.438812	0	300640	10000	-1	-1	1	0	-1	-1	-1	-1	-1	-1	40	0	
181	7191912	6942	-1	21	幽纹之豹		89.541451	150.438812	0	300640	10000	-1	-1	1	0	-1	-1	-1	-1	-1	-1	40	0	
182	7191913	6942	-1	21	幽纹之豹		89.541451	150.438812	0	300640	10000	-1	-1	1	0	-1	-1	-1	-1	-1	-1	40	0	
183	7191914	6942	-1	21	幽纹之豹		67.453888	116.554543	0	300640	10000	-1	-1	1	0	-1	-1	-1	-1	-1	-1	40	0	
184	7191915	6942	-1	21	幽纹之豹		67.453888	116.554543	0	300640	10000	-1	-1	1	0	-1	-1	-1	-1	-1	-1	40	0	
185	7191916	6942	-1	21	幽纹之豹		67.453888	116.554543	0	300640	10000	-1	-1	1	0	-1	-1	-1	-1	-1	-1	40	0	
186	7191917	6942	-1	21	幽纹之豹		66.820892	149.833603	0	300640	10000	-1	-1	1	0	-1	-1	-1	-1	-1	-1	40	0	
187	7191918	6942	-1	21	幽纹之豹		67.192604	149.505692	0	300640	10000	-1	-1	1	0	-1	-1	-1	-1	-1	-1	40	0	
188	7191919	6942	-1	21	幽纹之豹		67.192604	149.505692	0	300640	10000	-1	-1	1	0	-1	-1	-1	-1	-1	-1	40	0	
189	7191920	6942	-1	21	幽纹之豹		67.363029	149.755402	0	300640	10000	-1	-1	1	0	-1	-1	-1	-1	-1	-1	40	0	
190	7191921	6943	-1	21	幽面之魈		111.902168	141.908218	0	300640	10000	-1	-1	1	0	-1	-1	-1	-1	-1	-1	45	0	
191	7191922	6943	-1	21	幽面之魈		111.902168	141.908218	0	300640	10000	-1	-1	1	0	-1	-1	-1	-1	-1	-1	45	0	
192	7191923	6943	-1	21	幽面之魈		197.330566	186.458344	0	300640	10000	-1	-1	1	0	-1	-1	-1	-1	-1	-1	45	0	
193	7191924	6943	-1	21	幽面之魈		196.457657	186.188004	0	300640	10000	-1	-1	1	0	-1	-1	-1	-1	-1	-1	45	0	
194	7191925	6943	-1	21	幽面之魈		194.055252	187.083008	0	300640	10000	-1	-1	1	0	-1	-1	-1	-1	-1	-1	45	0	
195	7191926	6943	-1	21	幽面之魈		195.634033	186.814529	0	300640	10000	-1	-1	1	0	-1	-1	-1	-1	-1	-1	45	0	
196	7191927	6943	-1	21	幽面之魈		195.513763	185.700958	0	300640	10000	-1	-1	1	0	-1	-1	-1	-1	-1	-1	45	0	
197	7191928	6943	-1	21	幽面之魈		195.436554	186.328125	0	300640	10000	-1	-1	1	0	-1	-1	-1	-1	-1	-1	45	0	
198	7191929	6943	-1	21	幽面之魈		170.300705	187.928818	0	300640	10000	-1	-1	1	0	-1	-1	-1	-1	-1	-1	45	0	
199	7191930	6943	-1	21	幽面之魈		170.573425	188.212219	0	300640	10000	-1	-1	1	0	-1	-1	-1	-1	-1	-1	45	0	
200	7191931	6943	-1	21	幽面之魈		168.165695	187.925354	0	300640	10000	-1	-1	1	0	-1	-1	-1	-1	-1	-1	45	0	
201	7191932	6943	-1	21	幽面之魈		169.120132	188.105515	0	300640	10000	-1	-1	1	0	-1	-1	-1	-1	-1	-1	45	0	
202	7191933	6943	-1	21	幽面之魈		170.851196	188.286835	0	300640	10000	-1	-1	1	0	-1	-1	-1	-1	-1	-1	45	0	
203	7191934	6943	-1	21	幽面之魈		169.804001	188.269699	0	300640	10000	-1	-1	1	0	-1	-1	-1	-1	-1	-1	45	0	
204	7191935	6943	-1	21	幽面之魈		169.682526	187.634354	0	300640	10000	-1	-1	1	0	-1	-1	-1	-1	-1	-1	45	0	
205	7191936	6943	-1	21	幽面之魈		170.102707	187.367828	0	300640	10000	-1	-1	1	0	-1	-1	-1	-1	-1	-1	45	0	
206	7191937	6943	-1	21	幽面之魈		168.529373	189.085144	0	300640	10000	-1	-1	1	0	-1	-1	-1	-1	-1	-1	45	0	
207	7191938	6943	-1	21	幽面之魈		169.149155	189.514938	0	300640	10000	-1	-1	1	0	-1	-1	-1	-1	-1	-1	45	0	
208	7191939	6943	-1	21	幽面之魈		170.994675	154.121109	0	300640	10000	-1	-1	1	0	-1	-1	-1	-1	-1	-1	45	0	
209	7191940	6943	-1	21	幽面之魈		170.994675	154.121109	0	300640	10000	-1	-1	1	0	-1	-1	-1	-1	-1	-1	45	0	
210	7191941	6943	-1	21	幽面之魈		193.768875	149.873657	0	300640	10000	-1	-1	1	0	-1	-1	-1	-1	-1	-1	45	0	
211	7191942	6943	-1	21	幽面之魈		194.439209	153.186249	0	300640	10000	-1	-1	1	0	-1	-1	-1	-1	-1	-1	45	0	
212	7191943	6943	-1	21	幽面之魈		195.641525	149.079498	0	300640	10000	-1	-1	1	0	-1	-1	-1	-1	-1	-1	45	0	
213	7191944	6943	-1	21	幽面之魈		196.565506	150.472778	0	300640	10000	-1	-1	1	0	-1	-1	-1	-1	-1	-1	45	0	
214	7191945	6943	-1	21	幽面之魈		195.773148	151.483414	0	300640	10000	-1	-1	1	0	-1	-1	-1	-1	-1	-1	45	0	
215	7191946	6943	-1	21	幽面之魈		196.810043	151.577072	0	300640	10000	-1	-1	1	0	-1	-1	-1	-1	-1	-1	45	0	
216	7191947	6943	-1	21	幽面之魈		193.625717	153.040482	0	300640	10000	-1	-1	1	0	-1	-1	-1	-1	-1	-1	45	0	
217	7191948	6943	-1	21	幽面之魈		195.331772	150.31192	0	300640	10000	-1	-1	1	0	-1	-1	-1	-1	-1	-1	45	0	
218	7191949	6943	-1	21	幽面之魈		195.6745	152.648682	0	300640	10000	-1	-1	1	0	-1	-1	-1	-1	-1	-1	45	0	
219	7191950	6943	-1	21	幽面之魈		194.667053	151.807007	0	300640	10000	-1	-1	1	0	-1	-1	-1	-1	-1	-1	45	0	
220	7191951	6943	-1	21	幽面之魈		195.017929	151.468826	0	300640	10000	-1	-1	1	0	-1	-1	-1	-1	-1	-1	45	0	
221	7191952	6943	-1	21	幽面之魈		195.017929	151.468826	0	300640	10000	-1	-1	1	0	-1	-1	-1	-1	-1	-1	45	0	
222	7191953	6943	-1	21	幽面之魈		195.017929	151.468826	0	300640	10000	-1	-1	1	0	-1	-1	-1	-1	-1	-1	45	0	
223	7191954	6943	-1	21	幽面之魈		124.631958	198.394714	0	300640	10000	-1	-1	1	0	-1	-1	-1	-1	-1	-1	45	0	
224	7191955	6943	-1	21	幽面之魈		125.662743	197.654221	0	300640	10000	-1	-1	1	0	-1	-1	-1	-1	-1	-1	45	0	
225	7191956	6943	-1	21	幽面之魈		124.765717	198.393753	0	300640	10000	-1	-1	1	0	-1	-1	-1	-1	-1	-1	45	0	
226	7191957	6943	-1	21	幽面之魈		123.615143	198.139542	0	300640	10000	-1	-1	1	0	-1	-1	-1	-1	-1	-1	45	0	
227	7191958	6943	-1	21	幽面之魈		123.359993	198.406952	0	300640	10000	-1	-1	1	0	-1	-1	-1	-1	-1	-1	45	0	
228	7191959	6943	-1	21	幽面之魈		123.116478	198.936951	0	300640	10000	-1	-1	1	0	-1	-1	-1	-1	-1	-1	45	0	
229	7191960	6943	-1	21	幽面之魈		123.856964	198.931763	0	300640	10000	-1	-1	1	0	-1	-1	-1	-1	-1	-1	45	0	
230	7191961	6943	-1	21	幽面之魈		125.032837	198.391739	0	300640	10000	-1	-1	1	0	-1	-1	-1	-1	-1	-1	45	0	
231	7191962	6943	-1	21	幽面之魈		124.554909	198.196564	0	300640	10000	-1	-1	1	0	-1	-1	-1	-1	-1	-1	45	0	
232	7191963	6943	-1	21	幽面之魈		123.842468	198.666672	0	300640	10000	-1	-1	1	0	-1	-1	-1	-1	-1	-1	45	0	
233	7191964	6943	-1	21	幽面之魈		140.593628	178.261841	0	300640	10000	-1	-1	1	0	-1	-1	-1	-1	-1	-1	45	0	
234	7191965	6943	-1	21	幽面之魈		140.593628	178.261841	0	300640	10000	-1	-1	1	0	-1	-1	-1	-1	-1	-1	45	0	
235	7191966	6943	-1	21	幽面之魈		140.593628	178.261841	0	300640	10000	-1	-1	1	0	-1	-1	-1	-1	-1	-1	45	0	
236	7191967	6943	-1	21	幽面之魈		106.069611	179.927124	0	300640	10000	-1	-1	1	0	-1	-1	-1	-1	-1	-1	45	0	
237	7191968	6943	-1	21	幽面之魈		106.069611	179.927124	0	300640	10000	-1	-1	1	0	-1	-1	-1	-1	-1	-1	45	0	
238	7191969	6943	-1	21	幽面之魈		106.069611	179.927124	0	300640	10000	-1	-1	1	0	-1	-1	-1	-1	-1	-1	45	0	
239	7191970	6943	-1	21	幽面之魈		106.069611	179.927124	0	300640	10000	-1	-1	1	0	-1	-1	-1	-1	-1	-1	45	0	
240	7191971	6943	-1	21	幽面之魈		73.249016	224.319611	0	300640	10000	-1	-1	1	0	-1	-1	-1	-1	-1	-1	45	0	
241	7191972	6943	-1	21	幽面之魈		72.941345	223.153275	0	300640	10000	-1	-1	1	0	-1	-1	-1	-1	-1	-1	45	0	
242	7191973	6943	-1	21	幽面之魈		73.387093	223.804062	0	300640	10000	-1	-1	1	0	-1	-1	-1	-1	-1	-1	45	0	
243	7191974	6943	-1	21	幽面之魈		72.92495	224.250732	0	300640	10000	-1	-1	1	0	-1	-1	-1	-1	-1	-1	45	0	
244	7191975	6943	-1	21	幽面之魈		73.373932	224.641037	0	300640	10000	-1	-1	1	0	-1	-1	-1	-1	-1	-1	45	0	
245	7191976	6943	-1	21	幽面之魈		72.01368	224.303894	0	300640	10000	-1	-1	1	0	-1	-1	-1	-1	-1	-1	45	0	
246	7191977	6943	-1	21	幽面之魈		72.066948	225.204895	0	300640	10000	-1	-1	1	0	-1	-1	-1	-1	-1	-1	45	0	
247	7191978	6943	-1	21	幽面之魈		71.751976	224.365265	0	300640	10000	-1	-1	1	0	-1	-1	-1	-1	-1	-1	45	0	
248	7191979	6943	-1	21	幽面之魈		72.92495	224.250732	0	300640	10000	-1	-1	1	0	-1	-1	-1	-1	-1	-1	45	0	
249	7191980	6943	-1	21	幽面之魈		72.021431	223.657181	0	300640	10000	-1	-1	1	0	-1	-1	-1	-1	-1	-1	45	0	
250	7191981	6943	-1	21	幽面之魈		71.629211	223.486343	0	300640	10000	-1	-1	1	0	-1	-1	-1	-1	-1	-1	45	0	
251	7191982	6943	-1	21	幽面之魈		69.8563	198.830429	0	300640	10000	-1	-1	1	0	-1	-1	-1	-1	-1	-1	45	0	
252	7191983	6943	-1	21	幽面之魈		70.99781	199.187073	0	300640	10000	-1	-1	1	0	-1	-1	-1	-1	-1	-1	45	0	
253	7191984	6943	-1	21	幽面之魈		71.934265	199.886871	0	300640	10000	-1	-1	1	0	-1	-1	-1	-1	-1	-1	45	0	
254	7191985	6943	-1	21	幽面之魈		71.670631	199.333664	0	300640	10000	-1	-1	1	0	-1	-1	-1	-1	-1	-1	45	0	
255	7191986	6943	-1	21	幽面之魈		71.248825	201.248169	0	300640	10000	-1	-1	1	0	-1	-1	-1	-1	-1	-1	45	0	
256	7191987	6943	-1	21	幽面之魈		70.72966	199.046402	0	300640	10000	-1	-1	1	0	-1	-1	-1	-1	-1	-1	45	0	
257	7191988	6943	-1	21	幽面之魈		71.000641	198.843506	0	300640	10000	-1	-1	1	0	-1	-1	-1	-1	-1	-1	45	0	
258	7191989	6943	-1	21	幽面之魈		72.608879	199.685989	0	300640	10000	-1	-1	1	0	-1	-1	-1	-1	-1	-1	45	0	
259	7191990	6943	-1	21	幽面之魈		69.977028	200.822144	0	300640	10000	-1	-1	1	0	-1	-1	-1	-1	-1	-1	45	0	
260	7191991	6943	-1	21	幽面之魈		70.256737	199.316864	0	300640	10000	-1	-1	1	0	-1	-1	-1	-1	-1	-1	45	0	
261	7191992	6943	-1	21	幽面之魈		68.837692	200.261459	0	300640	10000	-1	-1	1	0	-1	-1	-1	-1	-1	-1	45	0	
262	7191993	6943	-1	21	幽面之魈		70.323227	199.386414	0	300640	10000	-1	-1	1	0	-1	-1	-1	-1	-1	-1	45	0	
264	7336799	4295	101667	-1	组队指引人		109	67	9	-1	1000	-1	-1	3	0	-1	-1	-1	-1	-1	-1	100	0	
265	7336799	2602	101167	-1	迷宫二层	迷宫传送人	110	51	27	-1	1000	-1	-1	3	0	-1	-1	-1	-1	-1	-1	100	0	
