NUM	NUM	NUM	NUM	NUM	TEXT	TEXT	FLOAT	FLOAT	NUM	NUM	NUM	NUM	NUM	NUM	NUM	NUM	NUM	NUM	NUM	NUM	NUM	NUM	NUM
编号	随机编号	attr编号	逻辑表编号	阵营编号	名称	称号	x轴坐标	z轴坐标	朝向	脚本编号	重生时间	分组编号	队伍编号	基础AI	AI文件	巡逻路径	商店0	商店1	商店2	商店3	名誉ID	等级	镜像组
0	1	2408	125509	20	拓道	敌国传送	399	291	13	-1	1000	-1	-1	3	-1	-1	-1	-1	-1	-1	-1	30	0	
1	2	2603	101103	-1	玉门关	楼兰边塞传送人	299.5	193.5	30	-1	1000	-1	-1	3	0	-1	-1	-1	-1	-1	-1	100	0	
2	3	2603	101104	-1	河西走廊	楼兰边塞传送人	380	305	34	-1	1000	-1	-1	3	0	-1	-1	-1	-1	-1	-1	100	0	
3	4	2600	101130	-1	女真部	楼兰边塞传送人	402.410095	150.153351	10	-1	1000	-1	-1	3	0	-1	-1	-1	-1	-1	-1	100	0	
4	5	2600	101131	-1	龟兹回鹘部	楼兰边塞传送人	159.142029	93.689423	36	-1	1000	-1	-1	3	0	-1	-1	-1	-1	-1	-1	100	0	
5	6	2600	101132	-1	囚龙滩	楼兰边塞传送人	164.21138	384.660217	10	-1	1000	-1	-1	3	0	-1	-1	-1	-1	-1	-1	100	0	
6	7	2600	101133	-1	关内	楼兰边塞传送人	406	412	18	-1	1000	-1	-1	3	0	-1	-1	-1	-1	-1	-1	100	0	
7	8	4378	125511	20	楼兰战旗		344.993408	238.976822	31	-1	1000	-1	-1	3	0	-1	-1	-1	-1	-1	-1	70	0	
8	9	2296	125514	-1	桑素	朝贡使者	282	215	15	-1	1000	-1	-1	3	0	-1	-1	-1	-1	-1	-1	100	0	
9	10	4368	125500	-1	阿史那行	[敌国夺旗]发布人	348	224	27	-1	1000	-1	-1	3	0	-1	-1	-1	-1	-1	-1	30	0	
10	11	4369	125501	-1	阿史那慎	[敌国除奸]发布人	352	225	22	-1	1000	-1	-1	3	0	-1	-1	-1	-1	-1	-1	30	0	
11	12	4370	125502	-1	阿史那谨	[敌国情报]发布人	358	230	22	-1	1000	-1	-1	3	0	-1	-1	-1	-1	-1	-1	30	0	
12	13	4371	125503	-1	阿史那言	[敌国刺杀]发布人	360	235	18	-1	1000	-1	-1	3	0	-1	-1	-1	-1	-1	-1	30	0	
13	14	9525	125512	-1	张五常	大掌柜	472	252	15	-1	1000	-1	-1	3	-1	-1	-1	-1	-1	-1	-1	30	0	
14	15	89	125548	20	张小常	张五常之子	471	256	15	0	10000	-1	-1	3	0	-1	-1	-1	-1	-1	-1	60	0	
15	16	9510	-1	-1	段铭德	边塞主将	455.165405	368.109802	28	-1	10000	-1	-1	16	-1	-1	-1	-1	-1	-1	-1	30	0	
16	17	658	125549	20	常铭德	边塞副将	449.902649	368.244629	30	0	10000	-1	-1	3	0	-1	-1	-1	-1	-1	-1	100	0	
17	18	9511	-1	-1	边塞巡逻兵		451.89801	372.33432	31	-1	10000	-1	-1	16	0	-1	-1	-1	-1	-1	-1	30	0	
18	19	9511	-1	-1	边塞巡逻兵		461.198212	370.689301	26	-1	10000	-1	-1	16	-1	-1	-1	-1	-1	-1	-1	30	0	
19	20	9511	-1	-1	边塞巡逻兵		456.90274	366.120453	27	-1	10000	-1	-1	16	-1	-1	-1	-1	-1	-1	-1	30	0	
20	21	2346	125506	-1	口温不花	楼兰守将	378	258	25	-1	1000	-1	-1	3	-1	-1	-1	-1	-1	-1	-1	30	0	
21	22	2347	125507	-1	阿巴哈	楼兰守将	383	261	19	-1	1000	-1	-1	3	-1	-1	-1	-1	-1	-1	-1	30	0	
22	23	2348	125508	-1	明安	楼兰大将	379.058624	263.73822	25	-1	1000	-1	-1	3	-1	-1	-1	-1	-1	-1	-1	30	0	
23	24	1637	500000	20	俺把罕	粮仓守将	272.651459	234.093628	18	-1	1000	-1	-1	3	0	-1	-1	-1	-1	-1	-1	100	0	
24	25	4334	500001	20	巡逻总领		387.644257	289.668243	0	0	10000	-1	-1	0	0	2	-1	-1	-1	-1	-1	60	0	
25	26	4334	500002	20	巡逻总领		324.016998	210.167068	20	0	10000	-1	-1	0	0	1	-1	-1	-1	-1	-1	60	0	
26	27	28	500003	20	猎户		73.035934	321.07959	6	0	10000	-1	-1	3	0	-1	-1	-1	-1	-1	-1	60	0	
27	28	55	500004	20	胡和鲁	回鹘族长	61.899063	226.546173	35	-1	1000	-1	-1	3	0	-1	-1	-1	-1	-1	-1	60	0	
28	29	74	500005	20	乌力吉	回鹘王后	67.689651	245.846191	25	-1	1000	-1	-1	3	0	-1	-1	-1	-1	-1	-1	60	0	
29	30	73	500006	20	乌日娜	侍女	67.180779	243.738358	28	-1	1000	-1	-1	3	0	-1	-1	-1	-1	-1	-1	60	0	
30	31	1518	500007	20	乌兰图娅	回鹘公主	179.740875	391.386444	9	-1	30000	-1	-1	3	0	-1	-1	-1	-1	-1	-1	40	0	
31	32	1939	500008	20	奥尔格勒	回鹘大祭司	40.246681	202.388428	1	-1	1000	-1	-1	3	0	-1	-1	-1	-1	-1	-1	60	0	
32	33	51	500009	20	那日松	回鹘贵族	62.105938	220.506119	31	-1	1000	-1	-1	3	0	-1	-1	-1	-1	-1	-1	60	0	
33	34	224	500010	20	巴特尔	回鹘大将	122.600029	224.926468	2	-1	1000	-1	-1	3	0	-1	-1	-1	-1	-1	-1	60	0	
34	35	53	500011	20	阿木尔	回鹘议事长老	81.194313	229.922424	17	-1	1000	-1	-1	3	0	-1	-1	-1	-1	-1	-1	60	0	
35	36	52	500012	20	赛罕	回鹘议事长老	61.501678	231.96138	18	-1	1000	-1	-1	3	0	-1	-1	-1	-1	-1	-1	60	0	
36	37	1080	500013	20	陈显	囚龙滩码头船夫	147.972488	386.548859	6	-1	1000	-1	-1	3	0	-1	-1	-1	-1	-1	-1	50	0	
37	38	1080	500014	20	辛毕昌	囚龙滩码头水手	145.483643	385.041016	3	-1	1000	-1	-1	3	0	-1	-1	-1	-1	-1	-1	50	0	
38	39	1542	500015	20	沈三达	囚龙滩码头船长	155.89975	386.109924	7	-1	1000	-1	-1	3	0	-1	-1	-1	-1	-1	-1	50	0	
39	40	2318	500016	20	伪装的摩诃末	花剌子模国王	173.362244	385.228943	9	0	10000	-1	-1	3	0	-1	-1	-1	-1	-1	-1	60	0	
40	41	1931	500017	20	乌恩	塔塔尔议事长老	163.673004	104.445999	2	-1	1000	-1	-1	3	0	-1	-1	-1	-1	-1	-1	50	0	
41	42	1376	500018	20	其木格	塔塔尔酋长	171.810822	105.515076	8	-1	1000	-1	-1	3	0	-1	-1	-1	-1	-1	-1	50	0	
42	43	1629	500019	20	格根	塔塔尔王子	154.695969	94.974953	7	-1	1000	-1	-1	3	0	-1	-1	-1	-1	-1	-1	50	0	
43	44	1629	500020	20	巴图	塔塔尔王子	151.185181	75.954178	0	-1	1000	-1	-1	3	0	-1	-1	-1	-1	-1	-1	50	0	
44	45	1911	500021	20	乌仁其木格	塔塔尔公主	155.669174	81.15535	11	-1	1000	-1	-1	3	0	-1	-1	-1	-1	-1	-1	50	0	
45	46	1913	500022	20	乌兰图娅	塔塔尔公主	152.901215	92.807259	0	-1	1000	-1	-1	3	0	-1	-1	-1	-1	-1	-1	50	0	
46	47	1910	500023	20	莎林娜	塔塔尔王妃	173.560349	107.561066	12	-1	1000	-1	-1	3	0	-1	-1	-1	-1	-1	-1	50	0	
47	48	130	500024	20	胆小的卓力格图	塔塔尔部落	140.031235	81.02285	9	-1	1000	-1	-1	3	0	-1	-1	-1	-1	-1	-1	1	0	
48	49	1630	500025	20	牧仁	部落巫医	177.358414	82.957809	11	-1	1000	-1	-1	3	0	-1	-1	-1	-1	-1	-1	50	0	
49	50	1630	500026	20	赛罕	部落巫医	151.518677	80.607224	5	-1	1000	-1	-1	3	0	-1	-1	-1	-1	-1	-1	50	0	
50	51	130	500027	20	阿尔斯楞	巴图鲁	217.271851	99.558723	2	-1	1000	-1	-1	3	0	-1	-1	-1	-1	-1	-1	50	0	
51	52	1633	500028	20	阿木古郎	西夏克烈萨满	158.775696	272.006897	9	-1	1000	-1	-1	3	0	-1	-1	-1	-1	-1	-1	50	0	
52	53	1630	500029	20	满都拉图	西夏克烈巫医	154.560349	269.167328	5	-1	1000	-1	-1	3	0	-1	-1	-1	-1	-1	-1	50	0	
53	54	1914	500030	20	娜仁托娅	西夏克烈王妃	187.34166	262.944305	11	-1	1000	-1	-1	3	0	-1	-1	-1	-1	-1	-1	50	0	
54	55	1910	500031	20	乌仁图娅	西夏克烈公主	154.656769	254.022461	29	-1	1000	-1	-1	3	0	-1	-1	-1	-1	-1	-1	50	0	
55	56	87	500032	20	哈斯额尔敦	西夏克烈王子	188.502228	259.766449	15	-1	1000	-1	-1	3	0	-1	-1	-1	-1	-1	-1	50	0	
56	57	1914	500033	20	阿茹娜	西夏克烈公主	181.76796	233.681046	35	-1	1000	-1	-1	3	0	-1	-1	-1	-1	-1	-1	50	0	
57	58	48	500034	20	查干巴拉	西夏克烈酋长	185.055435	262.892883	10	-1	1000	-1	-1	3	0	-1	-1	-1	-1	-1	-1	50	0	
58	59	1347	500035	20	特木尔	西夏克烈长老	181.976303	260.117889	4	-1	1000	-1	-1	3	0	-1	-1	-1	-1	-1	-1	50	0	
59	60	2418	500036	20	伪装的察哈台	赤火邪教教主	245.748093	289.492493	3	-1	1000	-1	-1	3	0	-1	-1	-1	-1	-1	-1	50	0	
60	61	3602	500037	20	赤火教大祭司		244.531006	292.776001	5	-1	1000	-1	-1	3	0	-1	-1	-1	-1	-1	-1	60	0	
61	62	208	500038	20	阿古达木	女真巴图部酋长	408.794586	149.147766	13	-1	30000	-1	-1	3	0	-1	-1	-1	-1	-1	-1	60	0	
62	63	91	500039	20	南德	女真部落萨满	405.479248	146.686188	0	-1	30000	-1	-1	3	0	-1	-1	-1	-1	-1	-1	60	0	
63	64	208	500040	20	耶律哈森	女真阿古拉部酋长	441.111786	55.968185	24	-1	30000	-1	-1	3	0	-1	-1	-1	-1	-1	-1	60	0	
64	65	4342	500041	20	索布德	女真部	411.912964	150.898666	12	-1	30000	-1	-1	3	0	-1	-1	-1	-1	-1	-1	60	0	
65	66	4337	500042	20	乌兰塔拉	女真部	439.248138	54.651875	27	-1	30000	-1	-1	3	0	-1	-1	-1	-1	-1	-1	60	0	
66	67	4343	500043	20	巴雅尔	女真部	405.396759	151.489899	6	-1	30000	-1	-1	3	0	-1	-1	-1	-1	-1	-1	60	0	
67	68	4338	500044	20	吉雅	女真王妃	456.934875	61.497753	26	-1	30000	-1	-1	3	0	-1	-1	-1	-1	-1	-1	60	0	
68	69	3601	500045	20	阿拉坦仓	神秘来客	381.07193	138.496567	33	-1	30000	-1	-1	3	0	-1	-1	-1	-1	-1	-1	60	0	
69	70	1628	500046	20	穆罕木	女真部	329.552002	149.524002	0	-1	1000	-1	-1	3	0	-1	-1	-1	-1	-1	-1	50	0	
70	71	1628	500047	20	麦扎儿	女真部	313.409149	73.393089	32	-1	1000	-1	-1	3	0	-1	-1	-1	-1	-1	-1	50	0	
71	72	3601	500048	20	札木合	神秘猎人	458.2742	62.987381	21	0	10000	-1	-1	3	0	-1	-1	-1	-1	-1	-1	40	0	
72	73	1628	500049	20	阿拉坦乌拉		347.09201	139.811005	14	-1	1000	-1	-1	3	0	-1	-1	-1	-1	-1	-1	50	0	
73	74	216	500050	20	玄真	全真教道长	315.827118	76.644493	8	-1	30000	-1	-1	3	0	-1	-1	-1	-1	-1	-1	60	0	
74	75	215	500051	20	小道士	全真教弟子	312.400787	75.759552	6	-1	30000	-1	-1	3	0	-1	-1	-1	-1	-1	-1	60	0	
75	76	215	500052	20	小道士	全真教弟子	318.396362	75.454979	12	-1	30000	-1	-1	3	0	-1	-1	-1	-1	-1	-1	60	0	
76	77	216	500053	20	玄机	全真教道长	325.098785	176.96138	15	-1	30000	-1	-1	3	0	-1	-1	-1	-1	-1	-1	60	0	
77	78	216	500054	20	玄玉	算命先生	358.561157	284.169739	10	-1	30000	-1	-1	3	0	-1	-1	-1	-1	-1	-1	60	0	
78	79	4348	500055	20	哈尔巴拉	边塞金矿守备	333.72699	368.417999	5	-1	30000	-1	-1	3	0	-1	-1	-1	-1	-1	-1	60	0	
79	80	4341	500056	20	宝音	守备夫人	372.347534	340.832001	22	-1	30000	-1	-1	3	0	-1	-1	-1	-1	-1	-1	60	0	
80	81	4354	500057	20	李一富	金矿劳工	360.420807	333.839264	27	-1	30000	-1	-1	3	0	-1	-1	-1	-1	-1	-1	60	0	
81	82	1918	500058	20	张老癞	金矿劳工	359.444031	349.37674	0	-1	30000	-1	-1	3	0	-1	-1	-1	-1	-1	-1	60	0	
82	83	4338	500059	20	李一富媳妇		362.532745	333.010864	23	-1	30000	-1	-1	3	0	-1	-1	-1	-1	-1	-1	60	0	
83	84	4348	500060	20	扎末苏合	扎末家族	340.780457	252.892593	5	-1	1000	-1	-1	3	0	-1	-1	-1	-1	-1	-1	50	0	
84	85	94	500061	20	阿古拉	扎末家的大萨满	327.441528	243.76268	1	-1	1000	-1	-1	3	0	-1	-1	-1	-1	-1	-1	50	0	
85	86	4350	500062	20	奥尔格勒	速不台家族	382.303009	246.382004	25	-1	1000	-1	-1	3	0	-1	-1	-1	-1	-1	-1	50	0	
86	87	4333	500063	20	韩子诚	潦倒书生	352.189972	279.248535	2	-1	1000	-1	-1	3	0	-1	-1	-1	-1	-1	-1	50	0	
87	88	1637	500064	20	忽合乌力罕	边城	406.209015	277.057007	22	-1	30000	-1	-1	3	0	-1	-1	-1	-1	-1	-1	60	0	
88	89	4337	500065	20	扎木乌兰	扎末家族	354.494324	281.483673	9	-1	30000	-1	-1	3	0	-1	-1	-1	-1	-1	-1	60	0	
89	90	444	500066	20	善忠良	边塞小商贩	348.886108	262.794769	4	-1	30000	-1	-1	3	0	-1	-1	-1	-1	-1	-1	60	0	
90	91	47	500067	20	苏合泰德	神秘的萨满主教	306.49292	230.654419	5	-1	30000	-1	-1	3	0	-1	-1	-1	-1	-1	-1	0	0	
91	92	4329	500068	20	塔娜	萨满巫女	305.659332	227.92392	34	-1	30000	-1	-1	3	0	-1	-1	-1	-1	-1	-1	60	0	
92	93	28	500069	20	董大千	边塞驿馆	416.731476	422.939056	18	-1	30000	-1	-1	3	0	-1	-1	-1	-1	-1	-1	60	0	
93	94	1917	500070	20	神一凿	边陲小镇木匠	344.245148	212.264771	22	-1	30000	-1	-1	3	0	-1	-1	-1	-1	-1	-1	60	0	
94	95	2	500071	20	朱铁锤	边陲小镇铁匠	339.374176	197.537659	23	-1	30000	-1	-1	3	0	-1	-1	-1	-1	-1	-1	60	0	
95	96	4322	500072	20	阿木乌日娜	落魄的贵族女	350.298126	265.3927	7	-1	30000	-1	-1	3	0	-1	-1	-1	-1	-1	-1	60	0	
96	97	1628	500073	20	柯伊	大萨满家仆	264.596008	117.984001	36	-1	1000	-1	-1	3	0	-1	-1	-1	-1	-1	-1	50	0	
97	98	27	500074	20	满都	税赋官	236.546997	139.240005	26	-1	1000	-1	-1	3	0	-1	-1	-1	-1	-1	-1	50	0	
98	99	1939	500075	20	速布台	萨满教大长老	267.153015	117.348999	27	-1	30000	-1	-1	3	0	-1	-1	-1	-1	-1	-1	60	0	
99	100	1910	500076	20	古吉丽	边塞小镇	255.567856	150.174698	21	-1	1000	-1	-1	3	0	-1	-1	-1	-1	-1	-1	50	0	
100	101	1628	500077	20	卓德穆哈	边塞小镇	243.703003	130.738998	27	-1	1000	-1	-1	3	0	-1	-1	-1	-1	-1	-1	50	0	
101	102	1628	500078	20	耶律台	边塞小镇	235.194	144.350006	2	-1	1000	-1	-1	3	0	-1	-1	-1	-1	-1	-1	50	0	
102	103	1628	500079	20	都铎木合	边塞小镇	271.128906	138.595886	13	-1	1000	-1	-1	3	0	-1	-1	-1	-1	-1	-1	50	0	
103	104	1628	500080	20	胡戈穆	边塞小镇	290.162994	174.186996	22	-1	1000	-1	-1	3	0	-1	-1	-1	-1	-1	-1	50	0	
104	105	1910	500081	20	珂玛依	边塞小镇	236.531006	128.229996	30	-1	1000	-1	-1	3	0	-1	-1	-1	-1	-1	-1	50	0	
105	106	1628	500082	20	依合穆	边城小镇	255.531067	145.322281	23	-1	1000	-1	-1	3	0	-1	-1	-1	-1	-1	-1	50	0	
106	107	1910	500083	20	沃察儿	边塞小镇	278.687988	172.953003	34	-1	1000	-1	-1	3	0	-1	-1	-1	-1	-1	-1	50	0	
107	108	382	500084	20	合察哈的尸体		206.027954	151.021896	27	-1	1000	-1	-1	3	0	-1	-1	-1	-1	-1	-1	50	0	
108	109	1913	500085	20	景夫人		394.651794	417.462036	1	-1	30000	-1	-1	3	0	-1	-1	-1	-1	-1	-1	60	0	
109	110	23	500086	20	靳小宝	边塞农户	410.226837	435.506042	5	-1	30000	-1	-1	3	0	-1	-1	-1	-1	-1	-1	60	0	
110	111	27	500087	20	景向天	边塞淘金者	396.823639	418.80954	6	-1	30000	-1	-1	3	0	-1	-1	-1	-1	-1	-1	60	0	
111	112	20	500088	20	靳雪儿	边塞农户	402.772461	425.341705	2	-1	30000	-1	-1	3	0	-1	-1	-1	-1	-1	-1	60	0	
112	113	1917	500089	20	靳青山	边塞农户	421.887756	428.501404	23	-1	30000	-1	-1	3	0	-1	-1	-1	-1	-1	-1	60	0	
113	114	4345	125551	-1	卫战霆	边塞守卫队长	328.860199	210.299866	23	-1	1000	-1	-1	3	0	-1	-1	-1	-1	-1	-1	60	0	
114	115	3	500110	20	屠夫		328.058807	236.13353	8	0	10000	-1	-1	3	0	-1	-1	-1	-1	-1	-1	60	0	
115	116	22	500111	20	小蛮		322.118652	227.705658	0	0	10000	-1	-1	3	0	-1	-1	-1	-1	-1	-1	60	0	
116	117	92	500112	20	钟婆婆		389.415131	248.7686	20	0	10000	-1	-1	3	0	-1	-1	-1	-1	-1	-1	60	0	
117	118	1647	500113	-1	哈斯巴根	边塞老猎户	183.363205	172.798813	20	0	10000	-1	-1	3	0	-1	-1	-1	-1	-1	-1	60	0	
118	119	12951	500114	20	查干	老猎户的小孙子	184.451126	175.778198	12	0	10000	-1	-1	3	0	-1	-1	-1	-1	-1	-1	60	0	
119	120	12952	500115	20	塔拉	老猎户的小孙女	184.397003	170.917908	24	0	10000	-1	-1	3	0	-1	-1	-1	-1	-1	-1	60	0	
120	121	4345	500116	20	哈尔巴拉	边塞联络使	48.812931	141.273834	4	0	10000	-1	-1	3	0	-1	-1	-1	-1	-1	-1	60	0	
121	122	4335	500117	20	蒋卫沉	边塞联络副使	47.392597	134.929993	32	0	10000	-1	-1	3	0	-1	-1	-1	-1	-1	-1	60	0	
122	123	130	500091	20	使者侍卫		183.624542	230.184067	32	-1	1000	-1	-1	3	0	-1	-1	-1	-1	-1	-1	50	0	
123	124	130	500091	20	使者侍卫		191.102798	230.636322	23	-1	1000	-1	-1	3	0	-1	-1	-1	-1	-1	-1	50	0	
124	125	128	500092	20	鲁阿兹	族长亲卫	60.262814	228.689285	3	-1	1000	-1	-1	3	0	-1	-1	-1	-1	-1	-1	60	0	
125	126	128	500092	20	鞑高墨	族长亲卫	60.397049	224.219177	33	-1	1000	-1	-1	3	0	-1	-1	-1	-1	-1	-1	60	0	
126	127	203	500093	20	伪装的察哈台士兵	赤火教徒	241.120956	286.090424	35	-1	1000	-1	-1	3	0	-1	-1	-1	-1	-1	-1	60	0	
127	128	203	500118	20	伪装的察哈台士兵	赤火教徒	240.692993	287.79599	35	-1	1000	-1	-1	3	0	-1	-1	-1	-1	-1	-1	60	0	
128	129	203	500119	20	伪装的察哈台士兵	赤火教徒	246.520996	296.282013	8	-1	1000	-1	-1	3	0	-1	-1	-1	-1	-1	-1	60	0	
129	130	203	500120	20	伪装的察哈台士兵	赤火教徒	248.447006	296.334991	9	-1	1000	-1	-1	3	0	-1	-1	-1	-1	-1	-1	60	0	
130	131	126	500094	20	伪装的花剌子守卫	商队护卫	171.003754	387.015808	6	0	10000	-1	-1	3	0	-1	-1	-1	-1	-1	-1	60	0	
131	132	126	500094	20	伪装的花剌子守卫	商队护卫	174.745728	387.498688	12	0	10000	-1	-1	3	0	-1	-1	-1	-1	-1	-1	60	0	
132	133	126	500094	20	伪装的花剌子守卫	商队护卫	178.047852	389.266754	0	0	10000	-1	-1	3	0	-1	-1	-1	-1	-1	-1	60	0	
133	134	126	500094	20	伪装的花剌子守卫	商队护卫	182.214706	390.40387	15	0	10000	-1	-1	3	0	-1	-1	-1	-1	-1	-1	60	0	
134	135	2025	500095	20	伪装的花剌子士兵	囚龙滩商队	152.636978	384.341492	0	0	10000	-1	-1	3	0	-1	-1	-1	-1	-1	-1	60	0	
135	136	2025	500095	20	伪装的花剌子士兵	囚龙滩商队	154.328278	382.073639	30	0	10000	-1	-1	3	0	-1	-1	-1	-1	-1	-1	60	0	
136	137	2025	500095	20	伪装的花剌子士兵	囚龙滩商队	160.302368	384.722412	21	0	10000	-1	-1	3	0	-1	-1	-1	-1	-1	-1	60	0	
137	138	2025	500095	20	伪装的花剌子士兵	囚龙滩商队	160.373734	386.686615	18	0	10000	-1	-1	3	0	-1	-1	-1	-1	-1	-1	60	0	
138	139	2346	500096	-1	边塞金矿守军		346.388611	372.543396	13	-1	30000	-1	-1	3	0	-1	-1	-1	-1	-1	-1	60	0	
139	140	2346	500096	-1	边塞金矿守军		336.394897	362.86911	28	-1	30000	-1	-1	3	0	-1	-1	-1	-1	-1	-1	60	0	
140	141	2346	500096	-1	边塞金矿守军		357.375824	355.197662	33	-1	30000	-1	-1	3	0	-1	-1	-1	-1	-1	-1	60	0	
141	142	2346	500096	-1	边塞金矿守军		352.284424	369.611328	9	-1	30000	-1	-1	3	0	-1	-1	-1	-1	-1	-1	60	0	
142	143	2346	500096	-1	边塞金矿守军		317.287506	363.006073	7	-1	30000	-1	-1	3	0	-1	-1	-1	-1	-1	-1	60	0	
143	144	2346	500096	-1	边塞金矿守军		316.093872	352.643463	30	-1	30000	-1	-1	3	0	-1	-1	-1	-1	-1	-1	60	0	
144	145	2346	500096	-1	边塞金矿守军		334.91983	372.507324	8	-1	30000	-1	-1	3	0	-1	-1	-1	-1	-1	-1	60	0	
145	146	1639	500097	-1	回鹘卫兵		85.995583	248.053986	5	-1	1000	-1	-1	3	0	-1	-1	-1	-1	-1	-1	60	0	
146	147	1639	500098	-1	回鹘卫兵		66.044998	233.905212	5	-1	1000	-1	-1	3	0	-1	-1	-1	-1	-1	-1	60	0	
147	148	1639	500097	-1	回鹘卫兵		82.493279	226.441833	20	-1	1000	-1	-1	3	0	-1	-1	-1	-1	-1	-1	60	0	
148	149	1639	500098	-1	回鹘卫兵		78.690094	240.913971	6	-1	1000	-1	-1	3	0	-1	-1	-1	-1	-1	-1	60	0	
149	150	1639	500097	-1	回鹘卫兵		81.667343	235.782623	20	-1	1000	-1	-1	3	0	-1	-1	-1	-1	-1	-1	60	0	
150	151	1639	500098	-1	回鹘卫兵		70.846565	237.659729	3	-1	1000	-1	-1	3	0	-1	-1	-1	-1	-1	-1	60	0	
151	152	1639	500097	-1	回鹘卫兵		91.440742	240.178375	26	-1	1000	-1	-1	3	0	-1	-1	-1	-1	-1	-1	60	0	
152	153	1639	500098	-1	回鹘卫兵		39.490292	205.844452	5	-1	1000	-1	-1	3	0	-1	-1	-1	-1	-1	-1	60	0	
153	154	1639	500097	-1	回鹘卫兵		43.483185	196.229843	30	-1	1000	-1	-1	3	0	-1	-1	-1	-1	-1	-1	60	0	
154	155	1639	500098	-1	回鹘卫兵		40.434826	209.099411	36	-1	1000	-1	-1	3	0	-1	-1	-1	-1	-1	-1	60	0	
155	156	1639	500097	-1	回鹘卫兵		126.159798	226.780243	9	-1	1000	-1	-1	3	0	-1	-1	-1	-1	-1	-1	60	0	
156	157	1639	500098	-1	回鹘卫兵		121.462547	221.768158	33	-1	1000	-1	-1	3	0	-1	-1	-1	-1	-1	-1	60	0	
157	158	1639	500097	-1	回鹘卫兵		81.932732	213.418137	33	-1	1000	-1	-1	3	0	-1	-1	-1	-1	-1	-1	60	0	
158	159	1639	500098	-1	回鹘卫兵		128.630005	226.683868	11	-1	1000	-1	-1	3	0	-1	-1	-1	-1	-1	-1	60	0	
159	160	1639	500097	-1	回鹘卫兵		86.248985	218.366821	8	-1	1000	-1	-1	3	0	-1	-1	-1	-1	-1	-1	60	0	
160	161	1639	500098	-1	回鹘卫兵		72.46553	217.550751	27	-1	1000	-1	-1	3	0	-1	-1	-1	-1	-1	-1	60	0	
161	162	1639	500097	-1	回鹘卫兵		120.783295	217.738297	5	-1	1000	-1	-1	3	0	-1	-1	-1	-1	-1	-1	60	0	
162	163	1639	500098	-1	回鹘卫兵		66.037933	219.414429	29	-1	1000	-1	-1	3	0	-1	-1	-1	-1	-1	-1	60	0	
163	164	1639	500097	-1	回鹘卫兵		87.097267	238.08812	26	-1	1000	-1	-1	3	0	-1	-1	-1	-1	-1	-1	60	0	
164	165	1369	500099	-1	塔塔尔勇士		173.015381	93.771027	14	-1	1000	-1	-1	3	0	-1	-1	-1	-1	-1	-1	50	0	
165	166	1369	500100	-1	塔塔尔勇士		79.687912	117.029251	27	-1	1000	-1	-1	3	0	-1	-1	-1	-1	-1	-1	50	0	
166	167	1369	500099	-1	塔塔尔勇士		81.604492	124.616493	12	-1	1000	-1	-1	3	0	-1	-1	-1	-1	-1	-1	50	0	
167	168	1369	500100	-1	塔塔尔勇士		163.845016	96.96299	3	-1	1000	-1	-1	3	0	-1	-1	-1	-1	-1	-1	50	0	
168	169	1369	500099	-1	塔塔尔勇士		164.192474	85.237328	4	-1	1000	-1	-1	3	0	-1	-1	-1	-1	-1	-1	50	0	
169	170	1369	500100	-1	塔塔尔勇士		160.095383	80.139137	4	-1	1000	-1	-1	3	0	-1	-1	-1	-1	-1	-1	50	0	
170	171	1369	500099	-1	塔塔尔勇士		174.046814	99.780518	19	-1	1000	-1	-1	3	0	-1	-1	-1	-1	-1	-1	50	0	
171	172	1369	500100	-1	塔塔尔勇士		122.661476	78.505096	3	-1	1000	-1	-1	3	0	-1	-1	-1	-1	-1	-1	50	0	
172	173	1369	500099	-1	塔塔尔勇士		106.961693	93.170631	17	-1	1000	-1	-1	3	0	-1	-1	-1	-1	-1	-1	50	0	
173	174	1369	500100	-1	塔塔尔勇士		124.797607	79.42836	11	-1	1000	-1	-1	3	0	-1	-1	-1	-1	-1	-1	50	0	
174	175	1369	500099	-1	塔塔尔勇士		107.453117	100.431129	16	-1	1000	-1	-1	3	0	-1	-1	-1	-1	-1	-1	50	0	
175	176	1369	500100	-1	塔塔尔勇士		177.73111	79.86293	13	-1	1000	-1	-1	3	0	-1	-1	-1	-1	-1	-1	50	0	
176	177	1369	500099	-1	塔塔尔勇士		172.902985	85.547714	13	-1	1000	-1	-1	3	0	-1	-1	-1	-1	-1	-1	50	0	
177	178	1369	500100	-1	塔塔尔勇士		215.765961	98.279755	35	-1	1000	-1	-1	3	0	-1	-1	-1	-1	-1	-1	50	0	
178	179	1369	500099	-1	塔塔尔勇士		220.256821	103.934334	1	-1	1000	-1	-1	3	0	-1	-1	-1	-1	-1	-1	50	0	
179	180	1369	500100	-1	塔塔尔勇士		162.616119	102.380997	0	-1	1000	-1	-1	3	0	-1	-1	-1	-1	-1	-1	50	0	
180	181	1369	500099	-1	塔塔尔勇士		152.351822	72.186035	3	-1	1000	-1	-1	3	0	-1	-1	-1	-1	-1	-1	50	0	
181	182	1641	500101	-1	女真勇士		444.920715	58.07008	21	-1	30000	-1	-1	3	0	-1	-1	-1	-1	-1	-1	60	0	
182	183	1641	500102	-1	女真勇士		420.387299	141.752045	18	-1	30000	-1	-1	3	0	-1	-1	-1	-1	-1	-1	60	0	
183	184	1641	500101	-1	女真勇士		380.312195	141.924423	4	-1	30000	-1	-1	3	0	-1	-1	-1	-1	-1	-1	60	0	
184	185	1641	500102	-1	女真勇士		437.928192	57.279278	34	-1	30000	-1	-1	3	0	-1	-1	-1	-1	-1	-1	60	0	
185	186	1641	500101	-1	女真勇士		443.149139	53.930332	23	-1	30000	-1	-1	3	0	-1	-1	-1	-1	-1	-1	60	0	
186	187	1641	500102	-1	女真勇士		386.26828	139.445847	22	-1	30000	-1	-1	3	0	-1	-1	-1	-1	-1	-1	60	0	
187	188	1641	500101	-1	女真勇士		435.690887	153.980591	31	-1	30000	-1	-1	3	0	-1	-1	-1	-1	-1	-1	60	0	
188	189	1641	500102	-1	女真勇士		432.611389	182.536026	31	-1	30000	-1	-1	3	0	-1	-1	-1	-1	-1	-1	60	0	
189	190	1641	500101	-1	女真勇士		386.159485	143.063248	12	-1	30000	-1	-1	3	0	-1	-1	-1	-1	-1	-1	60	0	
190	191	1641	500102	-1	女真勇士		434.870483	186.343155	12	-1	30000	-1	-1	3	0	-1	-1	-1	-1	-1	-1	60	0	
191	192	1641	500101	-1	女真勇士		432.803741	157.826752	35	-1	30000	-1	-1	3	0	-1	-1	-1	-1	-1	-1	60	0	
192	193	1641	500102	-1	女真勇士		416.85025	147.668304	10	-1	30000	-1	-1	3	0	-1	-1	-1	-1	-1	-1	60	0	
193	194	1641	500101	-1	女真勇士		398.827728	151.719574	7	-1	30000	-1	-1	3	0	-1	-1	-1	-1	-1	-1	60	0	
194	195	2421	500103	-1	西夏克烈勇士		233.687408	270.46051	35	-1	1000	-1	-1	3	0	-1	-1	-1	-1	-1	-1	50	0	
195	196	2421	500104	-1	西夏克烈勇士		203.590576	248.633759	23	-1	1000	-1	-1	3	0	-1	-1	-1	-1	-1	-1	50	0	
196	197	2421	500103	-1	西夏克烈勇士		191.708755	259.514008	14	-1	1000	-1	-1	3	0	-1	-1	-1	-1	-1	-1	50	0	
197	198	2421	500104	-1	西夏克烈勇士		151.478821	267.868988	0	-1	1000	-1	-1	3	0	-1	-1	-1	-1	-1	-1	50	0	
198	199	2421	500103	-1	西夏克烈勇士		234.066376	262.735229	35	-1	1000	-1	-1	3	0	-1	-1	-1	-1	-1	-1	50	0	
199	200	2421	500104	-1	西夏克烈勇士		152.095474	253.235901	32	-1	1000	-1	-1	3	0	-1	-1	-1	-1	-1	-1	50	0	
200	201	2421	500103	-1	西夏克烈勇士		162.969254	272.425995	14	-1	1000	-1	-1	3	0	-1	-1	-1	-1	-1	-1	50	0	
201	202	2421	500104	-1	西夏克烈勇士		166.693207	246.14621	6	-1	1000	-1	-1	3	0	-1	-1	-1	-1	-1	-1	50	0	
202	203	2421	500103	-1	西夏克烈勇士		168.698868	263.23996	14	-1	1000	-1	-1	3	0	-1	-1	-1	-1	-1	-1	50	0	
203	204	2421	500104	-1	西夏克烈勇士		178.32579	261.843109	6	-1	1000	-1	-1	3	0	-1	-1	-1	-1	-1	-1	50	0	
204	205	2421	500103	-1	西夏克烈勇士		171.861099	235.697464	25	-1	1000	-1	-1	3	0	-1	-1	-1	-1	-1	-1	50	0	
205	206	4315	500105	-1	楼兰戍边卫兵		274.740936	231.112045	17	-1	1000	-1	-1	3	0	-1	-1	-1	-1	-1	-1	50	0	
206	207	4315	500106	-1	楼兰戍边卫兵		314.298035	199.980209	14	-1	1000	-1	-1	3	0	-1	-1	-1	-1	-1	-1	50	0	
207	208	4315	500107	-1	楼兰戍边卫兵		306.264435	207.075806	14	-1	1000	-1	-1	3	0	-1	-1	-1	-1	-1	-1	50	0	
208	209	4315	500108	-1	楼兰戍边卫兵		276.000305	233.996124	20	-1	1000	-1	-1	3	0	-1	-1	-1	-1	-1	-1	50	0	
209	210	4315	500109	-1	楼兰戍边卫兵		378.193512	291.859924	32	-1	1000	-1	-1	3	0	-1	-1	-1	-1	-1	-1	50	0	
210	211	4315	500105	-1	楼兰戍边卫兵		365.291565	278.466949	14	-1	1000	-1	-1	3	0	-1	-1	-1	-1	-1	-1	50	0	
211	212	4315	500106	-1	楼兰戍边卫兵		371.137695	272.746063	11	-1	1000	-1	-1	3	0	-1	-1	-1	-1	-1	-1	50	0	
212	213	4315	500107	-1	楼兰戍边卫兵		399.118286	271.223633	32	-1	1000	-1	-1	3	0	-1	-1	-1	-1	-1	-1	50	0	
213	214	4315	500108	-1	楼兰戍边卫兵		390.344391	276.677399	24	-1	1000	-1	-1	3	0	-1	-1	-1	-1	-1	-1	50	0	
214	215	4315	500109	-1	楼兰戍边卫兵		312.970886	219.709808	32	-1	1000	-1	-1	3	0	-1	-1	-1	-1	-1	-1	50	0	
215	216	4315	500105	-1	楼兰戍边卫兵		343.752747	222.430481	28	-1	1000	-1	-1	3	0	-1	-1	-1	-1	-1	-1	50	0	
216	217	4315	500106	-1	楼兰戍边卫兵		360.509094	240.211792	16	-1	1000	-1	-1	3	0	-1	-1	-1	-1	-1	-1	50	0	
217	218	4315	500107	-1	楼兰戍边卫兵		385.520203	244.872955	22	-1	1000	-1	-1	3	0	-1	-1	-1	-1	-1	-1	50	0	
218	219	4315	500108	-1	楼兰戍边卫兵		377.528351	311.433014	4	-1	1000	-1	-1	3	0	-1	-1	-1	-1	-1	-1	50	0	
219	220	4315	500109	-1	楼兰戍边卫兵		385.648102	271.822083	22	-1	1000	-1	-1	3	0	-1	-1	-1	-1	-1	-1	50	0	
220	221	4315	500105	-1	楼兰戍边卫兵		405.33844	274.669037	23	-1	1000	-1	-1	3	0	-1	-1	-1	-1	-1	-1	50	0	
221	222	4315	500106	-1	楼兰戍边卫兵		386.596954	256.539551	12	-1	30000	-1	-1	3	0	-1	-1	-1	-1	-1	-1	60	0	
222	223	4315	500107	-1	楼兰戍边卫兵		394.800903	276.746124	25	-1	30000	-1	-1	3	0	-1	-1	-1	-1	-1	-1	60	0	
223	224	4315	500108	-1	楼兰戍边卫兵		384.229156	286.749573	36	-1	30000	-1	-1	3	0	-1	-1	-1	-1	-1	-1	60	0	
224	225	4315	500109	-1	楼兰戍边卫兵		337.86734	248.721771	5	-1	30000	-1	-1	3	0	-1	-1	-1	-1	-1	-1	60	0	
225	226	4315	500105	-1	楼兰戍边卫兵		299.17392	204.969711	10	-1	30000	-1	-1	3	0	-1	-1	-1	-1	-1	-1	60	0	
226	227	4315	500106	-1	楼兰戍边卫兵		317.318848	228.809494	14	-1	30000	-1	-1	3	0	-1	-1	-1	-1	-1	-1	60	0	
227	228	4315	500107	-1	楼兰戍边卫兵		379.517853	277.803131	5	-1	30000	-1	-1	3	0	-1	-1	-1	-1	-1	-1	60	0	
228	229	4315	500108	-1	楼兰戍边卫兵		313.439178	192.439835	20	-1	30000	-1	-1	3	0	-1	-1	-1	-1	-1	-1	60	0	
229	230	4315	500109	-1	楼兰戍边卫兵		313.070496	212.321579	36	-1	30000	-1	-1	3	0	-1	-1	-1	-1	-1	-1	60	0	
230	231	4315	500105	-1	楼兰戍边卫兵		327.410339	206.162598	32	-1	30000	-1	-1	3	0	-1	-1	-1	-1	-1	-1	60	0	
231	232	4315	500106	-1	楼兰戍边卫兵		320.962921	205.959244	26	-1	30000	-1	-1	3	0	-1	-1	-1	-1	-1	-1	60	0	
232	233	4315	500107	-1	楼兰戍边卫兵		408.877563	275.25882	26	-1	30000	-1	-1	3	0	-1	-1	-1	-1	-1	-1	60	0	
233	234	4315	500108	-1	楼兰戍边卫兵		384.008636	282.348846	2	-1	30000	-1	-1	3	0	-1	-1	-1	-1	-1	-1	60	0	
234	235	4315	500109	-1	楼兰戍边卫兵		376.683441	308.920349	4	-1	30000	-1	-1	3	0	-1	-1	-1	-1	-1	-1	60	0	
235	236	2610	-1	21	花剌子模散兵		388.633881	148.471619	27	-1	5000	-1	-1	1	-1	-1	-1	-1	-1	-1	-1	40	0	
236	237	2611	-1	21	花剌子模精兵		297.933563	113.621025	27	-1	5000	-1	-1	1	-1	-1	-1	-1	-1	-1	-1	40	0	
237	238	2612	-1	21	花剌子模将领		99.402054	359.153229	27	-1	5000	-1	-1	1	-1	-1	-1	-1	-1	-1	-1	50	0	
238	239	2613	-1	21	花剌子模主将		130.673645	177.957367	27	-1	5000	-1	-1	1	-1	-1	-1	-1	-1	-1	-1	50	0	
239	240	2614	-1	21	黑风盗宝客		337.147156	398.759277	27	-1	5000	-1	-1	1	-1	-1	-1	-1	-1	-1	-1	60	0	
240	241	2615	-1	21	波斯盗宝客		62.645763	264.214111	27	-1	5000	-1	-1	1	-1	-1	-1	-1	-1	-1	-1	60	0	
241	242	2616	-1	21	完颜部蛮兵		268.934448	392.3255	27	-1	5000	-1	-1	1	-1	-1	-1	-1	-1	-1	-1	70	0	
242	243	2617	-1	21	残暴的监工		391.172729	195.067749	27	-1	5000	-1	-1	1	-1	-1	-1	-1	-1	-1	-1	70	0	
243	244	2618	-1	21	鬼祟的监工		271	334	27	-1	5000	-1	-1	1	-1	-1	-1	-1	-1	-1	-1	80	0	
244	245	2619	-1	21	完颜部精锐步兵		464.745209	76.578087	27	-1	5000	-1	-1	1	-1	-1	-1	-1	-1	-1	-1	80	0	
245	246	2620	-1	21	夏王墓盗墓贼		361.83609	72.600388	27	-1	5000	-1	-1	1	-1	-1	-1	-1	-1	-1	-1	90	0	
246	247	2621	-1	21	夏王墓盗陵者		412.776642	48.135487	27	-1	5000	-1	-1	1	-1	-1	-1	-1	-1	-1	-1	90	0	
247	248	2410	-1	21	花剌子士兵		214.982132	380.189575	0	0	10000	-1	-1	1	0	-1	-1	-1	-1	-1	-1	70	0	
248	249	2410	-1	21	花剌子士兵		215.042679	378.779602	0	0	10000	-1	-1	1	0	-1	-1	-1	-1	-1	-1	70	0	
249	250	2410	-1	21	花剌子士兵		216.718582	379.39093	0	0	10000	-1	-1	1	0	-1	-1	-1	-1	-1	-1	70	0	
250	251	2410	-1	21	花剌子士兵		216.170853	380.272034	0	0	10000	-1	-1	1	0	-1	-1	-1	-1	-1	-1	70	0	
251	252	2410	-1	21	花剌子士兵		216.126404	378.23938	0	0	10000	-1	-1	1	0	-1	-1	-1	-1	-1	-1	70	0	
252	253	2410	-1	21	花剌子士兵		145.189514	371.721436	0	0	10000	-1	-1	1	0	-1	-1	-1	-1	-1	-1	70	0	
253	254	2410	-1	21	花剌子士兵		143.920578	370.703583	0	0	10000	-1	-1	1	0	-1	-1	-1	-1	-1	-1	70	0	
254	255	2410	-1	21	花剌子士兵		145.787399	370.576477	0	0	10000	-1	-1	1	0	-1	-1	-1	-1	-1	-1	70	0	
255	256	2410	-1	21	花剌子士兵		144.192917	372.826721	0	0	10000	-1	-1	1	0	-1	-1	-1	-1	-1	-1	70	0	
256	257	2410	-1	21	花剌子士兵		143.123657	371.908844	0	0	10000	-1	-1	1	0	-1	-1	-1	-1	-1	-1	70	0	
257	258	2410	-1	21	花剌子士兵		195.335785	395.813141	0	0	10000	-1	-1	1	0	-1	-1	-1	-1	-1	-1	70	0	
258	259	2410	-1	21	花剌子士兵		195.623962	397.13092	0	0	10000	-1	-1	1	0	-1	-1	-1	-1	-1	-1	70	0	
259	260	2410	-1	21	花剌子士兵		197.567459	395.049011	0	0	10000	-1	-1	1	0	-1	-1	-1	-1	-1	-1	70	0	
260	261	2410	-1	21	花剌子士兵		197.80867	397.139801	0	0	10000	-1	-1	1	0	-1	-1	-1	-1	-1	-1	70	0	
261	262	2410	-1	21	花剌子士兵		196.817017	396.039734	0	0	10000	-1	-1	1	0	-1	-1	-1	-1	-1	-1	70	0	
262	263	2410	-1	21	花剌子士兵		178.73735	361.994751	0	0	10000	-1	-1	1	0	-1	-1	-1	-1	-1	-1	70	0	
263	264	2410	-1	21	花剌子士兵		177.447418	360.707611	0	0	10000	-1	-1	1	0	-1	-1	-1	-1	-1	-1	70	0	
264	265	2410	-1	21	花剌子士兵		178.482162	360.198395	0	0	10000	-1	-1	1	0	-1	-1	-1	-1	-1	-1	70	0	
265	266	2410	-1	21	花剌子士兵		179.743652	361.233093	0	0	10000	-1	-1	1	0	-1	-1	-1	-1	-1	-1	70	0	
266	267	2410	-1	21	花剌子士兵		178.868637	359.209686	0	0	10000	-1	-1	1	0	-1	-1	-1	-1	-1	-1	70	0	
267	268	2410	-1	21	花剌子士兵		162.761932	346.839905	0	0	10000	-1	-1	1	0	-1	-1	-1	-1	-1	-1	70	0	
268	269	2410	-1	21	花剌子士兵		162.357498	345.813446	0	0	10000	-1	-1	1	0	-1	-1	-1	-1	-1	-1	70	0	
269	270	2410	-1	21	花剌子士兵		161.152313	346.875366	0	0	10000	-1	-1	1	0	-1	-1	-1	-1	-1	-1	70	0	
270	271	2410	-1	21	花剌子士兵		161.876846	347.795471	0	0	10000	-1	-1	1	0	-1	-1	-1	-1	-1	-1	70	0	
271	272	2410	-1	21	花剌子士兵		160.369736	347.485718	0	0	10000	-1	-1	1	0	-1	-1	-1	-1	-1	-1	70	0	
272	273	2410	-1	21	花剌子士兵		150.271729	333.06192	0	0	10000	-1	-1	1	0	-1	-1	-1	-1	-1	-1	70	0	
273	274	2410	-1	21	花剌子士兵		152.101608	334.67691	0	0	10000	-1	-1	1	0	-1	-1	-1	-1	-1	-1	70	0	
274	275	2410	-1	21	花剌子士兵		151.843979	333.394653	0	0	10000	-1	-1	1	0	-1	-1	-1	-1	-1	-1	70	0	
275	276	2410	-1	21	花剌子士兵		151.96106	332.359253	0	0	10000	-1	-1	1	0	-1	-1	-1	-1	-1	-1	70	0	
276	277	2410	-1	21	花剌子士兵		150.87265	334.226044	0	0	10000	-1	-1	1	0	-1	-1	-1	-1	-1	-1	70	0	
277	278	2410	-1	21	花剌子士兵		107.323166	359.610931	0	0	10000	-1	-1	1	0	-1	-1	-1	-1	-1	-1	70	0	
278	279	2410	-1	21	花剌子士兵		108.929192	359.914368	0	0	10000	-1	-1	1	0	-1	-1	-1	-1	-1	-1	70	0	
279	280	2410	-1	21	花剌子士兵		107.928009	361.042633	0	0	10000	-1	-1	1	0	-1	-1	-1	-1	-1	-1	70	0	
280	281	2410	-1	21	花剌子士兵		107.215096	362.122925	0	0	10000	-1	-1	1	0	-1	-1	-1	-1	-1	-1	70	0	
281	282	2410	-1	21	花剌子士兵		106.395325	360.595123	0	0	10000	-1	-1	1	0	-1	-1	-1	-1	-1	-1	70	0	
282	283	2410	-1	21	花剌子士兵		129.477814	356.141602	0	0	10000	-1	-1	1	0	-1	-1	-1	-1	-1	-1	70	0	
283	284	2410	-1	21	花剌子士兵		130.487747	354.644379	0	0	10000	-1	-1	1	0	-1	-1	-1	-1	-1	-1	70	0	
284	285	2410	-1	21	花剌子士兵		128.32251	353.555298	0	0	10000	-1	-1	1	0	-1	-1	-1	-1	-1	-1	70	0	
285	286	2410	-1	21	花剌子士兵		129.297379	354.745667	0	0	10000	-1	-1	1	0	-1	-1	-1	-1	-1	-1	70	0	
286	287	2410	-1	21	花剌子士兵		130.174149	353.30542	0	0	10000	-1	-1	1	0	-1	-1	-1	-1	-1	-1	70	0	
287	288	2411	-1	21	监工	察哈台亲信	251.810562	335.863464	0	0	10000	-1	-1	6	0	-1	-1	-1	-1	-1	-1	72	0	
288	289	2411	-1	21	监工	察哈台亲信	256.932037	336.728546	18	0	10000	-1	-1	6	0	-1	-1	-1	-1	-1	-1	72	0	
289	290	2411	-1	21	监工	察哈台亲信	262.806702	330.225189	18	0	10000	-1	-1	6	0	-1	-1	-1	-1	-1	-1	72	0	
290	291	2411	-1	21	监工	察哈台亲信	252.372147	327.29541	33	0	10000	-1	-1	6	0	-1	-1	-1	-1	-1	-1	72	0	
291	292	2411	-1	21	监工	察哈台亲信	289.637115	367.429413	12	0	10000	-1	-1	6	0	-1	-1	-1	-1	-1	-1	72	0	
292	293	2411	-1	21	监工	察哈台亲信	289.33606	357.72348	24	0	10000	-1	-1	6	0	-1	-1	-1	-1	-1	-1	72	0	
293	294	2411	-1	21	监工	察哈台亲信	296.585327	355.655029	27	0	10000	-1	-1	6	0	-1	-1	-1	-1	-1	-1	72	0	
294	295	2411	-1	21	监工	察哈台亲信	299.734161	360.473206	12	0	10000	-1	-1	6	0	-1	-1	-1	-1	-1	-1	72	0	
295	296	2411	-1	21	监工	察哈台亲信	251.766678	350.446442	0	0	10000	-1	-1	6	0	-1	-1	-1	-1	-1	-1	72	0	
296	297	2411	-1	21	监工	察哈台亲信	258.292938	351.261414	18	0	10000	-1	-1	6	0	-1	-1	-1	-1	-1	-1	72	0	
297	298	2412	-1	21	盗宝士兵	察哈台汗国	259.829285	374.286346	18	0	10000	-1	-1	1	0	-1	-1	-1	-1	-1	-1	72	0	
298	299	2412	-1	21	盗宝士兵	察哈台汗国	259.367859	373.416901	18	0	10000	-1	-1	1	0	-1	-1	-1	-1	-1	-1	72	0	
299	300	2412	-1	21	盗宝士兵	察哈台汗国	260.606598	373.219879	18	0	10000	-1	-1	1	0	-1	-1	-1	-1	-1	-1	72	0	
300	301	2412	-1	21	盗宝士兵	察哈台汗国	260.270935	372.475494	18	0	10000	-1	-1	1	0	-1	-1	-1	-1	-1	-1	72	0	
301	302	2412	-1	21	盗宝士兵	察哈台汗国	259.138123	371.879059	18	0	10000	-1	-1	1	0	-1	-1	-1	-1	-1	-1	72	0	
302	303	2412	-1	21	盗宝士兵	察哈台汗国	274.253052	387.057312	18	0	10000	-1	-1	1	0	-1	-1	-1	-1	-1	-1	72	0	
303	304	2412	-1	21	盗宝士兵	察哈台汗国	274.201202	385.119263	18	0	10000	-1	-1	1	0	-1	-1	-1	-1	-1	-1	72	0	
304	305	2412	-1	21	盗宝士兵	察哈台汗国	277.30835	386.133911	18	0	10000	-1	-1	1	0	-1	-1	-1	-1	-1	-1	72	0	
305	306	2412	-1	21	盗宝士兵	察哈台汗国	276.015747	384.516785	18	0	10000	-1	-1	1	0	-1	-1	-1	-1	-1	-1	72	0	
306	307	2412	-1	21	盗宝士兵	察哈台汗国	276.388641	386.834564	18	0	10000	-1	-1	1	0	-1	-1	-1	-1	-1	-1	72	0	
307	308	2412	-1	21	盗宝士兵	察哈台汗国	240.987747	418.846039	18	0	10000	-1	-1	1	0	-1	-1	-1	-1	-1	-1	72	0	
308	309	2412	-1	21	盗宝士兵	察哈台汗国	241.007416	419.903961	18	0	10000	-1	-1	1	0	-1	-1	-1	-1	-1	-1	72	0	
309	310	2412	-1	21	盗宝士兵	察哈台汗国	242.176529	419.027161	18	0	10000	-1	-1	1	0	-1	-1	-1	-1	-1	-1	72	0	
310	311	2412	-1	21	盗宝士兵	察哈台汗国	243.217392	418.934387	18	0	10000	-1	-1	1	0	-1	-1	-1	-1	-1	-1	72	0	
311	312	2412	-1	21	盗宝士兵	察哈台汗国	242.425781	420.543091	18	0	10000	-1	-1	1	0	-1	-1	-1	-1	-1	-1	72	0	
312	313	2412	-1	21	盗宝士兵	察哈台汗国	251.275772	385.658508	18	0	10000	-1	-1	1	0	-1	-1	-1	-1	-1	-1	72	0	
313	314	2412	-1	21	盗宝士兵	察哈台汗国	250.474106	388.042664	18	0	10000	-1	-1	1	0	-1	-1	-1	-1	-1	-1	72	0	
314	315	2412	-1	21	盗宝士兵	察哈台汗国	253.138916	386.736328	18	0	10000	-1	-1	1	0	-1	-1	-1	-1	-1	-1	72	0	
315	316	2412	-1	21	盗宝士兵	察哈台汗国	251.78981	387.729645	18	0	10000	-1	-1	1	0	-1	-1	-1	-1	-1	-1	72	0	
316	317	2412	-1	21	盗宝士兵	察哈台汗国	250.806229	386.62851	18	0	10000	-1	-1	1	0	-1	-1	-1	-1	-1	-1	72	0	
317	318	2412	-1	21	盗宝士兵	察哈台汗国	232.804108	358.683228	18	0	10000	-1	-1	1	0	-1	-1	-1	-1	-1	-1	72	0	
318	319	2412	-1	21	盗宝士兵	察哈台汗国	232.818787	361.76889	18	0	10000	-1	-1	1	0	-1	-1	-1	-1	-1	-1	72	0	
319	320	2412	-1	21	盗宝士兵	察哈台汗国	233.454712	357.612	18	0	10000	-1	-1	1	0	-1	-1	-1	-1	-1	-1	72	0	
320	321	2412	-1	21	盗宝士兵	察哈台汗国	232.755707	356.732635	18	0	10000	-1	-1	1	0	-1	-1	-1	-1	-1	-1	72	0	
321	322	2412	-1	21	盗宝士兵	察哈台汗国	231.965668	359.424194	18	0	10000	-1	-1	1	0	-1	-1	-1	-1	-1	-1	72	0	
322	323	2412	-1	21	盗宝士兵	察哈台汗国	253.828888	405.561371	18	0	10000	-1	-1	1	0	-1	-1	-1	-1	-1	-1	72	0	
323	324	2412	-1	21	盗宝士兵	察哈台汗国	255.624069	406.998016	18	0	10000	-1	-1	1	0	-1	-1	-1	-1	-1	-1	72	0	
324	325	2412	-1	21	盗宝士兵	察哈台汗国	255.175201	405.46402	18	0	10000	-1	-1	1	0	-1	-1	-1	-1	-1	-1	72	0	
325	326	2412	-1	21	盗宝士兵	察哈台汗国	255.569626	406.030823	18	0	10000	-1	-1	1	0	-1	-1	-1	-1	-1	-1	72	0	
326	327	2412	-1	21	盗宝士兵	察哈台汗国	254.589401	406.418762	18	0	10000	-1	-1	1	0	-1	-1	-1	-1	-1	-1	72	0	
327	328	2413	-1	21	灰骨豺		61.933067	273.308167	0	0	10000	-1	-1	1	0	-1	-1	-1	-1	-1	-1	70	0	
328	329	2413	-1	21	灰骨豺		67.37307	288.081024	0	0	10000	-1	-1	1	0	-1	-1	-1	-1	-1	-1	70	0	
329	330	2413	-1	21	灰骨豺		66.340622	289.674042	0	0	10000	-1	-1	1	0	-1	-1	-1	-1	-1	-1	70	0	
330	331	2413	-1	21	灰骨豺		65.437424	288.16391	0	0	10000	-1	-1	1	0	-1	-1	-1	-1	-1	-1	70	0	
331	332	2413	-1	21	灰骨豺		66.606468	286.533722	0	0	10000	-1	-1	1	0	-1	-1	-1	-1	-1	-1	70	0	
332	333	2413	-1	21	灰骨豺		61.52832	272.478912	0	0	10000	-1	-1	1	0	-1	-1	-1	-1	-1	-1	70	0	
333	334	2413	-1	21	灰骨豺		61.744511	274.544037	0	0	10000	-1	-1	1	0	-1	-1	-1	-1	-1	-1	70	0	
334	335	2413	-1	21	灰骨豺		63.44207	274.279572	0	0	10000	-1	-1	1	0	-1	-1	-1	-1	-1	-1	70	0	
335	336	2413	-1	21	灰骨豺		63.38541	273.056122	0	0	10000	-1	-1	1	0	-1	-1	-1	-1	-1	-1	70	0	
336	337	2413	-1	21	灰骨豺		100.623383	297.001892	0	0	10000	-1	-1	1	0	-1	-1	-1	-1	-1	-1	70	0	
337	338	2413	-1	21	灰骨豺		98.82962	295.561096	0	0	10000	-1	-1	1	0	-1	-1	-1	-1	-1	-1	70	0	
338	339	2413	-1	21	灰骨豺		100.874573	295.773468	0	0	10000	-1	-1	1	0	-1	-1	-1	-1	-1	-1	70	0	
339	340	2413	-1	21	灰骨豺		99.700882	294.789978	0	0	10000	-1	-1	1	0	-1	-1	-1	-1	-1	-1	70	0	
340	341	2413	-1	21	灰骨豺		98.376152	296.108887	0	0	10000	-1	-1	1	0	-1	-1	-1	-1	-1	-1	70	0	
341	342	2413	-1	21	灰骨豺		90.955765	276.221191	0	0	10000	-1	-1	1	0	-1	-1	-1	-1	-1	-1	70	0	
342	343	2413	-1	21	灰骨豺		91.45887	278.437347	0	0	10000	-1	-1	1	0	-1	-1	-1	-1	-1	-1	70	0	
343	344	2413	-1	21	灰骨豺		93.905136	278.87323	0	0	10000	-1	-1	1	0	-1	-1	-1	-1	-1	-1	70	0	
344	345	2413	-1	21	灰骨豺		90.324821	277.531433	0	0	10000	-1	-1	1	0	-1	-1	-1	-1	-1	-1	70	0	
345	346	2413	-1	21	灰骨豺		94.154335	277.522614	0	0	10000	-1	-1	1	0	-1	-1	-1	-1	-1	-1	70	0	
346	347	2413	-1	21	灰骨豺		82.121246	264.121735	0	0	10000	-1	-1	1	0	-1	-1	-1	-1	-1	-1	70	0	
347	348	2413	-1	21	灰骨豺		83.453613	262.442505	0	0	10000	-1	-1	1	0	-1	-1	-1	-1	-1	-1	70	0	
348	349	2413	-1	21	灰骨豺		79.676933	264.409241	0	0	10000	-1	-1	1	0	-1	-1	-1	-1	-1	-1	70	0	
349	350	2413	-1	21	灰骨豺		82.002579	265.193451	0	0	10000	-1	-1	1	0	-1	-1	-1	-1	-1	-1	70	0	
350	351	2413	-1	21	灰骨豺		84.280411	264.651215	0	0	10000	-1	-1	1	0	-1	-1	-1	-1	-1	-1	70	0	
351	352	2413	-1	21	灰骨豺		82.653831	303.754028	0	0	10000	-1	-1	1	0	-1	-1	-1	-1	-1	-1	70	0	
352	353	2413	-1	21	灰骨豺		96.097481	326.179016	0	0	10000	-1	-1	1	0	-1	-1	-1	-1	-1	-1	70	0	
353	354	2413	-1	21	灰骨豺		91.13842	304.266602	0	0	10000	-1	-1	1	0	-1	-1	-1	-1	-1	-1	70	0	
354	355	2413	-1	21	灰骨豺		96.690681	335.019867	0	0	10000	-1	-1	1	0	-1	-1	-1	-1	-1	-1	70	0	
355	356	2413	-1	21	灰骨豺		85.080879	321.654022	0	0	10000	-1	-1	1	0	-1	-1	-1	-1	-1	-1	70	0	
356	357	2413	-1	21	灰骨豺		48.803593	258.195801	0	0	10000	-1	-1	1	0	-1	-1	-1	-1	-1	-1	70	0	
357	358	2413	-1	21	灰骨豺		51.49828	253.890381	0	0	10000	-1	-1	1	0	-1	-1	-1	-1	-1	-1	70	0	
358	359	2413	-1	21	灰骨豺		62.414356	257.208893	0	0	10000	-1	-1	1	0	-1	-1	-1	-1	-1	-1	70	0	
359	360	2413	-1	21	灰骨豺		64.178146	260.216461	0	0	10000	-1	-1	1	0	-1	-1	-1	-1	-1	-1	70	0	
360	361	2413	-1	21	灰骨豺		61.045624	263.077972	0	0	10000	-1	-1	1	0	-1	-1	-1	-1	-1	-1	70	0	
361	362	2413	-1	21	灰骨豺		81.696701	287.095612	0	0	10000	-1	-1	1	0	-1	-1	-1	-1	-1	-1	70	0	
362	363	2413	-1	21	灰骨豺		79.910233	285.847961	0	0	10000	-1	-1	1	0	-1	-1	-1	-1	-1	-1	70	0	
363	364	2413	-1	21	灰骨豺		78.589157	286.956818	0	0	10000	-1	-1	1	0	-1	-1	-1	-1	-1	-1	70	0	
364	365	2413	-1	21	灰骨豺		78.111916	288.227051	0	0	10000	-1	-1	1	0	-1	-1	-1	-1	-1	-1	70	0	
365	366	2413	-1	21	灰骨豺		77.091461	285.80423	0	0	10000	-1	-1	1	0	-1	-1	-1	-1	-1	-1	70	0	
366	367	2413	-1	21	灰骨豺		64.331779	287.008728	0	0	10000	-1	-1	1	0	-1	-1	-1	-1	-1	-1	70	0	
367	368	2414	-1	21	伪装的守墓者		397.33313	71.921051	27	0	10000	-1	-1	1	0	-1	-1	-1	-1	-1	-1	74	0	
368	369	2414	-1	21	伪装的守墓者		384.337128	81.78389	0	0	10000	-1	-1	1	0	-1	-1	-1	-1	-1	-1	74	0	
369	370	2414	-1	21	伪装的守墓者		393.573883	73.228027	27	0	10000	-1	-1	1	0	-1	-1	-1	-1	-1	-1	74	0	
370	371	2414	-1	21	伪装的守墓者		442.539856	103.066826	0	0	10000	-1	-1	1	0	-1	-1	-1	-1	-1	-1	74	0	
371	372	2414	-1	21	伪装的守墓者		422.906982	76.21283	0	0	10000	-1	-1	1	0	-1	-1	-1	-1	-1	-1	74	0	
372	373	2414	-1	21	伪装的守墓者		387.309601	83.588791	6	0	10000	-1	-1	1	0	-1	-1	-1	-1	-1	-1	74	0	
373	374	2414	-1	21	伪装的守墓者		422.078064	74.571388	0	0	10000	-1	-1	1	0	-1	-1	-1	-1	-1	-1	74	0	
374	375	2414	-1	21	伪装的守墓者		442.981781	104.373077	0	0	10000	-1	-1	1	0	-1	-1	-1	-1	-1	-1	74	0	
375	376	2414	-1	21	伪装的守墓者		385.47876	78.811111	0	0	10000	-1	-1	1	0	-1	-1	-1	-1	-1	-1	74	0	
376	377	2414	-1	21	伪装的守墓者		403.957458	79.11496	0	0	10000	-1	-1	1	0	-1	-1	-1	-1	-1	-1	74	0	
377	378	2414	-1	21	伪装的守墓者		412.098022	54.060352	0	0	10000	-1	-1	1	0	-1	-1	-1	-1	-1	-1	74	0	
378	379	2414	-1	21	伪装的守墓者		423.929169	74.741096	0	0	10000	-1	-1	1	0	-1	-1	-1	-1	-1	-1	74	0	
379	380	2414	-1	21	伪装的守墓者		423.040558	74.417145	0	0	10000	-1	-1	1	0	-1	-1	-1	-1	-1	-1	74	0	
380	381	2414	-1	21	伪装的守墓者		423.774536	76.584496	0	0	10000	-1	-1	1	0	-1	-1	-1	-1	-1	-1	74	0	
381	382	2414	-1	21	伪装的守墓者		422.051544	97.216774	0	0	10000	-1	-1	1	0	-1	-1	-1	-1	-1	-1	74	0	
382	383	2414	-1	21	伪装的守墓者		413.109039	52.165508	0	0	10000	-1	-1	1	0	-1	-1	-1	-1	-1	-1	74	0	
383	384	2414	-1	21	伪装的守墓者		414.268738	54.085682	0	0	10000	-1	-1	1	0	-1	-1	-1	-1	-1	-1	74	0	
384	385	2414	-1	21	伪装的守墓者		411.430084	52.121681	0	0	10000	-1	-1	1	0	-1	-1	-1	-1	-1	-1	74	0	
385	386	2414	-1	21	伪装的守墓者		415.050476	52.11129	0	0	10000	-1	-1	1	0	-1	-1	-1	-1	-1	-1	74	0	
386	387	2414	-1	21	伪装的守墓者		404.572845	82.450607	0	0	10000	-1	-1	1	0	-1	-1	-1	-1	-1	-1	74	0	
387	388	2414	-1	21	伪装的守墓者		403.517548	80.314201	0	0	10000	-1	-1	1	0	-1	-1	-1	-1	-1	-1	74	0	
388	389	2414	-1	21	伪装的守墓者		405.02774	80.323181	0	0	10000	-1	-1	1	0	-1	-1	-1	-1	-1	-1	74	0	
389	390	2414	-1	21	伪装的守墓者		405.602081	81.338226	0	0	10000	-1	-1	1	0	-1	-1	-1	-1	-1	-1	74	0	
390	391	2414	-1	21	伪装的守墓者		440.484406	90.375877	0	0	10000	-1	-1	1	0	-1	-1	-1	-1	-1	-1	74	0	
391	392	2414	-1	21	伪装的守墓者		441.287506	90.673904	0	0	10000	-1	-1	1	0	-1	-1	-1	-1	-1	-1	74	0	
392	393	2414	-1	21	伪装的守墓者		440.302795	89.065292	0	0	10000	-1	-1	1	0	-1	-1	-1	-1	-1	-1	74	0	
393	394	2414	-1	21	伪装的守墓者		441.400696	89.052284	0	0	10000	-1	-1	1	0	-1	-1	-1	-1	-1	-1	74	0	
394	395	2414	-1	21	伪装的守墓者		442.061371	89.765251	0	0	10000	-1	-1	1	0	-1	-1	-1	-1	-1	-1	74	0	
395	396	2414	-1	21	伪装的守墓者		440.635742	105.066757	0	0	10000	-1	-1	1	0	-1	-1	-1	-1	-1	-1	74	0	
396	397	2414	-1	21	伪装的守墓者		440.914795	103.542038	0	0	10000	-1	-1	1	0	-1	-1	-1	-1	-1	-1	74	0	
397	398	2414	-1	21	伪装的守墓者		441.814026	104.079033	0	0	10000	-1	-1	1	0	-1	-1	-1	-1	-1	-1	74	0	
398	399	2414	-1	21	伪装的守墓者		390.31488	120.19873	0	0	10000	-1	-1	1	0	-1	-1	-1	-1	-1	-1	74	0	
399	400	2414	-1	21	伪装的守墓者		389.047607	118.801514	0	0	10000	-1	-1	1	0	-1	-1	-1	-1	-1	-1	74	0	
400	401	2414	-1	21	伪装的守墓者		390.1203	118.679062	0	0	10000	-1	-1	1	0	-1	-1	-1	-1	-1	-1	74	0	
401	402	2414	-1	21	伪装的守墓者		388.790009	120.335228	0	0	10000	-1	-1	1	0	-1	-1	-1	-1	-1	-1	74	0	
402	403	2414	-1	21	伪装的守墓者		387.76297	118.889427	0	0	10000	-1	-1	1	0	-1	-1	-1	-1	-1	-1	74	0	
403	404	2414	-1	21	伪装的守墓者		422.56015	98.433388	0	0	10000	-1	-1	1	0	-1	-1	-1	-1	-1	-1	74	0	
404	405	2414	-1	21	伪装的守墓者		421.160034	97.286827	0	0	10000	-1	-1	1	0	-1	-1	-1	-1	-1	-1	74	0	
405	406	2414	-1	21	伪装的守墓者		421.915558	99.067741	0	0	10000	-1	-1	1	0	-1	-1	-1	-1	-1	-1	74	0	
406	407	2414	-1	21	伪装的守墓者		423.122559	97.697227	0	0	10000	-1	-1	1	0	-1	-1	-1	-1	-1	-1	74	0	
407	408	2415	-1	21	疯狂的盗墓贼		377.766724	196.350296	0	0	10000	-1	-1	1	0	-1	-1	-1	-1	-1	-1	74	0	
408	409	2415	-1	21	疯狂的盗墓贼		383.920715	191.636566	0	0	10000	-1	-1	1	0	-1	-1	-1	-1	-1	-1	74	0	
409	410	2415	-1	21	疯狂的盗墓贼		379.906158	186.283829	0	0	10000	-1	-1	1	0	-1	-1	-1	-1	-1	-1	74	0	
410	411	2415	-1	21	疯狂的盗墓贼		388.274261	193.753967	0	0	10000	-1	-1	1	0	-1	-1	-1	-1	-1	-1	74	0	
411	412	2415	-1	21	疯狂的盗墓贼		377.83786	191.129532	0	0	10000	-1	-1	1	0	-1	-1	-1	-1	-1	-1	74	0	
412	413	2415	-1	21	疯狂的盗墓贼		394.892639	200.109528	0	0	10000	-1	-1	1	0	-1	-1	-1	-1	-1	-1	74	0	
413	414	2415	-1	21	疯狂的盗墓贼		380.972443	198.430878	0	0	10000	-1	-1	1	0	-1	-1	-1	-1	-1	-1	74	0	
414	415	2415	-1	21	疯狂的盗墓贼		400.952423	190.737488	0	0	10000	-1	-1	1	0	-1	-1	-1	-1	-1	-1	74	0	
415	416	2415	-1	21	疯狂的盗墓贼		388.105286	199.141022	0	0	10000	-1	-1	1	0	-1	-1	-1	-1	-1	-1	74	0	
416	417	2415	-1	21	疯狂的盗墓贼		399.26416	195.440781	0	0	10000	-1	-1	1	0	-1	-1	-1	-1	-1	-1	74	0	
417	418	2415	-1	21	疯狂的盗墓贼		393.215637	189.875778	0	0	10000	-1	-1	1	0	-1	-1	-1	-1	-1	-1	74	0	
418	419	2415	-1	21	疯狂的盗墓贼		385.899323	186.729706	0	0	10000	-1	-1	1	0	-1	-1	-1	-1	-1	-1	74	0	
419	420	2415	-1	21	疯狂的盗墓贼		385.560852	181.097198	0	0	10000	-1	-1	1	0	-1	-1	-1	-1	-1	-1	74	0	
420	421	2415	-1	21	疯狂的盗墓贼		391.825745	182.845795	0	0	10000	-1	-1	1	0	-1	-1	-1	-1	-1	-1	74	0	
421	422	2415	-1	21	疯狂的盗墓贼		405.567749	197.249405	0	0	10000	-1	-1	1	0	-1	-1	-1	-1	-1	-1	74	0	
422	423	2416	-1	21	背叛主教的萨满		80.288048	86.82869	0	0	10000	-1	-1	1	0	-1	-1	-1	-1	-1	-1	75	0	
423	424	2416	-1	21	背叛主教的萨满		78.468864	88.576599	0	0	10000	-1	-1	1	0	-1	-1	-1	-1	-1	-1	75	0	
424	425	2416	-1	21	背叛主教的萨满		82.019844	88.260429	0	0	10000	-1	-1	1	0	-1	-1	-1	-1	-1	-1	75	0	
425	426	2416	-1	21	背叛主教的萨满		82.188263	89.484863	0	0	10000	-1	-1	1	0	-1	-1	-1	-1	-1	-1	75	0	
426	427	2416	-1	21	背叛主教的萨满		80.55674	88.658791	0	0	10000	-1	-1	1	0	-1	-1	-1	-1	-1	-1	75	0	
427	428	2416	-1	21	背叛主教的萨满		99.785439	73.816818	0	0	10000	-1	-1	1	0	-1	-1	-1	-1	-1	-1	75	0	
428	429	2416	-1	21	背叛主教的萨满		99.754578	70.280876	0	0	10000	-1	-1	1	0	-1	-1	-1	-1	-1	-1	75	0	
429	430	2416	-1	21	背叛主教的萨满		98.818474	72.286232	0	0	10000	-1	-1	1	0	-1	-1	-1	-1	-1	-1	75	0	
430	431	2416	-1	21	背叛主教的萨满		100.728447	71.439255	0	0	10000	-1	-1	1	0	-1	-1	-1	-1	-1	-1	75	0	
431	432	2416	-1	21	背叛主教的萨满		100.822685	72.680489	0	0	10000	-1	-1	1	0	-1	-1	-1	-1	-1	-1	75	0	
432	433	2416	-1	21	背叛主教的萨满		93.703674	59.935001	0	0	10000	-1	-1	1	0	-1	-1	-1	-1	-1	-1	75	0	
433	434	2416	-1	21	背叛主教的萨满		89.458321	57.891701	0	0	10000	-1	-1	1	0	-1	-1	-1	-1	-1	-1	75	0	
434	435	2416	-1	21	背叛主教的萨满		91.1483	58.766388	0	0	10000	-1	-1	1	0	-1	-1	-1	-1	-1	-1	75	0	
435	436	2416	-1	21	背叛主教的萨满		91.603455	56.508301	0	0	10000	-1	-1	1	0	-1	-1	-1	-1	-1	-1	75	0	
436	437	2416	-1	21	背叛主教的萨满		94.087395	56.830021	0	0	10000	-1	-1	1	0	-1	-1	-1	-1	-1	-1	75	0	
437	438	2416	-1	21	背叛主教的萨满		82.027481	70.975586	0	0	10000	-1	-1	1	0	-1	-1	-1	-1	-1	-1	75	0	
438	439	2416	-1	21	背叛主教的萨满		79.606369	70.746796	0	0	10000	-1	-1	1	0	-1	-1	-1	-1	-1	-1	75	0	
439	440	2416	-1	21	背叛主教的萨满		80.480705	69.341736	0	0	10000	-1	-1	1	0	-1	-1	-1	-1	-1	-1	75	0	
440	441	2416	-1	21	背叛主教的萨满		80.953812	70.616013	0	0	10000	-1	-1	1	0	-1	-1	-1	-1	-1	-1	75	0	
441	442	2416	-1	21	背叛主教的萨满		80.292328	71.972557	0	0	10000	-1	-1	1	0	-1	-1	-1	-1	-1	-1	75	0	
442	443	2417	-1	21	乔装的塔塔尔萨满		197.98204	113.779007	0	0	10000	-1	-1	1	0	-1	-1	-1	-1	-1	-1	75	0	
443	444	2417	-1	21	乔装的塔塔尔萨满		197.004181	115.387321	0	0	10000	-1	-1	1	0	-1	-1	-1	-1	-1	-1	75	0	
444	445	2417	-1	21	乔装的塔塔尔萨满		200.419144	116.642784	0	0	10000	-1	-1	1	0	-1	-1	-1	-1	-1	-1	75	0	
445	446	2417	-1	21	乔装的塔塔尔萨满		199.818375	114.47805	0	0	10000	-1	-1	1	0	-1	-1	-1	-1	-1	-1	75	0	
446	447	2417	-1	21	乔装的塔塔尔萨满		193.455719	118.196877	0	0	10000	-1	-1	1	0	-1	-1	-1	-1	-1	-1	75	0	
447	448	2417	-1	21	乔装的塔塔尔萨满		213.292435	129.029465	0	0	10000	-1	-1	1	0	-1	-1	-1	-1	-1	-1	75	0	
448	449	2417	-1	21	乔装的塔塔尔萨满		215.134201	129.258698	0	0	10000	-1	-1	1	0	-1	-1	-1	-1	-1	-1	75	0	
449	450	2417	-1	21	乔装的塔塔尔萨满		214.530212	126.316132	0	0	10000	-1	-1	1	0	-1	-1	-1	-1	-1	-1	75	0	
450	451	2417	-1	21	乔装的塔塔尔萨满		212.245392	125.12307	0	0	10000	-1	-1	1	0	-1	-1	-1	-1	-1	-1	75	0	
451	452	2417	-1	21	乔装的塔塔尔萨满		209.66777	129.180634	0	0	10000	-1	-1	1	0	-1	-1	-1	-1	-1	-1	75	0	
452	453	2417	-1	21	乔装的塔塔尔萨满		194.56601	130.289764	0	0	10000	-1	-1	1	0	-1	-1	-1	-1	-1	-1	75	0	
453	454	2417	-1	21	乔装的塔塔尔萨满		192.902802	127.320656	0	0	10000	-1	-1	1	0	-1	-1	-1	-1	-1	-1	75	0	
454	455	2417	-1	21	乔装的塔塔尔萨满		191.736282	129.009674	0	0	10000	-1	-1	1	0	-1	-1	-1	-1	-1	-1	75	0	
455	456	2417	-1	21	乔装的塔塔尔萨满		195.200165	127.813263	0	0	10000	-1	-1	1	0	-1	-1	-1	-1	-1	-1	75	0	
456	457	2417	-1	21	乔装的塔塔尔萨满		185.992249	130.258362	0	0	10000	-1	-1	1	0	-1	-1	-1	-1	-1	-1	75	0	
457	458	2417	-1	21	乔装的塔塔尔萨满		183.384583	143.973038	0	0	10000	-1	-1	1	0	-1	-1	-1	-1	-1	-1	75	0	
458	459	2417	-1	21	乔装的塔塔尔萨满		186.58783	142.880493	0	0	10000	-1	-1	1	0	-1	-1	-1	-1	-1	-1	75	0	
459	460	2417	-1	21	乔装的塔塔尔萨满		183.760666	141.091858	0	0	10000	-1	-1	1	0	-1	-1	-1	-1	-1	-1	75	0	
460	461	2417	-1	21	乔装的塔塔尔萨满		185.438293	144.643738	0	0	10000	-1	-1	1	0	-1	-1	-1	-1	-1	-1	75	0	
461	462	2417	-1	21	乔装的塔塔尔萨满		185.081238	139.890259	0	0	10000	-1	-1	1	0	-1	-1	-1	-1	-1	-1	75	0	
462	463	2344	125504	-1	边塞商人	药品商人	342.10202	210.063858	22	0	10000	-1	-1	3	0	-1	-1	-1	-1	-1	-1	40	0	
463	464	2299	101310	-1	边塞传送	领地传送人	330.205841	245.024933	5	0	10000	-1	-1	3	0	-1	-1	-1	-1	-1	-1	40	0	
464	465	1320	101540	-1	通往王国迷宫三层	王国迷宫传送	333.515137	250.21405	4	0	10000	-1	-1	3	0	-1	-1	-1	-1	-1	-1	60	0	
465	466	2350	125510	20	边塞召集人		406.259003	286.734009	21	0	10000	-1	-1	3	0	-1	-1	-1	-1	-1	-1	40	0	
466	467	2350	125544	20	边塞召集人		392.371002	296.733002	4	0	10000	-1	-1	3	0	-1	-1	-1	-1	-1	-1	40	0	
467	468	2383	125543	-1	真金太子	大元太子	355.062988	228.586334	23	0	10000	-1	-1	3	0	-1	-1	-1	-1	-1	-1	40	0	
468	469	1320	124552	20	狩龙	龙魂密探	235.677612	99.747429	24	0	10000	-1	-1	3	0	-1	-1	-1	-1	-1	-1	60	0	
