NUM	NUM	NUM	NUM	NUM	TEXT	TEXT	FLOAT	FLOAT	NUM	NUM	NUM	NUM	NUM	NUM	NUM	NUM	NUM	NUM	NUM	NUM	NUM	NUM	NUM
编号	随机编号	attr编号	逻辑表编号	阵营编号	名称	称号	x轴坐标	z轴坐标	朝向	脚本编号	重生时间	分组编号	队伍编号	基础AI	AI文件	巡逻路径	商店0	商店1	商店2	商店3	名誉ID	等级	镜像组
0	1505229	9817	-1	21	易仆拉辛	条顿之王爪牙	61	224	5	300619	10000	-1	-1	1	0	-1	-1	-1	-1	-1	-1	110	0	
1	15052370	2604	101309	-1	西奈半岛	领地传送人	51	43	27	-1	1000	-1	-1	3	0	-1	-1	-1	-1	-1	-1	100	0	
2	14	28526	400586	20	迈赫迪	西奈行省省长	43.576397	42.506474	18	0	10000	-1	-1	3	0	-1	-1	-1	-1	-1	-1	110	0	
3	15	1606	400584	20	阿扎木	埃及苏丹大臣	40.815674	40.461845	32	0	10000	-1	-1	3	0	-1	-1	-1	-1	-1	-1	110	0	
4	13	1356	400585	20	马哈茂德	埃及苏丹	38.451572	42.569679	0	0	10000	-1	-1	3	0	-1	-1	-1	-1	-1	-1	110	0	
5	39	1939	400587	20	赛义德	西奈大阿訇	47.148136	195.941452	0	0	10000	-1	-1	3	0	-1	-1	-1	-1	-1	-1	110	0	
6	57	1939	400588	20	赛义萨	西奈大阿訇	208.107254	142.505234	18	0	10000	-1	-1	3	0	-1	-1	-1	-1	-1	-1	110	0	
7	73	37	400589	20	麦提尼	西奈阿訇	210.26947	144.146255	18	0	10000	-1	-1	3	0	-1	-1	-1	-1	-1	-1	110	0	
8	74	37	400590	20	萨卜尔	西奈阿訇	210.374603	140.259995	18	0	10000	-1	-1	3	0	-1	-1	-1	-1	-1	-1	110	0	
9	75	37	400590	20	瓦哈卜	西奈阿訇	45.965313	193.626083	0	0	10000	-1	-1	3	0	-1	-1	-1	-1	-1	-1	110	0	
10	36	1360	400596	20	齐雅德	西奈居民	205.557892	137.392593	28	0	10000	-1	-1	3	0	-1	-1	-1	-1	-1	-1	110	0	
11	40	1360	400597	20	扎希德	西奈居民	154.469009	198.095352	16	0	10000	-1	-1	3	0	-1	-1	-1	-1	-1	-1	110	0	
12	63	1360	400598	20	瓦吉哈	西奈居民	37.573193	60.098881	30	0	10000	-1	-1	3	0	-1	-1	-1	-1	-1	-1	110	0	
13	64	1301	400599	20	赛义德	西奈居民	38.674217	61.608471	12	0	10000	-1	-1	3	0	-1	-1	-1	-1	-1	-1	110	0	
14	65	933	400596	20	萨里耶	西奈居民	53.814747	69.422775	27	0	10000	-1	-1	3	0	-1	-1	-1	-1	-1	-1	110	0	
15	41	3605	400597	20	萨费	西奈居民	204.84436	139.473099	0	0	10000	-1	-1	3	0	-1	-1	-1	-1	-1	-1	110	0	
16	42	1362	400598	20	塔希尔	西奈居民	203.511505	140.957214	0	0	10000	-1	-1	3	0	-1	-1	-1	-1	-1	-1	110	0	
17	45	1363	400599	20	拉沙德	西奈居民	203.925079	146.207886	4	0	10000	-1	-1	3	0	-1	-1	-1	-1	-1	-1	110	0	
18	47	925	400596	20	努尔曼	西奈居民	214.488708	39.635223	24	0	10000	-1	-1	3	0	-1	-1	-1	-1	-1	-1	110	0	
19	55	1362	400597	20	穆萨	西奈居民	212.491501	41.920372	6	0	10000	-1	-1	3	0	-1	-1	-1	-1	-1	-1	110	0	
20	70	12989	400598	20	穆阿兹	西奈居民	49.221821	25.486162	32	0	10000	-1	-1	3	0	-1	-1	-1	-1	-1	-1	110	0	
21	71	81	400599	20	麦吉德	西奈居民	53.11747	25.560722	20	0	10000	-1	-1	3	0	-1	-1	-1	-1	-1	-1	110	0	
22	72	1911	400596	20	鲁格曼妮	西奈居民	46.987553	26.966045	0	0	10000	-1	-1	3	0	-1	-1	-1	-1	-1	-1	110	0	
23	35	1911	400597	20	哈丽娜	西奈居民	151.260178	203.346298	16	0	10000	-1	-1	3	0	-1	-1	-1	-1	-1	-1	110	0	
24	43	1914	400598	20	阿里娅	西奈居民	203.258347	141.924622	0	0	10000	-1	-1	3	0	-1	-1	-1	-1	-1	-1	110	0	
25	44	1909	400599	20	赫伊尔丁	西奈居民	205.019485	147.390274	4	0	10000	-1	-1	3	0	-1	-1	-1	-1	-1	-1	110	0	
26	52	1912	400598	20	麦娜姆	西奈居民	218.281616	43.638126	26	0	10000	-1	-1	3	0	-1	-1	-1	-1	-1	-1	110	0	
27	54	1914	400599	20	伊哈娜	西奈居民	217.948013	45.619522	8	0	10000	-1	-1	3	0	-1	-1	-1	-1	-1	-1	110	0	
28	58	5980	400591	20	埃及士兵		57.263699	87.596901	27	0	10000	-1	-1	3	0	-1	-1	-1	-1	-1	-1	110	0	
29	59	5980	400592	20	埃及士兵		53.067921	197.788452	18	0	10000	-1	-1	3	0	-1	-1	-1	-1	-1	-1	110	0	
30	60	5980	400593	20	埃及士兵		50.418957	197.869858	18	0	10000	-1	-1	3	0	-1	-1	-1	-1	-1	-1	110	0	
31	61	5980	400594	20	埃及士兵		50.341324	194.021759	18	0	10000	-1	-1	3	0	-1	-1	-1	-1	-1	-1	110	0	
32	62	5980	400595	20	埃及士兵		52.949268	193.775528	18	0	10000	-1	-1	3	0	-1	-1	-1	-1	-1	-1	110	0	
33	66	5980	400591	20	埃及士兵		38.295773	36.0942	0	0	10000	-1	-1	3	0	-1	-1	-1	-1	-1	-1	110	0	
34	67	5980	400592	20	埃及士兵		45.074806	44.621513	18	0	10000	-1	-1	3	0	-1	-1	-1	-1	-1	-1	110	0	
35	1	5980	400593	20	埃及士兵		80.504456	36.415215	0	0	10000	-1	-1	3	0	-1	-1	-1	-1	-1	-1	110	0	
36	2	5980	400594	20	埃及士兵		36.93914	34.389267	0	0	10000	-1	-1	3	0	-1	-1	-1	-1	-1	-1	110	0	
37	3	5980	400595	20	埃及士兵		80.245491	50.109825	0	0	10000	-1	-1	3	0	-1	-1	-1	-1	-1	-1	110	0	
38	4	5980	400591	20	埃及士兵		66.704475	35.973457	18	0	10000	-1	-1	3	0	-1	-1	-1	-1	-1	-1	110	0	
39	5	5980	400592	20	埃及士兵		66.189529	50.321064	18	0	10000	-1	-1	3	0	-1	-1	-1	-1	-1	-1	110	0	
40	6	5980	400593	20	埃及士兵		57.263657	87.596924	27	0	10000	-1	-1	3	0	-1	-1	-1	-1	-1	-1	110	0	
41	7	5980	400594	20	埃及士兵		36.808712	51.961899	0	0	10000	-1	-1	3	0	-1	-1	-1	-1	-1	-1	110	0	
42	8	5980	400595	20	埃及士兵		56.755341	75.244759	9	0	10000	-1	-1	3	0	-1	-1	-1	-1	-1	-1	110	0	
43	9	5980	400591	20	埃及士兵		45.879833	75.119476	9	0	10000	-1	-1	3	0	-1	-1	-1	-1	-1	-1	110	0	
44	10	5980	400592	20	埃及士兵		45.725399	86.761848	27	0	10000	-1	-1	3	0	-1	-1	-1	-1	-1	-1	110	0	
45	11	5980	400593	20	埃及士兵		45.347481	40.912792	18	0	10000	-1	-1	3	0	-1	-1	-1	-1	-1	-1	110	0	
46	12	5980	400594	20	埃及士兵		37.611229	50.834976	0	0	10000	-1	-1	3	0	-1	-1	-1	-1	-1	-1	110	0	
47	68	861	-1	20	 	 	54.694611	65.823425	27	0	10000	-1	-1	3	0	-1	-1	-1	-1	-1	-1	110	0	
48	46	169	-1	20	 	 	205.403168	133.678146	28	0	10000	-1	-1	3	0	-1	-1	-1	-1	-1	-1	110	0	
49	48	166	-1	20	 	 	206.534012	34.047733	24	0	10000	-1	-1	3	0	-1	-1	-1	-1	-1	-1	110	0	
50	49	255	-1	20	 	 	204.781647	35.438339	0	0	10000	-1	-1	3	0	-1	-1	-1	-1	-1	-1	110	0	
51	50	363	-1	20	 	 	204.755264	36.544327	0	0	10000	-1	-1	3	0	-1	-1	-1	-1	-1	-1	110	0	
52	53	5948	-1	20	 	 	212.820541	38.195068	28	0	10000	-1	-1	3	0	-1	-1	-1	-1	-1	-1	110	0	
53	51	166	-1	20	 	 	204.735229	34.05587	32	0	10000	-1	-1	3	0	-1	-1	-1	-1	-1	-1	110	0	
54	56	170	-1	20	 	 	206.7388	58.712513	8	0	10000	-1	-1	3	0	-1	-1	-1	-1	-1	-1	110	0	
55	37	861	-1	20	 		141.750687	207.418793	8	0	10000	-1	-1	3	0	-1	-1	-1	-1	-1	-1	110	0	
56	38	861	-1	20	 		144.266357	207.517654	8	0	10000	-1	-1	3	0	-1	-1	-1	-1	-1	-1	110	0	
57	16	2231	-1	21	西奈恶狐		80.309822	110.352722	0	300640	10000	-1	-1	1	0	-1	-1	-1	-1	-1	-1	110	0	
58	17	2231	-1	21	西奈恶狐		40.054619	110.241348	0	300640	10000	-1	-1	1	0	-1	-1	-1	-1	-1	-1	110	0	
59	18	2231	-1	21	西奈恶狐		56.034927	135.258835	0	300640	10000	-1	-1	1	0	-1	-1	-1	-1	-1	-1	110	0	
60	19	2231	-1	21	西奈恶狐		57.366982	135.786163	0	300640	10000	-1	-1	1	0	-1	-1	-1	-1	-1	-1	110	0	
61	21	2231	-1	21	西奈恶狐		150.036865	56.688896	0	300640	10000	-1	-1	1	0	-1	-1	-1	-1	-1	-1	110	0	
62	22	2231	-1	21	西奈恶狐		197.658051	80.428123	0	300640	10000	-1	-1	1	0	-1	-1	-1	-1	-1	-1	110	0	
63	23	2231	-1	21	西奈恶狐		161.071136	37.573612	0	300640	10000	-1	-1	1	0	-1	-1	-1	-1	-1	-1	110	0	
64	24	2231	-1	21	西奈恶狐		186.031784	41.715069	0	300640	10000	-1	-1	1	0	-1	-1	-1	-1	-1	-1	110	0	
65	25	2231	-1	21	西奈恶狐		224.113159	62.770519	0	300640	10000	-1	-1	1	0	-1	-1	-1	-1	-1	-1	110	0	
66	26	2231	-1	21	西奈恶狐		225.095474	91.31633	0	300640	10000	-1	-1	1	0	-1	-1	-1	-1	-1	-1	110	0	
67	27	2232	-1	21	红海毒蝎		217.722046	118.50219	0	300640	10000	-1	-1	1	0	-1	-1	-1	-1	-1	-1	110	0	
68	28	2232	-1	21	红海毒蝎		227.185059	183.420593	0	300640	10000	-1	-1	1	0	-1	-1	-1	-1	-1	-1	110	0	
69	29	2232	-1	21	红海毒蝎		192.454666	180.371353	0	300640	10000	-1	-1	1	0	-1	-1	-1	-1	-1	-1	110	0	
70	30	2232	-1	21	红海毒蝎		48.213028	220.099503	0	300640	10000	-1	-1	1	0	-1	-1	-1	-1	-1	-1	110	0	
71	31	2232	-1	21	红海毒蝎		145.971909	167.942001	0	300640	10000	-1	-1	1	0	-1	-1	-1	-1	-1	-1	110	0	
72	32	2232	-1	21	红海毒蝎		195.234436	96.072144	0	300640	10000	-1	-1	1	0	-1	-1	-1	-1	-1	-1	110	0	
73	33	2232	-1	21	红海毒蝎		86.821976	198.796509	0	300640	10000	-1	-1	1	0	-1	-1	-1	-1	-1	-1	110	0	
74	34	2232	-1	21	红海毒蝎		107.762138	203.852188	0	300640	10000	-1	-1	1	0	-1	-1	-1	-1	-1	-1	110	0	
75	76	2232	-1	21	红海毒蝎		72.228127	220.794128	0	300640	10000	-1	-1	1	0	-1	-1	-1	-1	-1	-1	110	0	
76	16	2231	-1	21	西奈恶狐		80.32103	109.976463	0	300640	10000	-1	-1	1	0	-1	-1	-1	-1	-1	-1	110	0	
77	17	2231	-1	21	西奈恶狐		38.31131	111.29557	0	300640	10000	-1	-1	1	0	-1	-1	-1	-1	-1	-1	110	0	
78	20	2231	-1	21	西奈恶狐		56.91589	135.849777	0	300640	10000	-1	-1	1	0	-1	-1	-1	-1	-1	-1	110	0	
79	21	2231	-1	21	西奈恶狐		150.550354	57.191002	0	300640	10000	-1	-1	1	0	-1	-1	-1	-1	-1	-1	110	0	
80	22	2231	-1	21	西奈恶狐		197.895096	80.191803	0	300640	10000	-1	-1	1	0	-1	-1	-1	-1	-1	-1	110	0	
81	23	2231	-1	21	西奈恶狐		161.008911	37.733742	0	300640	10000	-1	-1	1	0	-1	-1	-1	-1	-1	-1	110	0	
82	24	2231	-1	21	西奈恶狐		186.031723	42.127159	0	300640	10000	-1	-1	1	0	-1	-1	-1	-1	-1	-1	110	0	
83	25	2231	-1	21	西奈恶狐		223.87236	63.639271	0	300640	10000	-1	-1	1	0	-1	-1	-1	-1	-1	-1	110	0	
84	26	2231	-1	21	西奈恶狐		221.323792	92.017731	0	300640	10000	-1	-1	1	0	-1	-1	-1	-1	-1	-1	110	0	
85	27	2232	-1	21	红海毒蝎		216.443039	120.62645	0	300640	10000	-1	-1	1	0	-1	-1	-1	-1	-1	-1	110	0	
86	28	2232	-1	21	红海毒蝎		225.926666	184.236206	0	300640	10000	-1	-1	1	0	-1	-1	-1	-1	-1	-1	110	0	
87	29	2232	-1	21	红海毒蝎		192.716568	179.079971	0	300640	10000	-1	-1	1	0	-1	-1	-1	-1	-1	-1	110	0	
88	30	2232	-1	21	红海毒蝎		48.01519	221.972916	0	300640	10000	-1	-1	1	0	-1	-1	-1	-1	-1	-1	110	0	
89	31	2232	-1	21	红海毒蝎		132.052002	217.512772	0	300640	10000	-1	-1	1	0	-1	-1	-1	-1	-1	-1	110	0	
90	32	2232	-1	21	红海毒蝎		196.793411	96.912262	0	300640	10000	-1	-1	1	0	-1	-1	-1	-1	-1	-1	110	0	
91	33	2232	-1	21	红海毒蝎		86.526817	198.050156	0	300640	10000	-1	-1	1	0	-1	-1	-1	-1	-1	-1	110	0	
92	34	2232	-1	21	红海毒蝎		106.960518	203.494995	0	300640	10000	-1	-1	1	0	-1	-1	-1	-1	-1	-1	110	0	
93	76	2232	-1	21	红海毒蝎		71.83773	221.276505	0	300640	10000	-1	-1	1	0	-1	-1	-1	-1	-1	-1	110	0	
94	16	2231	-1	21	西奈恶狐		80.368713	110.04509	0	300640	10000	-1	-1	1	0	-1	-1	-1	-1	-1	-1	110	0	
95	17	2231	-1	21	西奈恶狐		39.561844	110.178131	0	300640	10000	-1	-1	1	0	-1	-1	-1	-1	-1	-1	110	0	
96	18	2231	-1	21	西奈恶狐		56.530983	135.408081	0	300640	10000	-1	-1	1	0	-1	-1	-1	-1	-1	-1	110	0	
97	20	2231	-1	21	西奈恶狐		57.151909	135.367996	0	300640	10000	-1	-1	1	0	-1	-1	-1	-1	-1	-1	110	0	
98	21	2231	-1	21	西奈恶狐		149.765289	56.383698	0	300640	10000	-1	-1	1	0	-1	-1	-1	-1	-1	-1	110	0	
99	22	2231	-1	21	西奈恶狐		198.282211	80.437782	0	300640	10000	-1	-1	1	0	-1	-1	-1	-1	-1	-1	110	0	
100	23	2231	-1	21	西奈恶狐		161.234802	38.356377	0	300640	10000	-1	-1	1	0	-1	-1	-1	-1	-1	-1	110	0	
101	24	2231	-1	21	西奈恶狐		185.045776	43.001835	0	300640	10000	-1	-1	1	0	-1	-1	-1	-1	-1	-1	110	0	
102	25	2231	-1	21	西奈恶狐		223.629501	62.98941	0	300640	10000	-1	-1	1	0	-1	-1	-1	-1	-1	-1	110	0	
103	26	2231	-1	21	西奈恶狐		225.16185	91.700294	0	300640	10000	-1	-1	1	0	-1	-1	-1	-1	-1	-1	110	0	
104	27	2232	-1	21	红海毒蝎		216.822906	118.96479	0	300640	10000	-1	-1	1	0	-1	-1	-1	-1	-1	-1	110	0	
105	28	2232	-1	21	红海毒蝎		225.644775	184.140045	0	300640	10000	-1	-1	1	0	-1	-1	-1	-1	-1	-1	110	0	
106	29	2232	-1	21	红海毒蝎		192.720428	178.674911	0	300640	10000	-1	-1	1	0	-1	-1	-1	-1	-1	-1	110	0	
107	30	2232	-1	21	红海毒蝎		48.885571	220.61644	0	300640	10000	-1	-1	1	0	-1	-1	-1	-1	-1	-1	110	0	
108	31	2232	-1	21	红海毒蝎		133.202026	217.741165	0	300640	10000	-1	-1	1	0	-1	-1	-1	-1	-1	-1	110	0	
109	32	2232	-1	21	红海毒蝎		194.831665	95.78624	0	300640	10000	-1	-1	1	0	-1	-1	-1	-1	-1	-1	110	0	
110	33	2232	-1	21	红海毒蝎		86.81469	196.724747	0	300640	10000	-1	-1	1	0	-1	-1	-1	-1	-1	-1	110	0	
111	34	2232	-1	21	红海毒蝎		106.837013	202.77301	0	300640	10000	-1	-1	1	0	-1	-1	-1	-1	-1	-1	110	0	
112	76	2232	-1	21	红海毒蝎		74.197739	220.259674	0	300640	10000	-1	-1	1	0	-1	-1	-1	-1	-1	-1	110	0	
113	16	2231	-1	21	西奈恶狐		82.265388	109.718781	0	300640	10000	-1	-1	1	0	-1	-1	-1	-1	-1	-1	110	0	
114	17	2231	-1	21	西奈恶狐		38.998341	111.308151	0	300640	10000	-1	-1	1	0	-1	-1	-1	-1	-1	-1	110	0	
115	18	2231	-1	21	西奈恶狐		57.499092	136.231369	0	300640	10000	-1	-1	1	0	-1	-1	-1	-1	-1	-1	110	0	
116	19	2231	-1	21	西奈恶狐		57.679878	136.164597	0	300640	10000	-1	-1	1	0	-1	-1	-1	-1	-1	-1	110	0	
117	21	2231	-1	21	西奈恶狐		148.849655	56.173573	0	300640	10000	-1	-1	1	0	-1	-1	-1	-1	-1	-1	110	0	
118	22	2231	-1	21	西奈恶狐		196.470291	80.218475	0	300640	10000	-1	-1	1	0	-1	-1	-1	-1	-1	-1	110	0	
119	23	2231	-1	21	西奈恶狐		161.826736	37.516258	0	300640	10000	-1	-1	1	0	-1	-1	-1	-1	-1	-1	110	0	
120	24	2231	-1	21	西奈恶狐		185.478821	42.571533	0	300640	10000	-1	-1	1	0	-1	-1	-1	-1	-1	-1	110	0	
121	25	2231	-1	21	西奈恶狐		224.124435	63.731693	0	300640	10000	-1	-1	1	0	-1	-1	-1	-1	-1	-1	110	0	
122	26	2231	-1	21	西奈恶狐		225.227631	91.168121	0	300640	10000	-1	-1	1	0	-1	-1	-1	-1	-1	-1	110	0	
123	27	2232	-1	21	红海毒蝎		219.321548	117.191437	0	300640	10000	-1	-1	1	0	-1	-1	-1	-1	-1	-1	110	0	
124	28	2232	-1	21	红海毒蝎		227.231125	183.890549	0	300640	10000	-1	-1	1	0	-1	-1	-1	-1	-1	-1	110	0	
125	29	2232	-1	21	红海毒蝎		193.606323	180.618561	0	300640	10000	-1	-1	1	0	-1	-1	-1	-1	-1	-1	110	0	
126	30	2232	-1	21	红海毒蝎		48.508522	221.962524	0	300640	10000	-1	-1	1	0	-1	-1	-1	-1	-1	-1	110	0	
127	31	2232	-1	21	红海毒蝎		134.087692	218.396912	0	300640	10000	-1	-1	1	0	-1	-1	-1	-1	-1	-1	110	0	
128	32	2232	-1	21	红海毒蝎		193.942139	95.469696	0	300640	10000	-1	-1	1	0	-1	-1	-1	-1	-1	-1	110	0	
129	33	2232	-1	21	红海毒蝎		85.991951	199.408295	0	300640	10000	-1	-1	1	0	-1	-1	-1	-1	-1	-1	110	0	
130	34	2232	-1	21	红海毒蝎		107.245857	203.985336	0	300640	10000	-1	-1	1	0	-1	-1	-1	-1	-1	-1	110	0	
131	76	2232	-1	21	红海毒蝎		74.035904	220.764252	0	300640	10000	-1	-1	1	0	-1	-1	-1	-1	-1	-1	110	0	
132	16	2231	-1	21	西奈恶狐		82.042313	109.785408	0	300640	10000	-1	-1	1	0	-1	-1	-1	-1	-1	-1	110	0	
133	17	2231	-1	21	西奈恶狐		38.791786	111.481224	0	300640	10000	-1	-1	1	0	-1	-1	-1	-1	-1	-1	110	0	
134	18	2231	-1	21	西奈恶狐		56.770641	135.278809	0	300640	10000	-1	-1	1	0	-1	-1	-1	-1	-1	-1	110	0	
135	21	2231	-1	21	西奈恶狐		150.349335	56.886341	0	300640	10000	-1	-1	1	0	-1	-1	-1	-1	-1	-1	110	0	
136	22	2231	-1	21	西奈恶狐		197.875626	80.023117	0	300640	10000	-1	-1	1	0	-1	-1	-1	-1	-1	-1	110	0	
137	23	2231	-1	21	西奈恶狐		161.707352	36.940479	0	300640	10000	-1	-1	1	0	-1	-1	-1	-1	-1	-1	110	0	
138	24	2231	-1	21	西奈恶狐		185.793137	41.949669	0	300640	10000	-1	-1	1	0	-1	-1	-1	-1	-1	-1	110	0	
139	25	2231	-1	21	西奈恶狐		223.029144	63.796242	0	300640	10000	-1	-1	1	0	-1	-1	-1	-1	-1	-1	110	0	
140	26	2231	-1	21	西奈恶狐		225.92395	90.619614	0	300640	10000	-1	-1	1	0	-1	-1	-1	-1	-1	-1	110	0	
141	27	2232	-1	21	红海毒蝎		219.494675	117.565147	0	300640	10000	-1	-1	1	0	-1	-1	-1	-1	-1	-1	110	0	
142	28	2232	-1	21	红海毒蝎		226.225815	184.21962	0	300640	10000	-1	-1	1	0	-1	-1	-1	-1	-1	-1	110	0	
143	29	2232	-1	21	红海毒蝎		192.448593	179.269455	0	300640	10000	-1	-1	1	0	-1	-1	-1	-1	-1	-1	110	0	
144	30	2232	-1	21	红海毒蝎		47.00819	221.30188	0	300640	10000	-1	-1	1	0	-1	-1	-1	-1	-1	-1	110	0	
145	31	2232	-1	21	红海毒蝎		133.959686	217.788696	0	300640	10000	-1	-1	1	0	-1	-1	-1	-1	-1	-1	110	0	
146	32	2232	-1	21	红海毒蝎		195.306458	97.28035	0	300640	10000	-1	-1	1	0	-1	-1	-1	-1	-1	-1	110	0	
147	33	2232	-1	21	红海毒蝎		87.18589	195.905746	0	300640	10000	-1	-1	1	0	-1	-1	-1	-1	-1	-1	110	0	
148	34	2232	-1	21	红海毒蝎		106.967064	203.226669	0	300640	10000	-1	-1	1	0	-1	-1	-1	-1	-1	-1	110	0	
149	76	2232	-1	21	红海毒蝎		73.184494	219.928864	0	300640	10000	-1	-1	1	0	-1	-1	-1	-1	-1	-1	110	0	
150	16	2231	-1	21	西奈恶狐		82.176514	109.785828	0	300640	10000	-1	-1	1	0	-1	-1	-1	-1	-1	-1	110	0	
151	17	2231	-1	21	西奈恶狐		38.749649	111.812241	0	300640	10000	-1	-1	1	0	-1	-1	-1	-1	-1	-1	110	0	
152	20	2231	-1	21	西奈恶狐		56.993378	135.20462	0	300640	10000	-1	-1	1	0	-1	-1	-1	-1	-1	-1	110	0	
153	21	2231	-1	21	西奈恶狐		150.507751	56.605968	0	300640	10000	-1	-1	1	0	-1	-1	-1	-1	-1	-1	110	0	
154	22	2231	-1	21	西奈恶狐		196.665344	80.241966	0	300640	10000	-1	-1	1	0	-1	-1	-1	-1	-1	-1	110	0	
155	23	2231	-1	21	西奈恶狐		160.718002	37.501728	0	300640	10000	-1	-1	1	0	-1	-1	-1	-1	-1	-1	110	0	
156	24	2231	-1	21	西奈恶狐		185.598816	42.558681	0	300640	10000	-1	-1	1	0	-1	-1	-1	-1	-1	-1	110	0	
157	25	2231	-1	21	西奈恶狐		224.257523	62.793407	0	300640	10000	-1	-1	1	0	-1	-1	-1	-1	-1	-1	110	0	
158	26	2231	-1	21	西奈恶狐		223.224884	92.334969	0	300640	10000	-1	-1	1	0	-1	-1	-1	-1	-1	-1	110	0	
159	27	2232	-1	21	红海毒蝎		216.98642	120.305855	0	300640	10000	-1	-1	1	0	-1	-1	-1	-1	-1	-1	110	0	
160	28	2232	-1	21	红海毒蝎		227.251282	184.53334	0	300640	10000	-1	-1	1	0	-1	-1	-1	-1	-1	-1	110	0	
161	29	2232	-1	21	红海毒蝎		193.815048	179.66246	0	300640	10000	-1	-1	1	0	-1	-1	-1	-1	-1	-1	110	0	
162	30	2232	-1	21	红海毒蝎		47.417824	221.104019	0	300640	10000	-1	-1	1	0	-1	-1	-1	-1	-1	-1	110	0	
163	31	2232	-1	21	红海毒蝎		133.183411	216.864792	0	300640	10000	-1	-1	1	0	-1	-1	-1	-1	-1	-1	110	0	
164	32	2232	-1	21	红海毒蝎		195.330658	96.145676	0	300640	10000	-1	-1	1	0	-1	-1	-1	-1	-1	-1	110	0	
165	33	2232	-1	21	红海毒蝎		86.546501	197.011353	0	300640	10000	-1	-1	1	0	-1	-1	-1	-1	-1	-1	110	0	
166	34	2232	-1	21	红海毒蝎		106.892509	202.590927	0	300640	10000	-1	-1	1	0	-1	-1	-1	-1	-1	-1	110	0	
167	76	2232	-1	21	红海毒蝎		72.207367	221.133591	0	300640	10000	-1	-1	1	0	-1	-1	-1	-1	-1	-1	110	0	
168	16	2231	-1	21	西奈恶狐		79.914124	110.75251	0	300640	10000	-1	-1	1	0	-1	-1	-1	-1	-1	-1	110	0	
169	17	2231	-1	21	西奈恶狐		38.529121	111.575699	0	300640	10000	-1	-1	1	0	-1	-1	-1	-1	-1	-1	110	0	
170	18	2231	-1	21	西奈恶狐		57.112896	136.234833	0	300640	10000	-1	-1	1	0	-1	-1	-1	-1	-1	-1	110	0	
171	19	2231	-1	21	西奈恶狐		56.442142	135.860626	0	300640	10000	-1	-1	1	0	-1	-1	-1	-1	-1	-1	110	0	
172	21	2231	-1	21	西奈恶狐		150.431244	56.442719	0	300640	10000	-1	-1	1	0	-1	-1	-1	-1	-1	-1	110	0	
173	22	2231	-1	21	西奈恶狐		197.665695	80.362465	0	300640	10000	-1	-1	1	0	-1	-1	-1	-1	-1	-1	110	0	
174	23	2231	-1	21	西奈恶狐		161.04303	37.581573	0	300640	10000	-1	-1	1	0	-1	-1	-1	-1	-1	-1	110	0	
175	24	2231	-1	21	西奈恶狐		186.689392	42.156113	0	300640	10000	-1	-1	1	0	-1	-1	-1	-1	-1	-1	110	0	
176	25	2231	-1	21	西奈恶狐		224.249557	63.560322	0	300640	10000	-1	-1	1	0	-1	-1	-1	-1	-1	-1	110	0	
177	26	2231	-1	21	西奈恶狐		222.078278	91.950249	0	300640	10000	-1	-1	1	0	-1	-1	-1	-1	-1	-1	110	0	
178	27	2232	-1	21	红海毒蝎		217.733734	118.435532	0	300640	10000	-1	-1	1	0	-1	-1	-1	-1	-1	-1	110	0	
179	28	2232	-1	21	红海毒蝎		226.917542	182.457458	0	300640	10000	-1	-1	1	0	-1	-1	-1	-1	-1	-1	110	0	
180	29	2232	-1	21	红海毒蝎		192.201874	180.851624	0	300640	10000	-1	-1	1	0	-1	-1	-1	-1	-1	-1	110	0	
181	30	2232	-1	21	红海毒蝎		47.460972	221.09436	0	300640	10000	-1	-1	1	0	-1	-1	-1	-1	-1	-1	110	0	
182	31	2232	-1	21	红海毒蝎		132.997986	218.038773	0	300640	10000	-1	-1	1	0	-1	-1	-1	-1	-1	-1	110	0	
183	32	2232	-1	21	红海毒蝎		196.380539	96.625763	0	300640	10000	-1	-1	1	0	-1	-1	-1	-1	-1	-1	110	0	
184	33	2232	-1	21	红海毒蝎		86.266853	196.700531	0	300640	10000	-1	-1	1	0	-1	-1	-1	-1	-1	-1	110	0	
185	34	2232	-1	21	红海毒蝎		106.753296	203.673752	0	300640	10000	-1	-1	1	0	-1	-1	-1	-1	-1	-1	110	0	
186	76	2232	-1	21	红海毒蝎		74.032501	220.377792	0	300640	10000	-1	-1	1	0	-1	-1	-1	-1	-1	-1	110	0	
187	16	2231	-1	21	西奈恶狐		79.29248	110.471764	0	300640	10000	-1	-1	1	0	-1	-1	-1	-1	-1	-1	110	0	
188	17	2231	-1	21	西奈恶狐		39.665958	110.051956	0	300640	10000	-1	-1	1	0	-1	-1	-1	-1	-1	-1	110	0	
189	21	2231	-1	21	西奈恶狐		148.113556	56.84972	0	300640	10000	-1	-1	1	0	-1	-1	-1	-1	-1	-1	110	0	
190	22	2231	-1	21	西奈恶狐		197.394135	80.264427	0	300640	10000	-1	-1	1	0	-1	-1	-1	-1	-1	-1	110	0	
191	23	2231	-1	21	西奈恶狐		161.134079	37.212616	0	300640	10000	-1	-1	1	0	-1	-1	-1	-1	-1	-1	110	0	
192	24	2231	-1	21	西奈恶狐		185.134491	42.125195	0	300640	10000	-1	-1	1	0	-1	-1	-1	-1	-1	-1	110	0	
193	25	2231	-1	21	西奈恶狐		224.578674	63.646172	0	300640	10000	-1	-1	1	0	-1	-1	-1	-1	-1	-1	110	0	
194	26	2231	-1	21	西奈恶狐		222.774628	91.989594	0	300640	10000	-1	-1	1	0	-1	-1	-1	-1	-1	-1	110	0	
195	27	2232	-1	21	红海毒蝎		217.512817	118.397751	0	300640	10000	-1	-1	1	0	-1	-1	-1	-1	-1	-1	110	0	
196	28	2232	-1	21	红海毒蝎		226.716995	182.604401	0	300640	10000	-1	-1	1	0	-1	-1	-1	-1	-1	-1	110	0	
197	29	2232	-1	21	红海毒蝎		192.289734	180.286682	0	300640	10000	-1	-1	1	0	-1	-1	-1	-1	-1	-1	110	0	
198	30	2232	-1	21	红海毒蝎		47.914566	221.149338	0	300640	10000	-1	-1	1	0	-1	-1	-1	-1	-1	-1	110	0	
199	31	2232	-1	21	红海毒蝎		132.720444	218.142944	0	300640	10000	-1	-1	1	0	-1	-1	-1	-1	-1	-1	110	0	
200	32	2232	-1	21	红海毒蝎		194.775406	96.229248	0	300640	10000	-1	-1	1	0	-1	-1	-1	-1	-1	-1	110	0	
201	33	2232	-1	21	红海毒蝎		86.299637	196.749344	0	300640	10000	-1	-1	1	0	-1	-1	-1	-1	-1	-1	110	0	
202	34	2232	-1	21	红海毒蝎		106.818665	203.584457	0	300640	10000	-1	-1	1	0	-1	-1	-1	-1	-1	-1	110	0	
203	76	2232	-1	21	红海毒蝎		72.17926	221.588272	0	300640	10000	-1	-1	1	0	-1	-1	-1	-1	-1	-1	110	0	
204	16	2231	-1	21	西奈恶狐		79.898697	110.928741	0	300640	10000	-1	-1	1	0	-1	-1	-1	-1	-1	-1	110	0	
205	17	2231	-1	21	西奈恶狐		40.253204	110.636864	0	300640	10000	-1	-1	1	0	-1	-1	-1	-1	-1	-1	110	0	
206	21	2231	-1	21	西奈恶狐		150.273514	56.648418	0	300640	10000	-1	-1	1	0	-1	-1	-1	-1	-1	-1	110	0	
207	22	2231	-1	21	西奈恶狐		198.127869	79.986252	0	300640	10000	-1	-1	1	0	-1	-1	-1	-1	-1	-1	110	0	
208	23	2231	-1	21	西奈恶狐		160.315552	38.430939	0	300640	10000	-1	-1	1	0	-1	-1	-1	-1	-1	-1	110	0	
209	24	2231	-1	21	西奈恶狐		184.776001	42.779552	0	300640	10000	-1	-1	1	0	-1	-1	-1	-1	-1	-1	110	0	
210	25	2231	-1	21	西奈恶狐		224.713333	63.144882	0	300640	10000	-1	-1	1	0	-1	-1	-1	-1	-1	-1	110	0	
211	26	2231	-1	21	西奈恶狐		225.478119	91.362595	0	300640	10000	-1	-1	1	0	-1	-1	-1	-1	-1	-1	110	0	
212	27	2232	-1	21	红海毒蝎		220.146469	117.882034	0	300640	10000	-1	-1	1	0	-1	-1	-1	-1	-1	-1	110	0	
213	28	2232	-1	21	红海毒蝎		226.657516	182.596603	0	300640	10000	-1	-1	1	0	-1	-1	-1	-1	-1	-1	110	0	
214	29	2232	-1	21	红海毒蝎		192.56488	179.286865	0	300640	10000	-1	-1	1	0	-1	-1	-1	-1	-1	-1	110	0	
215	30	2232	-1	21	红海毒蝎		47.195873	221.101212	0	300640	10000	-1	-1	1	0	-1	-1	-1	-1	-1	-1	110	0	
216	31	2232	-1	21	红海毒蝎		132.646545	217.949646	0	300640	10000	-1	-1	1	0	-1	-1	-1	-1	-1	-1	110	0	
217	32	2232	-1	21	红海毒蝎		194.655121	96.564934	0	300640	10000	-1	-1	1	0	-1	-1	-1	-1	-1	-1	110	0	
218	33	2232	-1	21	红海毒蝎		86.187531	199.277908	0	300640	10000	-1	-1	1	0	-1	-1	-1	-1	-1	-1	110	0	
219	34	2232	-1	21	红海毒蝎		106.927658	203.539749	0	300640	10000	-1	-1	1	0	-1	-1	-1	-1	-1	-1	110	0	
220	76	2232	-1	21	红海毒蝎		72.927391	221.561371	0	300640	10000	-1	-1	1	0	-1	-1	-1	-1	-1	-1	110	0	
221	16	2231	-1	21	西奈恶狐		79.813278	110.599266	0	300640	10000	-1	-1	1	0	-1	-1	-1	-1	-1	-1	110	0	
222	17	2231	-1	21	西奈恶狐		40.469082	110.343826	0	300640	10000	-1	-1	1	0	-1	-1	-1	-1	-1	-1	110	0	
223	21	2231	-1	21	西奈恶狐		150.968262	57.049	0	300640	10000	-1	-1	1	0	-1	-1	-1	-1	-1	-1	110	0	
224	22	2231	-1	21	西奈恶狐		198.291107	80.00515	0	300640	10000	-1	-1	1	0	-1	-1	-1	-1	-1	-1	110	0	
225	23	2231	-1	21	西奈恶狐		160.280487	38.186291	0	300640	10000	-1	-1	1	0	-1	-1	-1	-1	-1	-1	110	0	
226	24	2231	-1	21	西奈恶狐		185.105225	42.89333	0	300640	10000	-1	-1	1	0	-1	-1	-1	-1	-1	-1	110	0	
227	25	2231	-1	21	西奈恶狐		222.889252	63.815235	0	300640	10000	-1	-1	1	0	-1	-1	-1	-1	-1	-1	110	0	
228	26	2231	-1	21	西奈恶狐		226.052673	91.126175	0	300640	10000	-1	-1	1	0	-1	-1	-1	-1	-1	-1	110	0	
229	27	2232	-1	21	红海毒蝎		218.994186	117.756393	0	300640	10000	-1	-1	1	0	-1	-1	-1	-1	-1	-1	110	0	
230	28	2232	-1	21	红海毒蝎		226.845596	182.157639	0	300640	10000	-1	-1	1	0	-1	-1	-1	-1	-1	-1	110	0	
231	29	2232	-1	21	红海毒蝎		192.502792	179.683136	0	300640	10000	-1	-1	1	0	-1	-1	-1	-1	-1	-1	110	0	
232	30	2232	-1	21	红海毒蝎		47.930824	220.98819	0	300640	10000	-1	-1	1	0	-1	-1	-1	-1	-1	-1	110	0	
233	31	2232	-1	21	红海毒蝎		133.477753	218.73436	0	300640	10000	-1	-1	1	0	-1	-1	-1	-1	-1	-1	110	0	
234	32	2232	-1	21	红海毒蝎		196.480301	97.124329	0	300640	10000	-1	-1	1	0	-1	-1	-1	-1	-1	-1	110	0	
235	33	2232	-1	21	红海毒蝎		86.010788	198.00795	0	300640	10000	-1	-1	1	0	-1	-1	-1	-1	-1	-1	110	0	
236	34	2232	-1	21	红海毒蝎		107.610237	203.852188	0	300640	10000	-1	-1	1	0	-1	-1	-1	-1	-1	-1	110	0	
237	76	2232	-1	21	红海毒蝎		73.499191	220.636627	0	300640	10000	-1	-1	1	0	-1	-1	-1	-1	-1	-1	110	0	
238	15052371	2232	-1	21	红海毒蝎		146.368668	168.796722	0	300640	10000	-1	-1	1	0	-1	-1	-1	-1	-1	-1	110	0	
239	15052372	2232	-1	21	红海毒蝎		145.644913	170.777359	0	300640	10000	-1	-1	1	0	-1	-1	-1	-1	-1	-1	110	0	
240	15052373	2232	-1	21	红海毒蝎		145.668335	170.886963	0	300640	10000	-1	-1	1	0	-1	-1	-1	-1	-1	-1	110	0	
241	15052374	2232	-1	21	红海毒蝎		145.868515	169.602325	0	300640	10000	-1	-1	1	0	-1	-1	-1	-1	-1	-1	110	0	
242	15052375	2232	-1	21	红海毒蝎		145.984756	170.345612	0	300640	10000	-1	-1	1	0	-1	-1	-1	-1	-1	-1	110	0	
243	15052376	2232	-1	21	红海毒蝎		144.590179	167.818268	0	300640	10000	-1	-1	1	0	-1	-1	-1	-1	-1	-1	110	0	
244	15052377	2232	-1	21	红海毒蝎		145.626984	170.570419	0	300640	10000	-1	-1	1	0	-1	-1	-1	-1	-1	-1	110	0	
245	15052378	2232	-1	21	红海毒蝎		145.070114	170.351883	0	300640	10000	-1	-1	1	0	-1	-1	-1	-1	-1	-1	110	0	
246	15052379	2232	-1	21	红海毒蝎		145.511826	169.409683	0	300640	10000	-1	-1	1	0	-1	-1	-1	-1	-1	-1	110	0	
247	15052380	2232	-1	21	红海毒蝎		145.914917	168.806976	0	300640	10000	-1	-1	1	0	-1	-1	-1	-1	-1	-1	110	0	
