NUM	NUM	NUM	NUM	NUM	TEXT	TEXT	FLOAT	FLOAT	NUM	NUM	NUM	NUM	NUM	NUM	NUM	NUM	NUM	NUM	NUM	NUM	NUM	NUM	NUM
编号	随机编号	attr编号	逻辑表编号	阵营编号	名称	称号	x轴坐标	z轴坐标	朝向	脚本编号	重生时间	分组编号	队伍编号	基础AI	AI文件	巡逻路径	商店0	商店1	商店2	商店3	名誉ID	等级	镜像组
0	1	6909	-1	21	幽冰之爪		73.433853	128.382355	0	300640	10000	-1	-1	1	0	-1	-1	-1	-1	-1	-1	75	0	
1	2	6909	-1	21	幽冰之爪		71.177223	162.571259	0	300640	10000	-1	-1	1	0	-1	-1	-1	-1	-1	-1	75	0	
2	3	6909	-1	21	幽冰之爪		72.431854	192.114822	0	300640	10000	-1	-1	1	0	-1	-1	-1	-1	-1	-1	75	0	
3	4	6909	-1	21	幽冰之爪		103.361351	193.301697	0	300640	10000	-1	-1	1	0	-1	-1	-1	-1	-1	-1	75	0	
4	5	6909	-1	21	幽冰之爪		138.736328	194.109482	0	300640	10000	-1	-1	1	0	-1	-1	-1	-1	-1	-1	75	0	
5	6	6909	-1	21	幽冰之爪		186.711975	172.907959	0	300640	10000	-1	-1	1	0	-1	-1	-1	-1	-1	-1	75	0	
6	7	6909	-1	21	幽冰之爪		172.218811	154.525146	0	300640	10000	-1	-1	1	0	-1	-1	-1	-1	-1	-1	75	0	
7	8	6909	-1	21	幽冰之爪		101.33065	142.308701	0	300640	10000	-1	-1	1	0	-1	-1	-1	-1	-1	-1	75	0	
8	9	6909	-1	21	幽冰之爪		134.585526	144.458603	0	300640	10000	-1	-1	1	0	-1	-1	-1	-1	-1	-1	75	0	
9	10	6909	-1	21	幽冰之爪		187.661682	106.625626	0	300640	10000	-1	-1	1	0	-1	-1	-1	-1	-1	-1	75	0	
10	11	6908	-1	21	幽嚎之牛		135.114029	110.114952	0	300640	10000	-1	-1	1	0	-1	-1	-1	-1	-1	-1	70	0	
11	12	6908	-1	21	幽嚎之牛		66.333351	89.018402	0	300640	10000	-1	-1	1	0	-1	-1	-1	-1	-1	-1	70	0	
12	13	6908	-1	21	幽嚎之牛		96.992661	77.940193	0	300640	10000	-1	-1	1	0	-1	-1	-1	-1	-1	-1	70	0	
13	14	6908	-1	21	幽嚎之牛		70.862564	53.722328	0	300640	10000	-1	-1	1	0	-1	-1	-1	-1	-1	-1	70	0	
14	15	6908	-1	21	幽嚎之牛		141.638855	46.635216	0	300640	10000	-1	-1	1	0	-1	-1	-1	-1	-1	-1	70	0	
15	16	6908	-1	21	幽嚎之牛		138.336716	81.25634	0	300640	10000	-1	-1	1	0	-1	-1	-1	-1	-1	-1	70	0	
16	17	6908	-1	21	幽嚎之牛		105.676003	50.240345	0	300640	10000	-1	-1	1	0	-1	-1	-1	-1	-1	-1	70	0	
17	18	6908	-1	21	幽嚎之牛		169.157852	80.259178	0	300640	10000	-1	-1	1	0	-1	-1	-1	-1	-1	-1	70	0	
18	1	6909	-1	21	幽冰之爪		73.972122	126.988976	0	300640	10000	-1	-1	1	0	-1	-1	-1	-1	-1	-1	75	0	
19	2	6909	-1	21	幽冰之爪		71.437546	160.095886	0	300640	10000	-1	-1	1	0	-1	-1	-1	-1	-1	-1	75	0	
20	3	6909	-1	21	幽冰之爪		68.652512	192.62146	0	300640	10000	-1	-1	1	0	-1	-1	-1	-1	-1	-1	75	0	
21	4	6909	-1	21	幽冰之爪		101.902367	191.717133	0	300640	10000	-1	-1	1	0	-1	-1	-1	-1	-1	-1	75	0	
22	5	6909	-1	21	幽冰之爪		138.259384	193.790695	0	300640	10000	-1	-1	1	0	-1	-1	-1	-1	-1	-1	75	0	
23	6	6909	-1	21	幽冰之爪		174.256119	193.05365	0	300640	10000	-1	-1	1	0	-1	-1	-1	-1	-1	-1	75	0	
24	7	6909	-1	21	幽冰之爪		173.75705	155.285309	0	300640	10000	-1	-1	1	0	-1	-1	-1	-1	-1	-1	75	0	
25	8	6909	-1	21	幽冰之爪		100.387253	167.58284	0	300640	10000	-1	-1	1	0	-1	-1	-1	-1	-1	-1	75	0	
26	9	6909	-1	21	幽冰之爪		136.179916	144.631683	0	300640	10000	-1	-1	1	0	-1	-1	-1	-1	-1	-1	75	0	
27	10	6909	-1	21	幽冰之爪		184.996231	107.164459	0	300640	10000	-1	-1	1	0	-1	-1	-1	-1	-1	-1	75	0	
28	11	6908	-1	21	幽嚎之牛		133.271133	112.437035	0	300640	10000	-1	-1	1	0	-1	-1	-1	-1	-1	-1	70	0	
29	12	6908	-1	21	幽嚎之牛		67.644714	87.797562	0	300640	10000	-1	-1	1	0	-1	-1	-1	-1	-1	-1	70	0	
30	13	6908	-1	21	幽嚎之牛		96.715233	81.632988	0	300640	10000	-1	-1	1	0	-1	-1	-1	-1	-1	-1	70	0	
31	14	6908	-1	21	幽嚎之牛		71.66053	53.224571	0	300640	10000	-1	-1	1	0	-1	-1	-1	-1	-1	-1	70	0	
32	15	6908	-1	21	幽嚎之牛		141.592651	44.748661	0	300640	10000	-1	-1	1	0	-1	-1	-1	-1	-1	-1	70	0	
33	16	6908	-1	21	幽嚎之牛		137.614136	79.090858	0	300640	10000	-1	-1	1	0	-1	-1	-1	-1	-1	-1	70	0	
34	17	6908	-1	21	幽嚎之牛		103.462944	49.402454	0	300640	10000	-1	-1	1	0	-1	-1	-1	-1	-1	-1	70	0	
35	18	6908	-1	21	幽嚎之牛		168.107712	80.934769	0	300640	10000	-1	-1	1	0	-1	-1	-1	-1	-1	-1	70	0	
36	1	6909	-1	21	幽冰之爪		77.065926	127.027504	0	300640	10000	-1	-1	1	0	-1	-1	-1	-1	-1	-1	75	0	
37	2	6909	-1	21	幽冰之爪		72.518784	159.740601	0	300640	10000	-1	-1	1	0	-1	-1	-1	-1	-1	-1	75	0	
38	6	6909	-1	21	幽冰之爪		176.178848	195.029175	0	300640	10000	-1	-1	1	0	-1	-1	-1	-1	-1	-1	75	0	
39	7	6909	-1	21	幽冰之爪		172.713593	157.26329	0	300640	10000	-1	-1	1	0	-1	-1	-1	-1	-1	-1	75	0	
40	8	6909	-1	21	幽冰之爪		100.148407	166.954956	0	300640	10000	-1	-1	1	0	-1	-1	-1	-1	-1	-1	75	0	
41	9	6909	-1	21	幽冰之爪		135.337234	142.455917	0	300640	10000	-1	-1	1	0	-1	-1	-1	-1	-1	-1	75	0	
42	10	6909	-1	21	幽冰之爪		180.890289	134.165405	0	300640	10000	-1	-1	1	0	-1	-1	-1	-1	-1	-1	75	0	
43	11	6908	-1	21	幽嚎之牛		133.921036	111.593689	0	300640	10000	-1	-1	1	0	-1	-1	-1	-1	-1	-1	70	0	
44	12	6908	-1	21	幽嚎之牛		65.700706	88.250137	0	300640	10000	-1	-1	1	0	-1	-1	-1	-1	-1	-1	70	0	
45	13	6908	-1	21	幽嚎之牛		98.296539	79.914719	0	300640	10000	-1	-1	1	0	-1	-1	-1	-1	-1	-1	70	0	
46	14	6908	-1	21	幽嚎之牛		73.787254	52.79855	0	300640	10000	-1	-1	1	0	-1	-1	-1	-1	-1	-1	70	0	
47	15	6908	-1	21	幽嚎之牛		144.506668	46.336861	0	300640	10000	-1	-1	1	0	-1	-1	-1	-1	-1	-1	70	0	
48	16	6908	-1	21	幽嚎之牛		137.282852	78.952293	0	300640	10000	-1	-1	1	0	-1	-1	-1	-1	-1	-1	70	0	
49	17	6908	-1	21	幽嚎之牛		106.391052	48.410416	0	300640	10000	-1	-1	1	0	-1	-1	-1	-1	-1	-1	70	0	
50	18	6908	-1	21	幽嚎之牛		166.697861	81.696678	0	300640	10000	-1	-1	1	0	-1	-1	-1	-1	-1	-1	70	0	
51	1	6909	-1	21	幽冰之爪		75.289795	130.382507	0	300640	10000	-1	-1	1	0	-1	-1	-1	-1	-1	-1	75	0	
52	2	6909	-1	21	幽冰之爪		71.248878	161.144089	0	300640	10000	-1	-1	1	0	-1	-1	-1	-1	-1	-1	75	0	
53	4	6909	-1	21	幽冰之爪		103.1381	192.58049	0	300640	10000	-1	-1	1	0	-1	-1	-1	-1	-1	-1	75	0	
54	5	6909	-1	21	幽冰之爪		139.556351	193.861755	0	300640	10000	-1	-1	1	0	-1	-1	-1	-1	-1	-1	75	0	
55	6	6909	-1	21	幽冰之爪		175.534546	193.404221	0	300640	10000	-1	-1	1	0	-1	-1	-1	-1	-1	-1	75	0	
56	7	6909	-1	21	幽冰之爪		174.441864	156.13382	0	300640	10000	-1	-1	1	0	-1	-1	-1	-1	-1	-1	75	0	
57	8	6909	-1	21	幽冰之爪		101.125938	167.282257	0	300640	10000	-1	-1	1	0	-1	-1	-1	-1	-1	-1	75	0	
58	9	6909	-1	21	幽冰之爪		135.305267	143.626678	0	300640	10000	-1	-1	1	0	-1	-1	-1	-1	-1	-1	75	0	
59	10	6909	-1	21	幽冰之爪		186.554047	105.850616	0	300640	10000	-1	-1	1	0	-1	-1	-1	-1	-1	-1	75	0	
60	11	6908	-1	21	幽嚎之牛		132.51828	113.171593	0	300640	10000	-1	-1	1	0	-1	-1	-1	-1	-1	-1	70	0	
61	12	6908	-1	21	幽嚎之牛		66.882805	88.683456	0	300640	10000	-1	-1	1	0	-1	-1	-1	-1	-1	-1	70	0	
62	13	6908	-1	21	幽嚎之牛		95.560944	79.502853	0	300640	10000	-1	-1	1	0	-1	-1	-1	-1	-1	-1	70	0	
63	14	6908	-1	21	幽嚎之牛		71.522263	54.14418	0	300640	10000	-1	-1	1	0	-1	-1	-1	-1	-1	-1	70	0	
64	15	6908	-1	21	幽嚎之牛		144.009567	48.424007	0	300640	10000	-1	-1	1	0	-1	-1	-1	-1	-1	-1	70	0	
65	16	6908	-1	21	幽嚎之牛		137.533432	79.09407	0	300640	10000	-1	-1	1	0	-1	-1	-1	-1	-1	-1	70	0	
66	17	6908	-1	21	幽嚎之牛		106.10183	50.110401	0	300640	10000	-1	-1	1	0	-1	-1	-1	-1	-1	-1	70	0	
67	18	6908	-1	21	幽嚎之牛		168.976563	77.464653	0	300640	10000	-1	-1	1	0	-1	-1	-1	-1	-1	-1	70	0	
68	1	6909	-1	21	幽冰之爪		74.020515	130.237076	0	300640	10000	-1	-1	1	0	-1	-1	-1	-1	-1	-1	75	0	
69	2	6909	-1	21	幽冰之爪		73.569489	163.104462	0	300640	10000	-1	-1	1	0	-1	-1	-1	-1	-1	-1	75	0	
70	4	6909	-1	21	幽冰之爪		104.14312	190.453857	0	300640	10000	-1	-1	1	0	-1	-1	-1	-1	-1	-1	75	0	
71	5	6909	-1	21	幽冰之爪		138.416138	193.196564	0	300640	10000	-1	-1	1	0	-1	-1	-1	-1	-1	-1	75	0	
72	6	6909	-1	21	幽冰之爪		174.551224	196.561768	0	300640	10000	-1	-1	1	0	-1	-1	-1	-1	-1	-1	75	0	
73	7	6909	-1	21	幽冰之爪		173.246552	154.178421	0	300640	10000	-1	-1	1	0	-1	-1	-1	-1	-1	-1	75	0	
74	8	6909	-1	21	幽冰之爪		101.80687	167.826141	0	300640	10000	-1	-1	1	0	-1	-1	-1	-1	-1	-1	75	0	
75	9	6909	-1	21	幽冰之爪		134.756516	143.193466	0	300640	10000	-1	-1	1	0	-1	-1	-1	-1	-1	-1	75	0	
76	10	6909	-1	21	幽冰之爪		187.907974	108.750343	0	300640	10000	-1	-1	1	0	-1	-1	-1	-1	-1	-1	75	0	
77	11	6908	-1	21	幽嚎之牛		132.589523	112.058281	0	300640	10000	-1	-1	1	0	-1	-1	-1	-1	-1	-1	70	0	
78	12	6908	-1	21	幽嚎之牛		65.278694	89.094971	0	300640	10000	-1	-1	1	0	-1	-1	-1	-1	-1	-1	70	0	
79	13	6908	-1	21	幽嚎之牛		97.050751	78.07254	0	300640	10000	-1	-1	1	0	-1	-1	-1	-1	-1	-1	70	0	
80	14	6908	-1	21	幽嚎之牛		73.031242	54.155991	0	300640	10000	-1	-1	1	0	-1	-1	-1	-1	-1	-1	70	0	
81	15	6908	-1	21	幽嚎之牛		145.053635	46.260319	0	300640	10000	-1	-1	1	0	-1	-1	-1	-1	-1	-1	70	0	
82	16	6908	-1	21	幽嚎之牛		136.182922	80.297325	0	300640	10000	-1	-1	1	0	-1	-1	-1	-1	-1	-1	70	0	
83	17	6908	-1	21	幽嚎之牛		106.178726	49.089199	0	300640	10000	-1	-1	1	0	-1	-1	-1	-1	-1	-1	70	0	
84	18	6908	-1	21	幽嚎之牛		167.44249	80.063591	0	300640	10000	-1	-1	1	0	-1	-1	-1	-1	-1	-1	70	0	
85	1	6909	-1	21	幽冰之爪		74.520538	131.343521	0	300640	10000	-1	-1	1	0	-1	-1	-1	-1	-1	-1	75	0	
86	2	6909	-1	21	幽冰之爪		71.819794	162.772293	0	300640	10000	-1	-1	1	0	-1	-1	-1	-1	-1	-1	75	0	
87	3	6909	-1	21	幽冰之爪		68.440483	195.067307	0	300640	10000	-1	-1	1	0	-1	-1	-1	-1	-1	-1	75	0	
88	4	6909	-1	21	幽冰之爪		102.567413	191.374344	0	300640	10000	-1	-1	1	0	-1	-1	-1	-1	-1	-1	75	0	
89	5	6909	-1	21	幽冰之爪		138.140533	194.31311	0	300640	10000	-1	-1	1	0	-1	-1	-1	-1	-1	-1	75	0	
90	6	6909	-1	21	幽冰之爪		176.18985	191.680786	0	300640	10000	-1	-1	1	0	-1	-1	-1	-1	-1	-1	75	0	
91	7	6909	-1	21	幽冰之爪		175.283707	155.612	0	300640	10000	-1	-1	1	0	-1	-1	-1	-1	-1	-1	75	0	
92	8	6909	-1	21	幽冰之爪		101.241531	165.803894	0	300640	10000	-1	-1	1	0	-1	-1	-1	-1	-1	-1	75	0	
93	9	6909	-1	21	幽冰之爪		135.949448	140.805954	0	300640	10000	-1	-1	1	0	-1	-1	-1	-1	-1	-1	75	0	
94	10	6909	-1	21	幽冰之爪		186.884567	107.513947	0	300640	10000	-1	-1	1	0	-1	-1	-1	-1	-1	-1	75	0	
95	11	6908	-1	21	幽嚎之牛		132.785263	113.015656	0	300640	10000	-1	-1	1	0	-1	-1	-1	-1	-1	-1	70	0	
96	12	6908	-1	21	幽嚎之牛		66.289314	91.172188	0	300640	10000	-1	-1	1	0	-1	-1	-1	-1	-1	-1	70	0	
97	13	6908	-1	21	幽嚎之牛		96.559761	80.042282	0	300640	10000	-1	-1	1	0	-1	-1	-1	-1	-1	-1	70	0	
98	14	6908	-1	21	幽嚎之牛		71.319145	55.423981	0	300640	10000	-1	-1	1	0	-1	-1	-1	-1	-1	-1	70	0	
99	15	6908	-1	21	幽嚎之牛		142.703781	46.621651	0	300640	10000	-1	-1	1	0	-1	-1	-1	-1	-1	-1	70	0	
100	16	6908	-1	21	幽嚎之牛		137.630951	79.545868	0	300640	10000	-1	-1	1	0	-1	-1	-1	-1	-1	-1	70	0	
101	17	6908	-1	21	幽嚎之牛		104.485039	48.009102	0	300640	10000	-1	-1	1	0	-1	-1	-1	-1	-1	-1	70	0	
102	18	6908	-1	21	幽嚎之牛		166.129868	80.144547	0	300640	10000	-1	-1	1	0	-1	-1	-1	-1	-1	-1	70	0	
103	1	6909	-1	21	幽冰之爪		75.295982	129.790878	0	300640	10000	-1	-1	1	0	-1	-1	-1	-1	-1	-1	75	0	
104	2	6909	-1	21	幽冰之爪		71.515427	159.616974	0	300640	10000	-1	-1	1	0	-1	-1	-1	-1	-1	-1	75	0	
105	3	6909	-1	21	幽冰之爪		70.254822	192.500763	0	300640	10000	-1	-1	1	0	-1	-1	-1	-1	-1	-1	75	0	
106	4	6909	-1	21	幽冰之爪		103.756325	191.698654	0	300640	10000	-1	-1	1	0	-1	-1	-1	-1	-1	-1	75	0	
107	5	6909	-1	21	幽冰之爪		136.779755	194.694397	0	300640	10000	-1	-1	1	0	-1	-1	-1	-1	-1	-1	75	0	
108	6	6909	-1	21	幽冰之爪		177.430588	195.597122	0	300640	10000	-1	-1	1	0	-1	-1	-1	-1	-1	-1	75	0	
109	7	6909	-1	21	幽冰之爪		175.470337	157.486984	0	300640	10000	-1	-1	1	0	-1	-1	-1	-1	-1	-1	75	0	
110	8	6909	-1	21	幽冰之爪		101.764069	169.231796	0	300640	10000	-1	-1	1	0	-1	-1	-1	-1	-1	-1	75	0	
111	9	6909	-1	21	幽冰之爪		124.928299	169.633606	0	300640	10000	-1	-1	1	0	-1	-1	-1	-1	-1	-1	75	0	
112	10	6909	-1	21	幽冰之爪		188.384781	107.072258	0	300640	10000	-1	-1	1	0	-1	-1	-1	-1	-1	-1	75	0	
113	11	6908	-1	21	幽嚎之牛		132.136932	110.67511	0	300640	10000	-1	-1	1	0	-1	-1	-1	-1	-1	-1	70	0	
114	12	6908	-1	21	幽嚎之牛		67.468086	90.633766	0	300640	10000	-1	-1	1	0	-1	-1	-1	-1	-1	-1	70	0	
115	13	6908	-1	21	幽嚎之牛		97.245956	78.219513	0	300640	10000	-1	-1	1	0	-1	-1	-1	-1	-1	-1	70	0	
116	14	6908	-1	21	幽嚎之牛		73.642242	54.898712	0	300640	10000	-1	-1	1	0	-1	-1	-1	-1	-1	-1	70	0	
117	15	6908	-1	21	幽嚎之牛		144.539886	47.695053	0	300640	10000	-1	-1	1	0	-1	-1	-1	-1	-1	-1	70	0	
118	16	6908	-1	21	幽嚎之牛		137.975327	80.137085	0	300640	10000	-1	-1	1	0	-1	-1	-1	-1	-1	-1	70	0	
119	17	6908	-1	21	幽嚎之牛		107.288406	50.393017	0	300640	10000	-1	-1	1	0	-1	-1	-1	-1	-1	-1	70	0	
120	18	6908	-1	21	幽嚎之牛		168.497208	79.112099	0	300640	10000	-1	-1	1	0	-1	-1	-1	-1	-1	-1	70	0	
121	1	6909	-1	21	幽冰之爪		74.318886	129.294495	0	300640	10000	-1	-1	1	0	-1	-1	-1	-1	-1	-1	75	0	
122	2	6909	-1	21	幽冰之爪		73.132378	161.437332	0	300640	10000	-1	-1	1	0	-1	-1	-1	-1	-1	-1	75	0	
123	3	6909	-1	21	幽冰之爪		71.296402	192.172394	0	300640	10000	-1	-1	1	0	-1	-1	-1	-1	-1	-1	75	0	
124	4	6909	-1	21	幽冰之爪		105.413681	192.512024	0	300640	10000	-1	-1	1	0	-1	-1	-1	-1	-1	-1	75	0	
125	5	6909	-1	21	幽冰之爪		139.14595	192.125351	0	300640	10000	-1	-1	1	0	-1	-1	-1	-1	-1	-1	75	0	
126	6	6909	-1	21	幽冰之爪		177.565765	193.848541	0	300640	10000	-1	-1	1	0	-1	-1	-1	-1	-1	-1	75	0	
127	7	6909	-1	21	幽冰之爪		172.325455	156.042252	0	300640	10000	-1	-1	1	0	-1	-1	-1	-1	-1	-1	75	0	
128	8	6909	-1	21	幽冰之爪		102.271561	168.72496	0	300640	10000	-1	-1	1	0	-1	-1	-1	-1	-1	-1	75	0	
129	9	6909	-1	21	幽冰之爪		136.467575	141.892731	0	300640	10000	-1	-1	1	0	-1	-1	-1	-1	-1	-1	75	0	
130	10	6909	-1	21	幽冰之爪		184.69194	108.118141	0	300640	10000	-1	-1	1	0	-1	-1	-1	-1	-1	-1	75	0	
131	11	6908	-1	21	幽嚎之牛		131.939133	113.058983	0	300640	10000	-1	-1	1	0	-1	-1	-1	-1	-1	-1	70	0	
132	12	6908	-1	21	幽嚎之牛		65.784241	90.578346	0	300640	10000	-1	-1	1	0	-1	-1	-1	-1	-1	-1	70	0	
133	13	6908	-1	21	幽嚎之牛		97.038216	79.02272	0	300640	10000	-1	-1	1	0	-1	-1	-1	-1	-1	-1	70	0	
134	14	6908	-1	21	幽嚎之牛		72.404129	55.083096	0	300640	10000	-1	-1	1	0	-1	-1	-1	-1	-1	-1	70	0	
135	15	6908	-1	21	幽嚎之牛		144.962997	47.475712	0	300640	10000	-1	-1	1	0	-1	-1	-1	-1	-1	-1	70	0	
136	16	6908	-1	21	幽嚎之牛		138.457367	80.039558	0	300640	10000	-1	-1	1	0	-1	-1	-1	-1	-1	-1	70	0	
137	17	6908	-1	21	幽嚎之牛		104.09201	48.897617	0	300640	10000	-1	-1	1	0	-1	-1	-1	-1	-1	-1	70	0	
138	18	6908	-1	21	幽嚎之牛		168.152664	79.773781	0	300640	10000	-1	-1	1	0	-1	-1	-1	-1	-1	-1	70	0	
139	1	6909	-1	21	幽冰之爪		74.802765	127.860359	0	300640	10000	-1	-1	1	0	-1	-1	-1	-1	-1	-1	75	0	
140	2	6909	-1	21	幽冰之爪		70.562355	161.208359	0	300640	10000	-1	-1	1	0	-1	-1	-1	-1	-1	-1	75	0	
141	3	6909	-1	21	幽冰之爪		70.573143	195.810211	0	300640	10000	-1	-1	1	0	-1	-1	-1	-1	-1	-1	75	0	
142	4	6909	-1	21	幽冰之爪		105.977333	191.390076	0	300640	10000	-1	-1	1	0	-1	-1	-1	-1	-1	-1	75	0	
143	5	6909	-1	21	幽冰之爪		138.461899	194.244919	0	300640	10000	-1	-1	1	0	-1	-1	-1	-1	-1	-1	75	0	
144	6	6909	-1	21	幽冰之爪		176.805984	192.704132	0	300640	10000	-1	-1	1	0	-1	-1	-1	-1	-1	-1	75	0	
145	7	6909	-1	21	幽冰之爪		173.994186	156.220093	0	300640	10000	-1	-1	1	0	-1	-1	-1	-1	-1	-1	75	0	
146	8	6909	-1	21	幽冰之爪		102.167694	167.395569	0	300640	10000	-1	-1	1	0	-1	-1	-1	-1	-1	-1	75	0	
147	9	6909	-1	21	幽冰之爪		136.646515	143.599197	0	300640	10000	-1	-1	1	0	-1	-1	-1	-1	-1	-1	75	0	
148	10	6909	-1	21	幽冰之爪		185.784027	108.621727	0	300640	10000	-1	-1	1	0	-1	-1	-1	-1	-1	-1	75	0	
149	11	6908	-1	21	幽嚎之牛		132.74205	112.43132	0	300640	10000	-1	-1	1	0	-1	-1	-1	-1	-1	-1	70	0	
150	12	6908	-1	21	幽嚎之牛		65.067009	88.160172	0	300640	10000	-1	-1	1	0	-1	-1	-1	-1	-1	-1	70	0	
151	13	6908	-1	21	幽嚎之牛		97.086105	78.517799	0	300640	10000	-1	-1	1	0	-1	-1	-1	-1	-1	-1	70	0	
152	14	6908	-1	21	幽嚎之牛		72.782257	55.977222	0	300640	10000	-1	-1	1	0	-1	-1	-1	-1	-1	-1	70	0	
153	15	6908	-1	21	幽嚎之牛		143.421783	46.233402	0	300640	10000	-1	-1	1	0	-1	-1	-1	-1	-1	-1	70	0	
154	16	6908	-1	21	幽嚎之牛		138.073624	80.66346	0	300640	10000	-1	-1	1	0	-1	-1	-1	-1	-1	-1	70	0	
155	17	6908	-1	21	幽嚎之牛		107.69326	48.81987	0	300640	10000	-1	-1	1	0	-1	-1	-1	-1	-1	-1	70	0	
156	18	6908	-1	21	幽嚎之牛		167.051315	78.871918	0	300640	10000	-1	-1	1	0	-1	-1	-1	-1	-1	-1	70	0	
157	1	6909	-1	21	幽冰之爪		76.132813	128.652649	0	300640	10000	-1	-1	1	0	-1	-1	-1	-1	-1	-1	75	0	
158	2	6909	-1	21	幽冰之爪		70.591217	159.871933	0	300640	10000	-1	-1	1	0	-1	-1	-1	-1	-1	-1	75	0	
159	10	6909	-1	21	幽冰之爪		165.198608	109.543289	0	300640	10000	-1	-1	1	0	-1	-1	-1	-1	-1	-1	75	0	
160	11	6908	-1	21	幽嚎之牛		134.479248	113.141212	0	300640	10000	-1	-1	1	0	-1	-1	-1	-1	-1	-1	70	0	
161	12	6908	-1	21	幽嚎之牛		66.037621	89.820381	0	300640	10000	-1	-1	1	0	-1	-1	-1	-1	-1	-1	70	0	
162	13	6908	-1	21	幽嚎之牛		98.137238	80.881721	0	300640	10000	-1	-1	1	0	-1	-1	-1	-1	-1	-1	70	0	
163	14	6908	-1	21	幽嚎之牛		71.350922	56.429554	0	300640	10000	-1	-1	1	0	-1	-1	-1	-1	-1	-1	70	0	
164	15	6908	-1	21	幽嚎之牛		143.139099	46.33683	0	300640	10000	-1	-1	1	0	-1	-1	-1	-1	-1	-1	70	0	
165	16	6908	-1	21	幽嚎之牛		138.969116	80.846062	0	300640	10000	-1	-1	1	0	-1	-1	-1	-1	-1	-1	70	0	
166	17	6908	-1	21	幽嚎之牛		106.122719	48.57122	0	300640	10000	-1	-1	1	0	-1	-1	-1	-1	-1	-1	70	0	
167	18	6908	-1	21	幽嚎之牛		170.888718	79.588127	0	300640	10000	-1	-1	1	0	-1	-1	-1	-1	-1	-1	70	0	
168	19	6909	-1	21	幽冰之爪		76.03154	126.914635	0	300640	10000	-1	-1	1	0	-1	-1	-1	-1	-1	-1	75	0	
169	20	6909	-1	21	幽冰之爪		75.801643	126.100441	0	300640	10000	-1	-1	1	0	-1	-1	-1	-1	-1	-1	75	0	
170	21	6909	-1	21	幽冰之爪		71.787468	193.596863	0	300640	10000	-1	-1	1	0	-1	-1	-1	-1	-1	-1	75	0	
171	22	6909	-1	21	幽冰之爪		71.076622	195.311249	0	300640	10000	-1	-1	1	0	-1	-1	-1	-1	-1	-1	75	0	
172	23	6909	-1	21	幽冰之爪		71.401619	194.292007	0	300640	10000	-1	-1	1	0	-1	-1	-1	-1	-1	-1	75	0	
173	24	6909	-1	21	幽冰之爪		69.565437	193.88356	0	300640	10000	-1	-1	1	0	-1	-1	-1	-1	-1	-1	75	0	
174	25	6909	-1	21	幽冰之爪		106.345787	193.668274	0	300640	10000	-1	-1	1	0	-1	-1	-1	-1	-1	-1	75	0	
175	26	6909	-1	21	幽冰之爪		105.210419	190.894821	0	300640	10000	-1	-1	1	0	-1	-1	-1	-1	-1	-1	75	0	
176	27	6909	-1	21	幽冰之爪		107.388306	192.616699	0	300640	10000	-1	-1	1	0	-1	-1	-1	-1	-1	-1	75	0	
177	28	6909	-1	21	幽冰之爪		105.318878	194.062958	0	300640	10000	-1	-1	1	0	-1	-1	-1	-1	-1	-1	75	0	
178	29	6909	-1	21	幽冰之爪		137.892883	196.510605	0	300640	10000	-1	-1	1	0	-1	-1	-1	-1	-1	-1	75	0	
179	30	6909	-1	21	幽冰之爪		139.769806	195.786621	0	300640	10000	-1	-1	1	0	-1	-1	-1	-1	-1	-1	75	0	
180	31	6909	-1	21	幽冰之爪		138.569824	194.927231	0	300640	10000	-1	-1	1	0	-1	-1	-1	-1	-1	-1	75	0	
181	32	6909	-1	21	幽冰之爪		174.993164	194.455246	0	300640	10000	-1	-1	1	0	-1	-1	-1	-1	-1	-1	75	0	
182	33	6909	-1	21	幽冰之爪		175.252396	193.3647	0	300640	10000	-1	-1	1	0	-1	-1	-1	-1	-1	-1	75	0	
183	34	6909	-1	21	幽冰之爪		174.122437	154.801498	0	300640	10000	-1	-1	1	0	-1	-1	-1	-1	-1	-1	75	0	
184	35	6909	-1	21	幽冰之爪		174.077118	155.301193	0	300640	10000	-1	-1	1	0	-1	-1	-1	-1	-1	-1	75	0	
185	36	6909	-1	21	幽冰之爪		173.805344	153.763718	0	300640	10000	-1	-1	1	0	-1	-1	-1	-1	-1	-1	75	0	
186	37	6908	-1	21	幽嚎之牛		135.654465	112.835388	0	300640	10000	-1	-1	1	0	-1	-1	-1	-1	-1	-1	70	0	
187	38	6908	-1	21	幽嚎之牛		134.92897	111.656715	0	300640	10000	-1	-1	1	0	-1	-1	-1	-1	-1	-1	70	0	
188	39	6908	-1	21	幽嚎之牛		101.771011	113.735474	0	300640	10000	-1	-1	1	0	-1	-1	-1	-1	-1	-1	70	0	
189	40	6908	-1	21	幽嚎之牛		133.360153	110.26046	0	300640	10000	-1	-1	1	0	-1	-1	-1	-1	-1	-1	70	0	
190	41	6909	-1	21	幽冰之爪		137.461136	142.285782	0	300640	10000	-1	-1	1	0	-1	-1	-1	-1	-1	-1	75	0	
191	42	6909	-1	21	幽冰之爪		135.126968	144.914749	0	300640	10000	-1	-1	1	0	-1	-1	-1	-1	-1	-1	75	0	
192	43	6909	-1	21	幽冰之爪		134.774231	143.990417	0	300640	10000	-1	-1	1	0	-1	-1	-1	-1	-1	-1	75	0	
193	44	6909	-1	21	幽冰之爪		101.225845	165.101334	0	300640	10000	-1	-1	1	0	-1	-1	-1	-1	-1	-1	75	0	
194	45	6909	-1	21	幽冰之爪		102.597206	166.753891	0	300640	10000	-1	-1	1	0	-1	-1	-1	-1	-1	-1	75	0	
195	46	6908	-1	21	幽嚎之牛		97.013214	78.573219	0	300640	10000	-1	-1	1	0	-1	-1	-1	-1	-1	-1	70	0	
196	47	6908	-1	21	幽嚎之牛		97.911301	81.173973	0	300640	10000	-1	-1	1	0	-1	-1	-1	-1	-1	-1	70	0	
197	48	6908	-1	21	幽嚎之牛		97.076767	78.642059	0	300640	10000	-1	-1	1	0	-1	-1	-1	-1	-1	-1	70	0	
198	49	6908	-1	21	幽嚎之牛		68.521454	90.262215	0	300640	10000	-1	-1	1	0	-1	-1	-1	-1	-1	-1	70	0	
199	50	6908	-1	21	幽嚎之牛		67.470886	89.535393	0	300640	10000	-1	-1	1	0	-1	-1	-1	-1	-1	-1	70	0	
200	51	6908	-1	21	幽嚎之牛		67.980171	88.649719	0	300640	10000	-1	-1	1	0	-1	-1	-1	-1	-1	-1	70	0	
201	52	6908	-1	21	幽嚎之牛		72.782257	55.977222	0	300640	10000	-1	-1	1	0	-1	-1	-1	-1	-1	-1	70	0	
202	53	6908	-1	21	幽嚎之牛		73.864304	53.618969	0	300640	10000	-1	-1	1	0	-1	-1	-1	-1	-1	-1	70	0	
203	54	6908	-1	21	幽嚎之牛		72.740082	53.220058	0	300640	10000	-1	-1	1	0	-1	-1	-1	-1	-1	-1	70	0	
204	55	6908	-1	21	幽嚎之牛		138.603012	79.577103	0	300640	10000	-1	-1	1	0	-1	-1	-1	-1	-1	-1	70	0	
205	56	6908	-1	21	幽嚎之牛		136.968506	81.707588	0	300640	10000	-1	-1	1	0	-1	-1	-1	-1	-1	-1	70	0	
206	57	6908	-1	21	幽嚎之牛		170.424194	77.751892	0	300640	10000	-1	-1	1	0	-1	-1	-1	-1	-1	-1	70	0	
207	58	6908	-1	21	幽嚎之牛		170.270142	78.759521	0	300640	10000	-1	-1	1	0	-1	-1	-1	-1	-1	-1	70	0	
208	59	6908	-1	21	幽嚎之牛		170.270142	78.759521	0	300640	10000	-1	-1	1	0	-1	-1	-1	-1	-1	-1	70	0	
209	60	6908	-1	21	幽嚎之牛		104.581894	47.58709	0	300640	10000	-1	-1	1	0	-1	-1	-1	-1	-1	-1	70	0	
210	61	6908	-1	21	幽嚎之牛		106.387901	48.208107	0	300640	10000	-1	-1	1	0	-1	-1	-1	-1	-1	-1	70	0	
211	62	6909	-1	21	幽冰之爪		186.535919	109.803871	0	300640	10000	-1	-1	1	0	-1	-1	-1	-1	-1	-1	75	0	
212	63	6909	-1	21	幽冰之爪		187.038879	108.847076	0	300640	10000	-1	-1	1	0	-1	-1	-1	-1	-1	-1	75	0	
213	64	6909	-1	21	幽冰之爪		187.038879	108.847076	0	300640	10000	-1	-1	1	0	-1	-1	-1	-1	-1	-1	75	0	
214	65	6909	-1	21	幽冰之爪		164.215942	111.01358	0	300640	10000	-1	-1	1	0	-1	-1	-1	-1	-1	-1	75	0	
215	66	6909	-1	21	幽冰之爪		162.971405	109.079468	0	300640	10000	-1	-1	1	0	-1	-1	-1	-1	-1	-1	75	0	
216	67	6909	-1	21	幽冰之爪		164.19696	109.287758	0	300640	10000	-1	-1	1	0	-1	-1	-1	-1	-1	-1	75	0	
217	68	6909	-1	21	幽冰之爪		165.938583	110.600044	0	300640	10000	-1	-1	1	0	-1	-1	-1	-1	-1	-1	75	0	
218	69	6909	-1	21	幽冰之爪		164.685211	110.554916	0	300640	10000	-1	-1	1	0	-1	-1	-1	-1	-1	-1	75	0	
219	70	6909	-1	21	幽冰之爪		163.622391	110.049889	0	300640	10000	-1	-1	1	0	-1	-1	-1	-1	-1	-1	75	0	
220	71	6909	-1	21	幽冰之爪		165.917694	108.640083	0	300640	10000	-1	-1	1	0	-1	-1	-1	-1	-1	-1	75	0	
221	72	6909	-1	21	幽冰之爪		165.654938	108.386688	0	300640	10000	-1	-1	1	0	-1	-1	-1	-1	-1	-1	75	0	
222	73	6909	-1	21	幽冰之爪		164.534988	111.264877	0	300640	10000	-1	-1	1	0	-1	-1	-1	-1	-1	-1	75	0	
223	74	6909	-1	21	幽冰之爪		164.215942	111.01358	0	300640	10000	-1	-1	1	0	-1	-1	-1	-1	-1	-1	75	0	
224	75	6909	-1	21	幽冰之爪		164.215942	111.01358	0	300640	10000	-1	-1	1	0	-1	-1	-1	-1	-1	-1	75	0	
225	76	6909	-1	21	幽冰之爪		183.205917	134.201096	0	300640	10000	-1	-1	1	0	-1	-1	-1	-1	-1	-1	75	0	
226	77	6909	-1	21	幽冰之爪		182.586304	134.724045	0	300640	10000	-1	-1	1	0	-1	-1	-1	-1	-1	-1	75	0	
227	78	6909	-1	21	幽冰之爪		180.766464	132.637756	0	300640	10000	-1	-1	1	0	-1	-1	-1	-1	-1	-1	75	0	
228	79	6909	-1	21	幽冰之爪		182.503708	131.896545	0	300640	10000	-1	-1	1	0	-1	-1	-1	-1	-1	-1	75	0	
229	80	6909	-1	21	幽冰之爪		181.270172	134.867371	0	300640	10000	-1	-1	1	0	-1	-1	-1	-1	-1	-1	75	0	
230	81	6909	-1	21	幽冰之爪		182.664917	132.297913	0	300640	10000	-1	-1	1	0	-1	-1	-1	-1	-1	-1	75	0	
231	82	6909	-1	21	幽冰之爪		184.067993	132.623627	0	300640	10000	-1	-1	1	0	-1	-1	-1	-1	-1	-1	75	0	
232	83	6909	-1	21	幽冰之爪		184.231445	133.471085	0	300640	10000	-1	-1	1	0	-1	-1	-1	-1	-1	-1	75	0	
233	84	6909	-1	21	幽冰之爪		182.202438	133.044922	0	300640	10000	-1	-1	1	0	-1	-1	-1	-1	-1	-1	75	0	
234	85	6909	-1	21	幽冰之爪		182.805725	133.297485	0	300640	10000	-1	-1	1	0	-1	-1	-1	-1	-1	-1	75	0	
235	86	6909	-1	21	幽冰之爪		182.136047	133.830872	0	300640	10000	-1	-1	1	0	-1	-1	-1	-1	-1	-1	75	0	
236	87	6909	-1	21	幽冰之爪		188.846573	174.593079	0	300640	10000	-1	-1	1	0	-1	-1	-1	-1	-1	-1	75	0	
237	88	6909	-1	21	幽冰之爪		187.704056	172.445755	0	300640	10000	-1	-1	1	0	-1	-1	-1	-1	-1	-1	75	0	
238	89	6909	-1	21	幽冰之爪		187.913116	173.752411	0	300640	10000	-1	-1	1	0	-1	-1	-1	-1	-1	-1	75	0	
239	90	6909	-1	21	幽冰之爪		188.443726	173.756989	0	300640	10000	-1	-1	1	0	-1	-1	-1	-1	-1	-1	75	0	
240	91	6909	-1	21	幽冰之爪		186.207458	174.641907	0	300640	10000	-1	-1	1	0	-1	-1	-1	-1	-1	-1	75	0	
241	92	6909	-1	21	幽冰之爪		188.450516	174.589417	0	300640	10000	-1	-1	1	0	-1	-1	-1	-1	-1	-1	75	0	
242	93	6909	-1	21	幽冰之爪		187.53035	174.928131	0	300640	10000	-1	-1	1	0	-1	-1	-1	-1	-1	-1	75	0	
243	94	6909	-1	21	幽冰之爪		188.320023	174.658371	0	300640	10000	-1	-1	1	0	-1	-1	-1	-1	-1	-1	75	0	
244	95	6909	-1	21	幽冰之爪		188.378937	174.034622	0	300640	10000	-1	-1	1	0	-1	-1	-1	-1	-1	-1	75	0	
245	96	6909	-1	21	幽冰之爪		188.78569	175.076752	0	300640	10000	-1	-1	1	0	-1	-1	-1	-1	-1	-1	75	0	
246	97	6909	-1	21	幽冰之爪		103.196854	139.296997	0	300640	10000	-1	-1	1	0	-1	-1	-1	-1	-1	-1	75	0	
247	98	6909	-1	21	幽冰之爪		100.506165	140.773636	0	300640	10000	-1	-1	1	0	-1	-1	-1	-1	-1	-1	75	0	
248	99	6909	-1	21	幽冰之爪		102.341934	137.134384	0	300640	10000	-1	-1	1	0	-1	-1	-1	-1	-1	-1	75	0	
249	100	6909	-1	21	幽冰之爪		101.754944	140.487518	0	300640	10000	-1	-1	1	0	-1	-1	-1	-1	-1	-1	75	0	
250	101	6909	-1	21	幽冰之爪		103.686203	140.760834	0	300640	10000	-1	-1	1	0	-1	-1	-1	-1	-1	-1	75	0	
251	102	6909	-1	21	幽冰之爪		102.72448	137.832947	0	300640	10000	-1	-1	1	0	-1	-1	-1	-1	-1	-1	75	0	
252	103	6909	-1	21	幽冰之爪		100.883568	137.82991	0	300640	10000	-1	-1	1	0	-1	-1	-1	-1	-1	-1	75	0	
253	104	6909	-1	21	幽冰之爪		101.639015	138.600372	0	300640	10000	-1	-1	1	0	-1	-1	-1	-1	-1	-1	75	0	
254	105	6909	-1	21	幽冰之爪		101.012215	138.989838	0	300640	10000	-1	-1	1	0	-1	-1	-1	-1	-1	-1	75	0	
255	106	6909	-1	21	幽冰之爪		101.012215	138.989838	0	300640	10000	-1	-1	1	0	-1	-1	-1	-1	-1	-1	75	0	
256	107	6909	-1	21	幽冰之爪		128.389435	169.8965	0	300640	10000	-1	-1	1	0	-1	-1	-1	-1	-1	-1	75	0	
257	108	6909	-1	21	幽冰之爪		125.715546	167.547913	0	300640	10000	-1	-1	1	0	-1	-1	-1	-1	-1	-1	75	0	
258	109	6909	-1	21	幽冰之爪		127.989395	167.352203	0	300640	10000	-1	-1	1	0	-1	-1	-1	-1	-1	-1	75	0	
259	110	6909	-1	21	幽冰之爪		126.473495	167.369339	0	300640	10000	-1	-1	1	0	-1	-1	-1	-1	-1	-1	75	0	
260	111	6909	-1	21	幽冰之爪		127.328407	168.539963	0	300640	10000	-1	-1	1	0	-1	-1	-1	-1	-1	-1	75	0	
261	112	6909	-1	21	幽冰之爪		125.608856	168.981003	0	300640	10000	-1	-1	1	0	-1	-1	-1	-1	-1	-1	75	0	
262	113	6909	-1	21	幽冰之爪		126.50705	168.859406	0	300640	10000	-1	-1	1	0	-1	-1	-1	-1	-1	-1	75	0	
263	114	6909	-1	21	幽冰之爪		125.85759	170.800659	0	300640	10000	-1	-1	1	0	-1	-1	-1	-1	-1	-1	75	0	
264	115	6909	-1	21	幽冰之爪		127.30632	170.6409	0	300640	10000	-1	-1	1	0	-1	-1	-1	-1	-1	-1	75	0	
265	116	6909	-1	21	幽冰之爪		126.731361	169.961517	0	300640	10000	-1	-1	1	0	-1	-1	-1	-1	-1	-1	75	0	
266	117	6908	-1	21	幽嚎之牛		97.254791	113.123726	0	300640	10000	-1	-1	1	0	-1	-1	-1	-1	-1	-1	70	0	
267	118	6908	-1	21	幽嚎之牛		99.618248	111.563362	0	300640	10000	-1	-1	1	0	-1	-1	-1	-1	-1	-1	70	0	
268	119	6908	-1	21	幽嚎之牛		101.349503	112.17868	0	300640	10000	-1	-1	1	0	-1	-1	-1	-1	-1	-1	70	0	
269	120	6908	-1	21	幽嚎之牛		97.385422	114.720642	0	300640	10000	-1	-1	1	0	-1	-1	-1	-1	-1	-1	70	0	
270	121	6908	-1	21	幽嚎之牛		101.020203	115.559776	0	300640	10000	-1	-1	1	0	-1	-1	-1	-1	-1	-1	70	0	
271	122	6908	-1	21	幽嚎之牛		99.467133	115.924927	0	300640	10000	-1	-1	1	0	-1	-1	-1	-1	-1	-1	70	0	
272	123	6908	-1	21	幽嚎之牛		99.642197	114.463356	0	300640	10000	-1	-1	1	0	-1	-1	-1	-1	-1	-1	70	0	
273	124	6908	-1	21	幽嚎之牛		98.452278	112.651855	0	300640	10000	-1	-1	1	0	-1	-1	-1	-1	-1	-1	70	0	
274	125	6908	-1	21	幽嚎之牛		99.894257	113.219719	0	300640	10000	-1	-1	1	0	-1	-1	-1	-1	-1	-1	70	0	
275	126	6908	-1	21	幽嚎之牛		99.894257	113.219719	0	300640	10000	-1	-1	1	0	-1	-1	-1	-1	-1	-1	70	0	
276	127	6908	-1	21	幽嚎之牛		99.894257	113.219719	0	300640	10000	-1	-1	1	0	-1	-1	-1	-1	-1	-1	70	0	
277	7191855	3870	400070	20			102	143	32	0	2000	-1	-1	5	0	0	-1	-1	-1	-1	-1	70	0	
278	7191857	3871	400071	20			188	141	32	0	2000	-1	-1	5	0	1	-1	-1	-1	-1	-1	70	0	
279	7191859	3872	400072	20			62	46	32	0	2000	-1	-1	5	0	2	-1	-1	-1	-1	-1	75	0	
280	7191860	3873	400073	20			130	38	32	0	2000	-1	-1	5	0	3	-1	-1	-1	-1	-1	75	0	
281	7191861	1320	101504	-1	前往撒马尔罕和大都	王国迷宫传送	65.5	72.5	0	0	10000	-1	-1	3	0	-1	-1	-1	-1	-1	-1	75	0	
282	7336799	4295	101654	-1	组队指引人		173	41	27	-1	1000	-1	-1	3	0	-1	-1	-1	-1	-1	-1	100	0	
283	7336799	2600	101154	-1	迷宫五层	迷宫传送	178	41	27	-1	1000	-1	-1	3	0	-1	-1	-1	-1	-1	-1	100	0	
