NUM	NUM	NUM	NUM	NUM	TEXT	TEXT	FLOAT	FLOAT	NUM	NUM	NUM	NUM	NUM	NUM	NUM	NUM	NUM	NUM	NUM	NUM	NUM	NUM	NUM
编号	随机编号	attr编号	逻辑表编号	阵营编号	名称	称号	x轴坐标	z轴坐标	朝向	脚本编号	重生时间	分组编号	队伍编号	基础AI	AI文件	巡逻路径	商店0	商店1	商店2	商店3	名誉ID	等级	镜像组
0	1	4821	144802	20	宁采臣	传送使者	128	97	8	0	10000	-1	-1	3	0	-1	-1	-1	-1	-1	-1	80	
1	2	18402	-1	21			65	67	27	0	3000	-1	-1	0	-1	-1	-1	-1	-1	-1	-1	60	
2	3	18402	-1	21			65	67	27	0	3000	-1	-1	0	-1	-1	-1	-1	-1	-1	-1	60	
3	4	18402	-1	21			65	67	27	0	3000	-1	-1	0	-1	-1	-1	-1	-1	-1	-1	60	
4	5	18402	-1	21			65	67	27	0	3000	-1	-1	0	-1	-1	-1	-1	-1	-1	-1	60	
5	6	18402	-1	21			65	67	27	0	3000	-1	-1	0	-1	-1	-1	-1	-1	-1	-1	60	
6	7	18402	-1	21			65	67	27	0	3000	-1	-1	0	-1	-1	-1	-1	-1	-1	-1	60	
7	8	18402	-1	21			65	67	27	0	3000	-1	-1	0	-1	-1	-1	-1	-1	-1	-1	60	
8	9	18402	-1	21			65	67	27	0	3000	-1	-1	0	-1	-1	-1	-1	-1	-1	-1	60	
9	10	18402	-1	21			65	67	27	0	3000	-1	-1	0	-1	-1	-1	-1	-1	-1	-1	60	
10	11	18402	-1	21			65	67	27	0	3000	-1	-1	0	-1	-1	-1	-1	-1	-1	-1	60	
11	12	18402	-1	21			65	67	27	0	3000	-1	-1	0	-1	-1	-1	-1	-1	-1	-1	60	
12	13	18402	-1	21			65	67	27	0	3000	-1	-1	0	-1	-1	-1	-1	-1	-1	-1	60	
13	14	18402	-1	21			65	67	27	0	3000	-1	-1	0	-1	-1	-1	-1	-1	-1	-1	60	
14	15	18402	-1	21			65	67	27	0	3000	-1	-1	0	-1	-1	-1	-1	-1	-1	-1	60	
15	16	18402	-1	21			65	67	27	0	3000	-1	-1	0	-1	-1	-1	-1	-1	-1	-1	60	
16	17	18402	-1	21			65	67	27	0	3000	-1	-1	0	-1	-1	-1	-1	-1	-1	-1	60	
17	18	18402	-1	21			65	67	27	0	3000	-1	-1	0	-1	-1	-1	-1	-1	-1	-1	60	
18	19	18402	-1	21			65	67	27	0	3000	-1	-1	0	-1	-1	-1	-1	-1	-1	-1	60	
19	20	18402	-1	21			65	67	27	0	3000	-1	-1	0	-1	-1	-1	-1	-1	-1	-1	60	
20	21	18402	-1	21			65	67	27	0	3000	-1	-1	0	-1	-1	-1	-1	-1	-1	-1	60	
21	22	18402	-1	21			65	67	27	0	3000	-1	-1	0	-1	-1	-1	-1	-1	-1	-1	60	
22	23	18402	-1	21			65	67	27	0	3000	-1	-1	0	-1	-1	-1	-1	-1	-1	-1	60	
23	24	18402	-1	21			65	67	27	0	3000	-1	-1	0	-1	-1	-1	-1	-1	-1	-1	60	
24	25	18402	-1	21			65	67	27	0	3000	-1	-1	0	-1	-1	-1	-1	-1	-1	-1	60	
25	26	18402	-1	21			65	67	27	0	3000	-1	-1	0	-1	-1	-1	-1	-1	-1	-1	60	
26	27	18402	-1	21			65	67	27	0	3000	-1	-1	0	-1	-1	-1	-1	-1	-1	-1	60	
27	28	18402	-1	21			65	67	27	0	3000	-1	-1	0	-1	-1	-1	-1	-1	-1	-1	60	
28	29	18402	-1	21			65	67	27	0	3000	-1	-1	0	-1	-1	-1	-1	-1	-1	-1	60	
29	30	18402	-1	21			65	67	27	0	3000	-1	-1	0	-1	-1	-1	-1	-1	-1	-1	60	
30	31	18402	-1	21			65	67	27	0	3000	-1	-1	0	-1	-1	-1	-1	-1	-1	-1	60	
31	32	18402	-1	21			65	67	27	0	3000	-1	-1	0	-1	-1	-1	-1	-1	-1	-1	60	
32	33	18402	-1	21			65	67	27	0	3000	-1	-1	0	-1	-1	-1	-1	-1	-1	-1	60	
33	34	18402	-1	21			65	67	27	0	3000	-1	-1	0	-1	-1	-1	-1	-1	-1	-1	60	
34	35	18402	-1	21			65	67	27	0	3000	-1	-1	0	-1	-1	-1	-1	-1	-1	-1	60	
35	36	18402	-1	21			65	67	27	0	3000	-1	-1	0	-1	-1	-1	-1	-1	-1	-1	60	
36	37	18402	-1	21			65	67	27	0	3000	-1	-1	0	-1	-1	-1	-1	-1	-1	-1	60	
37	38	18402	-1	21			65	67	27	0	3000	-1	-1	0	-1	-1	-1	-1	-1	-1	-1	60	
38	39	18402	-1	21			65	67	27	0	3000	-1	-1	0	-1	-1	-1	-1	-1	-1	-1	60	
39	40	18402	-1	21			65	67	27	0	3000	-1	-1	0	-1	-1	-1	-1	-1	-1	-1	60	
40	41	18402	-1	21			65	67	27	0	3000	-1	-1	0	-1	-1	-1	-1	-1	-1	-1	60	
41	42	18402	-1	21			113	72	27	0	3000	-1	-1	0	-1	-1	-1	-1	-1	-1	-1	65	
42	43	18402	-1	21			113	72	27	0	3000	-1	-1	0	-1	-1	-1	-1	-1	-1	-1	65	
43	44	18402	-1	21			113	72	27	0	3000	-1	-1	0	-1	-1	-1	-1	-1	-1	-1	65	
44	45	18402	-1	21			113	72	27	0	3000	-1	-1	0	-1	-1	-1	-1	-1	-1	-1	65	
45	46	18402	-1	21			113	72	27	0	3000	-1	-1	0	-1	-1	-1	-1	-1	-1	-1	65	
46	47	18402	-1	21			113	72	27	0	3000	-1	-1	0	-1	-1	-1	-1	-1	-1	-1	65	
47	48	18402	-1	21			113	72	27	0	3000	-1	-1	0	-1	-1	-1	-1	-1	-1	-1	65	
48	49	18402	-1	21			113	72	27	0	3000	-1	-1	0	-1	-1	-1	-1	-1	-1	-1	65	
49	50	18402	-1	21			113	72	27	0	3000	-1	-1	0	-1	-1	-1	-1	-1	-1	-1	65	
50	51	18402	-1	21			113	72	27	0	3000	-1	-1	0	-1	-1	-1	-1	-1	-1	-1	65	
51	52	18402	-1	21			113	72	27	0	3000	-1	-1	0	-1	-1	-1	-1	-1	-1	-1	65	
52	53	18402	-1	21			113	72	27	0	3000	-1	-1	0	-1	-1	-1	-1	-1	-1	-1	65	
53	54	18402	-1	21			113	72	27	0	3000	-1	-1	0	-1	-1	-1	-1	-1	-1	-1	65	
54	55	18402	-1	21			113	72	27	0	3000	-1	-1	0	-1	-1	-1	-1	-1	-1	-1	65	
55	56	18402	-1	21			113	72	27	0	3000	-1	-1	0	-1	-1	-1	-1	-1	-1	-1	65	
56	57	18402	-1	21			113	72	27	0	3000	-1	-1	0	-1	-1	-1	-1	-1	-1	-1	65	
57	58	18402	-1	21			113	72	27	0	3000	-1	-1	0	-1	-1	-1	-1	-1	-1	-1	65	
58	59	18402	-1	21			113	72	27	0	3000	-1	-1	0	-1	-1	-1	-1	-1	-1	-1	65	
59	60	18402	-1	21			113	72	27	0	3000	-1	-1	0	-1	-1	-1	-1	-1	-1	-1	65	
60	61	18402	-1	21			113	72	27	0	3000	-1	-1	0	-1	-1	-1	-1	-1	-1	-1	65	
61	62	18402	-1	21			113	72	27	0	3000	-1	-1	0	-1	-1	-1	-1	-1	-1	-1	65	
62	63	18402	-1	21			113	72	27	0	3000	-1	-1	0	-1	-1	-1	-1	-1	-1	-1	65	
63	64	18402	-1	21			113	72	27	0	3000	-1	-1	0	-1	-1	-1	-1	-1	-1	-1	65	
64	65	18402	-1	21			113	72	27	0	3000	-1	-1	0	-1	-1	-1	-1	-1	-1	-1	65	
65	66	18402	-1	21			113	72	27	0	3000	-1	-1	0	-1	-1	-1	-1	-1	-1	-1	65	
66	67	18402	-1	21			113	72	27	0	3000	-1	-1	0	-1	-1	-1	-1	-1	-1	-1	65	
67	68	18402	-1	21			113	72	27	0	3000	-1	-1	0	-1	-1	-1	-1	-1	-1	-1	65	
68	69	18402	-1	21			113	72	27	0	3000	-1	-1	0	-1	-1	-1	-1	-1	-1	-1	65	
69	70	18402	-1	21			113	72	27	0	3000	-1	-1	0	-1	-1	-1	-1	-1	-1	-1	65	
70	71	18402	-1	21			113	72	27	0	3000	-1	-1	0	-1	-1	-1	-1	-1	-1	-1	65	
71	72	18402	-1	21			113	72	27	0	3000	-1	-1	0	-1	-1	-1	-1	-1	-1	-1	65	
72	73	18402	-1	21			113	72	27	0	3000	-1	-1	0	-1	-1	-1	-1	-1	-1	-1	65	
73	74	18402	-1	21			113	72	27	0	3000	-1	-1	0	-1	-1	-1	-1	-1	-1	-1	65	
74	75	18402	-1	21			113	72	27	0	3000	-1	-1	0	-1	-1	-1	-1	-1	-1	-1	65	
75	76	18402	-1	21			113	72	27	0	3000	-1	-1	0	-1	-1	-1	-1	-1	-1	-1	65	
76	77	18402	-1	21			113	72	27	0	3000	-1	-1	0	-1	-1	-1	-1	-1	-1	-1	65	
77	78	18402	-1	21			113	72	27	0	3000	-1	-1	0	-1	-1	-1	-1	-1	-1	-1	65	
78	79	18402	-1	21			113	72	27	0	3000	-1	-1	0	-1	-1	-1	-1	-1	-1	-1	65	
79	80	18402	-1	21			113	72	27	0	3000	-1	-1	0	-1	-1	-1	-1	-1	-1	-1	65	
80	81	18402	-1	21			113	72	27	0	3000	-1	-1	0	-1	-1	-1	-1	-1	-1	-1	65	
81	82	18402	-1	21			135	68	27	0	3000	-1	-1	0	-1	-1	-1	-1	-1	-1	-1	70	
82	83	18402	-1	21			135	68	27	0	3000	-1	-1	0	-1	-1	-1	-1	-1	-1	-1	70	
83	84	18402	-1	21			135	68	27	0	3000	-1	-1	0	-1	-1	-1	-1	-1	-1	-1	70	
84	85	18402	-1	21			135	68	27	0	3000	-1	-1	0	-1	-1	-1	-1	-1	-1	-1	70	
85	86	18402	-1	21			135	68	27	0	3000	-1	-1	0	-1	-1	-1	-1	-1	-1	-1	70	
86	87	18402	-1	21			135	68	27	0	3000	-1	-1	0	-1	-1	-1	-1	-1	-1	-1	70	
87	88	18402	-1	21			135	68	27	0	3000	-1	-1	0	-1	-1	-1	-1	-1	-1	-1	70	
88	89	18402	-1	21			135	68	27	0	3000	-1	-1	0	-1	-1	-1	-1	-1	-1	-1	70	
89	90	18402	-1	21			135	68	27	0	3000	-1	-1	0	-1	-1	-1	-1	-1	-1	-1	70	
90	91	18402	-1	21			135	68	27	0	3000	-1	-1	0	-1	-1	-1	-1	-1	-1	-1	70	
91	92	18402	-1	21			135	68	27	0	3000	-1	-1	0	-1	-1	-1	-1	-1	-1	-1	70	
92	93	18402	-1	21			135	68	27	0	3000	-1	-1	0	-1	-1	-1	-1	-1	-1	-1	70	
93	94	18402	-1	21			135	68	27	0	3000	-1	-1	0	-1	-1	-1	-1	-1	-1	-1	70	
94	95	18402	-1	21			135	68	27	0	3000	-1	-1	0	-1	-1	-1	-1	-1	-1	-1	70	
95	96	18402	-1	21			135	68	27	0	3000	-1	-1	0	-1	-1	-1	-1	-1	-1	-1	70	
96	97	18402	-1	21			135	68	27	0	3000	-1	-1	0	-1	-1	-1	-1	-1	-1	-1	70	
97	98	18402	-1	21			135	68	27	0	3000	-1	-1	0	-1	-1	-1	-1	-1	-1	-1	70	
98	99	18402	-1	21			135	68	27	0	3000	-1	-1	0	-1	-1	-1	-1	-1	-1	-1	70	
99	100	18402	-1	21			135	68	27	0	3000	-1	-1	0	-1	-1	-1	-1	-1	-1	-1	70	
100	101	18402	-1	21			135	68	27	0	3000	-1	-1	0	-1	-1	-1	-1	-1	-1	-1	70	
101	102	18402	-1	21			135	68	27	0	3000	-1	-1	0	-1	-1	-1	-1	-1	-1	-1	70	
102	103	18402	-1	21			135	68	27	0	3000	-1	-1	0	-1	-1	-1	-1	-1	-1	-1	70	
103	104	18402	-1	21			135	68	27	0	3000	-1	-1	0	-1	-1	-1	-1	-1	-1	-1	70	
104	105	18402	-1	21			135	68	27	0	3000	-1	-1	0	-1	-1	-1	-1	-1	-1	-1	70	
105	106	18402	-1	21			135	68	27	0	3000	-1	-1	0	-1	-1	-1	-1	-1	-1	-1	70	
106	107	18402	-1	21			135	68	27	0	3000	-1	-1	0	-1	-1	-1	-1	-1	-1	-1	70	
107	108	18402	-1	21			135	68	27	0	3000	-1	-1	0	-1	-1	-1	-1	-1	-1	-1	70	
108	109	18402	-1	21			135	68	27	0	3000	-1	-1	0	-1	-1	-1	-1	-1	-1	-1	70	
109	110	18402	-1	21			135	68	27	0	3000	-1	-1	0	-1	-1	-1	-1	-1	-1	-1	70	
110	111	18402	-1	21			135	68	27	0	3000	-1	-1	0	-1	-1	-1	-1	-1	-1	-1	70	
111	112	18402	-1	21			135	68	27	0	3000	-1	-1	0	-1	-1	-1	-1	-1	-1	-1	70	
112	113	18402	-1	21			135	68	27	0	3000	-1	-1	0	-1	-1	-1	-1	-1	-1	-1	70	
113	114	18402	-1	21			135	68	27	0	3000	-1	-1	0	-1	-1	-1	-1	-1	-1	-1	70	
114	115	18402	-1	21			135	68	27	0	3000	-1	-1	0	-1	-1	-1	-1	-1	-1	-1	70	
115	116	18402	-1	21			135	68	27	0	3000	-1	-1	0	-1	-1	-1	-1	-1	-1	-1	70	
116	117	18402	-1	21			135	68	27	0	3000	-1	-1	0	-1	-1	-1	-1	-1	-1	-1	70	
117	118	18402	-1	21			135	68	27	0	3000	-1	-1	0	-1	-1	-1	-1	-1	-1	-1	70	
118	119	18402	-1	21			135	68	27	0	3000	-1	-1	0	-1	-1	-1	-1	-1	-1	-1	70	
119	120	18402	-1	21			135	68	27	0	3000	-1	-1	0	-1	-1	-1	-1	-1	-1	-1	70	
120	121	18402	-1	21			135	68	27	0	3000	-1	-1	0	-1	-1	-1	-1	-1	-1	-1	70	
121	122	18402	-1	21			158	64	27	0	3000	-1	-1	0	-1	-1	-1	-1	-1	-1	-1	75	
122	123	18402	-1	21			158	64	27	0	3000	-1	-1	0	-1	-1	-1	-1	-1	-1	-1	75	
123	124	18402	-1	21			158	64	27	0	3000	-1	-1	0	-1	-1	-1	-1	-1	-1	-1	75	
124	125	18402	-1	21			158	64	27	0	3000	-1	-1	0	-1	-1	-1	-1	-1	-1	-1	75	
125	126	18402	-1	21			158	64	27	0	3000	-1	-1	0	-1	-1	-1	-1	-1	-1	-1	75	
126	127	18402	-1	21			158	64	27	0	3000	-1	-1	0	-1	-1	-1	-1	-1	-1	-1	75	
127	128	18402	-1	21			158	64	27	0	3000	-1	-1	0	-1	-1	-1	-1	-1	-1	-1	75	
128	129	18402	-1	21			158	64	27	0	3000	-1	-1	0	-1	-1	-1	-1	-1	-1	-1	75	
129	130	18402	-1	21			158	64	27	0	3000	-1	-1	0	-1	-1	-1	-1	-1	-1	-1	75	
130	131	18402	-1	21			158	64	27	0	3000	-1	-1	0	-1	-1	-1	-1	-1	-1	-1	75	
131	132	18402	-1	21			158	64	27	0	3000	-1	-1	0	-1	-1	-1	-1	-1	-1	-1	75	
132	133	18402	-1	21			158	64	27	0	3000	-1	-1	0	-1	-1	-1	-1	-1	-1	-1	75	
133	134	18402	-1	21			158	64	27	0	3000	-1	-1	0	-1	-1	-1	-1	-1	-1	-1	75	
134	135	18402	-1	21			158	64	27	0	3000	-1	-1	0	-1	-1	-1	-1	-1	-1	-1	75	
135	136	18402	-1	21			158	64	27	0	3000	-1	-1	0	-1	-1	-1	-1	-1	-1	-1	75	
136	137	18402	-1	21			158	64	27	0	3000	-1	-1	0	-1	-1	-1	-1	-1	-1	-1	75	
137	138	18402	-1	21			158	64	27	0	3000	-1	-1	0	-1	-1	-1	-1	-1	-1	-1	75	
138	139	18402	-1	21			158	64	27	0	3000	-1	-1	0	-1	-1	-1	-1	-1	-1	-1	75	
139	140	18402	-1	21			158	64	27	0	3000	-1	-1	0	-1	-1	-1	-1	-1	-1	-1	75	
140	141	18402	-1	21			158	64	27	0	3000	-1	-1	0	-1	-1	-1	-1	-1	-1	-1	75	
141	142	18402	-1	21			158	64	27	0	3000	-1	-1	0	-1	-1	-1	-1	-1	-1	-1	75	
142	143	18402	-1	21			158	64	27	0	3000	-1	-1	0	-1	-1	-1	-1	-1	-1	-1	75	
143	144	18402	-1	21			158	64	27	0	3000	-1	-1	0	-1	-1	-1	-1	-1	-1	-1	75	
144	145	18402	-1	21			158	64	27	0	3000	-1	-1	0	-1	-1	-1	-1	-1	-1	-1	75	
145	146	18402	-1	21			158	64	27	0	3000	-1	-1	0	-1	-1	-1	-1	-1	-1	-1	75	
146	147	18402	-1	21			158	64	27	0	3000	-1	-1	0	-1	-1	-1	-1	-1	-1	-1	75	
147	148	18402	-1	21			158	64	27	0	3000	-1	-1	0	-1	-1	-1	-1	-1	-1	-1	75	
148	149	18402	-1	21			158	64	27	0	3000	-1	-1	0	-1	-1	-1	-1	-1	-1	-1	75	
149	150	18402	-1	21			158	64	27	0	3000	-1	-1	0	-1	-1	-1	-1	-1	-1	-1	75	
150	151	18402	-1	21			158	64	27	0	3000	-1	-1	0	-1	-1	-1	-1	-1	-1	-1	75	
151	152	18402	-1	21			158	64	27	0	3000	-1	-1	0	-1	-1	-1	-1	-1	-1	-1	75	
152	153	18402	-1	21			158	64	27	0	3000	-1	-1	0	-1	-1	-1	-1	-1	-1	-1	75	
153	154	18402	-1	21			158	64	27	0	3000	-1	-1	0	-1	-1	-1	-1	-1	-1	-1	75	
154	155	18402	-1	21			158	64	27	0	3000	-1	-1	0	-1	-1	-1	-1	-1	-1	-1	75	
155	156	18402	-1	21			158	64	27	0	3000	-1	-1	0	-1	-1	-1	-1	-1	-1	-1	75	
156	157	18402	-1	21			158	64	27	0	3000	-1	-1	0	-1	-1	-1	-1	-1	-1	-1	75	
157	158	18402	-1	21			158	64	27	0	3000	-1	-1	0	-1	-1	-1	-1	-1	-1	-1	75	
158	159	18402	-1	21			158	64	27	0	3000	-1	-1	0	-1	-1	-1	-1	-1	-1	-1	75	
159	160	18402	-1	21			158	64	27	0	3000	-1	-1	0	-1	-1	-1	-1	-1	-1	-1	75	
160	161	18402	-1	21			158	64	27	0	3000	-1	-1	0	-1	-1	-1	-1	-1	-1	-1	75	
161	162	18402	-1	21			213	49	27	0	3000	-1	-1	0	-1	-1	-1	-1	-1	-1	-1	80	
162	163	18402	-1	21			213	49	27	0	3000	-1	-1	0	-1	-1	-1	-1	-1	-1	-1	80	
163	164	18402	-1	21			213	49	27	0	3000	-1	-1	0	-1	-1	-1	-1	-1	-1	-1	80	
164	165	18402	-1	21			213	49	27	0	3000	-1	-1	0	-1	-1	-1	-1	-1	-1	-1	80	
165	166	18402	-1	21			213	49	27	0	3000	-1	-1	0	-1	-1	-1	-1	-1	-1	-1	80	
166	167	18402	-1	21			213	49	27	0	3000	-1	-1	0	-1	-1	-1	-1	-1	-1	-1	80	
167	168	18402	-1	21			213	49	27	0	3000	-1	-1	0	-1	-1	-1	-1	-1	-1	-1	80	
168	169	18402	-1	21			213	49	27	0	3000	-1	-1	0	-1	-1	-1	-1	-1	-1	-1	80	
169	170	18402	-1	21			213	49	27	0	3000	-1	-1	0	-1	-1	-1	-1	-1	-1	-1	80	
170	171	18402	-1	21			213	49	27	0	3000	-1	-1	0	-1	-1	-1	-1	-1	-1	-1	80	
171	172	18402	-1	21			213	49	27	0	3000	-1	-1	0	-1	-1	-1	-1	-1	-1	-1	80	
172	173	18402	-1	21			213	49	27	0	3000	-1	-1	0	-1	-1	-1	-1	-1	-1	-1	80	
173	174	18402	-1	21			213	49	27	0	3000	-1	-1	0	-1	-1	-1	-1	-1	-1	-1	80	
174	175	18402	-1	21			213	49	27	0	3000	-1	-1	0	-1	-1	-1	-1	-1	-1	-1	80	
175	176	18402	-1	21			213	49	27	0	3000	-1	-1	0	-1	-1	-1	-1	-1	-1	-1	80	
176	177	18402	-1	21			213	49	27	0	3000	-1	-1	0	-1	-1	-1	-1	-1	-1	-1	80	
177	178	18402	-1	21			213	49	27	0	3000	-1	-1	0	-1	-1	-1	-1	-1	-1	-1	80	
178	179	18402	-1	21			213	49	27	0	3000	-1	-1	0	-1	-1	-1	-1	-1	-1	-1	80	
179	180	18402	-1	21			213	49	27	0	3000	-1	-1	0	-1	-1	-1	-1	-1	-1	-1	80	
180	181	18402	-1	21			213	49	27	0	3000	-1	-1	0	-1	-1	-1	-1	-1	-1	-1	80	
181	182	18402	-1	21			213	49	27	0	3000	-1	-1	0	-1	-1	-1	-1	-1	-1	-1	80	
182	183	18402	-1	21			213	49	27	0	3000	-1	-1	0	-1	-1	-1	-1	-1	-1	-1	80	
183	184	18402	-1	21			213	49	27	0	3000	-1	-1	0	-1	-1	-1	-1	-1	-1	-1	80	
184	185	18402	-1	21			213	49	27	0	3000	-1	-1	0	-1	-1	-1	-1	-1	-1	-1	80	
185	186	18402	-1	21			213	49	27	0	3000	-1	-1	0	-1	-1	-1	-1	-1	-1	-1	80	
186	187	18402	-1	21			213	49	27	0	3000	-1	-1	0	-1	-1	-1	-1	-1	-1	-1	80	
187	188	18402	-1	21			213	49	27	0	3000	-1	-1	0	-1	-1	-1	-1	-1	-1	-1	80	
188	189	18402	-1	21			213	49	27	0	3000	-1	-1	0	-1	-1	-1	-1	-1	-1	-1	80	
189	190	18402	-1	21			213	49	27	0	3000	-1	-1	0	-1	-1	-1	-1	-1	-1	-1	80	
190	191	18402	-1	21			213	49	27	0	3000	-1	-1	0	-1	-1	-1	-1	-1	-1	-1	80	
191	192	18402	-1	21			213	49	27	0	3000	-1	-1	0	-1	-1	-1	-1	-1	-1	-1	80	
192	193	18402	-1	21			213	49	27	0	3000	-1	-1	0	-1	-1	-1	-1	-1	-1	-1	80	
193	194	18402	-1	21			213	49	27	0	3000	-1	-1	0	-1	-1	-1	-1	-1	-1	-1	80	
194	195	18402	-1	21			213	49	27	0	3000	-1	-1	0	-1	-1	-1	-1	-1	-1	-1	80	
195	196	18402	-1	21			213	49	27	0	3000	-1	-1	0	-1	-1	-1	-1	-1	-1	-1	80	
196	197	18402	-1	21			213	49	27	0	3000	-1	-1	0	-1	-1	-1	-1	-1	-1	-1	80	
197	198	18402	-1	21			213	49	27	0	3000	-1	-1	0	-1	-1	-1	-1	-1	-1	-1	80	
198	199	18402	-1	21			213	49	27	0	3000	-1	-1	0	-1	-1	-1	-1	-1	-1	-1	80	
199	200	18402	-1	21			213	49	27	0	3000	-1	-1	0	-1	-1	-1	-1	-1	-1	-1	80	
200	201	18402	-1	21			213	49	27	0	3000	-1	-1	0	-1	-1	-1	-1	-1	-1	-1	80	
201	202	18402	-1	21			205	103	27	0	3000	-1	-1	0	-1	-1	-1	-1	-1	-1	-1	85	
202	203	18402	-1	21			205	103	27	0	3000	-1	-1	0	-1	-1	-1	-1	-1	-1	-1	85	
203	204	18402	-1	21			205	103	27	0	3000	-1	-1	0	-1	-1	-1	-1	-1	-1	-1	85	
204	205	18402	-1	21			205	103	27	0	3000	-1	-1	0	-1	-1	-1	-1	-1	-1	-1	85	
205	206	18402	-1	21			205	103	27	0	3000	-1	-1	0	-1	-1	-1	-1	-1	-1	-1	85	
206	207	18402	-1	21			205	103	27	0	3000	-1	-1	0	-1	-1	-1	-1	-1	-1	-1	85	
207	208	18402	-1	21			205	103	27	0	3000	-1	-1	0	-1	-1	-1	-1	-1	-1	-1	85	
208	209	18402	-1	21			205	103	27	0	3000	-1	-1	0	-1	-1	-1	-1	-1	-1	-1	85	
209	210	18402	-1	21			205	103	27	0	3000	-1	-1	0	-1	-1	-1	-1	-1	-1	-1	85	
210	211	18402	-1	21			205	103	27	0	3000	-1	-1	0	-1	-1	-1	-1	-1	-1	-1	85	
211	212	18402	-1	21			205	103	27	0	3000	-1	-1	0	-1	-1	-1	-1	-1	-1	-1	85	
212	213	18402	-1	21			205	103	27	0	3000	-1	-1	0	-1	-1	-1	-1	-1	-1	-1	85	
213	214	18402	-1	21			205	103	27	0	3000	-1	-1	0	-1	-1	-1	-1	-1	-1	-1	85	
214	215	18402	-1	21			205	103	27	0	3000	-1	-1	0	-1	-1	-1	-1	-1	-1	-1	85	
215	216	18402	-1	21			205	103	27	0	3000	-1	-1	0	-1	-1	-1	-1	-1	-1	-1	85	
216	217	18402	-1	21			205	103	27	0	3000	-1	-1	0	-1	-1	-1	-1	-1	-1	-1	85	
217	218	18402	-1	21			205	103	27	0	3000	-1	-1	0	-1	-1	-1	-1	-1	-1	-1	85	
218	219	18402	-1	21			205	103	27	0	3000	-1	-1	0	-1	-1	-1	-1	-1	-1	-1	85	
219	220	18402	-1	21			205	103	27	0	3000	-1	-1	0	-1	-1	-1	-1	-1	-1	-1	85	
220	221	18402	-1	21			205	103	27	0	3000	-1	-1	0	-1	-1	-1	-1	-1	-1	-1	85	
221	222	18402	-1	21			205	103	27	0	3000	-1	-1	0	-1	-1	-1	-1	-1	-1	-1	85	
222	223	18402	-1	21			205	103	27	0	3000	-1	-1	0	-1	-1	-1	-1	-1	-1	-1	85	
223	224	18402	-1	21			205	103	27	0	3000	-1	-1	0	-1	-1	-1	-1	-1	-1	-1	85	
224	225	18402	-1	21			205	103	27	0	3000	-1	-1	0	-1	-1	-1	-1	-1	-1	-1	85	
225	226	18402	-1	21			205	103	27	0	3000	-1	-1	0	-1	-1	-1	-1	-1	-1	-1	85	
226	227	18402	-1	21			205	103	27	0	3000	-1	-1	0	-1	-1	-1	-1	-1	-1	-1	85	
227	228	18402	-1	21			205	103	27	0	3000	-1	-1	0	-1	-1	-1	-1	-1	-1	-1	85	
228	229	18402	-1	21			205	103	27	0	3000	-1	-1	0	-1	-1	-1	-1	-1	-1	-1	85	
229	230	18402	-1	21			205	103	27	0	3000	-1	-1	0	-1	-1	-1	-1	-1	-1	-1	85	
230	231	18402	-1	21			205	103	27	0	3000	-1	-1	0	-1	-1	-1	-1	-1	-1	-1	85	
231	232	18402	-1	21			205	103	27	0	3000	-1	-1	0	-1	-1	-1	-1	-1	-1	-1	85	
232	233	18402	-1	21			205	103	27	0	3000	-1	-1	0	-1	-1	-1	-1	-1	-1	-1	85	
233	234	18402	-1	21			205	103	27	0	3000	-1	-1	0	-1	-1	-1	-1	-1	-1	-1	85	
234	235	18402	-1	21			205	103	27	0	3000	-1	-1	0	-1	-1	-1	-1	-1	-1	-1	85	
235	236	18402	-1	21			205	103	27	0	3000	-1	-1	0	-1	-1	-1	-1	-1	-1	-1	85	
236	237	18402	-1	21			205	103	27	0	3000	-1	-1	0	-1	-1	-1	-1	-1	-1	-1	85	
237	238	18402	-1	21			205	103	27	0	3000	-1	-1	0	-1	-1	-1	-1	-1	-1	-1	85	
238	239	18402	-1	21			205	103	27	0	3000	-1	-1	0	-1	-1	-1	-1	-1	-1	-1	85	
239	240	18402	-1	21			205	103	27	0	3000	-1	-1	0	-1	-1	-1	-1	-1	-1	-1	85	
240	241	18402	-1	21			205	103	27	0	3000	-1	-1	0	-1	-1	-1	-1	-1	-1	-1	85	
241	242	18402	-1	21			194	169	27	0	3000	-1	-1	0	-1	-1	-1	-1	-1	-1	-1	90	
242	243	18402	-1	21			194	169	27	0	3000	-1	-1	0	-1	-1	-1	-1	-1	-1	-1	90	
243	244	18402	-1	21			194	169	27	0	3000	-1	-1	0	-1	-1	-1	-1	-1	-1	-1	90	
244	245	18402	-1	21			194	169	27	0	3000	-1	-1	0	-1	-1	-1	-1	-1	-1	-1	90	
245	246	18402	-1	21			194	169	27	0	3000	-1	-1	0	-1	-1	-1	-1	-1	-1	-1	90	
246	247	18402	-1	21			194	169	27	0	3000	-1	-1	0	-1	-1	-1	-1	-1	-1	-1	90	
247	248	18402	-1	21			194	169	27	0	3000	-1	-1	0	-1	-1	-1	-1	-1	-1	-1	90	
248	249	18402	-1	21			194	169	27	0	3000	-1	-1	0	-1	-1	-1	-1	-1	-1	-1	90	
249	250	18402	-1	21			194	169	27	0	3000	-1	-1	0	-1	-1	-1	-1	-1	-1	-1	90	
250	251	18402	-1	21			194	169	27	0	3000	-1	-1	0	-1	-1	-1	-1	-1	-1	-1	90	
251	252	18402	-1	21			194	169	27	0	3000	-1	-1	0	-1	-1	-1	-1	-1	-1	-1	90	
252	253	18402	-1	21			194	169	27	0	3000	-1	-1	0	-1	-1	-1	-1	-1	-1	-1	90	
253	254	18402	-1	21			194	169	27	0	3000	-1	-1	0	-1	-1	-1	-1	-1	-1	-1	90	
254	255	18402	-1	21			194	169	27	0	3000	-1	-1	0	-1	-1	-1	-1	-1	-1	-1	90	
255	256	18402	-1	21			194	169	27	0	3000	-1	-1	0	-1	-1	-1	-1	-1	-1	-1	90	
256	257	18402	-1	21			194	169	27	0	3000	-1	-1	0	-1	-1	-1	-1	-1	-1	-1	90	
257	258	18402	-1	21			194	169	27	0	3000	-1	-1	0	-1	-1	-1	-1	-1	-1	-1	90	
258	259	18402	-1	21			194	169	27	0	3000	-1	-1	0	-1	-1	-1	-1	-1	-1	-1	90	
259	260	18402	-1	21			194	169	27	0	3000	-1	-1	0	-1	-1	-1	-1	-1	-1	-1	90	
260	261	18402	-1	21			194	169	27	0	3000	-1	-1	0	-1	-1	-1	-1	-1	-1	-1	90	
261	262	18402	-1	21			194	169	27	0	3000	-1	-1	0	-1	-1	-1	-1	-1	-1	-1	90	
262	263	18402	-1	21			194	169	27	0	3000	-1	-1	0	-1	-1	-1	-1	-1	-1	-1	90	
263	264	18402	-1	21			194	169	27	0	3000	-1	-1	0	-1	-1	-1	-1	-1	-1	-1	90	
264	265	18402	-1	21			194	169	27	0	3000	-1	-1	0	-1	-1	-1	-1	-1	-1	-1	90	
265	266	18402	-1	21			194	169	27	0	3000	-1	-1	0	-1	-1	-1	-1	-1	-1	-1	90	
266	267	18402	-1	21			194	169	27	0	3000	-1	-1	0	-1	-1	-1	-1	-1	-1	-1	90	
267	268	18402	-1	21			194	169	27	0	3000	-1	-1	0	-1	-1	-1	-1	-1	-1	-1	90	
268	269	18402	-1	21			194	169	27	0	3000	-1	-1	0	-1	-1	-1	-1	-1	-1	-1	90	
269	270	18402	-1	21			194	169	27	0	3000	-1	-1	0	-1	-1	-1	-1	-1	-1	-1	90	
270	271	18402	-1	21			194	169	27	0	3000	-1	-1	0	-1	-1	-1	-1	-1	-1	-1	90	
271	272	18402	-1	21			194	169	27	0	3000	-1	-1	0	-1	-1	-1	-1	-1	-1	-1	90	
272	273	18402	-1	21			194	169	27	0	3000	-1	-1	0	-1	-1	-1	-1	-1	-1	-1	90	
273	274	18402	-1	21			194	169	27	0	3000	-1	-1	0	-1	-1	-1	-1	-1	-1	-1	90	
274	275	18402	-1	21			194	169	27	0	3000	-1	-1	0	-1	-1	-1	-1	-1	-1	-1	90	
275	276	18402	-1	21			194	169	27	0	3000	-1	-1	0	-1	-1	-1	-1	-1	-1	-1	90	
276	277	18402	-1	21			194	169	27	0	3000	-1	-1	0	-1	-1	-1	-1	-1	-1	-1	90	
277	278	18402	-1	21			194	169	27	0	3000	-1	-1	0	-1	-1	-1	-1	-1	-1	-1	90	
278	279	18402	-1	21			194	169	27	0	3000	-1	-1	0	-1	-1	-1	-1	-1	-1	-1	90	
279	280	18402	-1	21			194	169	27	0	3000	-1	-1	0	-1	-1	-1	-1	-1	-1	-1	90	
280	281	18402	-1	21			194	169	27	0	3000	-1	-1	0	-1	-1	-1	-1	-1	-1	-1	90	
281	282	18402	-1	21			204	207	27	0	3000	-1	-1	0	-1	-1	-1	-1	-1	-1	-1	95	
282	283	18402	-1	21			204	207	27	0	3000	-1	-1	0	-1	-1	-1	-1	-1	-1	-1	95	
283	284	18402	-1	21			204	207	27	0	3000	-1	-1	0	-1	-1	-1	-1	-1	-1	-1	95	
284	285	18402	-1	21			204	207	27	0	3000	-1	-1	0	-1	-1	-1	-1	-1	-1	-1	95	
285	286	18402	-1	21			204	207	27	0	3000	-1	-1	0	-1	-1	-1	-1	-1	-1	-1	95	
286	287	18402	-1	21			204	207	27	0	3000	-1	-1	0	-1	-1	-1	-1	-1	-1	-1	95	
287	288	18402	-1	21			204	207	27	0	3000	-1	-1	0	-1	-1	-1	-1	-1	-1	-1	95	
288	289	18402	-1	21			204	207	27	0	3000	-1	-1	0	-1	-1	-1	-1	-1	-1	-1	95	
289	290	18402	-1	21			204	207	27	0	3000	-1	-1	0	-1	-1	-1	-1	-1	-1	-1	95	
290	291	18402	-1	21			204	207	27	0	3000	-1	-1	0	-1	-1	-1	-1	-1	-1	-1	95	
291	292	18402	-1	21			204	207	27	0	3000	-1	-1	0	-1	-1	-1	-1	-1	-1	-1	95	
292	293	18402	-1	21			204	207	27	0	3000	-1	-1	0	-1	-1	-1	-1	-1	-1	-1	95	
293	294	18402	-1	21			204	207	27	0	3000	-1	-1	0	-1	-1	-1	-1	-1	-1	-1	95	
294	295	18402	-1	21			204	207	27	0	3000	-1	-1	0	-1	-1	-1	-1	-1	-1	-1	95	
295	296	18402	-1	21			204	207	27	0	3000	-1	-1	0	-1	-1	-1	-1	-1	-1	-1	95	
296	297	18402	-1	21			204	207	27	0	3000	-1	-1	0	-1	-1	-1	-1	-1	-1	-1	95	
297	298	18402	-1	21			204	207	27	0	3000	-1	-1	0	-1	-1	-1	-1	-1	-1	-1	95	
298	299	18402	-1	21			204	207	27	0	3000	-1	-1	0	-1	-1	-1	-1	-1	-1	-1	95	
299	300	18402	-1	21			204	207	27	0	3000	-1	-1	0	-1	-1	-1	-1	-1	-1	-1	95	
300	301	18402	-1	21			204	207	27	0	3000	-1	-1	0	-1	-1	-1	-1	-1	-1	-1	95	
301	302	18402	-1	21			204	207	27	0	3000	-1	-1	0	-1	-1	-1	-1	-1	-1	-1	95	
302	303	18402	-1	21			204	207	27	0	3000	-1	-1	0	-1	-1	-1	-1	-1	-1	-1	95	
303	304	18402	-1	21			204	207	27	0	3000	-1	-1	0	-1	-1	-1	-1	-1	-1	-1	95	
304	305	18402	-1	21			204	207	27	0	3000	-1	-1	0	-1	-1	-1	-1	-1	-1	-1	95	
305	306	18402	-1	21			204	207	27	0	3000	-1	-1	0	-1	-1	-1	-1	-1	-1	-1	95	
306	307	18402	-1	21			204	207	27	0	3000	-1	-1	0	-1	-1	-1	-1	-1	-1	-1	95	
307	308	18402	-1	21			204	207	27	0	3000	-1	-1	0	-1	-1	-1	-1	-1	-1	-1	95	
308	309	18402	-1	21			204	207	27	0	3000	-1	-1	0	-1	-1	-1	-1	-1	-1	-1	95	
309	310	18402	-1	21			204	207	27	0	3000	-1	-1	0	-1	-1	-1	-1	-1	-1	-1	95	
310	311	18402	-1	21			204	207	27	0	3000	-1	-1	0	-1	-1	-1	-1	-1	-1	-1	95	
311	312	18402	-1	21			204	207	27	0	3000	-1	-1	0	-1	-1	-1	-1	-1	-1	-1	95	
312	313	18402	-1	21			204	207	27	0	3000	-1	-1	0	-1	-1	-1	-1	-1	-1	-1	95	
313	314	18402	-1	21			204	207	27	0	3000	-1	-1	0	-1	-1	-1	-1	-1	-1	-1	95	
314	315	18402	-1	21			204	207	27	0	3000	-1	-1	0	-1	-1	-1	-1	-1	-1	-1	95	
315	316	18402	-1	21			204	207	27	0	3000	-1	-1	0	-1	-1	-1	-1	-1	-1	-1	95	
316	317	18402	-1	21			204	207	27	0	3000	-1	-1	0	-1	-1	-1	-1	-1	-1	-1	95	
317	318	18402	-1	21			204	207	27	0	3000	-1	-1	0	-1	-1	-1	-1	-1	-1	-1	95	
318	319	18402	-1	21			204	207	27	0	3000	-1	-1	0	-1	-1	-1	-1	-1	-1	-1	95	
319	320	18402	-1	21			204	207	27	0	3000	-1	-1	0	-1	-1	-1	-1	-1	-1	-1	95	
320	321	18402	-1	21			204	207	27	0	3000	-1	-1	0	-1	-1	-1	-1	-1	-1	-1	95	
321	322	18402	-1	21			182	206	27	0	3000	-1	-1	0	-1	-1	-1	-1	-1	-1	-1	100	
322	323	18402	-1	21			182	206	27	0	3000	-1	-1	0	-1	-1	-1	-1	-1	-1	-1	100	
323	324	18402	-1	21			182	206	27	0	3000	-1	-1	0	-1	-1	-1	-1	-1	-1	-1	100	
324	325	18402	-1	21			182	206	27	0	3000	-1	-1	0	-1	-1	-1	-1	-1	-1	-1	100	
325	326	18402	-1	21			182	206	27	0	3000	-1	-1	0	-1	-1	-1	-1	-1	-1	-1	100	
326	327	18402	-1	21			182	206	27	0	3000	-1	-1	0	-1	-1	-1	-1	-1	-1	-1	100	
327	328	18402	-1	21			182	206	27	0	3000	-1	-1	0	-1	-1	-1	-1	-1	-1	-1	100	
328	329	18402	-1	21			182	206	27	0	3000	-1	-1	0	-1	-1	-1	-1	-1	-1	-1	100	
329	330	18402	-1	21			182	206	27	0	3000	-1	-1	0	-1	-1	-1	-1	-1	-1	-1	100	
330	331	18402	-1	21			182	206	27	0	3000	-1	-1	0	-1	-1	-1	-1	-1	-1	-1	100	
331	332	18402	-1	21			182	206	27	0	3000	-1	-1	0	-1	-1	-1	-1	-1	-1	-1	100	
332	333	18402	-1	21			182	206	27	0	3000	-1	-1	0	-1	-1	-1	-1	-1	-1	-1	100	
333	334	18402	-1	21			182	206	27	0	3000	-1	-1	0	-1	-1	-1	-1	-1	-1	-1	100	
334	335	18402	-1	21			182	206	27	0	3000	-1	-1	0	-1	-1	-1	-1	-1	-1	-1	100	
335	336	18402	-1	21			182	206	27	0	3000	-1	-1	0	-1	-1	-1	-1	-1	-1	-1	100	
336	337	18402	-1	21			182	206	27	0	3000	-1	-1	0	-1	-1	-1	-1	-1	-1	-1	100	
337	338	18402	-1	21			182	206	27	0	3000	-1	-1	0	-1	-1	-1	-1	-1	-1	-1	100	
338	339	18402	-1	21			182	206	27	0	3000	-1	-1	0	-1	-1	-1	-1	-1	-1	-1	100	
339	340	18402	-1	21			182	206	27	0	3000	-1	-1	0	-1	-1	-1	-1	-1	-1	-1	100	
340	341	18402	-1	21			182	206	27	0	3000	-1	-1	0	-1	-1	-1	-1	-1	-1	-1	100	
341	342	18402	-1	21			182	206	27	0	3000	-1	-1	0	-1	-1	-1	-1	-1	-1	-1	100	
342	343	18402	-1	21			182	206	27	0	3000	-1	-1	0	-1	-1	-1	-1	-1	-1	-1	100	
343	344	18402	-1	21			182	206	27	0	3000	-1	-1	0	-1	-1	-1	-1	-1	-1	-1	100	
344	345	18402	-1	21			182	206	27	0	3000	-1	-1	0	-1	-1	-1	-1	-1	-1	-1	100	
345	346	18402	-1	21			182	206	27	0	3000	-1	-1	0	-1	-1	-1	-1	-1	-1	-1	100	
346	347	18402	-1	21			182	206	27	0	3000	-1	-1	0	-1	-1	-1	-1	-1	-1	-1	100	
347	348	18402	-1	21			182	206	27	0	3000	-1	-1	0	-1	-1	-1	-1	-1	-1	-1	100	
348	349	18402	-1	21			182	206	27	0	3000	-1	-1	0	-1	-1	-1	-1	-1	-1	-1	100	
349	350	18402	-1	21			182	206	27	0	3000	-1	-1	0	-1	-1	-1	-1	-1	-1	-1	100	
350	351	18402	-1	21			182	206	27	0	3000	-1	-1	0	-1	-1	-1	-1	-1	-1	-1	100	
351	352	18402	-1	21			182	206	27	0	3000	-1	-1	0	-1	-1	-1	-1	-1	-1	-1	100	
352	353	18402	-1	21			182	206	27	0	3000	-1	-1	0	-1	-1	-1	-1	-1	-1	-1	100	
353	354	18402	-1	21			182	206	27	0	3000	-1	-1	0	-1	-1	-1	-1	-1	-1	-1	100	
354	355	18402	-1	21			182	206	27	0	3000	-1	-1	0	-1	-1	-1	-1	-1	-1	-1	100	
355	356	18402	-1	21			182	206	27	0	3000	-1	-1	0	-1	-1	-1	-1	-1	-1	-1	100	
356	357	18402	-1	21			182	206	27	0	3000	-1	-1	0	-1	-1	-1	-1	-1	-1	-1	100	
357	358	18402	-1	21			182	206	27	0	3000	-1	-1	0	-1	-1	-1	-1	-1	-1	-1	100	
358	359	18402	-1	21			182	206	27	0	3000	-1	-1	0	-1	-1	-1	-1	-1	-1	-1	100	
359	360	18402	-1	21			182	206	27	0	3000	-1	-1	0	-1	-1	-1	-1	-1	-1	-1	100	
360	361	18402	-1	21			182	206	27	0	3000	-1	-1	0	-1	-1	-1	-1	-1	-1	-1	100	
361	362	18402	-1	21			165	175	27	0	3000	-1	-1	0	-1	-1	-1	-1	-1	-1	-1	105	
362	363	18402	-1	21			165	175	27	0	3000	-1	-1	0	-1	-1	-1	-1	-1	-1	-1	105	
363	364	18402	-1	21			165	175	27	0	3000	-1	-1	0	-1	-1	-1	-1	-1	-1	-1	105	
364	365	18402	-1	21			165	175	27	0	3000	-1	-1	0	-1	-1	-1	-1	-1	-1	-1	105	
365	366	18402	-1	21			165	175	27	0	3000	-1	-1	0	-1	-1	-1	-1	-1	-1	-1	105	
366	367	18402	-1	21			165	175	27	0	3000	-1	-1	0	-1	-1	-1	-1	-1	-1	-1	105	
367	368	18402	-1	21			165	175	27	0	3000	-1	-1	0	-1	-1	-1	-1	-1	-1	-1	105	
368	369	18402	-1	21			165	175	27	0	3000	-1	-1	0	-1	-1	-1	-1	-1	-1	-1	105	
369	370	18402	-1	21			165	175	27	0	3000	-1	-1	0	-1	-1	-1	-1	-1	-1	-1	105	
370	371	18402	-1	21			165	175	27	0	3000	-1	-1	0	-1	-1	-1	-1	-1	-1	-1	105	
371	372	18402	-1	21			165	175	27	0	3000	-1	-1	0	-1	-1	-1	-1	-1	-1	-1	105	
372	373	18402	-1	21			165	175	27	0	3000	-1	-1	0	-1	-1	-1	-1	-1	-1	-1	105	
373	374	18402	-1	21			165	175	27	0	3000	-1	-1	0	-1	-1	-1	-1	-1	-1	-1	105	
374	375	18402	-1	21			165	175	27	0	3000	-1	-1	0	-1	-1	-1	-1	-1	-1	-1	105	
375	376	18402	-1	21			165	175	27	0	3000	-1	-1	0	-1	-1	-1	-1	-1	-1	-1	105	
376	377	18402	-1	21			165	175	27	0	3000	-1	-1	0	-1	-1	-1	-1	-1	-1	-1	105	
377	378	18402	-1	21			165	175	27	0	3000	-1	-1	0	-1	-1	-1	-1	-1	-1	-1	105	
378	379	18402	-1	21			165	175	27	0	3000	-1	-1	0	-1	-1	-1	-1	-1	-1	-1	105	
379	380	18402	-1	21			165	175	27	0	3000	-1	-1	0	-1	-1	-1	-1	-1	-1	-1	105	
380	381	18402	-1	21			165	175	27	0	3000	-1	-1	0	-1	-1	-1	-1	-1	-1	-1	105	
381	382	18402	-1	21			165	175	27	0	3000	-1	-1	0	-1	-1	-1	-1	-1	-1	-1	105	
382	383	18402	-1	21			165	175	27	0	3000	-1	-1	0	-1	-1	-1	-1	-1	-1	-1	105	
383	384	18402	-1	21			165	175	27	0	3000	-1	-1	0	-1	-1	-1	-1	-1	-1	-1	105	
384	385	18402	-1	21			165	175	27	0	3000	-1	-1	0	-1	-1	-1	-1	-1	-1	-1	105	
385	386	18402	-1	21			165	175	27	0	3000	-1	-1	0	-1	-1	-1	-1	-1	-1	-1	105	
386	387	18402	-1	21			165	175	27	0	3000	-1	-1	0	-1	-1	-1	-1	-1	-1	-1	105	
387	388	18402	-1	21			165	175	27	0	3000	-1	-1	0	-1	-1	-1	-1	-1	-1	-1	105	
388	389	18402	-1	21			165	175	27	0	3000	-1	-1	0	-1	-1	-1	-1	-1	-1	-1	105	
389	390	18402	-1	21			165	175	27	0	3000	-1	-1	0	-1	-1	-1	-1	-1	-1	-1	105	
390	391	18402	-1	21			165	175	27	0	3000	-1	-1	0	-1	-1	-1	-1	-1	-1	-1	105	
391	392	18402	-1	21			165	175	27	0	3000	-1	-1	0	-1	-1	-1	-1	-1	-1	-1	105	
392	393	18402	-1	21			165	175	27	0	3000	-1	-1	0	-1	-1	-1	-1	-1	-1	-1	105	
393	394	18402	-1	21			165	175	27	0	3000	-1	-1	0	-1	-1	-1	-1	-1	-1	-1	105	
394	395	18402	-1	21			165	175	27	0	3000	-1	-1	0	-1	-1	-1	-1	-1	-1	-1	105	
395	396	18402	-1	21			165	175	27	0	3000	-1	-1	0	-1	-1	-1	-1	-1	-1	-1	105	
396	397	18402	-1	21			165	175	27	0	3000	-1	-1	0	-1	-1	-1	-1	-1	-1	-1	105	
397	398	18402	-1	21			165	175	27	0	3000	-1	-1	0	-1	-1	-1	-1	-1	-1	-1	105	
398	399	18402	-1	21			165	175	27	0	3000	-1	-1	0	-1	-1	-1	-1	-1	-1	-1	105	
399	400	18402	-1	21			165	175	27	0	3000	-1	-1	0	-1	-1	-1	-1	-1	-1	-1	105	
400	401	18402	-1	21			165	175	27	0	3000	-1	-1	0	-1	-1	-1	-1	-1	-1	-1	105	
401	402	18402	-1	21			141	195	27	0	3000	-1	-1	0	-1	-1	-1	-1	-1	-1	-1	110	
402	403	18402	-1	21			141	195	27	0	3000	-1	-1	0	-1	-1	-1	-1	-1	-1	-1	110	
403	404	18402	-1	21			141	195	27	0	3000	-1	-1	0	-1	-1	-1	-1	-1	-1	-1	110	
404	405	18402	-1	21			141	195	27	0	3000	-1	-1	0	-1	-1	-1	-1	-1	-1	-1	110	
405	406	18402	-1	21			141	195	27	0	3000	-1	-1	0	-1	-1	-1	-1	-1	-1	-1	110	
406	407	18402	-1	21			141	195	27	0	3000	-1	-1	0	-1	-1	-1	-1	-1	-1	-1	110	
407	408	18402	-1	21			141	195	27	0	3000	-1	-1	0	-1	-1	-1	-1	-1	-1	-1	110	
408	409	18402	-1	21			141	195	27	0	3000	-1	-1	0	-1	-1	-1	-1	-1	-1	-1	110	
409	410	18402	-1	21			141	195	27	0	3000	-1	-1	0	-1	-1	-1	-1	-1	-1	-1	110	
410	411	18402	-1	21			141	195	27	0	3000	-1	-1	0	-1	-1	-1	-1	-1	-1	-1	110	
411	412	18402	-1	21			141	195	27	0	3000	-1	-1	0	-1	-1	-1	-1	-1	-1	-1	110	
412	413	18402	-1	21			141	195	27	0	3000	-1	-1	0	-1	-1	-1	-1	-1	-1	-1	110	
413	414	18402	-1	21			141	195	27	0	3000	-1	-1	0	-1	-1	-1	-1	-1	-1	-1	110	
414	415	18402	-1	21			141	195	27	0	3000	-1	-1	0	-1	-1	-1	-1	-1	-1	-1	110	
415	416	18402	-1	21			141	195	27	0	3000	-1	-1	0	-1	-1	-1	-1	-1	-1	-1	110	
416	417	18402	-1	21			141	195	27	0	3000	-1	-1	0	-1	-1	-1	-1	-1	-1	-1	110	
417	418	18402	-1	21			141	195	27	0	3000	-1	-1	0	-1	-1	-1	-1	-1	-1	-1	110	
418	419	18402	-1	21			141	195	27	0	3000	-1	-1	0	-1	-1	-1	-1	-1	-1	-1	110	
419	420	18402	-1	21			141	195	27	0	3000	-1	-1	0	-1	-1	-1	-1	-1	-1	-1	110	
420	421	18402	-1	21			141	195	27	0	3000	-1	-1	0	-1	-1	-1	-1	-1	-1	-1	110	
421	422	18402	-1	21			141	195	27	0	3000	-1	-1	0	-1	-1	-1	-1	-1	-1	-1	110	
422	423	18402	-1	21			141	195	27	0	3000	-1	-1	0	-1	-1	-1	-1	-1	-1	-1	110	
423	424	18402	-1	21			141	195	27	0	3000	-1	-1	0	-1	-1	-1	-1	-1	-1	-1	110	
424	425	18402	-1	21			141	195	27	0	3000	-1	-1	0	-1	-1	-1	-1	-1	-1	-1	110	
425	426	18402	-1	21			141	195	27	0	3000	-1	-1	0	-1	-1	-1	-1	-1	-1	-1	110	
426	427	18402	-1	21			141	195	27	0	3000	-1	-1	0	-1	-1	-1	-1	-1	-1	-1	110	
427	428	18402	-1	21			141	195	27	0	3000	-1	-1	0	-1	-1	-1	-1	-1	-1	-1	110	
428	429	18402	-1	21			141	195	27	0	3000	-1	-1	0	-1	-1	-1	-1	-1	-1	-1	110	
429	430	18402	-1	21			141	195	27	0	3000	-1	-1	0	-1	-1	-1	-1	-1	-1	-1	110	
430	431	18402	-1	21			141	195	27	0	3000	-1	-1	0	-1	-1	-1	-1	-1	-1	-1	110	
431	432	18402	-1	21			141	195	27	0	3000	-1	-1	0	-1	-1	-1	-1	-1	-1	-1	110	
432	433	18402	-1	21			141	195	27	0	3000	-1	-1	0	-1	-1	-1	-1	-1	-1	-1	110	
433	434	18402	-1	21			141	195	27	0	3000	-1	-1	0	-1	-1	-1	-1	-1	-1	-1	110	
434	435	18402	-1	21			141	195	27	0	3000	-1	-1	0	-1	-1	-1	-1	-1	-1	-1	110	
435	436	18402	-1	21			141	195	27	0	3000	-1	-1	0	-1	-1	-1	-1	-1	-1	-1	110	
436	437	18402	-1	21			141	195	27	0	3000	-1	-1	0	-1	-1	-1	-1	-1	-1	-1	110	
437	438	18402	-1	21			141	195	27	0	3000	-1	-1	0	-1	-1	-1	-1	-1	-1	-1	110	
438	439	18402	-1	21			141	195	27	0	3000	-1	-1	0	-1	-1	-1	-1	-1	-1	-1	110	
439	440	18402	-1	21			141	195	27	0	3000	-1	-1	0	-1	-1	-1	-1	-1	-1	-1	110	
440	441	18402	-1	21			141	195	27	0	3000	-1	-1	0	-1	-1	-1	-1	-1	-1	-1	110	
441	442	18402	-1	21			124	200	27	0	3000	-1	-1	0	-1	-1	-1	-1	-1	-1	-1	115	
442	443	18402	-1	21			124	200	27	0	3000	-1	-1	0	-1	-1	-1	-1	-1	-1	-1	115	
443	444	18402	-1	21			124	200	27	0	3000	-1	-1	0	-1	-1	-1	-1	-1	-1	-1	115	
444	445	18402	-1	21			124	200	27	0	3000	-1	-1	0	-1	-1	-1	-1	-1	-1	-1	115	
445	446	18402	-1	21			124	200	27	0	3000	-1	-1	0	-1	-1	-1	-1	-1	-1	-1	115	
446	447	18402	-1	21			124	200	27	0	3000	-1	-1	0	-1	-1	-1	-1	-1	-1	-1	115	
447	448	18402	-1	21			124	200	27	0	3000	-1	-1	0	-1	-1	-1	-1	-1	-1	-1	115	
448	449	18402	-1	21			124	200	27	0	3000	-1	-1	0	-1	-1	-1	-1	-1	-1	-1	115	
449	450	18402	-1	21			124	200	27	0	3000	-1	-1	0	-1	-1	-1	-1	-1	-1	-1	115	
450	451	18402	-1	21			124	200	27	0	3000	-1	-1	0	-1	-1	-1	-1	-1	-1	-1	115	
451	452	18402	-1	21			124	200	27	0	3000	-1	-1	0	-1	-1	-1	-1	-1	-1	-1	115	
452	453	18402	-1	21			124	200	27	0	3000	-1	-1	0	-1	-1	-1	-1	-1	-1	-1	115	
453	454	18402	-1	21			124	200	27	0	3000	-1	-1	0	-1	-1	-1	-1	-1	-1	-1	115	
454	455	18402	-1	21			124	200	27	0	3000	-1	-1	0	-1	-1	-1	-1	-1	-1	-1	115	
455	456	18402	-1	21			124	200	27	0	3000	-1	-1	0	-1	-1	-1	-1	-1	-1	-1	115	
456	457	18402	-1	21			124	200	27	0	3000	-1	-1	0	-1	-1	-1	-1	-1	-1	-1	115	
457	458	18402	-1	21			124	200	27	0	3000	-1	-1	0	-1	-1	-1	-1	-1	-1	-1	115	
458	459	18402	-1	21			124	200	27	0	3000	-1	-1	0	-1	-1	-1	-1	-1	-1	-1	115	
459	460	18402	-1	21			124	200	27	0	3000	-1	-1	0	-1	-1	-1	-1	-1	-1	-1	115	
460	461	18402	-1	21			124	200	27	0	3000	-1	-1	0	-1	-1	-1	-1	-1	-1	-1	115	
461	462	18402	-1	21			124	200	27	0	3000	-1	-1	0	-1	-1	-1	-1	-1	-1	-1	115	
462	463	18402	-1	21			124	200	27	0	3000	-1	-1	0	-1	-1	-1	-1	-1	-1	-1	115	
463	464	18402	-1	21			124	200	27	0	3000	-1	-1	0	-1	-1	-1	-1	-1	-1	-1	115	
464	465	18402	-1	21			124	200	27	0	3000	-1	-1	0	-1	-1	-1	-1	-1	-1	-1	115	
465	466	18402	-1	21			124	200	27	0	3000	-1	-1	0	-1	-1	-1	-1	-1	-1	-1	115	
466	467	18402	-1	21			124	200	27	0	3000	-1	-1	0	-1	-1	-1	-1	-1	-1	-1	115	
467	468	18402	-1	21			124	200	27	0	3000	-1	-1	0	-1	-1	-1	-1	-1	-1	-1	115	
468	469	18402	-1	21			124	200	27	0	3000	-1	-1	0	-1	-1	-1	-1	-1	-1	-1	115	
469	470	18402	-1	21			124	200	27	0	3000	-1	-1	0	-1	-1	-1	-1	-1	-1	-1	115	
470	471	18402	-1	21			124	200	27	0	3000	-1	-1	0	-1	-1	-1	-1	-1	-1	-1	115	
471	472	18402	-1	21			124	200	27	0	3000	-1	-1	0	-1	-1	-1	-1	-1	-1	-1	115	
472	473	18402	-1	21			124	200	27	0	3000	-1	-1	0	-1	-1	-1	-1	-1	-1	-1	115	
473	474	18402	-1	21			124	200	27	0	3000	-1	-1	0	-1	-1	-1	-1	-1	-1	-1	115	
474	475	18402	-1	21			124	200	27	0	3000	-1	-1	0	-1	-1	-1	-1	-1	-1	-1	115	
475	476	18402	-1	21			124	200	27	0	3000	-1	-1	0	-1	-1	-1	-1	-1	-1	-1	115	
476	477	18402	-1	21			124	200	27	0	3000	-1	-1	0	-1	-1	-1	-1	-1	-1	-1	115	
477	478	18402	-1	21			124	200	27	0	3000	-1	-1	0	-1	-1	-1	-1	-1	-1	-1	115	
478	479	18402	-1	21			124	200	27	0	3000	-1	-1	0	-1	-1	-1	-1	-1	-1	-1	115	
479	480	18402	-1	21			124	200	27	0	3000	-1	-1	0	-1	-1	-1	-1	-1	-1	-1	115	
480	481	18402	-1	21			124	200	27	0	3000	-1	-1	0	-1	-1	-1	-1	-1	-1	-1	115	
481	482	18402	-1	21			105	205	27	0	3000	-1	-1	0	-1	-1	-1	-1	-1	-1	-1	120	
482	483	18402	-1	21			105	205	27	0	3000	-1	-1	0	-1	-1	-1	-1	-1	-1	-1	120	
483	484	18402	-1	21			105	205	27	0	3000	-1	-1	0	-1	-1	-1	-1	-1	-1	-1	120	
484	485	18402	-1	21			105	205	27	0	3000	-1	-1	0	-1	-1	-1	-1	-1	-1	-1	120	
485	486	18402	-1	21			105	205	27	0	3000	-1	-1	0	-1	-1	-1	-1	-1	-1	-1	120	
486	487	18402	-1	21			105	205	27	0	3000	-1	-1	0	-1	-1	-1	-1	-1	-1	-1	120	
487	488	18402	-1	21			105	205	27	0	3000	-1	-1	0	-1	-1	-1	-1	-1	-1	-1	120	
488	489	18402	-1	21			105	205	27	0	3000	-1	-1	0	-1	-1	-1	-1	-1	-1	-1	120	
489	490	18402	-1	21			105	205	27	0	3000	-1	-1	0	-1	-1	-1	-1	-1	-1	-1	120	
490	491	18402	-1	21			105	205	27	0	3000	-1	-1	0	-1	-1	-1	-1	-1	-1	-1	120	
491	492	18402	-1	21			105	205	27	0	3000	-1	-1	0	-1	-1	-1	-1	-1	-1	-1	120	
492	493	18402	-1	21			105	205	27	0	3000	-1	-1	0	-1	-1	-1	-1	-1	-1	-1	120	
493	494	18402	-1	21			105	205	27	0	3000	-1	-1	0	-1	-1	-1	-1	-1	-1	-1	120	
494	495	18402	-1	21			105	205	27	0	3000	-1	-1	0	-1	-1	-1	-1	-1	-1	-1	120	
495	496	18402	-1	21			105	205	27	0	3000	-1	-1	0	-1	-1	-1	-1	-1	-1	-1	120	
496	497	18402	-1	21			105	205	27	0	3000	-1	-1	0	-1	-1	-1	-1	-1	-1	-1	120	
497	498	18402	-1	21			105	205	27	0	3000	-1	-1	0	-1	-1	-1	-1	-1	-1	-1	120	
498	499	18402	-1	21			105	205	27	0	3000	-1	-1	0	-1	-1	-1	-1	-1	-1	-1	120	
499	500	18402	-1	21			105	205	27	0	3000	-1	-1	0	-1	-1	-1	-1	-1	-1	-1	120	
500	501	18402	-1	21			105	205	27	0	3000	-1	-1	0	-1	-1	-1	-1	-1	-1	-1	120	
501	502	18402	-1	21			105	205	27	0	3000	-1	-1	0	-1	-1	-1	-1	-1	-1	-1	120	
502	503	18402	-1	21			105	205	27	0	3000	-1	-1	0	-1	-1	-1	-1	-1	-1	-1	120	
503	504	18402	-1	21			105	205	27	0	3000	-1	-1	0	-1	-1	-1	-1	-1	-1	-1	120	
504	505	18402	-1	21			105	205	27	0	3000	-1	-1	0	-1	-1	-1	-1	-1	-1	-1	120	
505	506	18402	-1	21			105	205	27	0	3000	-1	-1	0	-1	-1	-1	-1	-1	-1	-1	120	
506	507	18402	-1	21			105	205	27	0	3000	-1	-1	0	-1	-1	-1	-1	-1	-1	-1	120	
507	508	18402	-1	21			105	205	27	0	3000	-1	-1	0	-1	-1	-1	-1	-1	-1	-1	120	
508	509	18402	-1	21			105	205	27	0	3000	-1	-1	0	-1	-1	-1	-1	-1	-1	-1	120	
509	510	18402	-1	21			105	205	27	0	3000	-1	-1	0	-1	-1	-1	-1	-1	-1	-1	120	
510	511	18402	-1	21			105	205	27	0	3000	-1	-1	0	-1	-1	-1	-1	-1	-1	-1	120	
511	512	18402	-1	21			105	205	27	0	3000	-1	-1	0	-1	-1	-1	-1	-1	-1	-1	120	
512	513	18402	-1	21			105	205	27	0	3000	-1	-1	0	-1	-1	-1	-1	-1	-1	-1	120	
513	514	18402	-1	21			105	205	27	0	3000	-1	-1	0	-1	-1	-1	-1	-1	-1	-1	120	
514	515	18402	-1	21			105	205	27	0	3000	-1	-1	0	-1	-1	-1	-1	-1	-1	-1	120	
515	516	18402	-1	21			105	205	27	0	3000	-1	-1	0	-1	-1	-1	-1	-1	-1	-1	120	
516	517	18402	-1	21			105	205	27	0	3000	-1	-1	0	-1	-1	-1	-1	-1	-1	-1	120	
517	518	18402	-1	21			105	205	27	0	3000	-1	-1	0	-1	-1	-1	-1	-1	-1	-1	120	
518	519	18402	-1	21			105	205	27	0	3000	-1	-1	0	-1	-1	-1	-1	-1	-1	-1	120	
519	520	18402	-1	21			105	205	27	0	3000	-1	-1	0	-1	-1	-1	-1	-1	-1	-1	120	
520	521	18402	-1	21			105	205	27	0	3000	-1	-1	0	-1	-1	-1	-1	-1	-1	-1	120	
