NUM	NUM	NUM	NUM	NUM	TEXT	TEXT	FLOAT	FLOAT	NUM	NUM	NUM	NUM	NUM	NUM	NUM	NUM	NUM	NUM	NUM	NUM	NUM	NUM	NUM
编号	随机编号	attr编号	逻辑表编号	阵营编号	名称	称号	x轴坐标	z轴坐标	朝向	脚本编号	重生时间	分组编号	队伍编号	基础AI	AI文件	巡逻路径	商店0	商店1	商店2	商店3	名誉ID	等级	镜像组
0	15052370	2298	101216	-1	撒马尔罕	领地传送人	125	159	27	-1	1000	-1	-1	3	0	-1	-1	-1	-1	-1	-1	100	0	
1	15123699	9806	-1	21	阿里沙	恒河之王爪牙	32	247	8	300619	10000	-1	-1	1	0	-1	-1	-1	-1	-1	-1	70	0	
2	15486648	55	400330	-1	城主巴都斯		127.864716	88.180099	27	-1	1000	-1	-1	3	0	-1	-1	-1	-1	-1	-1	70	0	
3	15487362	1157	400340	20	伊丽	占星巫女	114.989059	103.294403	27	-1	1000	-1	-1	3	0	-1	-1	-1	-1	-1	-1	70	0	
4	679259	1939	400332	20	彼霍顿	察巴尔祭祀	139.426132	103.890793	26	-1	1000	-1	-1	3	0	-1	-1	-1	-1	-1	-1	70	0	
5	679352	1914	400341	20	占星师助手		114.042747	102.648193	26	-1	1000	-1	-1	3	0	-1	-1	-1	-1	-1	-1	70	0	
6	690570	1911	400342	20	菲斯		104.350922	105.157608	31	-1	1000	-1	-1	3	0	-1	-1	-1	-1	-1	-1	70	0	
7	690512	828	-1	-1	   		146.222916	101.841812	7	-1	30000	-1	-1	3	0	-1	-1	-1	-1	-1	-1	70	0	
8	15566581	39	400343	20	姆西顿		101.584129	112.32476	36	0	10000	-1	-1	3	0	-1	-1	-1	-1	-1	-1	70	0	
9	15566569	1630	400344	20	巴尔察	酿酒师	148.406555	106.477066	18	0	10000	-1	-1	3	0	-1	-1	-1	-1	-1	-1	70	0	
10	15558324	1693	400338	20	卫城士兵		131.477356	157.47699	27	-1	30000	-1	-1	3	0	-1	-1	-1	-1	-1	-1	70	0	
11	15558330	1693	400339	20	卫城士兵		131.539597	86.064125	27	-1	30000	-1	-1	3	0	-1	-1	-1	-1	-1	-1	70	0	
12	15558331	1693	400338	20	卫城士兵		129.062561	133.570526	27	-1	30000	-1	-1	3	0	-1	-1	-1	-1	-1	-1	70	0	
13	15558351	1693	400339	20	卫城士兵		119.209595	156.923004	27	-1	30000	-1	-1	3	0	-1	-1	-1	-1	-1	-1	70	0	
14	15558387	1693	400338	20	卫城士兵		123.703369	85.942413	27	-1	30000	-1	-1	3	0	-1	-1	-1	-1	-1	-1	70	0	
15	15558394	1693	400339	20	卫城士兵		119.700378	123.504837	9	-1	30000	-1	-1	3	0	-1	-1	-1	-1	-1	-1	70	0	
16	15558396	1693	400338	20	卫城士兵		131.012299	123.567963	9	-1	30000	-1	-1	3	0	-1	-1	-1	-1	-1	-1	70	0	
17	15558400	1693	400339	20	卫城士兵		121.759644	133.456757	27	-1	30000	-1	-1	3	0	-1	-1	-1	-1	-1	-1	70	0	
18	15123700	9710	-1	21	突厥黑蝙蝠		33.549187	233.515533	0	300640	10000	-1	-1	1	0	-1	-1	-1	-1	-1	-1	70	0	
19	15123701	9710	-1	21	突厥黑蝙蝠		34.013153	233.495789	0	300640	10000	-1	-1	1	0	-1	-1	-1	-1	-1	-1	70	0	
20	15123702	9710	-1	21	突厥黑蝙蝠		33.741318	232.864014	0	300640	10000	-1	-1	1	0	-1	-1	-1	-1	-1	-1	70	0	
21	15123703	9710	-1	21	突厥黑蝙蝠		33.664909	232.782471	0	300640	10000	-1	-1	1	0	-1	-1	-1	-1	-1	-1	70	0	
22	15123704	9710	-1	21	突厥黑蝙蝠		33.321808	232.719666	0	300640	10000	-1	-1	1	0	-1	-1	-1	-1	-1	-1	70	0	
23	15123705	9710	-1	21	突厥黑蝙蝠		33.454628	232.710266	0	300640	10000	-1	-1	1	0	-1	-1	-1	-1	-1	-1	70	0	
24	15123706	9710	-1	21	突厥黑蝙蝠		33.788826	232.694458	0	300640	10000	-1	-1	1	0	-1	-1	-1	-1	-1	-1	70	0	
25	15123707	9710	-1	21	突厥黑蝙蝠		34.240829	232.576874	0	300640	10000	-1	-1	1	0	-1	-1	-1	-1	-1	-1	70	0	
26	15123708	9710	-1	21	突厥黑蝙蝠		33.300995	232.549683	0	300640	10000	-1	-1	1	0	-1	-1	-1	-1	-1	-1	70	0	
27	15123709	9710	-1	21	突厥黑蝙蝠		33.558075	232.456207	0	300640	10000	-1	-1	1	0	-1	-1	-1	-1	-1	-1	70	0	
28	15123710	9710	-1	21	突厥黑蝙蝠		33.41375	232.378754	0	300640	10000	-1	-1	1	0	-1	-1	-1	-1	-1	-1	70	0	
29	15123711	9710	-1	21	突厥黑蝙蝠		33.460617	232.206909	0	300640	10000	-1	-1	1	0	-1	-1	-1	-1	-1	-1	70	0	
30	15123712	9710	-1	21	突厥黑蝙蝠		33.728233	232.191284	0	300640	10000	-1	-1	1	0	-1	-1	-1	-1	-1	-1	70	0	
31	15123713	9710	-1	21	突厥黑蝙蝠		33.829796	231.932098	0	300640	10000	-1	-1	1	0	-1	-1	-1	-1	-1	-1	70	0	
32	15123714	9710	-1	21	突厥黑蝙蝠		33.618965	231.855682	0	300640	10000	-1	-1	1	0	-1	-1	-1	-1	-1	-1	70	0	
33	15123715	9710	-1	21	突厥黑蝙蝠		110.303238	227.364044	0	300640	10000	-1	-1	1	0	-1	-1	-1	-1	-1	-1	70	0	
34	15123716	9710	-1	21	突厥黑蝙蝠		109.012077	227.225937	0	300640	10000	-1	-1	1	0	-1	-1	-1	-1	-1	-1	70	0	
35	15123717	9710	-1	21	突厥黑蝙蝠		109.891327	226.189621	0	300640	10000	-1	-1	1	0	-1	-1	-1	-1	-1	-1	70	0	
36	15123718	9710	-1	21	突厥黑蝙蝠		109.333382	226.976715	0	300640	10000	-1	-1	1	0	-1	-1	-1	-1	-1	-1	70	0	
37	15123719	9710	-1	21	突厥黑蝙蝠		108.540947	226.315567	0	300640	10000	-1	-1	1	0	-1	-1	-1	-1	-1	-1	70	0	
38	15123720	9710	-1	21	突厥黑蝙蝠		111.463623	226.321198	0	300640	10000	-1	-1	1	0	-1	-1	-1	-1	-1	-1	70	0	
39	15123721	9710	-1	21	突厥黑蝙蝠		108.526306	226.13179	0	300640	10000	-1	-1	1	0	-1	-1	-1	-1	-1	-1	70	0	
40	15123722	9710	-1	21	突厥黑蝙蝠		109.965424	226.283752	0	300640	10000	-1	-1	1	0	-1	-1	-1	-1	-1	-1	70	0	
41	15123723	9710	-1	21	突厥黑蝙蝠		109.562447	226.357834	0	300640	10000	-1	-1	1	0	-1	-1	-1	-1	-1	-1	70	0	
42	15123724	9710	-1	21	突厥黑蝙蝠		109.98838	226.642426	0	300640	10000	-1	-1	1	0	-1	-1	-1	-1	-1	-1	70	0	
43	15123725	9710	-1	21	突厥黑蝙蝠		108.948608	226.330063	0	300640	10000	-1	-1	1	0	-1	-1	-1	-1	-1	-1	70	0	
44	15123726	9710	-1	21	突厥黑蝙蝠		108.907341	226.690201	0	300640	10000	-1	-1	1	0	-1	-1	-1	-1	-1	-1	70	0	
45	15123727	9710	-1	21	突厥黑蝙蝠		109.829071	226.27684	0	300640	10000	-1	-1	1	0	-1	-1	-1	-1	-1	-1	70	0	
46	15123728	9710	-1	21	突厥黑蝙蝠		108.428696	225.760681	0	300640	10000	-1	-1	1	0	-1	-1	-1	-1	-1	-1	70	0	
47	15123729	9710	-1	21	突厥黑蝙蝠		109.11248	225.789505	0	300640	10000	-1	-1	1	0	-1	-1	-1	-1	-1	-1	70	0	
48	15123730	9710	-1	21	突厥黑蝙蝠		83.707077	211.139908	0	300640	10000	-1	-1	1	0	-1	-1	-1	-1	-1	-1	70	0	
49	15123731	9710	-1	21	突厥黑蝙蝠		146.191345	225.290924	0	300640	10000	-1	-1	1	0	-1	-1	-1	-1	-1	-1	70	0	
50	15123732	9710	-1	21	突厥黑蝙蝠		147.437943	228.890625	0	300640	10000	-1	-1	1	0	-1	-1	-1	-1	-1	-1	70	0	
51	15123733	9710	-1	21	突厥黑蝙蝠		148.376953	229.29837	0	300640	10000	-1	-1	1	0	-1	-1	-1	-1	-1	-1	70	0	
52	15123734	9710	-1	21	突厥黑蝙蝠		148.306442	229.08342	0	300640	10000	-1	-1	1	0	-1	-1	-1	-1	-1	-1	70	0	
53	15123735	9710	-1	21	突厥黑蝙蝠		147.620255	228.847916	0	300640	10000	-1	-1	1	0	-1	-1	-1	-1	-1	-1	70	0	
54	15123736	9710	-1	21	突厥黑蝙蝠		147.035538	230.301743	0	300640	10000	-1	-1	1	0	-1	-1	-1	-1	-1	-1	70	0	
55	15123737	9710	-1	21	突厥黑蝙蝠		148.338028	228.388855	0	300640	10000	-1	-1	1	0	-1	-1	-1	-1	-1	-1	70	0	
56	15123738	9710	-1	21	突厥黑蝙蝠		147.18251	227.708511	0	300640	10000	-1	-1	1	0	-1	-1	-1	-1	-1	-1	70	0	
57	15123739	9710	-1	21	突厥黑蝙蝠		147.670639	231.998199	0	300640	10000	-1	-1	1	0	-1	-1	-1	-1	-1	-1	70	0	
58	15123740	9710	-1	21	突厥黑蝙蝠		84.050339	211.057968	0	300640	10000	-1	-1	1	0	-1	-1	-1	-1	-1	-1	70	0	
59	15123741	9710	-1	21	突厥黑蝙蝠		83.969727	211.015152	0	300640	10000	-1	-1	1	0	-1	-1	-1	-1	-1	-1	70	0	
60	15123742	9710	-1	21	突厥黑蝙蝠		148.351944	228.676041	0	300640	10000	-1	-1	1	0	-1	-1	-1	-1	-1	-1	70	0	
61	15123743	9710	-1	21	突厥黑蝙蝠		84.041527	210.929688	0	300640	10000	-1	-1	1	0	-1	-1	-1	-1	-1	-1	70	0	
62	15123744	9710	-1	21	突厥黑蝙蝠		83.688889	210.88562	0	300640	10000	-1	-1	1	0	-1	-1	-1	-1	-1	-1	70	0	
63	15123745	9710	-1	21	突厥黑蝙蝠		148.683716	227.800491	0	300640	10000	-1	-1	1	0	-1	-1	-1	-1	-1	-1	70	0	
64	15123746	9710	-1	21	突厥黑蝙蝠		146.558502	226.800598	0	300640	10000	-1	-1	1	0	-1	-1	-1	-1	-1	-1	70	0	
65	15123747	9710	-1	21	突厥黑蝙蝠		83.754494	210.716293	0	300640	10000	-1	-1	1	0	-1	-1	-1	-1	-1	-1	70	0	
66	15123748	9710	-1	21	突厥黑蝙蝠		83.985489	210.675201	0	300640	10000	-1	-1	1	0	-1	-1	-1	-1	-1	-1	70	0	
67	15123749	9710	-1	21	突厥黑蝙蝠		84.024231	210.675064	0	300640	10000	-1	-1	1	0	-1	-1	-1	-1	-1	-1	70	0	
68	15123750	9710	-1	21	突厥黑蝙蝠		147.136108	229.969391	0	300640	10000	-1	-1	1	0	-1	-1	-1	-1	-1	-1	70	0	
69	15123751	9710	-1	21	突厥黑蝙蝠		84.057167	210.588821	0	300640	10000	-1	-1	1	0	-1	-1	-1	-1	-1	-1	70	0	
70	15123753	9710	-1	21	突厥黑蝙蝠		83.937805	210.547363	0	300640	10000	-1	-1	1	0	-1	-1	-1	-1	-1	-1	70	0	
71	15123754	9710	-1	21	突厥黑蝙蝠		83.937805	210.547363	0	300640	10000	-1	-1	1	0	-1	-1	-1	-1	-1	-1	70	0	
72	15123755	9710	-1	21	突厥黑蝙蝠		83.742546	210.545822	0	300640	10000	-1	-1	1	0	-1	-1	-1	-1	-1	-1	70	0	
73	15123756	9710	-1	21	突厥黑蝙蝠		84.170486	210.544098	0	300640	10000	-1	-1	1	0	-1	-1	-1	-1	-1	-1	70	0	
74	15123757	9710	-1	21	突厥黑蝙蝠		83.739471	210.503052	0	300640	10000	-1	-1	1	0	-1	-1	-1	-1	-1	-1	70	0	
75	15123759	9710	-1	21	突厥黑蝙蝠		83.970909	210.461777	0	300640	10000	-1	-1	1	0	-1	-1	-1	-1	-1	-1	70	0	
76	15123760	9710	-1	21	突厥黑蝙蝠		118.734573	204.679367	0	300640	10000	-1	-1	1	0	-1	-1	-1	-1	-1	-1	70	0	
77	15123761	9710	-1	21	突厥黑蝙蝠		118.034576	203.433243	0	300640	10000	-1	-1	1	0	-1	-1	-1	-1	-1	-1	70	0	
78	15123762	9710	-1	21	突厥黑蝙蝠		118.015282	209.597916	0	300640	10000	-1	-1	1	0	-1	-1	-1	-1	-1	-1	70	0	
79	15123763	9710	-1	21	突厥黑蝙蝠		114.633308	205.253113	0	300640	10000	-1	-1	1	0	-1	-1	-1	-1	-1	-1	70	0	
80	15123764	9710	-1	21	突厥黑蝙蝠		116.518707	207.462509	0	300640	10000	-1	-1	1	0	-1	-1	-1	-1	-1	-1	70	0	
81	15123765	9710	-1	21	突厥黑蝙蝠		116.684944	206.059082	0	300640	10000	-1	-1	1	0	-1	-1	-1	-1	-1	-1	70	0	
82	15123766	9710	-1	21	突厥黑蝙蝠		116.419144	205.522705	0	300640	10000	-1	-1	1	0	-1	-1	-1	-1	-1	-1	70	0	
83	15123767	9710	-1	21	突厥黑蝙蝠		116.501503	203.223419	0	300640	10000	-1	-1	1	0	-1	-1	-1	-1	-1	-1	70	0	
84	15123768	9710	-1	21	突厥黑蝙蝠		117.841019	205.548996	0	300640	10000	-1	-1	1	0	-1	-1	-1	-1	-1	-1	70	0	
85	15123769	9710	-1	21	突厥黑蝙蝠		116.612709	206.045761	0	300640	10000	-1	-1	1	0	-1	-1	-1	-1	-1	-1	70	0	
86	15123770	9710	-1	21	突厥黑蝙蝠		115.862022	206.485367	0	300640	10000	-1	-1	1	0	-1	-1	-1	-1	-1	-1	70	0	
87	15123771	9710	-1	21	突厥黑蝙蝠		117.61824	205.435104	0	300640	10000	-1	-1	1	0	-1	-1	-1	-1	-1	-1	70	0	
88	15123772	9710	-1	21	突厥黑蝙蝠		116.977402	204.677429	0	300640	10000	-1	-1	1	0	-1	-1	-1	-1	-1	-1	70	0	
89	15123773	9710	-1	21	突厥黑蝙蝠		115.691154	207.007233	0	300640	10000	-1	-1	1	0	-1	-1	-1	-1	-1	-1	70	0	
90	15123774	9710	-1	21	突厥黑蝙蝠		148.016022	229.391708	0	300640	10000	-1	-1	1	0	-1	-1	-1	-1	-1	-1	70	0	
91	15123775	9710	-1	21	突厥黑蝙蝠		29.736103	175.526031	0	300640	10000	-1	-1	1	0	-1	-1	-1	-1	-1	-1	70	0	
92	15123776	9710	-1	21	突厥黑蝙蝠		29.83704	175.105209	0	300640	10000	-1	-1	1	0	-1	-1	-1	-1	-1	-1	70	0	
93	15123777	9710	-1	21	突厥黑蝙蝠		29.561268	175.356979	0	300640	10000	-1	-1	1	0	-1	-1	-1	-1	-1	-1	70	0	
94	15123778	9710	-1	21	突厥黑蝙蝠		29.090996	175.305359	0	300640	10000	-1	-1	1	0	-1	-1	-1	-1	-1	-1	70	0	
95	15123779	9710	-1	21	突厥黑蝙蝠		29.836815	174.788177	0	300640	10000	-1	-1	1	0	-1	-1	-1	-1	-1	-1	70	0	
96	15123780	9710	-1	21	突厥黑蝙蝠		29.360947	176.138	0	300640	10000	-1	-1	1	0	-1	-1	-1	-1	-1	-1	70	0	
97	15123781	9710	-1	21	突厥黑蝙蝠		29.25383	175.473022	0	300640	10000	-1	-1	1	0	-1	-1	-1	-1	-1	-1	70	0	
98	15123782	9710	-1	21	突厥黑蝙蝠		29.464218	175.205429	0	300640	10000	-1	-1	1	0	-1	-1	-1	-1	-1	-1	70	0	
99	15123783	9710	-1	21	突厥黑蝙蝠		29.875343	175.240936	0	300640	10000	-1	-1	1	0	-1	-1	-1	-1	-1	-1	70	0	
100	15123784	9710	-1	21	突厥黑蝙蝠		30.26841	173.632874	0	300640	10000	-1	-1	1	0	-1	-1	-1	-1	-1	-1	70	0	
101	15123785	9710	-1	21	突厥黑蝙蝠		29.376984	175.821625	0	300640	10000	-1	-1	1	0	-1	-1	-1	-1	-1	-1	70	0	
102	15123786	9710	-1	21	突厥黑蝙蝠		28.994171	176.36937	0	300640	10000	-1	-1	1	0	-1	-1	-1	-1	-1	-1	70	0	
103	15123787	9710	-1	21	突厥黑蝙蝠		28.758888	175.031998	0	300640	10000	-1	-1	1	0	-1	-1	-1	-1	-1	-1	70	0	
104	15123788	9710	-1	21	突厥黑蝙蝠		29.027931	176.056	0	300640	10000	-1	-1	1	0	-1	-1	-1	-1	-1	-1	70	0	
105	15123789	9710	-1	21	突厥黑蝙蝠		29.252655	175.218201	0	300640	10000	-1	-1	1	0	-1	-1	-1	-1	-1	-1	70	0	
106	15123805	9710	-1	21	突厥黑蝙蝠		66.12542	168.874084	0	300640	10000	-1	-1	1	0	-1	-1	-1	-1	-1	-1	70	0	
107	15123806	9710	-1	21	突厥黑蝙蝠		65.371056	169.181717	0	300640	10000	-1	-1	1	0	-1	-1	-1	-1	-1	-1	70	0	
108	15123807	9710	-1	21	突厥黑蝙蝠		67.708595	164.593338	0	300640	10000	-1	-1	1	0	-1	-1	-1	-1	-1	-1	70	0	
109	15123808	9710	-1	21	突厥黑蝙蝠		68.562035	167.769455	0	300640	10000	-1	-1	1	0	-1	-1	-1	-1	-1	-1	70	0	
110	15123809	9710	-1	21	突厥黑蝙蝠		63.186874	167.319611	0	300640	10000	-1	-1	1	0	-1	-1	-1	-1	-1	-1	70	0	
111	15123810	9710	-1	21	突厥黑蝙蝠		67.424767	166.724319	0	300640	10000	-1	-1	1	0	-1	-1	-1	-1	-1	-1	70	0	
112	15123811	9710	-1	21	突厥黑蝙蝠		68.818436	167.67804	0	300640	10000	-1	-1	1	0	-1	-1	-1	-1	-1	-1	70	0	
113	15123812	9710	-1	21	突厥黑蝙蝠		66.434563	166.839996	0	300640	10000	-1	-1	1	0	-1	-1	-1	-1	-1	-1	70	0	
114	15123813	9710	-1	21	突厥黑蝙蝠		68.775726	166.175568	0	300640	10000	-1	-1	1	0	-1	-1	-1	-1	-1	-1	70	0	
115	15123814	9710	-1	21	突厥黑蝙蝠		68.034004	165.781876	0	300640	10000	-1	-1	1	0	-1	-1	-1	-1	-1	-1	70	0	
116	15123815	9710	-1	21	突厥黑蝙蝠		66.528961	167.20726	0	300640	10000	-1	-1	1	0	-1	-1	-1	-1	-1	-1	70	0	
117	15123816	9710	-1	21	突厥黑蝙蝠		65.443718	167.190994	0	300640	10000	-1	-1	1	0	-1	-1	-1	-1	-1	-1	70	0	
118	15123817	9710	-1	21	突厥黑蝙蝠		69.288025	166.420044	0	300640	10000	-1	-1	1	0	-1	-1	-1	-1	-1	-1	70	0	
119	15123818	9710	-1	21	突厥黑蝙蝠		64.177986	167.967758	0	300640	10000	-1	-1	1	0	-1	-1	-1	-1	-1	-1	70	0	
120	15123819	9710	-1	21	突厥黑蝙蝠		67.049004	167.629822	0	300640	10000	-1	-1	1	0	-1	-1	-1	-1	-1	-1	70	0	
121	15123820	9710	-1	21	突厥黑蝙蝠		190.556839	158.749329	0	300640	10000	-1	-1	1	0	-1	-1	-1	-1	-1	-1	70	0	
122	15123821	9710	-1	21	突厥黑蝙蝠		190.456833	158.649338	0	300640	10000	-1	-1	1	0	-1	-1	-1	-1	-1	-1	70	0	
123	15123822	9710	-1	21	突厥黑蝙蝠		190.656845	158.649338	0	300640	10000	-1	-1	1	0	-1	-1	-1	-1	-1	-1	70	0	
124	15123823	9710	-1	21	突厥黑蝙蝠		190.556839	158.649338	0	300640	10000	-1	-1	1	0	-1	-1	-1	-1	-1	-1	70	0	
125	15123824	9710	-1	21	突厥黑蝙蝠		190.556839	158.549332	0	300640	10000	-1	-1	1	0	-1	-1	-1	-1	-1	-1	70	0	
126	15123825	9710	-1	21	突厥黑蝙蝠		190.356842	158.549332	0	300640	10000	-1	-1	1	0	-1	-1	-1	-1	-1	-1	70	0	
127	15123826	9710	-1	21	突厥黑蝙蝠		190.756836	158.549332	0	300640	10000	-1	-1	1	0	-1	-1	-1	-1	-1	-1	70	0	
128	15123827	9710	-1	21	突厥黑蝙蝠		190.256836	158.549332	0	300640	10000	-1	-1	1	0	-1	-1	-1	-1	-1	-1	70	0	
129	15123828	9710	-1	21	突厥黑蝙蝠		190.856842	158.549332	0	300640	10000	-1	-1	1	0	-1	-1	-1	-1	-1	-1	70	0	
130	15123829	9710	-1	21	突厥黑蝙蝠		190.456833	158.549332	0	300640	10000	-1	-1	1	0	-1	-1	-1	-1	-1	-1	70	0	
131	15123830	9710	-1	21	突厥黑蝙蝠		190.656845	158.549332	0	300640	10000	-1	-1	1	0	-1	-1	-1	-1	-1	-1	70	0	
132	15123831	9710	-1	21	突厥黑蝙蝠		190.456833	158.449326	0	300640	10000	-1	-1	1	0	-1	-1	-1	-1	-1	-1	70	0	
133	15123832	9710	-1	21	突厥黑蝙蝠		190.656845	158.449326	0	300640	10000	-1	-1	1	0	-1	-1	-1	-1	-1	-1	70	0	
134	15123833	9710	-1	21	突厥黑蝙蝠		190.556839	158.449326	0	300640	10000	-1	-1	1	0	-1	-1	-1	-1	-1	-1	70	0	
135	15123834	9710	-1	21	突厥黑蝙蝠		190.556839	158.349335	0	300640	10000	-1	-1	1	0	-1	-1	-1	-1	-1	-1	70	0	
136	15123854	9710	-1	21	突厥黑蝙蝠		51.890877	148.146484	0	300640	10000	-1	-1	1	0	-1	-1	-1	-1	-1	-1	70	0	
137	15123855	9710	-1	21	突厥黑蝙蝠		51.691338	149.597778	0	300640	10000	-1	-1	1	0	-1	-1	-1	-1	-1	-1	70	0	
138	15123856	9710	-1	21	突厥黑蝙蝠		51.510017	149.375687	0	300640	10000	-1	-1	1	0	-1	-1	-1	-1	-1	-1	70	0	
139	15123857	9710	-1	21	突厥黑蝙蝠		51.063965	148.606171	0	300640	10000	-1	-1	1	0	-1	-1	-1	-1	-1	-1	70	0	
140	15123858	9710	-1	21	突厥黑蝙蝠		50.895844	148.82074	0	300640	10000	-1	-1	1	0	-1	-1	-1	-1	-1	-1	70	0	
141	15123859	9710	-1	21	突厥黑蝙蝠		51.383514	148.297058	0	300640	10000	-1	-1	1	0	-1	-1	-1	-1	-1	-1	70	0	
142	15123860	9710	-1	21	突厥黑蝙蝠		51.263939	148.151291	0	300640	10000	-1	-1	1	0	-1	-1	-1	-1	-1	-1	70	0	
143	15123861	9710	-1	21	突厥黑蝙蝠		51.053856	148.172928	0	300640	10000	-1	-1	1	0	-1	-1	-1	-1	-1	-1	70	0	
144	15123862	9710	-1	21	突厥黑蝙蝠		50.870705	148.507111	0	300640	10000	-1	-1	1	0	-1	-1	-1	-1	-1	-1	70	0	
145	15123863	9710	-1	21	突厥黑蝙蝠		51.540321	147.59166	0	300640	10000	-1	-1	1	0	-1	-1	-1	-1	-1	-1	70	0	
146	15123864	9710	-1	21	突厥黑蝙蝠		51.20372	148.078598	0	300640	10000	-1	-1	1	0	-1	-1	-1	-1	-1	-1	70	0	
147	15123865	9710	-1	21	突厥黑蝙蝠		216.289215	135.919922	0	300640	10000	-1	-1	1	0	-1	-1	-1	-1	-1	-1	70	0	
148	15123866	9710	-1	21	突厥黑蝙蝠		216.389221	135.919922	0	300640	10000	-1	-1	1	0	-1	-1	-1	-1	-1	-1	70	0	
149	15123867	9710	-1	21	突厥黑蝙蝠		216.489212	135.919922	0	300640	10000	-1	-1	1	0	-1	-1	-1	-1	-1	-1	70	0	
150	15123868	9710	-1	21	突厥黑蝙蝠		216.589218	135.919922	0	300640	10000	-1	-1	1	0	-1	-1	-1	-1	-1	-1	70	0	
151	15123869	9710	-1	21	突厥黑蝙蝠		216.689209	135.919922	0	300640	10000	-1	-1	1	0	-1	-1	-1	-1	-1	-1	70	0	
152	15123870	9710	-1	21	突厥黑蝙蝠		216.789215	135.919922	0	300640	10000	-1	-1	1	0	-1	-1	-1	-1	-1	-1	70	0	
153	15123871	9710	-1	21	突厥黑蝙蝠		216.889221	135.919922	0	300640	10000	-1	-1	1	0	-1	-1	-1	-1	-1	-1	70	0	
154	15123872	9710	-1	21	突厥黑蝙蝠		216.289215	135.919922	0	300640	10000	-1	-1	1	0	-1	-1	-1	-1	-1	-1	70	0	
155	15123873	9710	-1	21	突厥黑蝙蝠		216.389221	135.819916	0	300640	10000	-1	-1	1	0	-1	-1	-1	-1	-1	-1	70	0	
156	15123874	9710	-1	21	突厥黑蝙蝠		216.489212	135.719925	0	300640	10000	-1	-1	1	0	-1	-1	-1	-1	-1	-1	70	0	
157	15123875	9710	-1	21	突厥黑蝙蝠		216.589218	135.619919	0	300640	10000	-1	-1	1	0	-1	-1	-1	-1	-1	-1	70	0	
158	15123876	9710	-1	21	突厥黑蝙蝠		216.689209	135.519928	0	300640	10000	-1	-1	1	0	-1	-1	-1	-1	-1	-1	70	0	
159	15123877	9710	-1	21	突厥黑蝙蝠		216.789215	135.419922	0	300640	10000	-1	-1	1	0	-1	-1	-1	-1	-1	-1	70	0	
160	15123878	9710	-1	21	突厥黑蝙蝠		216.889221	135.319916	0	300640	10000	-1	-1	1	0	-1	-1	-1	-1	-1	-1	70	0	
161	15123879	9710	-1	21	突厥黑蝙蝠		216.289215	135.219925	0	300640	10000	-1	-1	1	0	-1	-1	-1	-1	-1	-1	70	0	
162	15123880	9767	-1	21	西域金狮		223.171829	52.236351	0	300640	10000	-1	-1	1	0	-1	-1	-1	-1	-1	-1	70	0	
163	15123881	9767	-1	21	西域金狮		223.766663	51.748283	0	300640	10000	-1	-1	1	0	-1	-1	-1	-1	-1	-1	70	0	
164	15123882	9767	-1	21	西域金狮		226.125031	51.923492	0	300640	10000	-1	-1	1	0	-1	-1	-1	-1	-1	-1	70	0	
165	15123883	9767	-1	21	西域金狮		223.916412	50.391495	0	300640	10000	-1	-1	1	0	-1	-1	-1	-1	-1	-1	70	0	
166	15123884	9767	-1	21	西域金狮		224.55899	53.417068	0	300640	10000	-1	-1	1	0	-1	-1	-1	-1	-1	-1	70	0	
167	15123885	9767	-1	21	西域金狮		223.351547	52.907669	0	300640	10000	-1	-1	1	0	-1	-1	-1	-1	-1	-1	70	0	
168	15123886	9767	-1	21	西域金狮		223.587265	48.598694	0	300640	10000	-1	-1	1	0	-1	-1	-1	-1	-1	-1	70	0	
169	15123887	9767	-1	21	西域金狮		225.954773	54.172142	0	300640	10000	-1	-1	1	0	-1	-1	-1	-1	-1	-1	70	0	
170	15123888	9767	-1	21	西域金狮		227.27359	48.875023	0	300640	10000	-1	-1	1	0	-1	-1	-1	-1	-1	-1	70	0	
171	15123889	9767	-1	21	西域金狮		224.522705	47.797791	0	300640	10000	-1	-1	1	0	-1	-1	-1	-1	-1	-1	70	0	
172	15123890	9767	-1	21	西域金狮		222.6418	48.726158	0	300640	10000	-1	-1	1	0	-1	-1	-1	-1	-1	-1	70	0	
173	15123891	9767	-1	21	西域金狮		222.892456	48.08168	0	300640	10000	-1	-1	1	0	-1	-1	-1	-1	-1	-1	70	0	
174	15123892	9767	-1	21	西域金狮		223.018738	52.127403	0	300640	10000	-1	-1	1	0	-1	-1	-1	-1	-1	-1	70	0	
175	15123893	9767	-1	21	西域金狮		223.177612	50.371994	0	300640	10000	-1	-1	1	0	-1	-1	-1	-1	-1	-1	70	0	
176	15123894	9767	-1	21	西域金狮		224.108521	49.536087	0	300640	10000	-1	-1	1	0	-1	-1	-1	-1	-1	-1	70	0	
177	15123895	9767	-1	21	西域金狮		184.066483	60.22998	0	300640	10000	-1	-1	1	0	-1	-1	-1	-1	-1	-1	70	0	
178	15123896	9767	-1	21	西域金狮		185.46611	58.034035	0	300640	10000	-1	-1	1	0	-1	-1	-1	-1	-1	-1	70	0	
179	15123897	9767	-1	21	西域金狮		186.202698	57.313225	0	300640	10000	-1	-1	1	0	-1	-1	-1	-1	-1	-1	70	0	
180	15123898	9767	-1	21	西域金狮		185.048706	60.357971	0	300640	10000	-1	-1	1	0	-1	-1	-1	-1	-1	-1	70	0	
181	15123899	9767	-1	21	西域金狮		184.41008	60.325546	0	300640	10000	-1	-1	1	0	-1	-1	-1	-1	-1	-1	70	0	
182	15123900	9767	-1	21	西域金狮		185.891525	58.742371	0	300640	10000	-1	-1	1	0	-1	-1	-1	-1	-1	-1	70	0	
183	15123901	9767	-1	21	西域金狮		184.1978	60.462914	0	300640	10000	-1	-1	1	0	-1	-1	-1	-1	-1	-1	70	0	
184	15123902	9767	-1	21	西域金狮		183.417404	61.015663	0	300640	10000	-1	-1	1	0	-1	-1	-1	-1	-1	-1	70	0	
185	15123903	9767	-1	21	西域金狮		184.54129	60.262207	0	300640	10000	-1	-1	1	0	-1	-1	-1	-1	-1	-1	70	0	
186	15123904	9767	-1	21	西域金狮		184.024673	59.36322	0	300640	10000	-1	-1	1	0	-1	-1	-1	-1	-1	-1	70	0	
187	15123905	9767	-1	21	西域金狮		185.317947	59.416267	0	300640	10000	-1	-1	1	0	-1	-1	-1	-1	-1	-1	70	0	
188	15123906	9767	-1	21	西域金狮		185.929413	58.657227	0	300640	10000	-1	-1	1	0	-1	-1	-1	-1	-1	-1	70	0	
189	15123907	9767	-1	21	西域金狮		184.012222	59.672112	0	300640	10000	-1	-1	1	0	-1	-1	-1	-1	-1	-1	70	0	
190	15123908	9767	-1	21	西域金狮		183.491776	63.179199	0	300640	10000	-1	-1	1	0	-1	-1	-1	-1	-1	-1	70	0	
191	15123909	9767	-1	21	西域金狮		184.733246	59.626465	0	300640	10000	-1	-1	1	0	-1	-1	-1	-1	-1	-1	70	0	
192	15123910	9767	-1	21	西域金狮		36.446739	40.488289	0	300640	10000	-1	-1	1	0	-1	-1	-1	-1	-1	-1	70	0	
193	15123911	9767	-1	21	西域金狮		34.797997	42.884392	0	300640	10000	-1	-1	1	0	-1	-1	-1	-1	-1	-1	70	0	
194	15123912	9767	-1	21	西域金狮		39.177147	40.891563	0	300640	10000	-1	-1	1	0	-1	-1	-1	-1	-1	-1	70	0	
195	15123913	9767	-1	21	西域金狮		38.801155	41.875778	0	300640	10000	-1	-1	1	0	-1	-1	-1	-1	-1	-1	70	0	
196	15123914	9767	-1	21	西域金狮		39.284782	42.320953	0	300640	10000	-1	-1	1	0	-1	-1	-1	-1	-1	-1	70	0	
197	15123915	9767	-1	21	西域金狮		38.290794	43.397316	0	300640	10000	-1	-1	1	0	-1	-1	-1	-1	-1	-1	70	0	
198	15123916	9767	-1	21	西域金狮		40.933502	37.908211	0	300640	10000	-1	-1	1	0	-1	-1	-1	-1	-1	-1	70	0	
199	15123917	9767	-1	21	西域金狮		38.492188	43.139099	0	300640	10000	-1	-1	1	0	-1	-1	-1	-1	-1	-1	70	0	
200	15123918	9767	-1	21	西域金狮		39.015099	40.250458	0	300640	10000	-1	-1	1	0	-1	-1	-1	-1	-1	-1	70	0	
201	15123919	9767	-1	21	西域金狮		41.164948	40.715729	0	300640	10000	-1	-1	1	0	-1	-1	-1	-1	-1	-1	70	0	
202	15123920	9767	-1	21	西域金狮		40.871094	39.590652	0	300640	10000	-1	-1	1	0	-1	-1	-1	-1	-1	-1	70	0	
203	15123921	9767	-1	21	西域金狮		36.025818	42.132843	0	300640	10000	-1	-1	1	0	-1	-1	-1	-1	-1	-1	70	0	
204	15123922	9767	-1	21	西域金狮		36.003883	42.631248	0	300640	10000	-1	-1	1	0	-1	-1	-1	-1	-1	-1	70	0	
205	15123923	9767	-1	21	西域金狮		39.936005	42.386322	0	300640	10000	-1	-1	1	0	-1	-1	-1	-1	-1	-1	70	0	
206	15123924	9767	-1	21	西域金狮		36.285637	43.164505	0	300640	10000	-1	-1	1	0	-1	-1	-1	-1	-1	-1	70	0	
207	15123940	9767	-1	21	西域金狮		120.499374	49.826435	0	300640	10000	-1	-1	1	0	-1	-1	-1	-1	-1	-1	70	0	
208	15123941	9767	-1	21	西域金狮		120.399376	49.726433	0	300640	10000	-1	-1	1	0	-1	-1	-1	-1	-1	-1	70	0	
209	15123942	9767	-1	21	西域金狮		120.599373	49.726433	0	300640	10000	-1	-1	1	0	-1	-1	-1	-1	-1	-1	70	0	
210	15123943	9767	-1	21	西域金狮		120.499374	49.726433	0	300640	10000	-1	-1	1	0	-1	-1	-1	-1	-1	-1	70	0	
211	15123944	9767	-1	21	西域金狮		120.499374	49.626434	0	300640	10000	-1	-1	1	0	-1	-1	-1	-1	-1	-1	70	0	
212	15123945	9767	-1	21	西域金狮		120.299377	49.626434	0	300640	10000	-1	-1	1	0	-1	-1	-1	-1	-1	-1	70	0	
213	15123946	9767	-1	21	西域金狮		120.699371	49.626434	0	300640	10000	-1	-1	1	0	-1	-1	-1	-1	-1	-1	70	0	
214	15123947	9767	-1	21	西域金狮		120.199371	49.626434	0	300640	10000	-1	-1	1	0	-1	-1	-1	-1	-1	-1	70	0	
215	15123948	9767	-1	21	西域金狮		120.799377	49.626434	0	300640	10000	-1	-1	1	0	-1	-1	-1	-1	-1	-1	70	0	
216	15123949	9767	-1	21	西域金狮		120.399376	49.626434	0	300640	10000	-1	-1	1	0	-1	-1	-1	-1	-1	-1	70	0	
217	15123950	9767	-1	21	西域金狮		120.599373	49.626434	0	300640	10000	-1	-1	1	0	-1	-1	-1	-1	-1	-1	70	0	
218	15123951	9767	-1	21	西域金狮		120.399376	49.526436	0	300640	10000	-1	-1	1	0	-1	-1	-1	-1	-1	-1	70	0	
219	15123952	9767	-1	21	西域金狮		120.599373	49.526436	0	300640	10000	-1	-1	1	0	-1	-1	-1	-1	-1	-1	70	0	
220	15123953	9767	-1	21	西域金狮		120.499374	49.526436	0	300640	10000	-1	-1	1	0	-1	-1	-1	-1	-1	-1	70	0	
221	15123954	9767	-1	21	西域金狮		120.499374	49.426434	0	300640	10000	-1	-1	1	0	-1	-1	-1	-1	-1	-1	70	0	
222	15123955	9767	-1	21	西域金狮		82.564667	46.25486	0	300640	10000	-1	-1	1	0	-1	-1	-1	-1	-1	-1	70	0	
223	15123956	9767	-1	21	西域金狮		69.403603	86.118141	0	300640	10000	-1	-1	1	0	-1	-1	-1	-1	-1	-1	70	0	
224	15123957	9767	-1	21	西域金狮		68.927948	85.24334	0	300640	10000	-1	-1	1	0	-1	-1	-1	-1	-1	-1	70	0	
225	15123958	9767	-1	21	西域金狮		70.126701	85.41156	0	300640	10000	-1	-1	1	0	-1	-1	-1	-1	-1	-1	70	0	
226	15123959	9767	-1	21	西域金狮		68.631012	84.400879	0	300640	10000	-1	-1	1	0	-1	-1	-1	-1	-1	-1	70	0	
227	15123960	9767	-1	21	西域金狮		68.703537	87.498146	0	300640	10000	-1	-1	1	0	-1	-1	-1	-1	-1	-1	70	0	
228	15123961	9767	-1	21	西域金狮		82.73658	46.239075	0	300640	10000	-1	-1	1	0	-1	-1	-1	-1	-1	-1	70	0	
229	15123962	9767	-1	21	西域金狮		82.23658	46.239075	0	300640	10000	-1	-1	1	0	-1	-1	-1	-1	-1	-1	70	0	
230	15123963	9767	-1	21	西域金狮		82.836586	46.239075	0	300640	10000	-1	-1	1	0	-1	-1	-1	-1	-1	-1	70	0	
231	15123964	9767	-1	21	西域金狮		82.436584	46.239075	0	300640	10000	-1	-1	1	0	-1	-1	-1	-1	-1	-1	70	0	
232	15123965	9767	-1	21	西域金狮		82.636581	46.239075	0	300640	10000	-1	-1	1	0	-1	-1	-1	-1	-1	-1	70	0	
233	15123966	9767	-1	21	西域金狮		69.734901	84.034729	0	300640	10000	-1	-1	1	0	-1	-1	-1	-1	-1	-1	70	0	
234	15123967	9767	-1	21	西域金狮		82.636581	46.139076	0	300640	10000	-1	-1	1	0	-1	-1	-1	-1	-1	-1	70	0	
235	15123968	9767	-1	21	西域金狮		82.536583	46.139076	0	300640	10000	-1	-1	1	0	-1	-1	-1	-1	-1	-1	70	0	
236	15123969	9767	-1	21	西域金狮		82.536583	46.039074	0	300640	10000	-1	-1	1	0	-1	-1	-1	-1	-1	-1	70	0	
237	15123970	9767	-1	21	西域金狮		213.062424	34.852516	0	300640	10000	-1	-1	1	0	-1	-1	-1	-1	-1	-1	70	0	
238	15123971	9767	-1	21	西域金狮		216.603592	31.964455	0	300640	10000	-1	-1	1	0	-1	-1	-1	-1	-1	-1	70	0	
239	15123972	9767	-1	21	西域金狮		215.815857	34.298676	0	300640	10000	-1	-1	1	0	-1	-1	-1	-1	-1	-1	70	0	
240	15123973	9767	-1	21	西域金狮		216.797791	33.539162	0	300640	10000	-1	-1	1	0	-1	-1	-1	-1	-1	-1	70	0	
241	15123974	9767	-1	21	西域金狮		215.681335	33.464066	0	300640	10000	-1	-1	1	0	-1	-1	-1	-1	-1	-1	70	0	
242	15123975	9767	-1	21	西域金狮		216.9048	31.488926	0	300640	10000	-1	-1	1	0	-1	-1	-1	-1	-1	-1	70	0	
243	15123976	9767	-1	21	西域金狮		213.514603	34.373444	0	300640	10000	-1	-1	1	0	-1	-1	-1	-1	-1	-1	70	0	
244	15123977	9767	-1	21	西域金狮		213.87265	36.691032	0	300640	10000	-1	-1	1	0	-1	-1	-1	-1	-1	-1	70	0	
245	15123978	9767	-1	21	西域金狮		216.350388	35.635895	0	300640	10000	-1	-1	1	0	-1	-1	-1	-1	-1	-1	70	0	
246	15123979	9767	-1	21	西域金狮		212.558548	35.488144	0	300640	10000	-1	-1	1	0	-1	-1	-1	-1	-1	-1	70	0	
247	15123980	9767	-1	21	西域金狮		213.214859	35.553368	0	300640	10000	-1	-1	1	0	-1	-1	-1	-1	-1	-1	70	0	
248	15123981	9767	-1	21	西域金狮		212.105347	35.624435	0	300640	10000	-1	-1	1	0	-1	-1	-1	-1	-1	-1	70	0	
249	15123982	9767	-1	21	西域金狮		214.662857	32.049767	0	300640	10000	-1	-1	1	0	-1	-1	-1	-1	-1	-1	70	0	
250	15123983	9767	-1	21	西域金狮		212.879929	36.305916	0	300640	10000	-1	-1	1	0	-1	-1	-1	-1	-1	-1	70	0	
251	15123984	9767	-1	21	西域金狮		215.590607	31.57832	0	300640	10000	-1	-1	1	0	-1	-1	-1	-1	-1	-1	70	0	
252	15566583	1693	400335	20	驻军守卫		189.39328	191.225342	9	0	10000	-1	-1	3	0	-1	-1	-1	-1	-1	-1	70	0	
253	15566584	1693	400335	20	驻军守卫		213.649399	192.861984	9	0	10000	-1	-1	3	0	-1	-1	-1	-1	-1	-1	70	0	
254	15566585	1693	400336	20	驻军守卫		220.704147	218.4319	13	0	10000	-1	-1	3	0	-1	-1	-1	-1	-1	-1	70	0	
255	15566586	1693	400336	20	驻军守卫		198.901627	209.082077	9	0	10000	-1	-1	3	0	-1	-1	-1	-1	-1	-1	70	0	
256	15566587	1693	400337	20	驻军守卫		210.835556	210.022827	9	0	10000	-1	-1	3	0	-1	-1	-1	-1	-1	-1	70	0	
257	15566588	1693	400337	20	驻军守卫		202.785004	209.232346	9	0	10000	-1	-1	3	0	-1	-1	-1	-1	-1	-1	70	0	
258	15053947	1320	101546	20	通往迷宫五层	王国迷宫传送	177	209	0	0	10000	-1	-1	3	0	-1	-1	-1	-1	-1	-1	70	0	
259	15566591	255	-1	20	 		106.365738	101.700188	0	0	10000	-1	-1	3	0	-1	-1	-1	-1	-1	-1	70	0	
260	15566596	166	-1	20	 		107.774956	101.63604	28	0	10000	-1	-1	3	0	-1	-1	-1	-1	-1	-1	70	0	
261	15566597	255	-1	20	 		108.768456	101.242477	32	0	10000	-1	-1	3	0	-1	-1	-1	-1	-1	-1	70	0	
262	15566600	69	400345	20	鲁尔萨斯	巴都斯幼子	137.435974	86.792892	24	0	10000	-1	-1	3	0	-1	-1	-1	-1	-1	-1	70	0	
263	15566606	74	400346	20	梅利卡	巴都斯之妻	138.099762	85.818604	28	0	10000	-1	-1	3	0	-1	-1	-1	-1	-1	-1	70	0	
264	15566607	1694	400331	20	铁木尔	撒马尔罕将军	200.778397	207.797897	9	0	10000	-1	-1	3	0	-1	-1	-1	-1	-1	-1	70	0	
265	15566609	1693	400337	20	驻军守卫		191.298645	209.408386	9	0	10000	-1	-1	3	0	-1	-1	-1	-1	-1	-1	70	0	
266	15566610	1693	400337	20	驻军守卫		182.272293	218.741394	6	0	10000	-1	-1	3	0	-1	-1	-1	-1	-1	-1	70	0	
267	15566611	1693	400337	20	驻军守卫		213.249466	186.957733	9	0	10000	-1	-1	3	0	-1	-1	-1	-1	-1	-1	70	0	
268	15566612	1693	400337	20	驻军守卫		189.625351	185.475128	9	0	10000	-1	-1	3	0	-1	-1	-1	-1	-1	-1	70	0	
269	7336799	4295	101688	-1	组队指引人		111.5	162	27	-1	1000	-1	-1	3	0	-1	-1	-1	-1	-1	-1	100	0	
