NUM	NUM	NUM	NUM	NUM	TEXT	TEXT	FLOAT	FLOAT	NUM	NUM	NUM	NUM	NUM	NUM	NUM	NUM	NUM	NUM	NUM	NUM	NUM	NUM	NUM
園催	昧字園催	attr園催	貸辞燕園催	專唔園催	兆各	各催	x已恫炎	z已恫炎	劾﨑	重云園催	嶷伏扮寂	蛍怏園催	錦礼園催	児粥AI	AI猟周	儔貸揃抄	斌糾0	斌糾1	斌糾2	斌糾3	兆圉ID	吉雫	承崧怏
0	1505229	9815	-1	21	琵吶蟻	訳禽岻藍廢兩	192	224	5	300619	10000	-1	-1	1	0	-1	-1	-1	-1	-1	-1	100	0	
1	1	2604	101219	-1	寄瀧平醐	糟仇勧僕繁	115	82	9	-1	1000	-1	-1	3	0	-1	-1	-1	-1	-1	-1	100	0	
2	2	1320	101550	-1	宥吏痴幸伊蚊	藍忽痴幸勧僕	104	139	27	0	10000	-1	-1	3	0	-1	-1	-1	-1	-1	-1	100	0	
3	3	5980	400566	20	込致蟻	寄瀧平醐偏酎	68.641739	63.843887	18	0	10000	-1	-1	3	0	-1	-1	-1	-1	-1	-1	100	0	
4	4	1362	400578	20	尾卸櫛	寄瀧平醐弌祁	129.734787	51.281273	26	0	10000	-1	-1	3	0	-1	-1	-1	-1	-1	-1	100	0	
5	5	1363	400563	20	凝欲蟻	寄瀧平醐偏酎	102.561821	90.242989	36	0	10000	-1	-1	3	0	-1	-1	-1	-1	-1	-1	100	0	
6	7	1354	400565	20	唖偉帽	寄瀧平醐偏酎	85.786346	64.549881	36	0	10000	-1	-1	3	0	-1	-1	-1	-1	-1	-1	100	0	
7	9	1362	400567	20	器鱗蟻	寄瀧平醐偏酎	93.721901	77.300552	6	0	10000	-1	-1	3	0	-1	-1	-1	-1	-1	-1	100	0	
8	11	1357	400564	20	性錬直	寄瀧平醐偏酎	129.968918	66.856041	8	0	10000	-1	-1	3	0	-1	-1	-1	-1	-1	-1	100	0	
9	12	1355	400565	20	隈羨蟻	寄瀧平醐偏酎	128.248367	65.951439	4	0	10000	-1	-1	3	0	-1	-1	-1	-1	-1	-1	100	0	
10	13	1629	400566	20	込杵	寄瀧平醐偏酎	129.424606	53.279194	8	0	10000	-1	-1	3	0	-1	-1	-1	-1	-1	-1	100	0	
11	14	5980	400560	20	寄瀧平醐平汚		132.932068	74.139587	18	0	10000	-1	-1	3	0	-1	-1	-1	-1	-1	-1	100	0	
12	15	5980	400566	20	鮭蟻	寄瀧平醐偏酎	68.905067	67.967072	18	0	10000	-1	-1	3	0	-1	-1	-1	-1	-1	-1	100	0	
13	16	12989	400571	-1	略車卅	襖帽斌繁	125.331741	91.33683	15	0	10000	-1	-1	3	0	-1	-1	-1	-1	-1	-1	100	0	
14	17	1358	400572	20	略車蟻	襖帽冷匂斌	63.192696	66.081879	0	0	10000	-1	-1	3	0	-1	-1	-1	-1	-1	-1	100	0	
15	18	206	400579	20	襖帽邦返		60.957893	64.038185	0	0	10000	-1	-1	3	0	-1	-1	-1	-1	-1	-1	100	0	
16	19	206	400580	20	襖帽邦返		61.190849	68.203613	0	0	10000	-1	-1	3	0	-1	-1	-1	-1	-1	-1	100	0	
17	20	1913	400563	20	唖隈椽	寄瀧平醐偏酎	85.014343	63.156143	34	0	10000	-1	-1	3	0	-1	-1	-1	-1	-1	-1	100	0	
18	21	1914	400564	20	琵槌紬	寄瀧平醐偏酎	92.23645	76.278435	0	0	10000	-1	-1	3	0	-1	-1	-1	-1	-1	-1	100	0	
19	22	1914	400565	20	依某題	寄瀧平醐偏酎	127.753044	63.145252	0	0	10000	-1	-1	3	0	-1	-1	-1	-1	-1	-1	100	0	
20	23	1909	400565	20	卅飜紬	寄瀧平醐偏酎	127.780907	65.18454	4	0	10000	-1	-1	3	0	-1	-1	-1	-1	-1	-1	100	0	
21	24	1360	400555	20	追劣櫛	寄瀧平醐廓麼	230.402161	231.708313	12	0	10000	-1	-1	3	0	-1	-1	-1	-1	-1	-1	100	0	
22	25	1939	400569	20	賃吶徃	寄瀧平醐寄唖搖	230.811188	22.941738	22	0	10000	-1	-1	3	0	-1	-1	-1	-1	-1	-1	100	0	
23	26	1354	400575	20	唖戻健	寄瀧平醐唖搖	130.585556	63.698109	18	0	10000	-1	-1	3	0	-1	-1	-1	-1	-1	-1	100	0	
24	27	925	400556	20	喩殆牽	寄瀧平醐繍嘱	226.800339	27.002745	4	0	10000	-1	-1	3	0	-1	-1	-1	-1	-1	-1	100	0	
25	28	1361	400576	20	叟卸性仞	寄瀧平醐瀧拂	50.728958	231.773285	9	0	10000	-1	-1	3	0	-1	-1	-1	-1	-1	-1	100	0	
26	29	1361	400577	20	卅込稗	寄瀧平醐瀧健	45.978672	219.77597	31	0	10000	-1	-1	3	0	-1	-1	-1	-1	-1	-1	100	0	
27	30	1361	400577	20	唖杵責	寄瀧平醐瀧健	56.056686	217.960327	19	0	10000	-1	-1	3	0	-1	-1	-1	-1	-1	-1	100	0	
28	31	1908	400570	20	唖卸凝責	娃式釦気聞宀	228.457275	228.342316	30	0	10000	-1	-1	3	0	-1	-1	-1	-1	-1	-1	100	0	
29	32	1606	400568	20	尾込健	寄瀧平醐寄骸	231.690689	229.203537	16	0	10000	-1	-1	3	0	-1	-1	-1	-1	-1	-1	100	0	
30	33	1361	400574	20	性込凧	慈臥錦海	66.331223	66.016563	18	0	10000	-1	-1	3	0	-1	-1	-1	-1	-1	-1	100	0	
31	256	1363	400567	20	欲錬蟻	寄瀧平醐偏酎	129.512894	61.312271	2372	0	10000	-1	-1	3	0	-1	-1	-1	-1	-1	-1	100	0	
32	6	1362	400564	20	依錬櫛	寄瀧平醐偏酎	128.41748	62.199947	32	0	10000	-1	-1	3	0	-1	-1	-1	-1	-1	-1	100	0	
33	34	5980	400557	20	寄瀧平醐平汚		109.905624	99.309692	9	0	10000	-1	-1	3	0	-1	-1	-1	-1	-1	-1	100	0	
34	35	5980	400558	20	寄瀧平醐平汚		143.087173	84.218201	8	0	10000	-1	-1	3	0	-1	-1	-1	-1	-1	-1	100	0	
35	36	5980	400559	20	寄瀧平醐平汚		120.915825	111.340126	27	0	10000	-1	-1	3	0	-1	-1	-1	-1	-1	-1	100	0	
36	37	5980	400560	20	寄瀧平醐平汚		120.885963	99.413651	9	0	10000	-1	-1	3	0	-1	-1	-1	-1	-1	-1	100	0	
37	38	5980	400561	20	寄瀧平醐平汚		121.731979	137.111084	27	0	10000	-1	-1	3	0	-1	-1	-1	-1	-1	-1	100	0	
38	39	5980	400562	20	寄瀧平醐平汚		109.737152	111.274002	27	0	10000	-1	-1	3	0	-1	-1	-1	-1	-1	-1	100	0	
39	40	5980	400557	20	寄瀧平醐平汚		133.322006	85.268135	18	0	10000	-1	-1	3	0	-1	-1	-1	-1	-1	-1	100	0	
40	41	5980	400558	20	寄瀧平醐平汚		143.050552	75.513	28	0	10000	-1	-1	3	0	-1	-1	-1	-1	-1	-1	100	0	
41	42	5980	400559	20	寄瀧平醐平汚		217.65094	16.836514	30	0	10000	-1	-1	3	0	-1	-1	-1	-1	-1	-1	100	0	
42	43	5980	400560	20	寄瀧平醐平汚		218.729691	221.442276	2	0	10000	-1	-1	3	0	-1	-1	-1	-1	-1	-1	100	0	
43	44	5980	400561	20	寄瀧平醐平汚		199.937683	61.378246	18	0	10000	-1	-1	3	0	-1	-1	-1	-1	-1	-1	100	0	
44	45	5980	400562	20	寄瀧平醐平汚		180.093399	63.105835	26	0	10000	-1	-1	3	0	-1	-1	-1	-1	-1	-1	100	0	
45	46	5980	400557	20	寄瀧平醐平汚		215.778946	52.143204	18	0	10000	-1	-1	3	0	-1	-1	-1	-1	-1	-1	100	0	
46	47	5980	400558	20	寄瀧平醐平汚		203.281021	42.055508	26	0	10000	-1	-1	3	0	-1	-1	-1	-1	-1	-1	100	0	
47	48	5980	400559	20	寄瀧平醐平汚		194.437805	53.076813	26	0	10000	-1	-1	3	0	-1	-1	-1	-1	-1	-1	100	0	
48	49	5980	400560	20	寄瀧平醐平汚		220.346268	45.562794	18	0	10000	-1	-1	3	0	-1	-1	-1	-1	-1	-1	100	0	
49	50	5980	400561	20	寄瀧平醐平汚		231.029831	43.551495	13	0	10000	-1	-1	3	0	-1	-1	-1	-1	-1	-1	100	0	
50	51	5980	400562	20	寄瀧平醐平汚		223.880219	33.232254	4	0	10000	-1	-1	3	0	-1	-1	-1	-1	-1	-1	100	0	
51	52	5980	400557	20	寄瀧平醐平汚		241.187637	33.709217	16	0	10000	-1	-1	3	0	-1	-1	-1	-1	-1	-1	100	0	
52	53	5980	400558	20	寄瀧平醐平汚		242.751099	26.811211	18	0	10000	-1	-1	3	0	-1	-1	-1	-1	-1	-1	100	0	
53	54	5980	400559	20	寄瀧平醐平汚		236.774811	39.12624	14	0	10000	-1	-1	3	0	-1	-1	-1	-1	-1	-1	100	0	
54	55	5980	400560	20	寄瀧平醐平汚		226.871155	19.706358	23	0	10000	-1	-1	3	0	-1	-1	-1	-1	-1	-1	100	0	
55	56	5980	400561	20	寄瀧平醐平汚		213.050095	21.773691	34	0	10000	-1	-1	3	0	-1	-1	-1	-1	-1	-1	100	0	
56	57	5980	400562	20	寄瀧平醐平汚		211.147064	29.017794	34	0	10000	-1	-1	3	0	-1	-1	-1	-1	-1	-1	100	0	
57	58	5980	400557	20	寄瀧平醐平汚		223.862976	13.741035	30	0	10000	-1	-1	3	0	-1	-1	-1	-1	-1	-1	100	0	
58	59	5980	400558	20	寄瀧平醐平汚		186.482086	70.302811	18	0	10000	-1	-1	3	0	-1	-1	-1	-1	-1	-1	100	0	
59	60	5980	400559	20	寄瀧平醐平汚		236.83725	229.911728	15	0	10000	-1	-1	3	0	-1	-1	-1	-1	-1	-1	100	0	
60	61	5980	400560	20	寄瀧平醐平汚		211.378677	211.35907	2	0	10000	-1	-1	3	0	-1	-1	-1	-1	-1	-1	100	0	
61	62	5980	400561	20	寄瀧平醐平汚		225.919937	205.922348	18	0	10000	-1	-1	3	0	-1	-1	-1	-1	-1	-1	100	0	
62	63	5980	400562	20	寄瀧平醐平汚		225.376007	208.518173	18	0	10000	-1	-1	3	0	-1	-1	-1	-1	-1	-1	100	0	
63	64	5980	400557	20	寄瀧平醐平汚		212.762299	213.224548	2	0	10000	-1	-1	3	0	-1	-1	-1	-1	-1	-1	100	0	
64	65	5980	400558	20	寄瀧平醐平汚		223.926956	218.381882	22	0	10000	-1	-1	3	0	-1	-1	-1	-1	-1	-1	100	0	
65	66	5980	400559	20	寄瀧平醐平汚		234.895584	233.010376	12	0	10000	-1	-1	3	0	-1	-1	-1	-1	-1	-1	100	0	
66	67	5980	400560	20	寄瀧平醐平汚		229.153931	235.378647	11	0	10000	-1	-1	3	0	-1	-1	-1	-1	-1	-1	100	0	
67	68	5980	400561	20	寄瀧平醐平汚		224.591125	235.383881	7	0	10000	-1	-1	3	0	-1	-1	-1	-1	-1	-1	100	0	
68	69	5980	400562	20	寄瀧平醐平汚		234.742477	23.693663	22	0	10000	-1	-1	3	0	-1	-1	-1	-1	-1	-1	100	0	
69	70	5980	400557	20	寄瀧平醐平汚		229.836685	19.512119	23	0	10000	-1	-1	3	0	-1	-1	-1	-1	-1	-1	100	0	
70	71	5980	400558	20	寄瀧平醐平汚		235.662445	26.71752	22	0	10000	-1	-1	3	0	-1	-1	-1	-1	-1	-1	100	0	
71	72	5980	400559	20	寄瀧平醐平汚		223.623337	27.14122	4	0	10000	-1	-1	3	0	-1	-1	-1	-1	-1	-1	100	0	
72	73	5980	400560	20	寄瀧平醐平汚		226.708344	30.476835	4	0	10000	-1	-1	3	0	-1	-1	-1	-1	-1	-1	100	0	
73	74	5980	400561	20	寄瀧平醐平汚		220.737137	29.632315	4	0	10000	-1	-1	3	0	-1	-1	-1	-1	-1	-1	100	0	
74	75	5980	400559	20	寄瀧平醐平汚		108.648155	137.269897	27	0	10000	-1	-1	3	0	-1	-1	-1	-1	-1	-1	100	0	
75	76	167	-1	20	  	 	45.082726	226.772598	0	0	10000	-1	-1	3	0	-1	-1	-1	-1	-1	-1	100	0	
76	77	168	-1	20	  	 	44.946102	223.984543	0	0	10000	-1	-1	3	0	-1	-1	-1	-1	-1	-1	100	0	
77	78	169	-1	20	  	 	44.746151	221.383331	0	0	10000	-1	-1	3	0	-1	-1	-1	-1	-1	-1	100	0	
78	79	170	-1	20	  	 	56.214508	226.306244	18	0	10000	-1	-1	3	0	-1	-1	-1	-1	-1	-1	100	0	
79	80	171	-1	20	  	 	56.261375	223.770187	18	0	10000	-1	-1	3	0	-1	-1	-1	-1	-1	-1	100	0	
80	81	172	-1	20	  	 	55.929199	221.386353	18	0	10000	-1	-1	3	0	-1	-1	-1	-1	-1	-1	100	0	
81	82	861	-1	20	  	 	126.993172	56.726639	8	0	10000	-1	-1	3	0	-1	-1	-1	-1	-1	-1	100	0	
82	83	168	-1	20	  	 	84.211449	65.860947	36	0	10000	-1	-1	3	0	-1	-1	-1	-1	-1	-1	100	0	
83	84	168	-1	20	  	 	208.782303	208.858582	32	0	10000	-1	-1	3	0	-1	-1	-1	-1	-1	-1	100	0	
84	85	2227	-1	21	偃旋冉税幃		71.293465	138.503189	0	300640	10000	-1	-1	1	0	-1	-1	-1	-1	-1	-1	100	0	
85	86	2227	-1	21	偃旋冉税幃		72.231789	139.502045	0	300640	10000	-1	-1	1	0	-1	-1	-1	-1	-1	-1	100	0	
86	87	2227	-1	21	偃旋冉税幃		71.31797	139.540329	0	300640	10000	-1	-1	1	0	-1	-1	-1	-1	-1	-1	100	0	
87	88	2227	-1	21	偃旋冉税幃		71.259995	140.320496	0	300640	10000	-1	-1	1	0	-1	-1	-1	-1	-1	-1	100	0	
88	89	2227	-1	21	偃旋冉税幃		72.361374	140.331146	0	300640	10000	-1	-1	1	0	-1	-1	-1	-1	-1	-1	100	0	
89	90	2227	-1	21	偃旋冉税幃		43.715595	132.106812	0	300640	10000	-1	-1	1	0	-1	-1	-1	-1	-1	-1	100	0	
90	91	2227	-1	21	偃旋冉税幃		42.604122	130.859772	0	300640	10000	-1	-1	1	0	-1	-1	-1	-1	-1	-1	100	0	
91	92	2227	-1	21	偃旋冉税幃		43.949463	130.545197	0	300640	10000	-1	-1	1	0	-1	-1	-1	-1	-1	-1	100	0	
92	101	2227	-1	21	偃旋冉税幃		26.770411	154.803833	0	300640	10000	-1	-1	1	0	-1	-1	-1	-1	-1	-1	100	0	
93	102	2227	-1	21	偃旋冉税幃		27.081593	154.651199	0	300640	10000	-1	-1	1	0	-1	-1	-1	-1	-1	-1	100	0	
94	103	2227	-1	21	偃旋冉税幃		26.755186	156.055328	0	300640	10000	-1	-1	1	0	-1	-1	-1	-1	-1	-1	100	0	
95	104	2227	-1	21	偃旋冉税幃		26.864141	156.982101	0	300640	10000	-1	-1	1	0	-1	-1	-1	-1	-1	-1	100	0	
96	105	2227	-1	21	偃旋冉税幃		27.909502	155.445099	0	300640	10000	-1	-1	1	0	-1	-1	-1	-1	-1	-1	100	0	
97	106	2227	-1	21	偃旋冉税幃		43.963634	131.362656	0	300640	10000	-1	-1	1	0	-1	-1	-1	-1	-1	-1	100	0	
98	107	2227	-1	21	偃旋冉税幃		43.838123	130.18866	0	300640	10000	-1	-1	1	0	-1	-1	-1	-1	-1	-1	100	0	
99	108	2227	-1	21	偃旋冉税幃		42.665939	131.785782	0	300640	10000	-1	-1	1	0	-1	-1	-1	-1	-1	-1	100	0	
100	110	2227	-1	21	偃旋冉税幃		44.97625	130.616547	0	300640	10000	-1	-1	1	0	-1	-1	-1	-1	-1	-1	100	0	
101	111	2227	-1	21	偃旋冉税幃		176.809341	193.585312	0	300640	10000	-1	-1	1	0	-1	-1	-1	-1	-1	-1	100	0	
102	112	2227	-1	21	偃旋冉税幃		176.462143	193.200623	0	300640	10000	-1	-1	1	0	-1	-1	-1	-1	-1	-1	100	0	
103	113	2227	-1	21	偃旋冉税幃		178.349762	193.621796	0	300640	10000	-1	-1	1	0	-1	-1	-1	-1	-1	-1	100	0	
104	114	2227	-1	21	偃旋冉税幃		176.477539	191.820618	0	300640	10000	-1	-1	1	0	-1	-1	-1	-1	-1	-1	100	0	
105	115	2227	-1	21	偃旋冉税幃		177.47139	193.620316	0	300640	10000	-1	-1	1	0	-1	-1	-1	-1	-1	-1	100	0	
106	116	2227	-1	21	偃旋冉税幃		193.013	224.067993	0	300640	10000	-1	-1	1	0	-1	-1	-1	-1	-1	-1	100	0	
107	117	2227	-1	21	偃旋冉税幃		192.744003	223.830002	0	300640	10000	-1	-1	1	0	-1	-1	-1	-1	-1	-1	100	0	
108	118	2227	-1	21	偃旋冉税幃		189.068192	223.715378	0	300640	10000	-1	-1	1	0	-1	-1	-1	-1	-1	-1	100	0	
109	119	2227	-1	21	偃旋冉税幃		188.200836	223.797058	0	300640	10000	-1	-1	1	0	-1	-1	-1	-1	-1	-1	100	0	
110	120	2227	-1	21	偃旋冉税幃		188.165985	224.612183	0	300640	10000	-1	-1	1	0	-1	-1	-1	-1	-1	-1	100	0	
111	126	2227	-1	21	偃旋冉税幃		162.868866	226.74939	0	300640	10000	-1	-1	1	0	-1	-1	-1	-1	-1	-1	100	0	
112	127	2227	-1	21	偃旋冉税幃		163.048615	226.592072	0	300640	10000	-1	-1	1	0	-1	-1	-1	-1	-1	-1	100	0	
113	128	2227	-1	21	偃旋冉税幃		163.067734	226.537201	0	300640	10000	-1	-1	1	0	-1	-1	-1	-1	-1	-1	100	0	
114	129	2227	-1	21	偃旋冉税幃		163.959564	225.851837	0	300640	10000	-1	-1	1	0	-1	-1	-1	-1	-1	-1	100	0	
115	131	2227	-1	21	偃旋冉税幃		148.561081	197.799316	0	300640	10000	-1	-1	1	0	-1	-1	-1	-1	-1	-1	100	0	
116	132	2227	-1	21	偃旋冉税幃		150.694244	194.930099	0	300640	10000	-1	-1	1	0	-1	-1	-1	-1	-1	-1	100	0	
117	133	2227	-1	21	偃旋冉税幃		149.342545	197.828339	0	300640	10000	-1	-1	1	0	-1	-1	-1	-1	-1	-1	100	0	
118	134	2227	-1	21	偃旋冉税幃		148.76915	195.923645	0	300640	10000	-1	-1	1	0	-1	-1	-1	-1	-1	-1	100	0	
119	135	2227	-1	21	偃旋冉税幃		146.836517	197.420547	0	300640	10000	-1	-1	1	0	-1	-1	-1	-1	-1	-1	100	0	
120	141	2228	-1	21	瑚声表迂		65.805794	184.240067	0	300640	10000	-1	-1	1	0	-1	-1	-1	-1	-1	-1	100	0	
121	142	2228	-1	21	瑚声表迂		66.040596	184.175415	0	300640	10000	-1	-1	1	0	-1	-1	-1	-1	-1	-1	100	0	
122	143	2228	-1	21	瑚声表迂		67.26049	182.512466	0	300640	10000	-1	-1	1	0	-1	-1	-1	-1	-1	-1	100	0	
123	144	2228	-1	21	瑚声表迂		66.967361	184.967133	0	300640	10000	-1	-1	1	0	-1	-1	-1	-1	-1	-1	100	0	
124	145	2228	-1	21	瑚声表迂		65.379074	185.203217	0	300640	10000	-1	-1	1	0	-1	-1	-1	-1	-1	-1	100	0	
125	146	2228	-1	21	瑚声表迂		43.799854	169.699066	0	300640	10000	-1	-1	1	0	-1	-1	-1	-1	-1	-1	100	0	
126	147	2228	-1	21	瑚声表迂		44.828018	169.467438	0	300640	10000	-1	-1	1	0	-1	-1	-1	-1	-1	-1	100	0	
127	148	2228	-1	21	瑚声表迂		45.18914	168.423431	0	300640	10000	-1	-1	1	0	-1	-1	-1	-1	-1	-1	100	0	
128	149	2228	-1	21	瑚声表迂		43.576221	170.745422	0	300640	10000	-1	-1	1	0	-1	-1	-1	-1	-1	-1	100	0	
129	150	2228	-1	21	瑚声表迂		43.592773	171.106018	0	300640	10000	-1	-1	1	0	-1	-1	-1	-1	-1	-1	100	0	
130	151	2228	-1	21	瑚声表迂		45.563614	201.602966	0	300640	10000	-1	-1	1	0	-1	-1	-1	-1	-1	-1	100	0	
131	152	2228	-1	21	瑚声表迂		44.807892	199.283524	0	300640	10000	-1	-1	1	0	-1	-1	-1	-1	-1	-1	100	0	
132	153	2228	-1	21	瑚声表迂		46.471092	200.494644	0	300640	10000	-1	-1	1	0	-1	-1	-1	-1	-1	-1	100	0	
133	154	2228	-1	21	瑚声表迂		45.990089	199.126465	0	300640	10000	-1	-1	1	0	-1	-1	-1	-1	-1	-1	100	0	
134	155	2228	-1	21	瑚声表迂		45.775097	198.588531	0	300640	10000	-1	-1	1	0	-1	-1	-1	-1	-1	-1	100	0	
135	156	2228	-1	21	瑚声表迂		192.901566	158.620667	0	300640	10000	-1	-1	1	0	-1	-1	-1	-1	-1	-1	100	0	
136	157	2228	-1	21	瑚声表迂		193.089172	156.542969	0	300640	10000	-1	-1	1	0	-1	-1	-1	-1	-1	-1	100	0	
137	158	2228	-1	21	瑚声表迂		195.399902	155.635361	0	300640	10000	-1	-1	1	0	-1	-1	-1	-1	-1	-1	100	0	
138	159	2228	-1	21	瑚声表迂		195.657013	157.775024	0	300640	10000	-1	-1	1	0	-1	-1	-1	-1	-1	-1	100	0	
139	160	2228	-1	21	瑚声表迂		196.695007	157.6492	0	300640	10000	-1	-1	1	0	-1	-1	-1	-1	-1	-1	100	0	
140	161	2228	-1	21	瑚声表迂		198.562973	129.795914	0	300640	10000	-1	-1	1	0	-1	-1	-1	-1	-1	-1	100	0	
141	162	2228	-1	21	瑚声表迂		200.598587	128.777618	0	300640	10000	-1	-1	1	0	-1	-1	-1	-1	-1	-1	100	0	
142	163	2228	-1	21	瑚声表迂		198.705414	128.615448	0	300640	10000	-1	-1	1	0	-1	-1	-1	-1	-1	-1	100	0	
143	164	2228	-1	21	瑚声表迂		201.980164	127.71273	0	300640	10000	-1	-1	1	0	-1	-1	-1	-1	-1	-1	100	0	
144	165	2228	-1	21	瑚声表迂		198.504913	126.640419	0	300640	10000	-1	-1	1	0	-1	-1	-1	-1	-1	-1	100	0	
145	167	2228	-1	21	瑚声表迂		168.832764	142.394501	0	300640	10000	-1	-1	1	0	-1	-1	-1	-1	-1	-1	100	0	
146	168	2228	-1	21	瑚声表迂		168.202408	139.583084	0	300640	10000	-1	-1	1	0	-1	-1	-1	-1	-1	-1	100	0	
147	171	2228	-1	21	瑚声表迂		167.051117	141.695023	0	300640	10000	-1	-1	1	0	-1	-1	-1	-1	-1	-1	100	0	
148	172	2228	-1	21	瑚声表迂		166.724792	140.977692	0	300640	10000	-1	-1	1	0	-1	-1	-1	-1	-1	-1	100	0	
149	174	2228	-1	21	瑚声表迂		168.181061	140.420303	0	300640	10000	-1	-1	1	0	-1	-1	-1	-1	-1	-1	100	0	
150	175	2228	-1	21	瑚声表迂		168.139816	140.847641	0	300640	10000	-1	-1	1	0	-1	-1	-1	-1	-1	-1	100	0	
151	181	2228	-1	21	瑚声表迂		168.381363	140.8647	0	300640	10000	-1	-1	1	0	-1	-1	-1	-1	-1	-1	100	0	
152	182	2228	-1	21	瑚声表迂		174.825729	25.481699	0	300640	10000	-1	-1	1	0	-1	-1	-1	-1	-1	-1	100	0	
153	183	2228	-1	21	瑚声表迂		174.93721	25.848389	0	300640	10000	-1	-1	1	0	-1	-1	-1	-1	-1	-1	100	0	
154	184	2228	-1	21	瑚声表迂		178.069778	25.560097	0	300640	10000	-1	-1	1	0	-1	-1	-1	-1	-1	-1	100	0	
155	185	2228	-1	21	瑚声表迂		178.108414	26.208223	0	300640	10000	-1	-1	1	0	-1	-1	-1	-1	-1	-1	100	0	
156	186	2228	-1	21	瑚声表迂		174.871521	26.527569	0	300640	10000	-1	-1	1	0	-1	-1	-1	-1	-1	-1	100	0	
157	187	2228	-1	21	瑚声表迂		175.290649	27.596952	0	300640	10000	-1	-1	1	0	-1	-1	-1	-1	-1	-1	100	0	
158	189	2228	-1	21	瑚声表迂		188.141785	87.78788	0	300640	10000	-1	-1	1	0	-1	-1	-1	-1	-1	-1	100	0	
159	195	2227	-1	21	偃旋冉税幃		44.513008	131.173981	0	300640	10000	-1	-1	1	0	-1	-1	-1	-1	-1	-1	100	0	
160	205	2227	-1	21	偃旋冉税幃		27.33749	157.459503	0	300640	10000	-1	-1	1	0	-1	-1	-1	-1	-1	-1	100	0	
161	206	2227	-1	21	偃旋冉税幃		27.800343	156.105408	0	300640	10000	-1	-1	1	0	-1	-1	-1	-1	-1	-1	100	0	
162	207	2227	-1	21	偃旋冉税幃		26.916006	155.664185	0	300640	10000	-1	-1	1	0	-1	-1	-1	-1	-1	-1	100	0	
163	209	2227	-1	21	偃旋冉税幃		26.57205	155.948959	0	300640	10000	-1	-1	1	0	-1	-1	-1	-1	-1	-1	100	0	
164	210	2228	-1	21	瑚声表迂		45.264122	197.765976	0	300640	10000	-1	-1	1	0	-1	-1	-1	-1	-1	-1	100	0	
165	211	2228	-1	21	瑚声表迂		45.393368	200.516281	0	300640	10000	-1	-1	1	0	-1	-1	-1	-1	-1	-1	100	0	
166	212	2228	-1	21	瑚声表迂		44.992111	199.116348	0	300640	10000	-1	-1	1	0	-1	-1	-1	-1	-1	-1	100	0	
167	213	2228	-1	21	瑚声表迂		45.261532	199.491577	0	300640	10000	-1	-1	1	0	-1	-1	-1	-1	-1	-1	100	0	
168	214	2228	-1	21	瑚声表迂		46.226364	199.663177	0	300640	10000	-1	-1	1	0	-1	-1	-1	-1	-1	-1	100	0	
169	215	2228	-1	21	瑚声表迂		44.34166	170.049927	0	300640	10000	-1	-1	1	0	-1	-1	-1	-1	-1	-1	100	0	
170	216	2228	-1	21	瑚声表迂		44.942215	169.748093	0	300640	10000	-1	-1	1	0	-1	-1	-1	-1	-1	-1	100	0	
171	217	2228	-1	21	瑚声表迂		44.594803	170.367126	0	300640	10000	-1	-1	1	0	-1	-1	-1	-1	-1	-1	100	0	
172	218	2228	-1	21	瑚声表迂		44.83828	170.019699	0	300640	10000	-1	-1	1	0	-1	-1	-1	-1	-1	-1	100	0	
173	219	2228	-1	21	瑚声表迂		44.326515	168.974915	0	300640	10000	-1	-1	1	0	-1	-1	-1	-1	-1	-1	100	0	
174	220	2228	-1	21	瑚声表迂		67.069611	182.81459	0	300640	10000	-1	-1	1	0	-1	-1	-1	-1	-1	-1	100	0	
175	221	2228	-1	21	瑚声表迂		67.0065	183.301636	0	300640	10000	-1	-1	1	0	-1	-1	-1	-1	-1	-1	100	0	
176	222	2228	-1	21	瑚声表迂		65.441452	184.32901	0	300640	10000	-1	-1	1	0	-1	-1	-1	-1	-1	-1	100	0	
177	223	2228	-1	21	瑚声表迂		65.896027	183.11731	0	300640	10000	-1	-1	1	0	-1	-1	-1	-1	-1	-1	100	0	
178	224	2228	-1	21	瑚声表迂		66.348473	183.141647	0	300640	10000	-1	-1	1	0	-1	-1	-1	-1	-1	-1	100	0	
179	225	2227	-1	21	偃旋冉税幃		192.567993	223.787003	0	300640	10000	-1	-1	1	0	-1	-1	-1	-1	-1	-1	100	0	
180	226	2227	-1	21	偃旋冉税幃		192.07666	220.786682	0	300640	10000	-1	-1	1	0	-1	-1	-1	-1	-1	-1	100	0	
181	227	2227	-1	21	偃旋冉税幃		191.697433	220.74852	0	300640	10000	-1	-1	1	0	-1	-1	-1	-1	-1	-1	100	0	
182	228	2227	-1	21	偃旋冉税幃		192.138657	220.808975	0	300640	10000	-1	-1	1	0	-1	-1	-1	-1	-1	-1	100	0	
183	229	2227	-1	21	偃旋冉税幃		191.477692	220.778137	0	300640	10000	-1	-1	1	0	-1	-1	-1	-1	-1	-1	100	0	
184	230	2227	-1	21	偃旋冉税幃		192.339951	221.007492	0	300640	10000	-1	-1	1	0	-1	-1	-1	-1	-1	-1	100	0	
185	231	2228	-1	21	瑚声表迂		199.800949	130.352478	0	300640	10000	-1	-1	1	0	-1	-1	-1	-1	-1	-1	100	0	
186	232	2228	-1	21	瑚声表迂		200.918793	129.440323	0	300640	10000	-1	-1	1	0	-1	-1	-1	-1	-1	-1	100	0	
187	233	2228	-1	21	瑚声表迂		169.234924	140.363373	0	300640	10000	-1	-1	1	0	-1	-1	-1	-1	-1	-1	100	0	
188	234	2228	-1	21	瑚声表迂		168.981079	143.098404	0	300640	10000	-1	-1	1	0	-1	-1	-1	-1	-1	-1	100	0	
189	235	2228	-1	21	瑚声表迂		169.085632	139.333817	0	300640	10000	-1	-1	1	0	-1	-1	-1	-1	-1	-1	100	0	
190	236	2228	-1	21	瑚声表迂		193.899765	160.20784	0	300640	10000	-1	-1	1	0	-1	-1	-1	-1	-1	-1	100	0	
191	237	2228	-1	21	瑚声表迂		193.166504	157.29126	0	300640	10000	-1	-1	1	0	-1	-1	-1	-1	-1	-1	100	0	
192	238	2228	-1	21	瑚声表迂		193.846817	159.837448	0	300640	10000	-1	-1	1	0	-1	-1	-1	-1	-1	-1	100	0	
193	242	2228	-1	21	瑚声表迂		195.926727	157.630234	0	300640	10000	-1	-1	1	0	-1	-1	-1	-1	-1	-1	100	0	
194	253	2227	-1	21	偃旋冉税幃		70.67009	138.678879	0	300640	10000	-1	-1	1	0	-1	-1	-1	-1	-1	-1	100	0	
195	254	2227	-1	21	偃旋冉税幃		71.582787	138.865845	0	300640	10000	-1	-1	1	0	-1	-1	-1	-1	-1	-1	100	0	
196	255	2227	-1	21	偃旋冉税幃		70.748161	137.918793	0	300640	10000	-1	-1	1	0	-1	-1	-1	-1	-1	-1	100	0	
197	257	2228	-1	21	瑚声表迂		176.903259	27.498789	0	300640	10000	-1	-1	1	0	-1	-1	-1	-1	-1	-1	100	0	
198	258	2228	-1	21	瑚声表迂		177.521332	28.179472	0	300640	10000	-1	-1	1	0	-1	-1	-1	-1	-1	-1	100	0	
199	259	2228	-1	21	瑚声表迂		175.946274	28.619297	0	300640	10000	-1	-1	1	0	-1	-1	-1	-1	-1	-1	100	0	
200	264	2228	-1	21	瑚声表迂		173.383163	28.16338	0	300640	10000	-1	-1	1	0	-1	-1	-1	-1	-1	-1	100	0	
201	265	2228	-1	21	瑚声表迂		177.093414	26.576338	0	300640	10000	-1	-1	1	0	-1	-1	-1	-1	-1	-1	100	0	
202	1505230	2227	-1	21	偃旋冉税幃		71.248192	138.914993	0	300640	10000	-1	-1	1	0	-1	-1	-1	-1	-1	-1	100	0	
203	1505231	2227	-1	21	偃旋冉税幃		71.549484	140.192474	0	300640	10000	-1	-1	1	0	-1	-1	-1	-1	-1	-1	100	0	
204	1505232	2227	-1	21	偃旋冉税幃		178.129028	191.900696	0	300640	10000	-1	-1	1	0	-1	-1	-1	-1	-1	-1	100	0	
205	1505233	2227	-1	21	偃旋冉税幃		178.443283	192.277054	0	300640	10000	-1	-1	1	0	-1	-1	-1	-1	-1	-1	100	0	
206	1505234	2227	-1	21	偃旋冉税幃		175.44519	192.486343	0	300640	10000	-1	-1	1	0	-1	-1	-1	-1	-1	-1	100	0	
207	1505235	2227	-1	21	偃旋冉税幃		177.379791	193.009613	0	300640	10000	-1	-1	1	0	-1	-1	-1	-1	-1	-1	100	0	
208	1505236	2227	-1	21	偃旋冉税幃		177.261215	191.623749	0	300640	10000	-1	-1	1	0	-1	-1	-1	-1	-1	-1	100	0	
209	1505237	2227	-1	21	偃旋冉税幃		176.544144	192.037521	0	300640	10000	-1	-1	1	0	-1	-1	-1	-1	-1	-1	100	0	
210	1505242	2227	-1	21	偃旋冉税幃		162.982727	225.960754	0	300640	10000	-1	-1	1	0	-1	-1	-1	-1	-1	-1	100	0	
211	1505246	2227	-1	21	偃旋冉税幃		164.168762	225.587769	0	300640	10000	-1	-1	1	0	-1	-1	-1	-1	-1	-1	100	0	
212	1505247	2227	-1	21	偃旋冉税幃		164.230591	226.392944	0	300640	10000	-1	-1	1	0	-1	-1	-1	-1	-1	-1	100	0	
213	1505273	2228	-1	21	瑚声表迂		200.763885	127.995216	0	300640	10000	-1	-1	1	0	-1	-1	-1	-1	-1	-1	100	0	
214	1505274	2228	-1	21	瑚声表迂		199.747421	127.340248	0	300640	10000	-1	-1	1	0	-1	-1	-1	-1	-1	-1	100	0	
215	1505275	2228	-1	21	瑚声表迂		200.393585	127.280678	0	300640	10000	-1	-1	1	0	-1	-1	-1	-1	-1	-1	100	0	
216	1505276	2227	-1	21	偃旋冉税幃		147.250778	196.436859	0	300640	10000	-1	-1	1	0	-1	-1	-1	-1	-1	-1	100	0	
217	1505277	2227	-1	21	偃旋冉税幃		150.045349	196.575653	0	300640	10000	-1	-1	1	0	-1	-1	-1	-1	-1	-1	100	0	
218	1505278	2227	-1	21	偃旋冉税幃		149.906723	197.266449	0	300640	10000	-1	-1	1	0	-1	-1	-1	-1	-1	-1	100	0	
219	1505279	2227	-1	21	偃旋冉税幃		149.189636	196.765182	0	300640	10000	-1	-1	1	0	-1	-1	-1	-1	-1	-1	100	0	
220	1505280	2227	-1	21	偃旋冉税幃		149.189636	196.765182	0	300640	10000	-1	-1	1	0	-1	-1	-1	-1	-1	-1	100	0	
221	1505281	2227	-1	21	偃旋冉税幃		44.585117	129.60611	0	300640	10000	-1	-1	1	0	-1	-1	-1	-1	-1	-1	100	0	
222	1505283	2227	-1	21	偃旋冉税幃		163.0009	226.452637	0	300640	10000	-1	-1	1	0	-1	-1	-1	-1	-1	-1	100	0	
223	1505284	2227	-1	21	偃旋冉税幃		164.437347	226.728485	0	300640	10000	-1	-1	1	0	-1	-1	-1	-1	-1	-1	100	0	
224	1505285	2227	-1	21	偃旋冉税幃		162.060257	227.109558	0	300640	10000	-1	-1	1	0	-1	-1	-1	-1	-1	-1	100	0	
225	1505286	2228	-1	21	瑚声表迂		206.745544	72.644005	0	300640	10000	-1	-1	1	0	-1	-1	-1	-1	-1	-1	100	0	
226	1505287	2228	-1	21	瑚声表迂		188.143768	87.237534	0	300640	10000	-1	-1	1	0	-1	-1	-1	-1	-1	-1	100	0	
227	1505288	2228	-1	21	瑚声表迂		188.1978	87.62075	0	300640	10000	-1	-1	1	0	-1	-1	-1	-1	-1	-1	100	0	
228	1505289	2228	-1	21	瑚声表迂		183.734161	87.887817	0	300640	10000	-1	-1	1	0	-1	-1	-1	-1	-1	-1	100	0	
229	1505290	2228	-1	21	瑚声表迂		184.422913	88.109978	0	300640	10000	-1	-1	1	0	-1	-1	-1	-1	-1	-1	100	0	
230	1505291	2228	-1	21	瑚声表迂		184.598282	88.08844	0	300640	10000	-1	-1	1	0	-1	-1	-1	-1	-1	-1	100	0	
231	1505292	2228	-1	21	瑚声表迂		185.413193	86.083412	0	300640	10000	-1	-1	1	0	-1	-1	-1	-1	-1	-1	100	0	
232	1505294	2228	-1	21	瑚声表迂		185.804855	85.598244	0	300640	10000	-1	-1	1	0	-1	-1	-1	-1	-1	-1	100	0	
233	1505295	2228	-1	21	瑚声表迂		185.81781	85.826653	0	300640	10000	-1	-1	1	0	-1	-1	-1	-1	-1	-1	100	0	
234	1505296	2228	-1	21	瑚声表迂		185.590256	85.480278	0	300640	10000	-1	-1	1	0	-1	-1	-1	-1	-1	-1	100	0	
235	1505297	2228	-1	21	瑚声表迂		206.951065	72.230721	0	300640	10000	-1	-1	1	0	-1	-1	-1	-1	-1	-1	100	0	
236	1505298	2228	-1	21	瑚声表迂		207.281006	72.145515	0	300640	10000	-1	-1	1	0	-1	-1	-1	-1	-1	-1	100	0	
237	1505299	2228	-1	21	瑚声表迂		204.437195	72.456688	0	300640	10000	-1	-1	1	0	-1	-1	-1	-1	-1	-1	100	0	
238	1505300	2228	-1	21	瑚声表迂		204.082001	72.567795	0	300640	10000	-1	-1	1	0	-1	-1	-1	-1	-1	-1	100	0	
239	1505301	2228	-1	21	瑚声表迂		203.664185	72.424286	0	300640	10000	-1	-1	1	0	-1	-1	-1	-1	-1	-1	100	0	
240	1505302	2228	-1	21	瑚声表迂		205.63887	70.834328	0	300640	10000	-1	-1	1	0	-1	-1	-1	-1	-1	-1	100	0	
241	1505303	2228	-1	21	瑚声表迂		205.63887	70.834328	0	300640	10000	-1	-1	1	0	-1	-1	-1	-1	-1	-1	100	0	
242	1505304	2228	-1	21	瑚声表迂		205.63887	70.834328	0	300640	10000	-1	-1	1	0	-1	-1	-1	-1	-1	-1	100	0	
243	1505305	2228	-1	21	瑚声表迂		205.63887	70.834328	0	300640	10000	-1	-1	1	0	-1	-1	-1	-1	-1	-1	100	0	
244	1505306	2228	-1	21	瑚声表迂		205.63887	70.834328	0	300640	10000	-1	-1	1	0	-1	-1	-1	-1	-1	-1	100	0	
