NUM	NUM	NUM	NUM	NUM	TEXT	TEXT	FLOAT	FLOAT	NUM	NUM	NUM	NUM	NUM	NUM	NUM	NUM	NUM	NUM	NUM	NUM	NUM	NUM	NUM
编号	随机编号	attr编号	逻辑表编号	阵营编号	名称	称号	x轴坐标	z轴坐标	朝向	脚本编号	重生时间	分组编号	队伍编号	基础AI	AI文件	巡逻路径	商店0	商店1	商店2	商店3	名誉ID	等级	镜像组
0	10734095	34	103000	20	完颜洪烈	大金国赵王	209.028137	211.813248	11	-1	15000	-1	-1	3	0	-1	-1	-1	-1	-1	-1	30	0	
1	10734238	497	103001	20	铁木真	乞颜部领袖	209	208	15	-1	15000	-1	-1	3	0	-1	-1	-1	-1	-1	-1	30	0	
2	10734275	784	103004	20	士兵	乞颜部	179.471252	192.181046	13	-1	15000	-1	-1	3	0	-1	-1	-1	-1	-1	-1	30	0	
3	10734284	784	103004	20	士兵	乞颜部	179.588867	190.387283	13	-1	15000	-1	-1	3	0	-1	-1	-1	-1	-1	-1	30	0	
4	10734527	61	103005	20	华筝	小郡主	223.360168	85.022095	18	-1	15000	-1	-1	3	0	-1	-1	-1	-1	-1	-1	30	0	
5	10734729	216	103006	20	丘处机	长春道长	207.104904	42.852001	27	-1	15000	-1	-1	3	0	-1	-1	-1	-1	-1	-1	30	0	
6	10735062	117	103008	20	赵王府侍卫	金国	207.594589	212.884186	11	-1	15000	-1	-1	3	0	-1	-1	-1	-1	-1	-1	30	0	
7	10735098	117	103008	20	赵王府侍卫	金国	210.639328	212.816238	13	-1	15000	-1	-1	3	0	-1	-1	-1	-1	-1	-1	30	0	
8	10735328	153	103020	20	窝阔台	铁木真三子	190.425186	209.110245	4	-1	15000	-1	-1	3	0	-1	-1	-1	-1	-1	-1	30	0	
9	10735351	784	103010	20	士兵	乞颜部	174.522034	199.949081	10	-1	15000	-1	-1	3	0	-1	-1	-1	-1	-1	-1	30	0	
10	10735404	784	103011	20	士兵	乞颜部	205.343292	182.644577	11	-1	15000	-1	-1	3	0	-1	-1	-1	-1	-1	-1	30	0	
11	10735429	784	103011	20	士兵	乞颜部	192.178864	191.957169	15	-1	15000	-1	-1	3	0	-1	-1	-1	-1	-1	-1	30	0	
12	10735451	784	103013	20	士兵	乞颜部	184.115128	200.870026	11	-1	15000	-1	-1	3	0	-1	-1	-1	-1	-1	-1	30	0	
13	10735495	153	103018	20	术赤	铁木真长子	195.514618	211.627701	10	-1	15000	-1	-1	3	0	-1	-1	-1	-1	-1	-1	30	0	
14	10735509	784	103012	20	士兵	乞颜部	217.037643	206.625793	14	-1	15000	-1	-1	3	0	-1	-1	-1	-1	-1	-1	30	0	
15	11408816	1906	103003	20	木华黎	乞颜部将军	214	206	17	-1	15000	-1	-1	3	0	-1	-1	-1	-1	-1	-1	30	0	
16	11408870	213	103002	20	速不台	乞颜部将军	214.950226	198.399261	22	-1	15000	-1	-1	3	0	-1	-1	-1	-1	-1	-1	30	0	
17	11408907	784	103012	20	士兵	乞颜部	187.297241	208.465256	3	-1	15000	-1	-1	3	0	-1	-1	-1	-1	-1	-1	30	0	
18	11408914	784	103011	20	士兵	乞颜部	198.494568	213.186493	11	-1	15000	-1	-1	3	0	-1	-1	-1	-1	-1	-1	30	0	
19	11408981	153	103019	20	察合台	铁木真次子	213.674881	208.525787	16	-1	15000	-1	-1	3	0	-1	-1	-1	-1	-1	-1	30	0	
20	10734095	62	103017	20	华筝的侍女	乞颜部	218.621674	203.422363	15	-1	15000	-1	-1	3	0	-1	-1	-1	-1	-1	-1	30	0	
21	12034681	588	-1	21	雪人	圣山	192.200027	83.062424	27	-1	15000	-1	-1	6	0	-1	-1	-1	-1	-1	-1	20	0	
22	12034705	588	-1	21	雪人	圣山	185.176147	92.524452	27	-1	15000	-1	-1	6	0	-1	-1	-1	-1	-1	-1	20	0	
23	12034708	588	-1	21	雪人	圣山	176.543427	93.290016	27	-1	15000	-1	-1	6	0	-1	-1	-1	-1	-1	-1	20	0	
24	12034721	588	-1	21	雪人	圣山	198.313797	56.481621	27	-1	15000	-1	-1	6	0	-1	-1	-1	-1	-1	-1	20	0	
25	12034722	588	-1	21	雪人	圣山	191.39653	65.662468	27	-1	15000	-1	-1	6	0	-1	-1	-1	-1	-1	-1	20	0	
26	12034724	588	-1	21	雪人	圣山	185.307892	73.647247	27	-1	15000	-1	-1	6	0	-1	-1	-1	-1	-1	-1	20	0	
27	12034726	588	-1	21	雪人	圣山	176.878433	83.533531	27	-1	15000	-1	-1	6	0	-1	-1	-1	-1	-1	-1	20	0	
28	12034728	588	-1	21	雪人	圣山	159.08609	88.287056	27	-1	15000	-1	-1	6	0	-1	-1	-1	-1	-1	-1	20	0	
29	12034730	588	-1	21	雪人	圣山	164.194916	90.006302	27	-1	15000	-1	-1	6	0	-1	-1	-1	-1	-1	-1	20	0	
30	12034731	588	-1	21	雪人	圣山	163.76973	85.96154	27	-1	15000	-1	-1	6	0	-1	-1	-1	-1	-1	-1	20	0	
31	12034739	588	-1	21	雪人	圣山	225.210205	57.81953	27	-1	15000	-1	-1	6	0	-1	-1	-1	-1	-1	-1	20	0	
32	12034746	588	-1	21	雪人	圣山	227.355042	48.861771	27	-1	15000	-1	-1	6	0	-1	-1	-1	-1	-1	-1	20	0	
33	12034752	588	-1	21	雪人	圣山	234.56871	25.679726	27	-1	15000	-1	-1	6	0	-1	-1	-1	-1	-1	-1	20	0	
34	12034756	588	-1	21	雪人	圣山	233.54953	29.161211	2	-1	15000	-1	-1	6	0	-1	-1	-1	-1	-1	-1	20	0	
35	12034763	588	-1	21	雪人	圣山	228.776321	35.003876	14	-1	15000	-1	-1	6	0	-1	-1	-1	-1	-1	-1	20	0	
36	12034770	588	-1	21	雪人	圣山	220.884888	23.568153	32	-1	15000	-1	-1	6	0	-1	-1	-1	-1	-1	-1	20	0	
37	12034777	588	-1	21	雪人	圣山	201.083847	21.4779	4	-1	15000	-1	-1	6	0	-1	-1	-1	-1	-1	-1	20	0	
38	12034785	588	-1	21	雪人	圣山	180.738571	23.157393	2	-1	15000	-1	-1	6	0	-1	-1	-1	-1	-1	-1	20	0	
39	12034791	588	-1	21	雪人	圣山	181.735336	27.038515	2	-1	15000	-1	-1	6	0	-1	-1	-1	-1	-1	-1	20	0	
40	12034805	589	-1	21	雪人王	雪山征服者	183.899307	24.194893	27	-1	1000	-1	-1	5	1006	-1	-1	-1	-1	-1	-1	20	0	
41	12035380	588	-1	21	雪人	圣山	199.070816	94.44268	27	-1	15000	-1	-1	1	0	-1	-1	-1	-1	-1	-1	20	0	
42	12035381	588	-1	21	雪人	圣山	199.108978	98.380104	27	-1	15000	-1	-1	1	0	-1	-1	-1	-1	-1	-1	20	0	
43	12035388	588	-1	21	雪人	圣山	212.37706	104.588356	27	-1	15000	-1	-1	1	0	-1	-1	-1	-1	-1	-1	20	0	
44	12035401	588	-1	21	雪人	圣山	230.185074	148.983475	27	-1	15000	-1	-1	1	0	-1	-1	-1	-1	-1	-1	20	0	
45	12035405	588	-1	21	雪人	圣山	237.593475	131.328537	27	-1	15000	-1	-1	1	0	-1	-1	-1	-1	-1	-1	20	0	
46	12035407	588	-1	21	雪人	圣山	220.963028	156.073959	27	-1	15000	-1	-1	1	0	-1	-1	-1	-1	-1	-1	20	0	
47	12035455	331	103007	20	郭靖	乞颜部驸马	159.894211	104.138603	22	-1	15000	-1	-1	3	0	-1	-1	-1	-1	-1	-1	20	0	
48	12035562	347	103009	20	哲别	潜入敌营的乞颜部将军	83.828094	24.732832	27	-1	15000	-1	-1	3	0	-1	-1	-1	-1	-1	-1	20	0	
49	12035733	607	-1	21	前哨	塔塔尔	181.67691	136.250107	27	-1	15000	-1	-1	6	0	-1	-1	-1	-1	-1	-1	20	0	
50	12035760	607	-1	21	前哨	塔塔尔	182.91861	135.14592	2	-1	15000	-1	-1	6	0	-1	-1	-1	-1	-1	-1	20	0	
51	12035766	607	-1	21	前哨	塔塔尔	181.037567	138.051224	0	-1	15000	-1	-1	6	0	-1	-1	-1	-1	-1	-1	20	0	
52	12035769	607	-1	21	前哨	塔塔尔	183.614456	136.705933	0	-1	15000	-1	-1	6	0	-1	-1	-1	-1	-1	-1	20	0	
53	12035772	607	-1	21	前哨	塔塔尔	182.849915	138.140961	20	-1	15000	-1	-1	6	0	-1	-1	-1	-1	-1	-1	20	0	
54	12035779	607	-1	21	前哨	塔塔尔	187.010422	121.213501	18	-1	15000	-1	-1	6	0	-1	-1	-1	-1	-1	-1	20	0	
55	12035784	607	-1	21	前哨	塔塔尔	185.948212	122.901855	14	-1	15000	-1	-1	6	0	-1	-1	-1	-1	-1	-1	20	0	
56	12035789	607	-1	21	前哨	塔塔尔	186.483475	119.769745	14	-1	15000	-1	-1	6	0	-1	-1	-1	-1	-1	-1	20	0	
57	12035826	607	-1	21	前哨	塔塔尔	169.702255	123.603676	11	-1	15000	-1	-1	6	0	-1	-1	-1	-1	-1	-1	20	0	
58	12035857	607	-1	21	前哨	塔塔尔	176.708649	113.260635	22	-1	15000	-1	-1	6	0	-1	-1	-1	-1	-1	-1	20	0	
59	12035861	607	-1	21	前哨	塔塔尔	175.876984	115.240524	32	-1	15000	-1	-1	6	0	-1	-1	-1	-1	-1	-1	20	0	
60	12035863	607	-1	21	前哨	塔塔尔	178.142029	113.106972	27	-1	15000	-1	-1	6	0	-1	-1	-1	-1	-1	-1	20	0	
61	12035870	607	-1	21	前哨	塔塔尔	177.661682	115.769791	27	-1	15000	-1	-1	6	0	-1	-1	-1	-1	-1	-1	20	0	
62	12035966	607	-1	21	前哨	塔塔尔	172.225876	158.363037	16	-1	15000	-1	-1	6	0	-1	-1	-1	-1	-1	-1	20	0	
63	12035968	607	-1	21	前哨	塔塔尔	168.759064	155.730453	9	-1	15000	-1	-1	6	0	-1	-1	-1	-1	-1	-1	20	0	
64	12035971	607	-1	21	前哨	塔塔尔	170.373352	156.696808	9	-1	15000	-1	-1	6	0	-1	-1	-1	-1	-1	-1	20	0	
65	12035973	607	-1	21	前哨	塔塔尔	166.885406	153.9729	2	-1	15000	-1	-1	6	0	-1	-1	-1	-1	-1	-1	20	0	
66	12035976	607	-1	21	前哨	塔塔尔	171.706253	156.22113	28	-1	15000	-1	-1	6	0	-1	-1	-1	-1	-1	-1	20	0	
67	12035980	607	-1	21	前哨	塔塔尔	160.037247	141.454788	28	-1	15000	-1	-1	6	0	-1	-1	-1	-1	-1	-1	20	0	
68	12035983	607	-1	21	前哨	塔塔尔	161.716064	144.091003	2	-1	15000	-1	-1	6	0	-1	-1	-1	-1	-1	-1	20	0	
69	12035986	607	-1	21	前哨	塔塔尔	161.452606	140.618637	22	-1	15000	-1	-1	6	0	-1	-1	-1	-1	-1	-1	20	0	
70	12035988	607	-1	21	前哨	塔塔尔	161.924744	142.654709	18	-1	15000	-1	-1	6	0	-1	-1	-1	-1	-1	-1	20	0	
71	12035994	607	-1	21	前哨	塔塔尔	163.293671	141.65181	20	-1	15000	-1	-1	6	0	-1	-1	-1	-1	-1	-1	20	0	
72	12035999	607	-1	21	前哨	塔塔尔	152.101761	130.856293	32	-1	15000	-1	-1	6	0	-1	-1	-1	-1	-1	-1	20	0	
73	12036001	607	-1	21	前哨	塔塔尔	153.237503	132.233292	28	-1	15000	-1	-1	6	0	-1	-1	-1	-1	-1	-1	20	0	
74	12036003	607	-1	21	前哨	塔塔尔	152.766434	130.040421	22	-1	15000	-1	-1	6	0	-1	-1	-1	-1	-1	-1	20	0	
75	12036014	607	-1	21	前哨	塔塔尔	154.245102	133.836014	11	-1	15000	-1	-1	6	0	-1	-1	-1	-1	-1	-1	20	0	
76	12036023	607	-1	21	前哨	塔塔尔	187.517029	143.818726	20	-1	15000	-1	-1	6	0	-1	-1	-1	-1	-1	-1	20	0	
77	12036025	607	-1	21	前哨	塔塔尔	189.99939	136.851135	18	-1	15000	-1	-1	6	0	-1	-1	-1	-1	-1	-1	20	0	
78	12036048	607	-1	21	前哨	塔塔尔	145.449921	81.341942	11	-1	15000	-1	-1	6	0	-1	-1	-1	-1	-1	-1	20	0	
79	12036052	607	-1	21	前哨	塔塔尔	144.033508	83.809776	18	-1	15000	-1	-1	6	0	-1	-1	-1	-1	-1	-1	20	0	
80	12036055	607	-1	21	前哨	塔塔尔	142.407166	85.025803	14	-1	15000	-1	-1	6	0	-1	-1	-1	-1	-1	-1	20	0	
81	12036058	607	-1	21	前哨	塔塔尔	142.914047	82.621941	14	-1	15000	-1	-1	6	0	-1	-1	-1	-1	-1	-1	20	0	
82	12036060	607	-1	21	前哨	塔塔尔	143.95462	81.175331	16	-1	15000	-1	-1	6	0	-1	-1	-1	-1	-1	-1	20	0	
83	12036063	607	-1	21	前哨	塔塔尔	146.203323	82.645874	27	-1	15000	-1	-1	6	0	-1	-1	-1	-1	-1	-1	20	0	
84	12036126	607	-1	21	前哨	塔塔尔	139.658905	120.048668	32	-1	15000	-1	-1	6	0	-1	-1	-1	-1	-1	-1	20	0	
85	12036130	607	-1	21	前哨	塔塔尔	141.661896	120.612419	32	-1	15000	-1	-1	6	0	-1	-1	-1	-1	-1	-1	20	0	
86	12036132	607	-1	21	前哨	塔塔尔	139.216843	118.794342	4	-1	15000	-1	-1	6	0	-1	-1	-1	-1	-1	-1	20	0	
87	12036166	607	-1	21	前哨	塔塔尔	153.86972	124.222519	4	-1	15000	-1	-1	6	0	-1	-1	-1	-1	-1	-1	20	0	
88	12036167	607	-1	21	前哨	塔塔尔	167.202499	147.201691	4	-1	15000	-1	-1	6	0	-1	-1	-1	-1	-1	-1	20	0	
89	12036170	607	-1	21	前哨	塔塔尔	175.436615	141.859131	4	-1	15000	-1	-1	6	0	-1	-1	-1	-1	-1	-1	20	0	
90	12036335	608	-1	21	弓箭手	塔塔尔	137.58075	181.060623	0	-1	15000	-1	-1	6	2	-1	-1	-1	-1	-1	-1	20	0	
91	12036339	608	-1	21	弓箭手	塔塔尔	138.392029	187.072296	2	-1	15000	-1	-1	6	2	-1	-1	-1	-1	-1	-1	20	0	
92	12036357	608	-1	21	弓箭手	塔塔尔	131.227554	192.007339	2	-1	15000	-1	-1	6	2	-1	-1	-1	-1	-1	-1	20	0	
93	12036368	608	-1	21	弓箭手	塔塔尔	129.344818	189.627609	9	-1	15000	-1	-1	6	2	-1	-1	-1	-1	-1	-1	20	0	
94	12036375	608	-1	21	弓箭手	塔塔尔	115.900742	188.806702	9	-1	15000	-1	-1	6	2	-1	-1	-1	-1	-1	-1	20	0	
95	12036381	608	-1	21	弓箭手	塔塔尔	123.295547	196.36203	2	-1	15000	-1	-1	6	2	-1	-1	-1	-1	-1	-1	20	0	
96	12036593	608	-1	21	弓箭手	塔塔尔	110.689819	190.677185	2	-1	15000	-1	-1	6	2	-1	-1	-1	-1	-1	-1	20	0	
97	12036611	608	-1	21	弓箭手	塔塔尔	127.530907	169.761993	2	-1	15000	-1	-1	6	2	-1	-1	-1	-1	-1	-1	20	0	
98	12036629	608	-1	21	弓箭手	塔塔尔	126.031754	164.848969	9	-1	15000	-1	-1	6	2	-1	-1	-1	-1	-1	-1	20	0	
99	12036640	608	-1	21	弓箭手	塔塔尔	128.700256	166.277405	9	-1	15000	-1	-1	6	2	-1	-1	-1	-1	-1	-1	20	0	
100	12036656	608	-1	21	弓箭手	塔塔尔	83.307335	179.70372	9	-1	15000	-1	-1	6	2	-1	-1	-1	-1	-1	-1	20	0	
101	12036661	608	-1	21	弓箭手	塔塔尔	86.225838	180.109161	13	-1	15000	-1	-1	6	2	-1	-1	-1	-1	-1	-1	20	0	
102	12036672	608	-1	21	弓箭手	塔塔尔	84.482979	176.026733	2	-1	15000	-1	-1	6	2	-1	-1	-1	-1	-1	-1	20	0	
103	12036681	608	-1	21	弓箭手	塔塔尔	96.495605	167.928772	0	-1	15000	-1	-1	6	2	-1	-1	-1	-1	-1	-1	20	0	
104	12036692	608	-1	21	弓箭手	塔塔尔	98.031822	165.270264	0	-1	15000	-1	-1	6	2	-1	-1	-1	-1	-1	-1	20	0	
105	12036696	608	-1	21	弓箭手	塔塔尔	93.04557	165.113922	22	-1	15000	-1	-1	6	2	-1	-1	-1	-1	-1	-1	20	0	
106	12036717	608	-1	21	弓箭手	塔塔尔	93.176285	127.422485	14	-1	15000	-1	-1	6	2	-1	-1	-1	-1	-1	-1	20	0	
107	12036722	608	-1	21	弓箭手	塔塔尔	96.437759	125.325615	13	-1	15000	-1	-1	6	2	-1	-1	-1	-1	-1	-1	20	0	
108	12036747	608	-1	21	弓箭手	塔塔尔	121.16082	151.237854	20	-1	15000	-1	-1	6	2	-1	-1	-1	-1	-1	-1	20	0	
109	12036754	608	-1	21	弓箭手	塔塔尔	123.395691	153.150635	20	-1	15000	-1	-1	6	2	-1	-1	-1	-1	-1	-1	20	0	
110	12036756	608	-1	21	弓箭手	塔塔尔	119.822212	152.72995	0	-1	15000	-1	-1	6	2	-1	-1	-1	-1	-1	-1	20	0	
111	12036759	608	-1	21	弓箭手	塔塔尔	122.55117	153.975433	14	-1	15000	-1	-1	6	2	-1	-1	-1	-1	-1	-1	20	0	
112	12036765	608	-1	21	弓箭手	塔塔尔	128.489883	159.106094	22	-1	15000	-1	-1	6	2	-1	-1	-1	-1	-1	-1	20	0	
113	12036769	608	-1	21	弓箭手	塔塔尔	110.892303	141.978821	22	-1	15000	-1	-1	6	2	-1	-1	-1	-1	-1	-1	20	0	
114	12036771	608	-1	21	弓箭手	塔塔尔	109.460739	142.137634	27	-1	15000	-1	-1	6	2	-1	-1	-1	-1	-1	-1	20	0	
115	12036777	608	-1	21	弓箭手	塔塔尔	113.753319	144.373108	9	-1	15000	-1	-1	6	2	-1	-1	-1	-1	-1	-1	20	0	
116	12036784	608	-1	21	弓箭手	塔塔尔	114.350861	145.844177	20	-1	15000	-1	-1	6	2	-1	-1	-1	-1	-1	-1	20	0	
117	12036836	608	-1	21	弓箭手	塔塔尔	108.518761	177.854202	11	-1	15000	-1	-1	6	2	-1	-1	-1	-1	-1	-1	20	0	
118	12036874	608	-1	21	弓箭手	塔塔尔	107.078194	180.193527	28	-1	15000	-1	-1	6	2	-1	-1	-1	-1	-1	-1	20	0	
119	12036886	608	-1	21	弓箭手	塔塔尔	95.957397	152.781601	0	-1	15000	-1	-1	6	2	-1	-1	-1	-1	-1	-1	20	0	
120	12037093	615	-1	21	耶律虎	金军校尉	48.621052	199.62468	22	-1	1000	-1	-1	5	0	-1	-1	-1	-1	-1	-1	20	0	
121	12037207	594	-1	21	潜伏士兵	金国飞虎军	51.505772	211.809647	20	-1	15000	-1	-1	6	0	-1	-1	-1	-1	-1	-1	20	0	
122	12037229	594	-1	21	潜伏士兵	金国飞虎军	50.130966	212.65947	11	-1	15000	-1	-1	6	0	-1	-1	-1	-1	-1	-1	20	0	
123	12037234	594	-1	21	潜伏士兵	金国飞虎军	51.279495	210.238235	22	-1	15000	-1	-1	6	0	-1	-1	-1	-1	-1	-1	20	0	
124	12037243	594	-1	21	潜伏士兵	金国飞虎军	42.606377	219.350677	9	-1	15000	-1	-1	6	0	-1	-1	-1	-1	-1	-1	20	0	
125	12037246	594	-1	21	潜伏士兵	金国飞虎军	41.455128	220.014832	13	-1	15000	-1	-1	6	0	-1	-1	-1	-1	-1	-1	20	0	
126	12037257	594	-1	21	潜伏士兵	金国飞虎军	40.483242	218.475266	27	-1	15000	-1	-1	6	0	-1	-1	-1	-1	-1	-1	20	0	
127	12037259	594	-1	21	潜伏士兵	金国飞虎军	39.586452	220.524429	11	-1	15000	-1	-1	6	0	-1	-1	-1	-1	-1	-1	20	0	
128	12037262	594	-1	21	潜伏士兵	金国飞虎军	42.438591	217.534363	20	-1	15000	-1	-1	6	0	-1	-1	-1	-1	-1	-1	20	0	
129	12037282	594	-1	21	潜伏士兵	金国飞虎军	30.241405	193.414017	28	-1	15000	-1	-1	6	0	-1	-1	-1	-1	-1	-1	20	0	
130	12037285	594	-1	21	潜伏士兵	金国飞虎军	29.561815	195.683426	0	-1	15000	-1	-1	6	0	-1	-1	-1	-1	-1	-1	20	0	
131	12037289	594	-1	21	潜伏士兵	金国飞虎军	32.182461	191.919876	0	-1	15000	-1	-1	6	0	-1	-1	-1	-1	-1	-1	20	0	
132	12037290	594	-1	21	潜伏士兵	金国飞虎军	28.156845	197.787766	32	-1	15000	-1	-1	6	0	-1	-1	-1	-1	-1	-1	20	0	
133	12037293	594	-1	21	潜伏士兵	金国飞虎军	31.635878	197.662918	18	-1	15000	-1	-1	6	0	-1	-1	-1	-1	-1	-1	20	0	
134	12037295	594	-1	21	潜伏士兵	金国飞虎军	32.197803	195.339172	2	-1	15000	-1	-1	6	0	-1	-1	-1	-1	-1	-1	20	0	
135	12037301	594	-1	21	潜伏士兵	金国飞虎军	29.949638	196.958359	0	-1	15000	-1	-1	6	0	-1	-1	-1	-1	-1	-1	20	0	
136	12037375	594	-1	21	潜伏士兵	金国飞虎军	35.121658	208.124527	18	-1	15000	-1	-1	6	0	-1	-1	-1	-1	-1	-1	20	0	
137	12037382	594	-1	21	潜伏士兵	金国飞虎军	35.286472	209.515076	18	-1	15000	-1	-1	6	0	-1	-1	-1	-1	-1	-1	20	0	
138	12037384	594	-1	21	潜伏士兵	金国飞虎军	35.112343	206.567749	22	-1	15000	-1	-1	6	0	-1	-1	-1	-1	-1	-1	20	0	
139	12037389	594	-1	21	潜伏士兵	金国飞虎军	36.62656	210.749954	18	-1	15000	-1	-1	6	0	-1	-1	-1	-1	-1	-1	20	0	
140	12037393	594	-1	21	潜伏士兵	金国飞虎军	33.83374	207.971054	32	-1	15000	-1	-1	6	0	-1	-1	-1	-1	-1	-1	20	0	
141	12037398	594	-1	21	潜伏士兵	金国飞虎军	34.122665	210.268784	9	-1	15000	-1	-1	6	0	-1	-1	-1	-1	-1	-1	20	0	
142	12037405	594	-1	21	潜伏士兵	金国飞虎军	26.315067	212.29422	27	-1	15000	-1	-1	6	0	-1	-1	-1	-1	-1	-1	20	0	
143	12037409	594	-1	21	潜伏士兵	金国飞虎军	24.01627	213.885483	27	-1	15000	-1	-1	6	0	-1	-1	-1	-1	-1	-1	20	0	
144	12037415	594	-1	21	潜伏士兵	金国飞虎军	24.633739	222.984756	27	-1	15000	-1	-1	1	0	-1	-1	-1	-1	-1	-1	20	0	
145	12037424	594	-1	21	潜伏士兵	金国飞虎军	32.321053	215.492264	27	-1	15000	-1	-1	1	0	-1	-1	-1	-1	-1	-1	20	0	
146	12037426	594	-1	21	潜伏士兵	金国飞虎军	27.805088	229.811493	27	-1	15000	-1	-1	1	0	-1	-1	-1	-1	-1	-1	20	0	
147	12037428	594	-1	21	潜伏士兵	金国飞虎军	28.852987	231.012268	27	-1	15000	-1	-1	1	0	-1	-1	-1	-1	-1	-1	20	0	
148	12037430	594	-1	21	潜伏士兵	金国飞虎军	37.924198	233.088791	27	-1	15000	-1	-1	1	0	-1	-1	-1	-1	-1	-1	20	0	
149	12037431	594	-1	21	潜伏士兵	金国飞虎军	40.432362	233.436981	27	-1	15000	-1	-1	1	0	-1	-1	-1	-1	-1	-1	20	0	
150	12037433	594	-1	21	潜伏士兵	金国飞虎军	45.625126	231.202316	27	-1	15000	-1	-1	1	0	-1	-1	-1	-1	-1	-1	20	0	
151	12037436	594	-1	21	潜伏士兵	金国飞虎军	51.357525	233.353683	27	-1	15000	-1	-1	1	0	-1	-1	-1	-1	-1	-1	20	0	
152	12037437	594	-1	21	潜伏士兵	金国飞虎军	56.131119	228.049286	27	-1	15000	-1	-1	1	0	-1	-1	-1	-1	-1	-1	20	0	
153	12037439	594	-1	21	潜伏士兵	金国飞虎军	63.220432	222.668198	27	-1	15000	-1	-1	1	0	-1	-1	-1	-1	-1	-1	20	0	
154	12037444	594	-1	21	潜伏士兵	金国飞虎军	66.912666	218.418152	27	-1	15000	-1	-1	1	0	-1	-1	-1	-1	-1	-1	20	0	
155	12038186	611	-1	21	士兵	塔塔尔	83.374115	39.339005	34	-1	15000	-1	-1	6	0	-1	-1	-1	-1	-1	-1	20	0	
156	12038190	611	-1	21	士兵	塔塔尔	84	69	22	-1	15000	-1	-1	6	0	-1	-1	-1	-1	-1	-1	20	0	
157	12038204	611	-1	21	士兵	塔塔尔	87.524338	88.453033	18	-1	15000	-1	-1	6	0	-1	-1	-1	-1	-1	-1	20	0	
158	12038211	611	-1	21	士兵	塔塔尔	86.352501	89.650703	2	-1	15000	-1	-1	6	0	-1	-1	-1	-1	-1	-1	20	0	
159	12038214	611	-1	21	士兵	塔塔尔	87.494499	86.406288	22	-1	15000	-1	-1	6	0	-1	-1	-1	-1	-1	-1	20	0	
160	12038216	611	-1	21	士兵	塔塔尔	84.349586	85.78241	28	-1	15000	-1	-1	6	0	-1	-1	-1	-1	-1	-1	20	0	
161	12038218	611	-1	21	士兵	塔塔尔	78.924538	103.190804	29	-1	15000	-1	-1	6	0	-1	-1	-1	-1	-1	-1	20	0	
162	12038221	611	-1	21	士兵	塔塔尔	84.559296	88.41185	0	-1	15000	-1	-1	6	0	-1	-1	-1	-1	-1	-1	20	0	
163	12038231	611	-1	21	士兵	塔塔尔	85.535378	68.71785	14	-1	15000	-1	-1	6	0	-1	-1	-1	-1	-1	-1	20	0	
164	12038251	611	-1	21	士兵	塔塔尔	86.03614	66.345871	20	-1	15000	-1	-1	6	0	-1	-1	-1	-1	-1	-1	20	0	
165	12038255	611	-1	21	士兵	塔塔尔	85.026505	64.16465	22	-1	15000	-1	-1	6	0	-1	-1	-1	-1	-1	-1	20	0	
166	12038261	611	-1	21	士兵	塔塔尔	83.319702	66.27417	32	-1	15000	-1	-1	6	0	-1	-1	-1	-1	-1	-1	20	0	
167	12038276	611	-1	21	士兵	塔塔尔	83.569946	68.584122	14	-1	15000	-1	-1	6	0	-1	-1	-1	-1	-1	-1	20	0	
168	12038280	611	-1	21	士兵	塔塔尔	83.767418	64.818588	13	-1	15000	-1	-1	6	0	-1	-1	-1	-1	-1	-1	20	0	
169	12038288	611	-1	21	士兵	塔塔尔	65.591919	70.48288	28	-1	15000	-1	-1	6	0	-1	-1	-1	-1	-1	-1	20	0	
170	12038291	611	-1	21	士兵	塔塔尔	66.442696	68.095207	32	-1	15000	-1	-1	6	0	-1	-1	-1	-1	-1	-1	20	0	
171	12038294	611	-1	21	士兵	塔塔尔	68.421417	65.908897	18	-1	15000	-1	-1	6	0	-1	-1	-1	-1	-1	-1	20	0	
172	12038297	611	-1	21	士兵	塔塔尔	68.286171	68.381279	18	-1	15000	-1	-1	6	0	-1	-1	-1	-1	-1	-1	20	0	
173	12038299	611	-1	21	士兵	塔塔尔	64.730026	68.975067	32	-1	15000	-1	-1	6	0	-1	-1	-1	-1	-1	-1	20	0	
174	12038302	611	-1	21	士兵	塔塔尔	67.409988	70.466545	32	-1	15000	-1	-1	6	0	-1	-1	-1	-1	-1	-1	20	0	
175	12038314	611	-1	21	士兵	塔塔尔	63.074589	87.103653	11	-1	15000	-1	-1	6	0	-1	-1	-1	-1	-1	-1	20	0	
176	12038318	611	-1	21	士兵	塔塔尔	66.403656	84.272018	20	-1	15000	-1	-1	6	0	-1	-1	-1	-1	-1	-1	20	0	
177	12038321	611	-1	21	士兵	塔塔尔	64.706871	85.277573	9	-1	15000	-1	-1	6	0	-1	-1	-1	-1	-1	-1	20	0	
178	12038324	611	-1	21	士兵	塔塔尔	62.414719	84.945633	9	-1	15000	-1	-1	6	0	-1	-1	-1	-1	-1	-1	20	0	
179	12038327	611	-1	21	士兵	塔塔尔	64.332527	83.857224	11	-1	15000	-1	-1	6	0	-1	-1	-1	-1	-1	-1	20	0	
180	12038332	611	-1	21	士兵	塔塔尔	60.900711	86.720215	9	-1	15000	-1	-1	6	0	-1	-1	-1	-1	-1	-1	20	0	
181	12038340	611	-1	21	士兵	塔塔尔	53.610641	59.432068	9	-1	15000	-1	-1	6	0	-1	-1	-1	-1	-1	-1	20	0	
182	12038351	611	-1	21	士兵	塔塔尔	52.793503	61.02533	32	-1	15000	-1	-1	6	0	-1	-1	-1	-1	-1	-1	20	0	
183	12038354	611	-1	21	士兵	塔塔尔	55.068317	60.803989	20	-1	15000	-1	-1	6	0	-1	-1	-1	-1	-1	-1	20	0	
184	12038356	611	-1	21	士兵	塔塔尔	54.257259	62.485466	2	-1	15000	-1	-1	6	0	-1	-1	-1	-1	-1	-1	20	0	
185	12038360	611	-1	21	士兵	塔塔尔	66.203629	49.108105	2	-1	15000	-1	-1	6	0	-1	-1	-1	-1	-1	-1	20	0	
186	12038363	611	-1	21	士兵	塔塔尔	63.995647	50.057243	32	-1	15000	-1	-1	6	0	-1	-1	-1	-1	-1	-1	20	0	
187	12038366	611	-1	21	士兵	塔塔尔	62.484489	51.207733	28	-1	15000	-1	-1	6	0	-1	-1	-1	-1	-1	-1	20	0	
188	12038368	611	-1	21	士兵	塔塔尔	64.645317	51.112186	22	-1	15000	-1	-1	6	0	-1	-1	-1	-1	-1	-1	20	0	
189	12038370	611	-1	21	士兵	塔塔尔	66.368004	50.356377	32	-1	15000	-1	-1	6	0	-1	-1	-1	-1	-1	-1	20	0	
190	12038372	611	-1	21	士兵	塔塔尔	63.894695	52.023212	0	-1	15000	-1	-1	6	0	-1	-1	-1	-1	-1	-1	20	0	
191	12038377	611	-1	21	士兵	塔塔尔	66.12336	52.267654	0	-1	15000	-1	-1	6	0	-1	-1	-1	-1	-1	-1	20	0	
192	12038392	611	-1	21	士兵	塔塔尔	52.7052	76.749924	0	-1	15000	-1	-1	6	0	-1	-1	-1	-1	-1	-1	20	0	
193	12038397	611	-1	21	士兵	塔塔尔	52.321091	83.046486	0	-1	15000	-1	-1	6	0	-1	-1	-1	-1	-1	-1	20	0	
194	12038484	611	-1	21	士兵	塔塔尔	41.497253	89.866074	11	-1	15000	-1	-1	6	0	-1	-1	-1	-1	-1	-1	20	0	
195	12038488	611	-1	21	士兵	塔塔尔	43.443115	91.035187	2	-1	15000	-1	-1	6	0	-1	-1	-1	-1	-1	-1	20	0	
196	12038490	611	-1	21	士兵	塔塔尔	43.106064	88.977394	2	-1	15000	-1	-1	6	0	-1	-1	-1	-1	-1	-1	20	0	
197	12038494	611	-1	21	士兵	塔塔尔	41.165733	88.708961	2	-1	15000	-1	-1	6	0	-1	-1	-1	-1	-1	-1	20	0	
198	12038496	611	-1	21	士兵	塔塔尔	39.757469	89.637367	9	-1	15000	-1	-1	6	0	-1	-1	-1	-1	-1	-1	20	0	
199	12038500	611	-1	21	士兵	塔塔尔	33.493435	89.5411	0	-1	15000	-1	-1	6	0	-1	-1	-1	-1	-1	-1	20	0	
200	12038506	611	-1	21	士兵	塔塔尔	44.423584	89.658768	20	-1	15000	-1	-1	6	0	-1	-1	-1	-1	-1	-1	20	0	
201	12038512	611	-1	21	士兵	塔塔尔	32.662849	75.336128	0	-1	15000	-1	-1	6	0	-1	-1	-1	-1	-1	-1	20	0	
202	12038515	611	-1	21	士兵	塔塔尔	32.734901	77.357224	2	-1	15000	-1	-1	6	0	-1	-1	-1	-1	-1	-1	20	0	
203	12038518	611	-1	21	士兵	塔塔尔	34.821514	76.367485	9	-1	15000	-1	-1	6	0	-1	-1	-1	-1	-1	-1	20	0	
204	12038521	611	-1	21	士兵	塔塔尔	34.348896	74.412155	28	-1	15000	-1	-1	6	0	-1	-1	-1	-1	-1	-1	20	0	
205	12038524	611	-1	21	士兵	塔塔尔	32.763885	73.52935	28	-1	15000	-1	-1	6	0	-1	-1	-1	-1	-1	-1	20	0	
206	12038527	611	-1	21	士兵	塔塔尔	33.384628	75.996895	2	-1	15000	-1	-1	6	0	-1	-1	-1	-1	-1	-1	20	0	
207	12038534	611	-1	21	士兵	塔塔尔	34.756153	73.182343	27	-1	15000	-1	-1	6	0	-1	-1	-1	-1	-1	-1	20	0	
208	12038537	611	-1	21	士兵	塔塔尔	35.403797	74.659454	2	-1	15000	-1	-1	6	0	-1	-1	-1	-1	-1	-1	20	0	
209	12038562	611	-1	21	士兵	塔塔尔	32.187763	84.231636	0	-1	15000	-1	-1	6	0	-1	-1	-1	-1	-1	-1	20	0	
210	12038565	611	-1	21	士兵	塔塔尔	33.929951	58.526806	32	-1	15000	-1	-1	6	0	-1	-1	-1	-1	-1	-1	20	0	
211	12038580	611	-1	21	士兵	塔塔尔	35.735683	57.602909	32	-1	15000	-1	-1	6	0	-1	-1	-1	-1	-1	-1	20	0	
212	12038582	611	-1	21	士兵	塔塔尔	32.349365	58.847214	2	-1	15000	-1	-1	6	0	-1	-1	-1	-1	-1	-1	20	0	
213	12038584	611	-1	21	士兵	塔塔尔	35.509373	59.88905	2	-1	15000	-1	-1	6	0	-1	-1	-1	-1	-1	-1	20	0	
214	12038586	611	-1	21	士兵	塔塔尔	33.916885	60.000263	28	-1	15000	-1	-1	6	0	-1	-1	-1	-1	-1	-1	20	0	
215	12038588	611	-1	21	士兵	塔塔尔	36.660275	58.925407	22	-1	15000	-1	-1	6	0	-1	-1	-1	-1	-1	-1	20	0	
216	12038593	611	-1	21	士兵	塔塔尔	37.421593	57.188095	22	-1	15000	-1	-1	6	0	-1	-1	-1	-1	-1	-1	20	0	
217	12038600	611	-1	21	士兵	塔塔尔	48.505795	65.942451	18	-1	15000	-1	-1	6	0	-1	-1	-1	-1	-1	-1	20	0	
218	12038605	611	-1	21	士兵	塔塔尔	48.749554	68.239334	18	-1	15000	-1	-1	6	0	-1	-1	-1	-1	-1	-1	20	0	
219	12038607	611	-1	21	士兵	塔塔尔	47.191811	67.455635	0	-1	15000	-1	-1	6	0	-1	-1	-1	-1	-1	-1	20	0	
220	12038610	611	-1	21	士兵	塔塔尔	47.609383	69.358856	13	-1	15000	-1	-1	6	0	-1	-1	-1	-1	-1	-1	20	0	
221	12038618	611	-1	21	士兵	塔塔尔	48.489346	45.693653	20	-1	15000	-1	-1	6	0	-1	-1	-1	-1	-1	-1	20	0	
222	12038620	611	-1	21	士兵	塔塔尔	46.152431	45.35865	28	-1	15000	-1	-1	6	0	-1	-1	-1	-1	-1	-1	20	0	
223	12038623	611	-1	21	士兵	塔塔尔	48.55751	47.272175	14	-1	15000	-1	-1	6	0	-1	-1	-1	-1	-1	-1	20	0	
224	12038627	611	-1	21	士兵	塔塔尔	47.120697	46.254185	14	-1	15000	-1	-1	6	0	-1	-1	-1	-1	-1	-1	20	0	
225	12038628	611	-1	21	士兵	塔塔尔	49.11396	43.81459	22	-1	15000	-1	-1	6	0	-1	-1	-1	-1	-1	-1	20	0	
226	12038631	611	-1	21	士兵	塔塔尔	47.055771	43.322041	28	-1	15000	-1	-1	6	0	-1	-1	-1	-1	-1	-1	20	0	
227	12038650	611	-1	21	士兵	塔塔尔	48.437683	31.872499	28	-1	15000	-1	-1	6	0	-1	-1	-1	-1	-1	-1	20	0	
228	12038651	611	-1	21	士兵	塔塔尔	49.46595	33.825283	20	-1	15000	-1	-1	6	0	-1	-1	-1	-1	-1	-1	20	0	
229	12038654	611	-1	21	士兵	塔塔尔	47.551521	32.733849	27	-1	15000	-1	-1	6	0	-1	-1	-1	-1	-1	-1	20	0	
230	12038674	611	-1	21	士兵	塔塔尔	37.298779	26.950058	22	-1	15000	-1	-1	6	0	-1	-1	-1	-1	-1	-1	20	0	
231	12038677	611	-1	21	士兵	塔塔尔	38.151962	28.622011	14	-1	15000	-1	-1	6	0	-1	-1	-1	-1	-1	-1	20	0	
232	12038681	611	-1	21	士兵	塔塔尔	26.837393	37.081375	28	-1	15000	-1	-1	6	0	-1	-1	-1	-1	-1	-1	20	0	
233	12038683	611	-1	21	士兵	塔塔尔	28.115068	34.046444	22	-1	15000	-1	-1	6	0	-1	-1	-1	-1	-1	-1	20	0	
234	12038685	611	-1	21	士兵	塔塔尔	28.08042	38.53244	2	-1	15000	-1	-1	6	0	-1	-1	-1	-1	-1	-1	20	0	
235	12038688	611	-1	21	士兵	塔塔尔	37.748123	29.943827	18	-1	15000	-1	-1	6	0	-1	-1	-1	-1	-1	-1	20	0	
236	12038690	611	-1	21	士兵	塔塔尔	28.139532	36.007931	9	-1	15000	-1	-1	6	0	-1	-1	-1	-1	-1	-1	20	0	
237	12038737	611	-1	21	士兵	塔塔尔	37.56039	49.952374	18	-1	15000	-1	-1	6	0	-1	-1	-1	-1	-1	-1	20	0	
238	12038739	611	-1	21	士兵	塔塔尔	37.475048	48.419456	20	-1	15000	-1	-1	6	0	-1	-1	-1	-1	-1	-1	20	0	
239	12038743	611	-1	21	士兵	塔塔尔	35.448681	47.63063	20	-1	15000	-1	-1	6	0	-1	-1	-1	-1	-1	-1	20	0	
240	12038744	611	-1	21	士兵	塔塔尔	35.928493	50.721806	14	-1	15000	-1	-1	6	0	-1	-1	-1	-1	-1	-1	20	0	
241	12038747	611	-1	21	士兵	塔塔尔	36.081562	49.128262	22	-1	15000	-1	-1	6	0	-1	-1	-1	-1	-1	-1	20	0	
242	12038751	611	-1	21	士兵	塔塔尔	34.351543	49.613861	20	-1	15000	-1	-1	6	0	-1	-1	-1	-1	-1	-1	20	0	
243	12038754	611	-1	21	士兵	塔塔尔	33.825985	51.176189	2	-1	15000	-1	-1	1	0	-1	-1	-1	-1	-1	-1	20	0	
244	12038767	611	-1	21	士兵	塔塔尔	41.149395	64.614174	2	-1	15000	-1	-1	1	0	-1	-1	-1	-1	-1	-1	20	0	
245	12038768	611	-1	21	士兵	塔塔尔	42.668037	80.269272	2	-1	15000	-1	-1	1	0	-1	-1	-1	-1	-1	-1	20	0	
246	12038770	611	-1	21	士兵	塔塔尔	59.329571	76.720871	2	-1	15000	-1	-1	1	0	-1	-1	-1	-1	-1	-1	20	0	
247	12038778	611	-1	21	士兵	塔塔尔	75.624138	67.43927	2	-1	15000	-1	-1	1	0	-1	-1	-1	-1	-1	-1	20	0	
248	12038780	611	-1	21	士兵	塔塔尔	93.534004	54.130909	2	-1	15000	-1	-1	1	0	-1	-1	-1	-1	-1	-1	20	0	
249	12038820	600	-1	21	百夫长	塔塔尔	94.881187	74.711731	36	-1	1000	-1	-1	5	0	-1	-1	-1	-1	-1	-1	20	0	
250	12038825	601	-1	21	萨满巫医	塔塔尔	74.466339	30.144033	18	-1	1000	-1	-1	5	0	-1	-1	-1	-1	-1	-1	20	0	
251	12063061	153	103015	20	塔拉	乞颜部侦察队长	120.922676	225.940994	11	-1	15000	-1	-1	3	0	-1	-1	-1	-1	-1	-1	30	0	
252	12063092	784	103014	20	侦察兵	乞颜部	123.017921	225.997925	4	-1	15000	-1	-1	3	0	-1	-1	-1	-1	-1	-1	30	0	
253	12063098	784	103013	20	侦察兵	乞颜部	116.72744	227.225372	4	-1	15000	-1	-1	3	0	-1	-1	-1	-1	-1	-1	30	0	
254	12063169	117	103016	20	金国俘虏		119.159409	224.978561	27	-1	15000	-1	-1	3	0	-1	-1	-1	-1	-1	-1	30	0	
255	12063219	784	103011	20	巡逻兵	乞颜部	185.165466	212.549545	27	-1	15000	-1	-1	2	0	0	-1	-1	-1	-1	-1	30	0	
256	12064114	595	-1	21	传令兵	塔塔尔	96.199577	60.569004	27	-1	1000	-1	-1	1	0	2	-1	-1	-1	-1	-1	20	0	
257	12064115	1152	103040	20	钥匙老人		212.852463	185.947479	20	-1	15000	-1	-1	3	0	-1	-1	-1	-1	-1	-1	100	0	
258	13007403	588	-1	21	雪人	圣山	212.157944	135.306808	27	-1	15000	-1	-1	6	0	-1	-1	-1	-1	-1	-1	20	0	
259	13007419	588	-1	21	雪人	圣山	208.506805	134.762955	27	-1	15000	-1	-1	6	0	-1	-1	-1	-1	-1	-1	20	0	
260	13007421	588	-1	21	雪人	圣山	210.281097	129.629166	27	-1	15000	-1	-1	6	0	-1	-1	-1	-1	-1	-1	20	0	
261	13007422	588	-1	21	雪人	圣山	211.113022	126.563515	27	-1	15000	-1	-1	6	0	-1	-1	-1	-1	-1	-1	20	0	
262	13007424	588	-1	21	雪人	圣山	214.412521	131.267395	27	-1	15000	-1	-1	6	0	-1	-1	-1	-1	-1	-1	20	0	
263	13007425	588	-1	21	雪人	圣山	208.25531	131.843536	27	-1	15000	-1	-1	6	0	-1	-1	-1	-1	-1	-1	20	0	
264	945544	608	-1	21	弓箭手	塔塔尔	96.877632	198.803543	27	-1	15000	-1	-1	6	2	-1	-1	-1	-1	-1	-1	20	0	
265	945545	608	-1	21	弓箭手	塔塔尔	89.964462	199.350098	27	-1	15000	-1	-1	6	2	-1	-1	-1	-1	-1	-1	20	0	
266	945546	608	-1	21	弓箭手	塔塔尔	121.323807	180.181717	27	-1	15000	-1	-1	6	2	-1	-1	-1	-1	-1	-1	20	0	
267	945547	608	-1	21	弓箭手	塔塔尔	92.996483	185.020523	27	-1	15000	-1	-1	6	2	-1	-1	-1	-1	-1	-1	20	0	
268	945548	608	-1	21	弓箭手	塔塔尔	96.811218	138.897934	27	-1	15000	-1	-1	6	2	-1	-1	-1	-1	-1	-1	20	0	
269	945549	587	-1	21	塔塔尔神射手		96	147	27	-1	1000	-1	-1	5	2	-1	-1	-1	-1	-1	-1	20	0	
270	945550	587	-1	21	塔塔尔神射手		104	135	27	-1	1000	-1	-1	5	2	-1	-1	-1	-1	-1	-1	20	0	
271	945551	587	-1	21	塔塔尔神射手		102	156	27	-1	1000	-1	-1	5	2	-1	-1	-1	-1	-1	-1	20	0	
272	945552	600	-1	21	百夫长	塔塔尔	75.580772	54.157852	36	-1	1000	-1	-1	5	0	-1	-1	-1	-1	-1	-1	20	0	
273	945553	600	-1	21	百夫长	塔塔尔	55.600903	69.05291	32	-1	1000	-1	-1	5	0	-1	-1	-1	-1	-1	-1	20	0	
274	945554	600	-1	21	百夫长	塔塔尔	102	151	16	-1	1000	-1	-1	5	0	-1	-1	-1	-1	-1	-1	20	0	
275	945555	601	-1	21	萨满巫医	塔塔尔	70.558456	32.880459	6	-1	1000	-1	-1	5	0	-1	-1	-1	-1	-1	-1	20	0	
276	945556	601	-1	21	萨满巫医	塔塔尔	70.91732	29.6171	34	-1	1000	-1	-1	5	0	-1	-1	-1	-1	-1	-1	20	0	
277	945557	595	-1	21	传令兵	塔塔尔	69.665451	105.167084	27	-1	1000	-1	-1	1	0	2	-1	-1	-1	-1	-1	20	0	
278	945558	595	-1	21	传令兵	塔塔尔	65.470917	104.890617	27	-1	1000	-1	-1	1	0	-1	-1	-1	-1	-1	-1	20	0	
279	945559	595	-1	21	传令兵	塔塔尔	75.325432	105.26503	27	-1	1000	-1	-1	1	0	-1	-1	-1	-1	-1	-1	20	0	
280	945560	615	-1	21	耶律朗	金军校尉	44	209	22	-1	1000	-1	-1	5	0	-1	-1	-1	-1	-1	-1	20	0	
281	945561	615	-1	21	耶律豹	金军校尉	52	206	22	-1	1000	-1	-1	5	0	-1	-1	-1	-1	-1	-1	20	0	
282	945562	589	-1	21	雪人王	雪山征服者	172	23	27	-1	1000	-1	-1	5	1006	-1	-1	-1	-1	-1	-1	20	0	
283	945563	589	-1	21	雪人王	雪山征服者	173.87851	30.246445	3	-1	1000	-1	-1	5	0	-1	-1	-1	-1	-1	-1	20	0	
284	13007428	784	-1	20	士兵	乞颜部	193.970871	214.013306	10	-1	10000	-1	-1	3	0	-1	-1	-1	-1	-1	-1	30	0	
285	13007432	784	-1	20	士兵	乞颜部	185.891937	199.046326	11	-1	10000	-1	-1	3	0	-1	-1	-1	-1	-1	-1	30	0	
286	13007433	611	-1	21	士兵	塔塔尔	82.772781	48.519566	2	-1	10000	-1	-1	1	0	-1	-1	-1	-1	-1	-1	20	0	
287	13007434	611	-1	21	士兵	塔塔尔	92.977234	69.840225	2	-1	10000	-1	-1	1	0	-1	-1	-1	-1	-1	-1	20	0	
288	13007435	611	-1	21	士兵	塔塔尔	93.118782	66.205528	2	-1	10000	-1	-1	1	0	-1	-1	-1	-1	-1	-1	20	0	
289	13007436	611	-1	21	士兵	塔塔尔	93.428421	57.652294	2	-1	10000	-1	-1	1	0	-1	-1	-1	-1	-1	-1	20	0	
290	13007437	611	-1	21	士兵	塔塔尔	82.769089	90.938385	9	-1	10000	-1	-1	6	0	-1	-1	-1	-1	-1	-1	20	0	
291	13007438	611	-1	21	士兵	塔塔尔	63.10276	103.098152	29	-1	10000	-1	-1	6	0	-1	-1	-1	-1	-1	-1	20	0	
292	13007439	611	-1	21	士兵	塔塔尔	66.918465	103.233513	29	-1	10000	-1	-1	6	0	-1	-1	-1	-1	-1	-1	20	0	
293	13007440	611	-1	21	士兵	塔塔尔	75.376198	103.053391	29	-1	10000	-1	-1	6	0	-1	-1	-1	-1	-1	-1	20	0	
294	13007441	784	-1	20	士兵	乞颜部	190.622711	212.452988	3	-1	10000	-1	-1	3	0	-1	-1	-1	-1	-1	-1	30	0	
295	13007442	784	-1	20	士兵	乞颜部	218.756973	199.435379	22	-1	10000	-1	-1	3	0	-1	-1	-1	-1	-1	-1	30	0	
296	13007443	784	-1	20	士兵	乞颜部	215.091263	194.110382	22	-1	10000	-1	-1	3	0	-1	-1	-1	-1	-1	-1	30	0	
297	13007444	784	-1	20	士兵	乞颜部	203.460663	183.196671	11	-1	10000	-1	-1	3	0	-1	-1	-1	-1	-1	-1	30	0	
298	13007445	784	-1	20	士兵	乞颜部	194.768951	190.806396	15	-1	10000	-1	-1	3	0	-1	-1	-1	-1	-1	-1	30	0	
299	13007450	224	103021	20	赤老温	乞颜部将军	171.114441	199.101044	12	0	10000	-1	-1	3	0	-1	-1	-1	-1	-1	-1	60	0	
300	13007451	784	-1	20	士兵	乞颜部	169.067001	201.410782	10	-1	10000	-1	-1	3	0	-1	-1	-1	-1	-1	-1	30	0	
