NUM	NUM	NUM	NUM	NUM	TEXT	TEXT	FLOAT	FLOAT	NUM	NUM	NUM	NUM	NUM	NUM	NUM	NUM	NUM	NUM	NUM	NUM	NUM	NUM	NUM
БрКХ	ЫцЛњБрКХ	attrБрКХ	ТпМ­БэБрКХ	еѓгЊБрКХ	УћГЦ	ГЦКХ	xжсзјБъ	zжсзјБъ	ГЏЯђ	НХБОБрКХ	жиЩњЪБМф	ЗжзщБрКХ	ЖгЮщБрКХ	ЛљДЁAI	AIЮФМў	бВТпТЗОЖ	ЩЬЕъ0	ЩЬЕъ1	ЩЬЕъ2	ЩЬЕъ3	УћгўID	ЕШМЖ	ОЕЯёзщ
0	1	6924	-1	21	гФАЕжЎЭЋ		73.09243	161.989761	0	300640	10000	-1	-1	1	0	-1	-1	-1	-1	-1	-1	50	0	
1	2	6924	-1	21	гФАЕжЎЭЋ		90.677635	192.907333	0	300640	10000	-1	-1	1	0	-1	-1	-1	-1	-1	-1	50	0	
2	3	6924	-1	21	гФАЕжЎЭЋ		152.924591	193.772461	0	300640	10000	-1	-1	1	0	-1	-1	-1	-1	-1	-1	50	0	
3	4	6924	-1	21	гФАЕжЎЭЋ		181.18248	165.017685	0	300640	10000	-1	-1	1	0	-1	-1	-1	-1	-1	-1	50	0	
4	5	6924	-1	21	гФАЕжЎЭЋ		103.582954	164.871094	0	300640	10000	-1	-1	1	0	-1	-1	-1	-1	-1	-1	50	0	
5	6	6924	-1	21	гФАЕжЎЭЋ		139.127777	168.093262	0	300640	10000	-1	-1	1	0	-1	-1	-1	-1	-1	-1	50	0	
6	7	6924	-1	21	гФАЕжЎЭЋ		147.284241	111.622665	0	300640	10000	-1	-1	1	0	-1	-1	-1	-1	-1	-1	50	0	
7	8	6925	-1	21	гФЗйжЎГн		100.646942	115.231018	0	300640	10000	-1	-1	1	0	-1	-1	-1	-1	-1	-1	55	0	
8	9	6925	-1	21	гФЗйжЎГн		69.25547	54.814941	0	300640	10000	-1	-1	1	0	-1	-1	-1	-1	-1	-1	55	0	
9	10	6924	-1	21	гФАЕжЎЭЋ		122.303436	193.097733	0	300640	10000	-1	-1	1	0	-1	-1	-1	-1	-1	-1	50	0	
10	11	6924	-1	21	гФАЕжЎЭЋ		152.668915	193.719788	0	300640	10000	-1	-1	1	0	-1	-1	-1	-1	-1	-1	50	0	
11	12	6924	-1	21	гФАЕжЎЭЋ		182.225861	192.410568	0	300640	10000	-1	-1	1	0	-1	-1	-1	-1	-1	-1	50	0	
12	13	6924	-1	21	гФАЕжЎЭЋ		183.150513	165.808136	0	300640	10000	-1	-1	1	0	-1	-1	-1	-1	-1	-1	50	0	
13	14	6924	-1	21	гФАЕжЎЭЋ		105.934975	138.428925	0	300640	10000	-1	-1	1	0	-1	-1	-1	-1	-1	-1	50	0	
14	15	6924	-1	21	гФАЕжЎЭЋ		137.430161	142.271713	0	300640	10000	-1	-1	1	0	-1	-1	-1	-1	-1	-1	50	0	
15	16	6924	-1	21	гФАЕжЎЭЋ		183.876282	107.462555	0	300640	10000	-1	-1	1	0	-1	-1	-1	-1	-1	-1	50	0	
16	17	6925	-1	21	гФЗйжЎГн		100.867332	112.175873	0	300640	10000	-1	-1	1	0	-1	-1	-1	-1	-1	-1	55	0	
17	18	6925	-1	21	гФЗйжЎГн		99.009613	67.800301	0	300640	10000	-1	-1	1	0	-1	-1	-1	-1	-1	-1	55	0	
18	19	6924	-1	21	гФАЕжЎЭЋ		121.5467	193.038208	0	300640	10000	-1	-1	1	0	-1	-1	-1	-1	-1	-1	50	0	
19	20	6924	-1	21	гФАЕжЎЭЋ		152.053925	192.427216	0	300640	10000	-1	-1	1	0	-1	-1	-1	-1	-1	-1	50	0	
20	21	6924	-1	21	гФАЕжЎЭЋ		103.633781	162.717865	0	300640	10000	-1	-1	1	0	-1	-1	-1	-1	-1	-1	50	0	
21	22	6924	-1	21	гФАЕжЎЭЋ		138.33577	141.817566	0	300640	10000	-1	-1	1	0	-1	-1	-1	-1	-1	-1	50	0	
22	23	6924	-1	21	гФАЕжЎЭЋ		165.184143	130.444122	0	300640	10000	-1	-1	1	0	-1	-1	-1	-1	-1	-1	50	0	
23	24	6925	-1	21	гФЗйжЎГн		101.201668	113.453384	0	300640	10000	-1	-1	1	0	-1	-1	-1	-1	-1	-1	55	0	
24	25	6925	-1	21	гФЗйжЎГн		68.93824	85.789284	0	300640	10000	-1	-1	1	0	-1	-1	-1	-1	-1	-1	55	0	
25	26	6924	-1	21	гФАЕжЎЭЋ		74.713226	125.566933	0	300640	10000	-1	-1	1	0	-1	-1	-1	-1	-1	-1	50	0	
26	27	6924	-1	21	гФАЕжЎЭЋ		71.7789	195.875595	0	300640	10000	-1	-1	1	0	-1	-1	-1	-1	-1	-1	50	0	
27	28	6924	-1	21	гФАЕжЎЭЋ		121.334297	192.115845	0	300640	10000	-1	-1	1	0	-1	-1	-1	-1	-1	-1	50	0	
28	29	6924	-1	21	гФАЕжЎЭЋ		151.590912	193.022202	0	300640	10000	-1	-1	1	0	-1	-1	-1	-1	-1	-1	50	0	
29	30	6924	-1	21	гФАЕжЎЭЋ		182.489914	193.534988	0	300640	10000	-1	-1	1	0	-1	-1	-1	-1	-1	-1	50	0	
30	31	6924	-1	21	гФАЕжЎЭЋ		181.318726	166.813293	0	300640	10000	-1	-1	1	0	-1	-1	-1	-1	-1	-1	50	0	
31	32	6924	-1	21	гФАЕжЎЭЋ		105.591995	162.641678	0	300640	10000	-1	-1	1	0	-1	-1	-1	-1	-1	-1	50	0	
32	33	6924	-1	21	гФАЕжЎЭЋ		135.950623	142.115005	0	300640	10000	-1	-1	1	0	-1	-1	-1	-1	-1	-1	50	0	
33	34	6924	-1	21	гФАЕжЎЭЋ		185.482742	109.915802	0	300640	10000	-1	-1	1	0	-1	-1	-1	-1	-1	-1	50	0	
34	35	6925	-1	21	гФЗйжЎГн		97.1549	112.445587	0	300640	10000	-1	-1	1	0	-1	-1	-1	-1	-1	-1	55	0	
35	36	6925	-1	21	гФЗйжЎГн		69.668083	86.715965	0	300640	10000	-1	-1	1	0	-1	-1	-1	-1	-1	-1	55	0	
36	37	6924	-1	21	гФАЕжЎЭЋ		72.069893	195.597076	0	300640	10000	-1	-1	1	0	-1	-1	-1	-1	-1	-1	50	0	
37	38	6924	-1	21	гФАЕжЎЭЋ		151.898056	193.986526	0	300640	10000	-1	-1	1	0	-1	-1	-1	-1	-1	-1	50	0	
38	39	6924	-1	21	гФАЕжЎЭЋ		182.169907	166.379883	0	300640	10000	-1	-1	1	0	-1	-1	-1	-1	-1	-1	50	0	
39	40	6924	-1	21	гФАЕжЎЭЋ		104.843033	162.924088	0	300640	10000	-1	-1	1	0	-1	-1	-1	-1	-1	-1	50	0	
40	41	6924	-1	21	гФАЕжЎЭЋ		137.898666	142.2397	0	300640	10000	-1	-1	1	0	-1	-1	-1	-1	-1	-1	50	0	
41	42	6925	-1	21	гФЗйжЎГн		98.676003	113.630089	0	300640	10000	-1	-1	1	0	-1	-1	-1	-1	-1	-1	55	0	
42	43	6925	-1	21	гФЗйжЎГн		69.57515	88.483978	0	300640	10000	-1	-1	1	0	-1	-1	-1	-1	-1	-1	55	0	
43	44	6925	-1	21	гФЗйжЎГн		142.002457	79.462479	0	300640	10000	-1	-1	1	0	-1	-1	-1	-1	-1	-1	55	0	
44	45	6925	-1	21	гФЗйжЎГн		140.342285	49.523613	0	300640	10000	-1	-1	1	0	-1	-1	-1	-1	-1	-1	55	0	
45	46	6924	-1	21	гФАЕжЎЭЋ		74.144127	127.489868	0	300640	10000	-1	-1	1	0	-1	-1	-1	-1	-1	-1	50	0	
46	47	6924	-1	21	гФАЕжЎЭЋ		71.170868	163.477432	0	300640	10000	-1	-1	1	0	-1	-1	-1	-1	-1	-1	50	0	
47	48	6924	-1	21	гФАЕжЎЭЋ		72.159187	194.913864	0	300640	10000	-1	-1	1	0	-1	-1	-1	-1	-1	-1	50	0	
48	49	6924	-1	21	гФАЕжЎЭЋ		153.152344	195.532166	0	300640	10000	-1	-1	1	0	-1	-1	-1	-1	-1	-1	50	0	
49	50	6924	-1	21	гФАЕжЎЭЋ		183.594925	194.430374	0	300640	10000	-1	-1	1	0	-1	-1	-1	-1	-1	-1	50	0	
50	51	6924	-1	21	гФАЕжЎЭЋ		183.055283	165.077606	0	300640	10000	-1	-1	1	0	-1	-1	-1	-1	-1	-1	50	0	
51	52	6924	-1	21	гФАЕжЎЭЋ		105.00061	163.80304	0	300640	10000	-1	-1	1	0	-1	-1	-1	-1	-1	-1	50	0	
52	53	6924	-1	21	гФАЕжЎЭЋ		137.334961	142.489151	0	300640	10000	-1	-1	1	0	-1	-1	-1	-1	-1	-1	50	0	
53	54	6924	-1	21	гФАЕжЎЭЋ		183.019775	106.63118	0	300640	10000	-1	-1	1	0	-1	-1	-1	-1	-1	-1	50	0	
54	55	6925	-1	21	гФЗйжЎГн		99.074905	115.223686	0	300640	10000	-1	-1	1	0	-1	-1	-1	-1	-1	-1	55	0	
55	56	6925	-1	21	гФЗйжЎГн		65.813263	85.409592	0	300640	10000	-1	-1	1	0	-1	-1	-1	-1	-1	-1	55	0	
56	57	3858	400058	20			102	143	32	0	2000	-1	-1	5	0	0	-1	-1	-1	-1	-1	50	0	
57	58	3859	400059	20			188	141	32	0	2000	-1	-1	5	0	1	-1	-1	-1	-1	-1	50	0	
58	59	3862	400062	20			62	46	32	0	2000	-1	-1	5	0	2	-1	-1	-1	-1	-1	55	0	
59	60	3863	400063	20			130	38	32	0	2000	-1	-1	5	0	3	-1	-1	-1	-1	-1	55	0	
60	61	6925	-1	21	гФЗйжЎГн		97.137398	70.421097	0	300640	10000	-1	-1	1	0	-1	-1	-1	-1	-1	-1	55	0	
61	62	6925	-1	21	гФЗйжЎГн		98.628754	70.021072	0	300640	10000	-1	-1	1	0	-1	-1	-1	-1	-1	-1	55	0	
62	63	6925	-1	21	гФЗйжЎГн		97.745918	70.16423	0	300640	10000	-1	-1	1	0	-1	-1	-1	-1	-1	-1	55	0	
63	64	6925	-1	21	гФЗйжЎГн		100.6315	69.574242	0	300640	10000	-1	-1	1	0	-1	-1	-1	-1	-1	-1	55	0	
64	65	6925	-1	21	гФЗйжЎГн		102.166939	68.237617	0	300640	10000	-1	-1	1	0	-1	-1	-1	-1	-1	-1	55	0	
65	66	6925	-1	21	гФЗйжЎГн		96.113907	67.37236	0	300640	10000	-1	-1	1	0	-1	-1	-1	-1	-1	-1	55	0	
66	67	6925	-1	21	гФЗйжЎГн		95.741432	69.417511	0	300640	10000	-1	-1	1	0	-1	-1	-1	-1	-1	-1	55	0	
67	68	6925	-1	21	гФЗйжЎГн		99.195358	66.878136	0	300640	10000	-1	-1	1	0	-1	-1	-1	-1	-1	-1	55	0	
68	69	6925	-1	21	гФЗйжЎГн		96.238304	66.67205	0	300640	10000	-1	-1	1	0	-1	-1	-1	-1	-1	-1	55	0	
69	70	6925	-1	21	гФЗйжЎГн		95.984886	68.288559	0	300640	10000	-1	-1	1	0	-1	-1	-1	-1	-1	-1	55	0	
70	71	6925	-1	21	гФЗйжЎГн		98.060875	68.895271	0	300640	10000	-1	-1	1	0	-1	-1	-1	-1	-1	-1	55	0	
71	72	6925	-1	21	гФЗйжЎГн		98.060875	68.895271	0	300640	10000	-1	-1	1	0	-1	-1	-1	-1	-1	-1	55	0	
72	73	6925	-1	21	гФЗйжЎГн		69.154312	52.142563	0	300640	10000	-1	-1	1	0	-1	-1	-1	-1	-1	-1	55	0	
73	74	6925	-1	21	гФЗйжЎГн		67.57357	51.658669	0	300640	10000	-1	-1	1	0	-1	-1	-1	-1	-1	-1	55	0	
74	75	6925	-1	21	гФЗйжЎГн		66.422752	51.231075	0	300640	10000	-1	-1	1	0	-1	-1	-1	-1	-1	-1	55	0	
75	76	6925	-1	21	гФЗйжЎГн		66.547668	55.054531	0	300640	10000	-1	-1	1	0	-1	-1	-1	-1	-1	-1	55	0	
76	77	6925	-1	21	гФЗйжЎГн		69.712135	53.428307	0	300640	10000	-1	-1	1	0	-1	-1	-1	-1	-1	-1	55	0	
77	78	6925	-1	21	гФЗйжЎГн		65.570038	54.144096	0	300640	10000	-1	-1	1	0	-1	-1	-1	-1	-1	-1	55	0	
78	79	6925	-1	21	гФЗйжЎГн		65.547272	55.150436	0	300640	10000	-1	-1	1	0	-1	-1	-1	-1	-1	-1	55	0	
79	80	6925	-1	21	гФЗйжЎГн		65.928352	52.185757	0	300640	10000	-1	-1	1	0	-1	-1	-1	-1	-1	-1	55	0	
80	81	6925	-1	21	гФЗйжЎГн		65.679855	53.932674	0	300640	10000	-1	-1	1	0	-1	-1	-1	-1	-1	-1	55	0	
81	82	6925	-1	21	гФЗйжЎГн		67.519341	53.84779	0	300640	10000	-1	-1	1	0	-1	-1	-1	-1	-1	-1	55	0	
82	83	6925	-1	21	гФЗйжЎГн		67.519341	53.84779	0	300640	10000	-1	-1	1	0	-1	-1	-1	-1	-1	-1	55	0	
83	84	6925	-1	21	гФЗйжЎГн		65.406677	87.102394	0	300640	10000	-1	-1	1	0	-1	-1	-1	-1	-1	-1	55	0	
84	85	6925	-1	21	гФЗйжЎГн		68.369049	89.737129	0	300640	10000	-1	-1	1	0	-1	-1	-1	-1	-1	-1	55	0	
85	86	6925	-1	21	гФЗйжЎГн		67.908539	86.517899	0	300640	10000	-1	-1	1	0	-1	-1	-1	-1	-1	-1	55	0	
86	87	6925	-1	21	гФЗйжЎГн		65.42321	88.696983	0	300640	10000	-1	-1	1	0	-1	-1	-1	-1	-1	-1	55	0	
87	88	6925	-1	21	гФЗйжЎГн		66.458099	89.629112	0	300640	10000	-1	-1	1	0	-1	-1	-1	-1	-1	-1	55	0	
88	89	6925	-1	21	гФЗйжЎГн		66.071243	88.021538	0	300640	10000	-1	-1	1	0	-1	-1	-1	-1	-1	-1	55	0	
89	90	6925	-1	21	гФЗйжЎГн		68.031868	88.124039	0	300640	10000	-1	-1	1	0	-1	-1	-1	-1	-1	-1	55	0	
90	91	6925	-1	21	гФЗйжЎГн		66.385651	88.13588	0	300640	10000	-1	-1	1	0	-1	-1	-1	-1	-1	-1	55	0	
91	92	6925	-1	21	гФЗйжЎГн		141.527466	47.688644	0	300640	10000	-1	-1	1	0	-1	-1	-1	-1	-1	-1	55	0	
92	93	6925	-1	21	гФЗйжЎГн		138.535782	50.006699	0	300640	10000	-1	-1	1	0	-1	-1	-1	-1	-1	-1	55	0	
93	94	6925	-1	21	гФЗйжЎГн		143.291977	49.625809	0	300640	10000	-1	-1	1	0	-1	-1	-1	-1	-1	-1	55	0	
94	95	6925	-1	21	гФЗйжЎГн		142.230774	50.527172	0	300640	10000	-1	-1	1	0	-1	-1	-1	-1	-1	-1	55	0	
95	96	6925	-1	21	гФЗйжЎГн		139.913452	47.401241	0	300640	10000	-1	-1	1	0	-1	-1	-1	-1	-1	-1	55	0	
96	97	6925	-1	21	гФЗйжЎГн		137.665024	48.96373	0	300640	10000	-1	-1	1	0	-1	-1	-1	-1	-1	-1	55	0	
97	98	6925	-1	21	гФЗйжЎГн		138.241821	51.164913	0	300640	10000	-1	-1	1	0	-1	-1	-1	-1	-1	-1	55	0	
98	99	6925	-1	21	гФЗйжЎГн		137.841827	47.099998	0	300640	10000	-1	-1	1	0	-1	-1	-1	-1	-1	-1	55	0	
99	100	6925	-1	21	гФЗйжЎГн		143.409302	47.437477	0	300640	10000	-1	-1	1	0	-1	-1	-1	-1	-1	-1	55	0	
100	101	6925	-1	21	гФЗйжЎГн		144.146362	48.24419	0	300640	10000	-1	-1	1	0	-1	-1	-1	-1	-1	-1	55	0	
101	102	6925	-1	21	гФЗйжЎГн		140.930527	48.684994	0	300640	10000	-1	-1	1	0	-1	-1	-1	-1	-1	-1	55	0	
102	103	6925	-1	21	гФЗйжЎГн		174.194702	79.719086	0	300640	10000	-1	-1	1	0	-1	-1	-1	-1	-1	-1	55	0	
103	104	6925	-1	21	гФЗйжЎГн		176.531128	82.446869	0	300640	10000	-1	-1	1	0	-1	-1	-1	-1	-1	-1	55	0	
104	105	6925	-1	21	гФЗйжЎГн		174.419876	80.136055	0	300640	10000	-1	-1	1	0	-1	-1	-1	-1	-1	-1	55	0	
105	106	6925	-1	21	гФЗйжЎГн		172.473694	81.065285	0	300640	10000	-1	-1	1	0	-1	-1	-1	-1	-1	-1	55	0	
106	107	6925	-1	21	гФЗйжЎГн		170.997818	79.445267	0	300640	10000	-1	-1	1	0	-1	-1	-1	-1	-1	-1	55	0	
107	108	6925	-1	21	гФЗйжЎГн		175.226563	80.507172	0	300640	10000	-1	-1	1	0	-1	-1	-1	-1	-1	-1	55	0	
108	109	6925	-1	21	гФЗйжЎГн		173.303604	82.487152	0	300640	10000	-1	-1	1	0	-1	-1	-1	-1	-1	-1	55	0	
109	110	6925	-1	21	гФЗйжЎГн		171.95079	81.595871	0	300640	10000	-1	-1	1	0	-1	-1	-1	-1	-1	-1	55	0	
110	111	6925	-1	21	гФЗйжЎГн		171.399216	82.689606	0	300640	10000	-1	-1	1	0	-1	-1	-1	-1	-1	-1	55	0	
111	112	6925	-1	21	гФЗйжЎГн		173.312286	80.79335	0	300640	10000	-1	-1	1	0	-1	-1	-1	-1	-1	-1	55	0	
112	113	6925	-1	21	гФЗйжЎГн		171.399216	82.689606	0	300640	10000	-1	-1	1	0	-1	-1	-1	-1	-1	-1	55	0	
113	114	6925	-1	21	гФЗйжЎГн		171.399216	82.689606	0	300640	10000	-1	-1	1	0	-1	-1	-1	-1	-1	-1	55	0	
114	115	6925	-1	21	гФЗйжЎГн		171.399216	82.689606	0	300640	10000	-1	-1	1	0	-1	-1	-1	-1	-1	-1	55	0	
115	116	6925	-1	21	гФЗйжЎГн		171.399216	82.689606	0	300640	10000	-1	-1	1	0	-1	-1	-1	-1	-1	-1	55	0	
116	117	6925	-1	21	гФЗйжЎГн		140.058197	83.002815	0	300640	10000	-1	-1	1	0	-1	-1	-1	-1	-1	-1	55	0	
117	118	6925	-1	21	гФЗйжЎГн		142.820572	82.80159	0	300640	10000	-1	-1	1	0	-1	-1	-1	-1	-1	-1	55	0	
118	119	6925	-1	21	гФЗйжЎГн		140.099304	79.857025	0	300640	10000	-1	-1	1	0	-1	-1	-1	-1	-1	-1	55	0	
119	120	6925	-1	21	гФЗйжЎГн		138.820099	82.479691	0	300640	10000	-1	-1	1	0	-1	-1	-1	-1	-1	-1	55	0	
120	121	6925	-1	21	гФЗйжЎГн		141.488022	84.714867	0	300640	10000	-1	-1	1	0	-1	-1	-1	-1	-1	-1	55	0	
121	122	6925	-1	21	гФЗйжЎГн		138.638641	81.05761	0	300640	10000	-1	-1	1	0	-1	-1	-1	-1	-1	-1	55	0	
122	123	6925	-1	21	гФЗйжЎГн		143.006729	79.974731	0	300640	10000	-1	-1	1	0	-1	-1	-1	-1	-1	-1	55	0	
123	124	6925	-1	21	гФЗйжЎГн		141.749573	81.971046	0	300640	10000	-1	-1	1	0	-1	-1	-1	-1	-1	-1	55	0	
124	125	6925	-1	21	гФЗйжЎГн		141.314941	83.054886	0	300640	10000	-1	-1	1	0	-1	-1	-1	-1	-1	-1	55	0	
125	126	6925	-1	21	гФЗйжЎГн		141.954803	80.719757	0	300640	10000	-1	-1	1	0	-1	-1	-1	-1	-1	-1	55	0	
126	127	6925	-1	21	гФЗйжЎГн		140.585358	79.483406	0	300640	10000	-1	-1	1	0	-1	-1	-1	-1	-1	-1	55	0	
127	128	6925	-1	21	гФЗйжЎГн		98.115746	115.563965	0	300640	10000	-1	-1	1	0	-1	-1	-1	-1	-1	-1	55	0	
128	129	6925	-1	21	гФЗйжЎГн		96.707672	115.408669	0	300640	10000	-1	-1	1	0	-1	-1	-1	-1	-1	-1	55	0	
129	130	6925	-1	21	гФЗйжЎГн		99.288452	115.706741	0	300640	10000	-1	-1	1	0	-1	-1	-1	-1	-1	-1	55	0	
130	131	6925	-1	21	гФЗйжЎГн		100.674431	116.331787	0	300640	10000	-1	-1	1	0	-1	-1	-1	-1	-1	-1	55	0	
131	132	6925	-1	21	гФЗйжЎГн		99.022331	111.208496	0	300640	10000	-1	-1	1	0	-1	-1	-1	-1	-1	-1	55	0	
132	133	6925	-1	21	гФЗйжЎГн		99.022331	111.208496	0	300640	10000	-1	-1	1	0	-1	-1	-1	-1	-1	-1	55	0	
133	134	6924	-1	21	гФАЕжЎЭЋ		183.070282	108.259354	0	300640	10000	-1	-1	1	0	-1	-1	-1	-1	-1	-1	50	0	
134	135	6924	-1	21	гФАЕжЎЭЋ		185.187546	108.027565	0	300640	10000	-1	-1	1	0	-1	-1	-1	-1	-1	-1	50	0	
135	136	6924	-1	21	гФАЕжЎЭЋ		184.288757	109.257355	0	300640	10000	-1	-1	1	0	-1	-1	-1	-1	-1	-1	50	0	
136	137	6924	-1	21	гФАЕжЎЭЋ		185.342331	108.71946	0	300640	10000	-1	-1	1	0	-1	-1	-1	-1	-1	-1	50	0	
137	138	6924	-1	21	гФАЕжЎЭЋ		185.379761	108.955444	0	300640	10000	-1	-1	1	0	-1	-1	-1	-1	-1	-1	50	0	
138	139	6924	-1	21	гФАЕжЎЭЋ		183.014725	106.483032	0	300640	10000	-1	-1	1	0	-1	-1	-1	-1	-1	-1	50	0	
139	140	6924	-1	21	гФАЕжЎЭЋ		183.025818	109.223587	0	300640	10000	-1	-1	1	0	-1	-1	-1	-1	-1	-1	50	0	
140	141	6924	-1	21	гФАЕжЎЭЋ		185.156982	108.488297	0	300640	10000	-1	-1	1	0	-1	-1	-1	-1	-1	-1	50	0	
141	142	6924	-1	21	гФАЕжЎЭЋ		145.527573	111.744255	0	300640	10000	-1	-1	1	0	-1	-1	-1	-1	-1	-1	50	0	
142	143	6924	-1	21	гФАЕжЎЭЋ		148.310989	111.90239	0	300640	10000	-1	-1	1	0	-1	-1	-1	-1	-1	-1	50	0	
143	144	6924	-1	21	гФАЕжЎЭЋ		144.223236	112.601082	0	300640	10000	-1	-1	1	0	-1	-1	-1	-1	-1	-1	50	0	
144	145	6924	-1	21	гФАЕжЎЭЋ		145.871964	112.68502	0	300640	10000	-1	-1	1	0	-1	-1	-1	-1	-1	-1	50	0	
145	146	6924	-1	21	гФАЕжЎЭЋ		147.753479	114.068726	0	300640	10000	-1	-1	1	0	-1	-1	-1	-1	-1	-1	50	0	
146	147	6924	-1	21	гФАЕжЎЭЋ		146.361252	114.145164	0	300640	10000	-1	-1	1	0	-1	-1	-1	-1	-1	-1	50	0	
147	148	6924	-1	21	гФАЕжЎЭЋ		146.97052	114.622551	0	300640	10000	-1	-1	1	0	-1	-1	-1	-1	-1	-1	50	0	
148	149	6924	-1	21	гФАЕжЎЭЋ		144.723984	113.491928	0	300640	10000	-1	-1	1	0	-1	-1	-1	-1	-1	-1	50	0	
149	150	6924	-1	21	гФАЕжЎЭЋ		144.764954	114.114037	0	300640	10000	-1	-1	1	0	-1	-1	-1	-1	-1	-1	50	0	
150	151	6924	-1	21	гФАЕжЎЭЋ		146.640549	112.959305	0	300640	10000	-1	-1	1	0	-1	-1	-1	-1	-1	-1	50	0	
151	152	6924	-1	21	гФАЕжЎЭЋ		146.640549	112.959305	0	300640	10000	-1	-1	1	0	-1	-1	-1	-1	-1	-1	50	0	
152	153	6924	-1	21	гФАЕжЎЭЋ		163.75499	131.298065	0	300640	10000	-1	-1	1	0	-1	-1	-1	-1	-1	-1	50	0	
153	154	6924	-1	21	гФАЕжЎЭЋ		163.616226	130.617905	0	300640	10000	-1	-1	1	0	-1	-1	-1	-1	-1	-1	50	0	
154	155	6924	-1	21	гФАЕжЎЭЋ		165.627365	132.617722	0	300640	10000	-1	-1	1	0	-1	-1	-1	-1	-1	-1	50	0	
155	156	6924	-1	21	гФАЕжЎЭЋ		168.879471	131.0811	0	300640	10000	-1	-1	1	0	-1	-1	-1	-1	-1	-1	50	0	
156	157	6924	-1	21	гФАЕжЎЭЋ		163.982315	131.358368	0	300640	10000	-1	-1	1	0	-1	-1	-1	-1	-1	-1	50	0	
157	158	6924	-1	21	гФАЕжЎЭЋ		168.006088	131.635193	0	300640	10000	-1	-1	1	0	-1	-1	-1	-1	-1	-1	50	0	
158	159	6924	-1	21	гФАЕжЎЭЋ		166.849472	131.09787	0	300640	10000	-1	-1	1	0	-1	-1	-1	-1	-1	-1	50	0	
159	160	6924	-1	21	гФАЕжЎЭЋ		164.835587	132.91391	0	300640	10000	-1	-1	1	0	-1	-1	-1	-1	-1	-1	50	0	
160	161	6924	-1	21	гФАЕжЎЭЋ		166.001892	130.300995	0	300640	10000	-1	-1	1	0	-1	-1	-1	-1	-1	-1	50	0	
161	162	6924	-1	21	гФАЕжЎЭЋ		138.636551	140.182831	0	300640	10000	-1	-1	1	0	-1	-1	-1	-1	-1	-1	50	0	
162	163	6924	-1	21	гФАЕжЎЭЋ		137.328278	141.553986	0	300640	10000	-1	-1	1	0	-1	-1	-1	-1	-1	-1	50	0	
163	164	6924	-1	21	гФАЕжЎЭЋ		136.253372	140.307663	0	300640	10000	-1	-1	1	0	-1	-1	-1	-1	-1	-1	50	0	
164	165	6924	-1	21	гФАЕжЎЭЋ		135.63269	141.491257	0	300640	10000	-1	-1	1	0	-1	-1	-1	-1	-1	-1	50	0	
165	166	6924	-1	21	гФАЕжЎЭЋ		137.439957	139.561111	0	300640	10000	-1	-1	1	0	-1	-1	-1	-1	-1	-1	50	0	
166	167	6924	-1	21	гФАЕжЎЭЋ		139.015808	140.556946	0	300640	10000	-1	-1	1	0	-1	-1	-1	-1	-1	-1	50	0	
167	168	6924	-1	21	гФАЕжЎЭЋ		137.191803	139.934296	0	300640	10000	-1	-1	1	0	-1	-1	-1	-1	-1	-1	50	0	
168	169	6924	-1	21	гФАЕжЎЭЋ		137.13501	140.805878	0	300640	10000	-1	-1	1	0	-1	-1	-1	-1	-1	-1	50	0	
169	170	6924	-1	21	гФАЕжЎЭЋ		137.13501	140.805878	0	300640	10000	-1	-1	1	0	-1	-1	-1	-1	-1	-1	50	0	
170	171	6924	-1	21	гФАЕжЎЭЋ		104.885612	139.09938	0	300640	10000	-1	-1	1	0	-1	-1	-1	-1	-1	-1	50	0	
171	172	6924	-1	21	гФАЕжЎЭЋ		107.159698	139.136734	0	300640	10000	-1	-1	1	0	-1	-1	-1	-1	-1	-1	50	0	
172	173	6924	-1	21	гФАЕжЎЭЋ		105.03022	139.720795	0	300640	10000	-1	-1	1	0	-1	-1	-1	-1	-1	-1	50	0	
173	174	6924	-1	21	гФАЕжЎЭЋ		107.438934	139.882309	0	300640	10000	-1	-1	1	0	-1	-1	-1	-1	-1	-1	50	0	
174	175	6924	-1	21	гФАЕжЎЭЋ		105.650024	140.10939	0	300640	10000	-1	-1	1	0	-1	-1	-1	-1	-1	-1	50	0	
175	176	6924	-1	21	гФАЕжЎЭЋ		105.434204	140.338211	0	300640	10000	-1	-1	1	0	-1	-1	-1	-1	-1	-1	50	0	
176	177	6924	-1	21	гФАЕжЎЭЋ		106.090385	139.241623	0	300640	10000	-1	-1	1	0	-1	-1	-1	-1	-1	-1	50	0	
177	178	6924	-1	21	гФАЕжЎЭЋ		104.193787	139.797241	0	300640	10000	-1	-1	1	0	-1	-1	-1	-1	-1	-1	50	0	
178	179	6924	-1	21	гФАЕжЎЭЋ		104.21286	164.783447	0	300640	10000	-1	-1	1	0	-1	-1	-1	-1	-1	-1	50	0	
179	180	6924	-1	21	гФАЕжЎЭЋ		102.019722	163.602875	0	300640	10000	-1	-1	1	0	-1	-1	-1	-1	-1	-1	50	0	
180	181	6924	-1	21	гФАЕжЎЭЋ		102.303726	164.478073	0	300640	10000	-1	-1	1	0	-1	-1	-1	-1	-1	-1	50	0	
181	182	6924	-1	21	гФАЕжЎЭЋ		104.109535	163.64798	0	300640	10000	-1	-1	1	0	-1	-1	-1	-1	-1	-1	50	0	
182	183	6924	-1	21	гФАЕжЎЭЋ		104.109535	163.64798	0	300640	10000	-1	-1	1	0	-1	-1	-1	-1	-1	-1	50	0	
183	184	6924	-1	21	гФАЕжЎЭЋ		104.109535	163.64798	0	300640	10000	-1	-1	1	0	-1	-1	-1	-1	-1	-1	50	0	
184	185	6924	-1	21	гФАЕжЎЭЋ		137.740417	168.210175	0	300640	10000	-1	-1	1	0	-1	-1	-1	-1	-1	-1	50	0	
185	186	6924	-1	21	гФАЕжЎЭЋ		138.02742	165.859314	0	300640	10000	-1	-1	1	0	-1	-1	-1	-1	-1	-1	50	0	
186	187	6924	-1	21	гФАЕжЎЭЋ		139.785614	165.538223	0	300640	10000	-1	-1	1	0	-1	-1	-1	-1	-1	-1	50	0	
187	188	6924	-1	21	гФАЕжЎЭЋ		136.715988	166.289474	0	300640	10000	-1	-1	1	0	-1	-1	-1	-1	-1	-1	50	0	
188	189	6924	-1	21	гФАЕжЎЭЋ		140.50264	167.659805	0	300640	10000	-1	-1	1	0	-1	-1	-1	-1	-1	-1	50	0	
189	190	6924	-1	21	гФАЕжЎЭЋ		141.154678	166.55896	0	300640	10000	-1	-1	1	0	-1	-1	-1	-1	-1	-1	50	0	
190	191	6924	-1	21	гФАЕжЎЭЋ		140.075943	166.474945	0	300640	10000	-1	-1	1	0	-1	-1	-1	-1	-1	-1	50	0	
191	192	6924	-1	21	гФАЕжЎЭЋ		138.744537	166.400131	0	300640	10000	-1	-1	1	0	-1	-1	-1	-1	-1	-1	50	0	
192	193	6924	-1	21	гФАЕжЎЭЋ		138.900772	167.152908	0	300640	10000	-1	-1	1	0	-1	-1	-1	-1	-1	-1	50	0	
193	194	6924	-1	21	гФАЕжЎЭЋ		141.154678	166.55896	0	300640	10000	-1	-1	1	0	-1	-1	-1	-1	-1	-1	50	0	
194	195	6924	-1	21	гФАЕжЎЭЋ		141.154678	166.55896	0	300640	10000	-1	-1	1	0	-1	-1	-1	-1	-1	-1	50	0	
195	196	6924	-1	21	гФАЕжЎЭЋ		182.351608	164.170822	0	300640	10000	-1	-1	1	0	-1	-1	-1	-1	-1	-1	50	0	
196	197	6924	-1	21	гФАЕжЎЭЋ		179.496704	164.616882	0	300640	10000	-1	-1	1	0	-1	-1	-1	-1	-1	-1	50	0	
197	198	6924	-1	21	гФАЕжЎЭЋ		181.681046	165.428879	0	300640	10000	-1	-1	1	0	-1	-1	-1	-1	-1	-1	50	0	
198	199	6924	-1	21	гФАЕжЎЭЋ		179.275879	165.824966	0	300640	10000	-1	-1	1	0	-1	-1	-1	-1	-1	-1	50	0	
199	200	6924	-1	21	гФАЕжЎЭЋ		181.253937	166.883453	0	300640	10000	-1	-1	1	0	-1	-1	-1	-1	-1	-1	50	0	
200	201	6924	-1	21	гФАЕжЎЭЋ		180.217346	165.989273	0	300640	10000	-1	-1	1	0	-1	-1	-1	-1	-1	-1	50	0	
201	202	6924	-1	21	гФАЕжЎЭЋ		184.586533	192.381287	0	300640	10000	-1	-1	1	0	-1	-1	-1	-1	-1	-1	50	0	
202	203	6924	-1	21	гФАЕжЎЭЋ		183.218536	191.631104	0	300640	10000	-1	-1	1	0	-1	-1	-1	-1	-1	-1	50	0	
203	204	6924	-1	21	гФАЕжЎЭЋ		182.772873	190.510452	0	300640	10000	-1	-1	1	0	-1	-1	-1	-1	-1	-1	50	0	
204	205	6924	-1	21	гФАЕжЎЭЋ		184.534363	191.043411	0	300640	10000	-1	-1	1	0	-1	-1	-1	-1	-1	-1	50	0	
205	206	6924	-1	21	гФАЕжЎЭЋ		184.762863	193.44693	0	300640	10000	-1	-1	1	0	-1	-1	-1	-1	-1	-1	50	0	
206	207	6924	-1	21	гФАЕжЎЭЋ		183.849854	194.085281	0	300640	10000	-1	-1	1	0	-1	-1	-1	-1	-1	-1	50	0	
207	208	6924	-1	21	гФАЕжЎЭЋ		183.265793	192.835663	0	300640	10000	-1	-1	1	0	-1	-1	-1	-1	-1	-1	50	0	
208	209	6924	-1	21	гФАЕжЎЭЋ		152.400803	195.605896	0	300640	10000	-1	-1	1	0	-1	-1	-1	-1	-1	-1	50	0	
209	210	6924	-1	21	гФАЕжЎЭЋ		151.815598	195.406876	0	300640	10000	-1	-1	1	0	-1	-1	-1	-1	-1	-1	50	0	
210	211	6924	-1	21	гФАЕжЎЭЋ		150.724609	195.893448	0	300640	10000	-1	-1	1	0	-1	-1	-1	-1	-1	-1	50	0	
211	212	6924	-1	21	гФАЕжЎЭЋ		150.339615	195.110214	0	300640	10000	-1	-1	1	0	-1	-1	-1	-1	-1	-1	50	0	
212	213	6924	-1	21	гФАЕжЎЭЋ		150.836105	194.071945	0	300640	10000	-1	-1	1	0	-1	-1	-1	-1	-1	-1	50	0	
213	214	6924	-1	21	гФАЕжЎЭЋ		150.836105	194.071945	0	300640	10000	-1	-1	1	0	-1	-1	-1	-1	-1	-1	50	0	
214	215	6924	-1	21	гФАЕжЎЭЋ		150.836105	194.071945	0	300640	10000	-1	-1	1	0	-1	-1	-1	-1	-1	-1	50	0	
215	216	6924	-1	21	гФАЕжЎЭЋ		122.1315	195.588211	0	300640	10000	-1	-1	1	0	-1	-1	-1	-1	-1	-1	50	0	
216	217	6924	-1	21	гФАЕжЎЭЋ		122.934807	195.690231	0	300640	10000	-1	-1	1	0	-1	-1	-1	-1	-1	-1	50	0	
217	218	6924	-1	21	гФАЕжЎЭЋ		122.597389	194.993408	0	300640	10000	-1	-1	1	0	-1	-1	-1	-1	-1	-1	50	0	
218	219	6924	-1	21	гФАЕжЎЭЋ		122.927269	193.161545	0	300640	10000	-1	-1	1	0	-1	-1	-1	-1	-1	-1	50	0	
219	220	6924	-1	21	гФАЕжЎЭЋ		123.358238	193.987259	0	300640	10000	-1	-1	1	0	-1	-1	-1	-1	-1	-1	50	0	
220	221	6924	-1	21	гФАЕжЎЭЋ		122.441978	192.072235	0	300640	10000	-1	-1	1	0	-1	-1	-1	-1	-1	-1	50	0	
221	222	6924	-1	21	гФАЕжЎЭЋ		122.439163	194.333679	0	300640	10000	-1	-1	1	0	-1	-1	-1	-1	-1	-1	50	0	
222	223	6924	-1	21	гФАЕжЎЭЋ		122.439163	194.333679	0	300640	10000	-1	-1	1	0	-1	-1	-1	-1	-1	-1	50	0	
223	224	6924	-1	21	гФАЕжЎЭЋ		122.439163	194.333679	0	300640	10000	-1	-1	1	0	-1	-1	-1	-1	-1	-1	50	0	
224	225	6924	-1	21	гФАЕжЎЭЋ		122.439163	194.333679	0	300640	10000	-1	-1	1	0	-1	-1	-1	-1	-1	-1	50	0	
225	226	6924	-1	21	гФАЕжЎЭЋ		89.788109	192.853333	0	300640	10000	-1	-1	1	0	-1	-1	-1	-1	-1	-1	50	0	
226	227	6924	-1	21	гФАЕжЎЭЋ		91.235863	192.398453	0	300640	10000	-1	-1	1	0	-1	-1	-1	-1	-1	-1	50	0	
227	228	6924	-1	21	гФАЕжЎЭЋ		91.899239	193.52562	0	300640	10000	-1	-1	1	0	-1	-1	-1	-1	-1	-1	50	0	
228	229	6924	-1	21	гФАЕжЎЭЋ		92.084335	192.542053	0	300640	10000	-1	-1	1	0	-1	-1	-1	-1	-1	-1	50	0	
229	230	6924	-1	21	гФАЕжЎЭЋ		92.096527	194.050125	0	300640	10000	-1	-1	1	0	-1	-1	-1	-1	-1	-1	50	0	
230	231	6924	-1	21	гФАЕжЎЭЋ		91.628464	194.600571	0	300640	10000	-1	-1	1	0	-1	-1	-1	-1	-1	-1	50	0	
231	232	6924	-1	21	гФАЕжЎЭЋ		91.007477	193.427383	0	300640	10000	-1	-1	1	0	-1	-1	-1	-1	-1	-1	50	0	
232	233	6924	-1	21	гФАЕжЎЭЋ		91.203163	191.512985	0	300640	10000	-1	-1	1	0	-1	-1	-1	-1	-1	-1	50	0	
233	234	6924	-1	21	гФАЕжЎЭЋ		89.80809	192.188019	0	300640	10000	-1	-1	1	0	-1	-1	-1	-1	-1	-1	50	0	
234	235	6924	-1	21	гФАЕжЎЭЋ		72.652885	196.080765	0	300640	10000	-1	-1	1	0	-1	-1	-1	-1	-1	-1	50	0	
235	236	6924	-1	21	гФАЕжЎЭЋ		71.873589	195.245544	0	300640	10000	-1	-1	1	0	-1	-1	-1	-1	-1	-1	50	0	
236	237	6924	-1	21	гФАЕжЎЭЋ		71.355759	193.824387	0	300640	10000	-1	-1	1	0	-1	-1	-1	-1	-1	-1	50	0	
237	238	6924	-1	21	гФАЕжЎЭЋ		72.637024	195.925003	0	300640	10000	-1	-1	1	0	-1	-1	-1	-1	-1	-1	50	0	
238	239	6924	-1	21	гФАЕжЎЭЋ		71.551315	195.734711	0	300640	10000	-1	-1	1	0	-1	-1	-1	-1	-1	-1	50	0	
239	240	6924	-1	21	гФАЕжЎЭЋ		72.652885	196.080765	0	300640	10000	-1	-1	1	0	-1	-1	-1	-1	-1	-1	50	0	
240	241	6924	-1	21	гФАЕжЎЭЋ		72.870415	196.119217	0	300640	10000	-1	-1	1	0	-1	-1	-1	-1	-1	-1	50	0	
241	242	6924	-1	21	гФАЕжЎЭЋ		71.441811	159.745285	0	300640	10000	-1	-1	1	0	-1	-1	-1	-1	-1	-1	50	0	
242	243	6924	-1	21	гФАЕжЎЭЋ		69.545311	162.344727	0	300640	10000	-1	-1	1	0	-1	-1	-1	-1	-1	-1	50	0	
243	244	6924	-1	21	гФАЕжЎЭЋ		70.176117	160.331451	0	300640	10000	-1	-1	1	0	-1	-1	-1	-1	-1	-1	50	0	
244	245	6924	-1	21	гФАЕжЎЭЋ		69.41156	160.960083	0	300640	10000	-1	-1	1	0	-1	-1	-1	-1	-1	-1	50	0	
245	246	6924	-1	21	гФАЕжЎЭЋ		70.654366	162.43219	0	300640	10000	-1	-1	1	0	-1	-1	-1	-1	-1	-1	50	0	
246	247	6924	-1	21	гФАЕжЎЭЋ		70.084511	161.500351	0	300640	10000	-1	-1	1	0	-1	-1	-1	-1	-1	-1	50	0	
247	248	6924	-1	21	гФАЕжЎЭЋ		71.025925	161.423141	0	300640	10000	-1	-1	1	0	-1	-1	-1	-1	-1	-1	50	0	
248	249	6924	-1	21	гФАЕжЎЭЋ		71.025925	161.423141	0	300640	10000	-1	-1	1	0	-1	-1	-1	-1	-1	-1	50	0	
249	250	6924	-1	21	гФАЕжЎЭЋ		77.306839	125.681984	0	300640	10000	-1	-1	1	0	-1	-1	-1	-1	-1	-1	50	0	
250	251	6924	-1	21	гФАЕжЎЭЋ		78.300209	127.214737	0	300640	10000	-1	-1	1	0	-1	-1	-1	-1	-1	-1	50	0	
251	252	6924	-1	21	гФАЕжЎЭЋ		76.700829	125.577415	0	300640	10000	-1	-1	1	0	-1	-1	-1	-1	-1	-1	50	0	
252	253	6924	-1	21	гФАЕжЎЭЋ		77.450188	127.054817	0	300640	10000	-1	-1	1	0	-1	-1	-1	-1	-1	-1	50	0	
253	254	6924	-1	21	гФАЕжЎЭЋ		76.63546	125.220291	0	300640	10000	-1	-1	1	0	-1	-1	-1	-1	-1	-1	50	0	
254	255	6924	-1	21	гФАЕжЎЭЋ		73.888924	126.601379	0	300640	10000	-1	-1	1	0	-1	-1	-1	-1	-1	-1	50	0	
255	256	6924	-1	21	гФАЕжЎЭЋ		75.181702	128.48114	0	300640	10000	-1	-1	1	0	-1	-1	-1	-1	-1	-1	50	0	
256	257	6924	-1	21	гФАЕжЎЭЋ		75.153587	126.809891	0	300640	10000	-1	-1	1	0	-1	-1	-1	-1	-1	-1	50	0	
257	258	1320	101510	-1	ЧАЭљЗяЯшИЎКЭБпШћ	ЭѕЙњУдЙЌцфзф	122.5	152.800003	0	0	10000	-1	-1	3	0	-1	-1	-1	-1	-1	-1	60	0	
258	7336799	4295	101660	-1	зщЖгжИв§ШЫ		57	119	27	-1	1000	-1	-1	3	0	-1	-1	-1	-1	-1	-1	100	0	
259	7336799	2601	101160	-1	УдЙЌШ§Ву	УдЙЌДЋЫЭШЫ	60	138	9	-1	1000	-1	-1	3	0	-1	-1	-1	-1	-1	-1	100	0	
