NUM	NUM	NUM	NUM	NUM	TEXT	TEXT	FLOAT	FLOAT	NUM	NUM	NUM	NUM	NUM	NUM	NUM	NUM	NUM	NUM	NUM	NUM	NUM	NUM	NUM
编号	随机编号	attr编号	逻辑表编号	阵营编号	名称	称号	x轴坐标	z轴坐标	朝向	脚本编号	重生时间	分组编号	队伍编号	基础AI	AI文件	巡逻路径	商店0	商店1	商店2	商店3	名誉ID	等级	镜像组
0	1	6960	-1	21	幽黑之蛛		157.410675	36.738827	0	300640	10000	-1	-1	1	0	-1	-1	-1	-1	-1	-1	30	0	
1	2	6960	-1	21	幽黑之蛛		190.453369	86.478874	0	300640	10000	-1	-1	1	0	-1	-1	-1	-1	-1	-1	30	0	
2	3	6960	-1	21	幽黑之蛛		141.682632	77.577698	0	300640	10000	-1	-1	1	0	-1	-1	-1	-1	-1	-1	30	0	
3	4	6960	-1	21	幽黑之蛛		116.353233	60.330788	0	300640	10000	-1	-1	1	0	-1	-1	-1	-1	-1	-1	30	0	
4	5	6960	-1	21	幽黑之蛛		115.055176	87.731133	0	300640	10000	-1	-1	1	0	-1	-1	-1	-1	-1	-1	30	0	
5	6	6960	-1	21	幽黑之蛛		81.215431	73.206635	0	300640	10000	-1	-1	1	0	-1	-1	-1	-1	-1	-1	30	0	
6	7	6960	-1	21	幽黑之蛛		55.606586	93.244736	0	300640	10000	-1	-1	1	0	-1	-1	-1	-1	-1	-1	30	0	
7	8	6960	-1	21	幽黑之蛛		66.806877	126.120422	0	300640	10000	-1	-1	1	0	-1	-1	-1	-1	-1	-1	30	0	
8	9	6960	-1	21	幽黑之蛛		100.502426	131.735855	0	300640	10000	-1	-1	1	0	-1	-1	-1	-1	-1	-1	30	0	
9	10	6960	-1	21	幽黑之蛛		170.842758	130.60498	0	300640	10000	-1	-1	1	0	-1	-1	-1	-1	-1	-1	30	0	
10	12	6961	-1	21	幽蛰之蜂		70.282234	164.486343	0	300640	10000	-1	-1	1	0	-1	-1	-1	-1	-1	-1	35	0	
11	13	6961	-1	21	幽蛰之蜂		63.325802	200.294846	0	300640	10000	-1	-1	1	0	-1	-1	-1	-1	-1	-1	35	0	
12	14	6961	-1	21	幽蛰之蜂		139.060654	207.783508	0	300640	10000	-1	-1	1	0	-1	-1	-1	-1	-1	-1	35	0	
13	15	6961	-1	21	幽蛰之蜂		106.759789	162.179855	0	300640	10000	-1	-1	1	0	-1	-1	-1	-1	-1	-1	35	0	
14	16	6961	-1	21	幽蛰之蜂		135.145905	163.258514	0	300640	10000	-1	-1	1	0	-1	-1	-1	-1	-1	-1	35	0	
15	17	6961	-1	21	幽蛰之蜂		168.741135	167.1884	0	300640	10000	-1	-1	1	0	-1	-1	-1	-1	-1	-1	35	0	
16	1	6960	-1	21	幽黑之蛛		157.591904	38.298107	0	300640	10000	-1	-1	1	0	-1	-1	-1	-1	-1	-1	30	0	
17	2	6960	-1	21	幽黑之蛛		190.427017	87.971848	0	300640	10000	-1	-1	1	0	-1	-1	-1	-1	-1	-1	30	0	
18	3	6960	-1	21	幽黑之蛛		141.682632	77.577698	0	300640	10000	-1	-1	1	0	-1	-1	-1	-1	-1	-1	30	0	
19	4	6960	-1	21	幽黑之蛛		117.091011	59.272724	0	300640	10000	-1	-1	1	0	-1	-1	-1	-1	-1	-1	30	0	
20	5	6960	-1	21	幽黑之蛛		113.944588	90.262032	0	300640	10000	-1	-1	1	0	-1	-1	-1	-1	-1	-1	30	0	
21	6	6960	-1	21	幽黑之蛛		79.666367	74.024773	0	300640	10000	-1	-1	1	0	-1	-1	-1	-1	-1	-1	30	0	
22	7	6960	-1	21	幽黑之蛛		55.911655	91.318947	0	300640	10000	-1	-1	1	0	-1	-1	-1	-1	-1	-1	30	0	
23	8	6960	-1	21	幽黑之蛛		65.272507	125.435669	0	300640	10000	-1	-1	1	0	-1	-1	-1	-1	-1	-1	30	0	
24	9	6960	-1	21	幽黑之蛛		100.455292	130.487198	0	300640	10000	-1	-1	1	0	-1	-1	-1	-1	-1	-1	30	0	
25	10	6960	-1	21	幽黑之蛛		172.371643	131.78891	0	300640	10000	-1	-1	1	0	-1	-1	-1	-1	-1	-1	30	0	
26	12	6961	-1	21	幽蛰之蜂		68.882179	165.891281	0	300640	10000	-1	-1	1	0	-1	-1	-1	-1	-1	-1	35	0	
27	13	6961	-1	21	幽蛰之蜂		63.223965	198.565689	0	300640	10000	-1	-1	1	0	-1	-1	-1	-1	-1	-1	35	0	
28	14	6961	-1	21	幽蛰之蜂		104.376846	202.171417	0	300640	10000	-1	-1	1	0	-1	-1	-1	-1	-1	-1	35	0	
29	15	6961	-1	21	幽蛰之蜂		108.464027	161.162704	0	300640	10000	-1	-1	1	0	-1	-1	-1	-1	-1	-1	35	0	
30	16	6961	-1	21	幽蛰之蜂		134.173325	162.299438	0	300640	10000	-1	-1	1	0	-1	-1	-1	-1	-1	-1	35	0	
31	17	6961	-1	21	幽蛰之蜂		171.385437	207.653305	0	300640	10000	-1	-1	1	0	-1	-1	-1	-1	-1	-1	35	0	
32	1	6960	-1	21	幽黑之蛛		157.184692	34.835018	0	300640	10000	-1	-1	1	0	-1	-1	-1	-1	-1	-1	30	0	
33	2	6960	-1	21	幽黑之蛛		188.628143	87.242325	0	300640	10000	-1	-1	1	0	-1	-1	-1	-1	-1	-1	30	0	
34	3	6960	-1	21	幽黑之蛛		141.682632	77.577698	0	300640	10000	-1	-1	1	0	-1	-1	-1	-1	-1	-1	30	0	
35	4	6960	-1	21	幽黑之蛛		117.025078	59.729332	0	300640	10000	-1	-1	1	0	-1	-1	-1	-1	-1	-1	30	0	
36	5	6960	-1	21	幽黑之蛛		115.186035	90.264435	0	300640	10000	-1	-1	1	0	-1	-1	-1	-1	-1	-1	30	0	
37	6	6960	-1	21	幽黑之蛛		78.389549	70.128761	0	300640	10000	-1	-1	1	0	-1	-1	-1	-1	-1	-1	30	0	
38	7	6960	-1	21	幽黑之蛛		58.35939	92.91272	0	300640	10000	-1	-1	1	0	-1	-1	-1	-1	-1	-1	30	0	
39	8	6960	-1	21	幽黑之蛛		68.733421	126.273422	0	300640	10000	-1	-1	1	0	-1	-1	-1	-1	-1	-1	30	0	
40	9	6960	-1	21	幽黑之蛛		102.663078	130.669662	0	300640	10000	-1	-1	1	0	-1	-1	-1	-1	-1	-1	30	0	
41	10	6960	-1	21	幽黑之蛛		174.821289	128.47937	0	300640	10000	-1	-1	1	0	-1	-1	-1	-1	-1	-1	30	0	
42	12	6961	-1	21	幽蛰之蜂		67.461815	165.643951	0	300640	10000	-1	-1	1	0	-1	-1	-1	-1	-1	-1	35	0	
43	13	6961	-1	21	幽蛰之蜂		64.931007	199.329163	0	300640	10000	-1	-1	1	0	-1	-1	-1	-1	-1	-1	35	0	
44	14	6961	-1	21	幽蛰之蜂		102.768532	201.631378	0	300640	10000	-1	-1	1	0	-1	-1	-1	-1	-1	-1	35	0	
45	15	6961	-1	21	幽蛰之蜂		105.658897	161.10083	0	300640	10000	-1	-1	1	0	-1	-1	-1	-1	-1	-1	35	0	
46	16	6961	-1	21	幽蛰之蜂		135.69046	161.693344	0	300640	10000	-1	-1	1	0	-1	-1	-1	-1	-1	-1	35	0	
47	17	6961	-1	21	幽蛰之蜂		190.789459	158.254089	0	300640	10000	-1	-1	1	0	-1	-1	-1	-1	-1	-1	35	0	
48	1	6960	-1	21	幽黑之蛛		158.531372	34.895477	0	300640	10000	-1	-1	1	0	-1	-1	-1	-1	-1	-1	30	0	
49	2	6960	-1	21	幽黑之蛛		190.908371	87.027122	0	300640	10000	-1	-1	1	0	-1	-1	-1	-1	-1	-1	30	0	
50	3	6960	-1	21	幽黑之蛛		141.682632	77.577698	0	300640	10000	-1	-1	1	0	-1	-1	-1	-1	-1	-1	30	0	
51	4	6960	-1	21	幽黑之蛛		117.659149	60.672611	0	300640	10000	-1	-1	1	0	-1	-1	-1	-1	-1	-1	30	0	
52	5	6960	-1	21	幽黑之蛛		112.731293	89.346764	0	300640	10000	-1	-1	1	0	-1	-1	-1	-1	-1	-1	30	0	
53	6	6960	-1	21	幽黑之蛛		78.001236	72.467186	0	300640	10000	-1	-1	1	0	-1	-1	-1	-1	-1	-1	30	0	
54	7	6960	-1	21	幽黑之蛛		56.330002	95.446686	0	300640	10000	-1	-1	1	0	-1	-1	-1	-1	-1	-1	30	0	
55	8	6960	-1	21	幽黑之蛛		66.104332	128.228867	0	300640	10000	-1	-1	1	0	-1	-1	-1	-1	-1	-1	30	0	
56	9	6960	-1	21	幽黑之蛛		101.392387	128.807327	0	300640	10000	-1	-1	1	0	-1	-1	-1	-1	-1	-1	30	0	
57	10	6960	-1	21	幽黑之蛛		176.053894	129.205231	0	300640	10000	-1	-1	1	0	-1	-1	-1	-1	-1	-1	30	0	
58	12	6961	-1	21	幽蛰之蜂		67.761238	161.315735	0	300640	10000	-1	-1	1	0	-1	-1	-1	-1	-1	-1	35	0	
59	13	6961	-1	21	幽蛰之蜂		61.864395	199.412445	0	300640	10000	-1	-1	1	0	-1	-1	-1	-1	-1	-1	35	0	
60	14	6961	-1	21	幽蛰之蜂		101.513496	201.641144	0	300640	10000	-1	-1	1	0	-1	-1	-1	-1	-1	-1	35	0	
61	15	6961	-1	21	幽蛰之蜂		107.002625	160.559967	0	300640	10000	-1	-1	1	0	-1	-1	-1	-1	-1	-1	35	0	
62	16	6961	-1	21	幽蛰之蜂		132.523056	161.643631	0	300640	10000	-1	-1	1	0	-1	-1	-1	-1	-1	-1	35	0	
63	6	6960	-1	21	幽黑之蛛		79.702927	70.641556	0	300640	10000	-1	-1	1	0	-1	-1	-1	-1	-1	-1	30	0	
64	7	6960	-1	21	幽黑之蛛		58.531391	93.305176	0	300640	10000	-1	-1	1	0	-1	-1	-1	-1	-1	-1	30	0	
65	8	6960	-1	21	幽黑之蛛		68.035912	128.845657	0	300640	10000	-1	-1	1	0	-1	-1	-1	-1	-1	-1	30	0	
66	9	6960	-1	21	幽黑之蛛		101.92276	131.741577	0	300640	10000	-1	-1	1	0	-1	-1	-1	-1	-1	-1	30	0	
67	10	6960	-1	21	幽黑之蛛		174.84021	130.618439	0	300640	10000	-1	-1	1	0	-1	-1	-1	-1	-1	-1	30	0	
68	12	6961	-1	21	幽蛰之蜂		66.728035	163.286713	0	300640	10000	-1	-1	1	0	-1	-1	-1	-1	-1	-1	35	0	
69	13	6961	-1	21	幽蛰之蜂		64.465424	200.78894	0	300640	10000	-1	-1	1	0	-1	-1	-1	-1	-1	-1	35	0	
70	14	6961	-1	21	幽蛰之蜂		102.21508	199.912796	0	300640	10000	-1	-1	1	0	-1	-1	-1	-1	-1	-1	35	0	
71	15	6961	-1	21	幽蛰之蜂		108.321632	159.472168	0	300640	10000	-1	-1	1	0	-1	-1	-1	-1	-1	-1	35	0	
72	16	6961	-1	21	幽蛰之蜂		137.180191	162.126038	0	300640	10000	-1	-1	1	0	-1	-1	-1	-1	-1	-1	35	0	
73	17	6961	-1	21	幽蛰之蜂		173.45639	210.322327	0	300640	10000	-1	-1	1	0	-1	-1	-1	-1	-1	-1	35	0	
74	1	6960	-1	21	幽黑之蛛		158.927414	35.670742	0	300640	10000	-1	-1	1	0	-1	-1	-1	-1	-1	-1	30	0	
75	2	6960	-1	21	幽黑之蛛		189.003174	86.294991	0	300640	10000	-1	-1	1	0	-1	-1	-1	-1	-1	-1	30	0	
76	3	6960	-1	21	幽黑之蛛		141.682632	77.577698	0	300640	10000	-1	-1	1	0	-1	-1	-1	-1	-1	-1	30	0	
77	4	6960	-1	21	幽黑之蛛		118.7855	59.575809	0	300640	10000	-1	-1	1	0	-1	-1	-1	-1	-1	-1	30	0	
78	5	6960	-1	21	幽黑之蛛		113.262085	87.168739	0	300640	10000	-1	-1	1	0	-1	-1	-1	-1	-1	-1	30	0	
79	6	6960	-1	21	幽黑之蛛		78.321152	73.770271	0	300640	10000	-1	-1	1	0	-1	-1	-1	-1	-1	-1	30	0	
80	7	6960	-1	21	幽黑之蛛		57.707035	95.430496	0	300640	10000	-1	-1	1	0	-1	-1	-1	-1	-1	-1	30	0	
81	8	6960	-1	21	幽黑之蛛		67.121727	129.436707	0	300640	10000	-1	-1	1	0	-1	-1	-1	-1	-1	-1	30	0	
82	9	6960	-1	21	幽黑之蛛		101.481087	129.607513	0	300640	10000	-1	-1	1	0	-1	-1	-1	-1	-1	-1	30	0	
83	10	6960	-1	21	幽黑之蛛		172.888351	130.384872	0	300640	10000	-1	-1	1	0	-1	-1	-1	-1	-1	-1	30	0	
84	12	6961	-1	21	幽蛰之蜂		68.703148	163.08783	0	300640	10000	-1	-1	1	0	-1	-1	-1	-1	-1	-1	35	0	
85	13	6961	-1	21	幽蛰之蜂		64.675217	197.614151	0	300640	10000	-1	-1	1	0	-1	-1	-1	-1	-1	-1	35	0	
86	14	6961	-1	21	幽蛰之蜂		102.273926	203.635071	0	300640	10000	-1	-1	1	0	-1	-1	-1	-1	-1	-1	35	0	
87	15	6961	-1	21	幽蛰之蜂		104.934624	159.044525	0	300640	10000	-1	-1	1	0	-1	-1	-1	-1	-1	-1	35	0	
88	16	6961	-1	21	幽蛰之蜂		133.139633	159.819733	0	300640	10000	-1	-1	1	0	-1	-1	-1	-1	-1	-1	35	0	
89	17	6961	-1	21	幽蛰之蜂		172.971115	205.933838	0	300640	10000	-1	-1	1	0	-1	-1	-1	-1	-1	-1	35	0	
90	1	6960	-1	21	幽黑之蛛		158.975647	36.627686	0	300640	10000	-1	-1	1	0	-1	-1	-1	-1	-1	-1	30	0	
91	2	6960	-1	21	幽黑之蛛		188.046127	89.366211	0	300640	10000	-1	-1	1	0	-1	-1	-1	-1	-1	-1	30	0	
92	3	6960	-1	21	幽黑之蛛		141.682632	77.577698	0	300640	10000	-1	-1	1	0	-1	-1	-1	-1	-1	-1	30	0	
93	4	6960	-1	21	幽黑之蛛		118.972992	60.671841	0	300640	10000	-1	-1	1	0	-1	-1	-1	-1	-1	-1	30	0	
94	5	6960	-1	21	幽黑之蛛		114.36824	91.0131	0	300640	10000	-1	-1	1	0	-1	-1	-1	-1	-1	-1	30	0	
95	6	6960	-1	21	幽黑之蛛		78.377373	71.347168	0	300640	10000	-1	-1	1	0	-1	-1	-1	-1	-1	-1	30	0	
96	7	6960	-1	21	幽黑之蛛		56.896557	94.306259	0	300640	10000	-1	-1	1	0	-1	-1	-1	-1	-1	-1	30	0	
97	8	6960	-1	21	幽黑之蛛		65.107903	127.949547	0	300640	10000	-1	-1	1	0	-1	-1	-1	-1	-1	-1	30	0	
98	9	6960	-1	21	幽黑之蛛		103.575951	132.22879	0	300640	10000	-1	-1	1	0	-1	-1	-1	-1	-1	-1	30	0	
99	10	6960	-1	21	幽黑之蛛		173.44043	130.922989	0	300640	10000	-1	-1	1	0	-1	-1	-1	-1	-1	-1	30	0	
100	12	6961	-1	21	幽蛰之蜂		66.611916	164.039658	0	300640	10000	-1	-1	1	0	-1	-1	-1	-1	-1	-1	35	0	
101	13	6961	-1	21	幽蛰之蜂		61.92173	197.780457	0	300640	10000	-1	-1	1	0	-1	-1	-1	-1	-1	-1	35	0	
102	14	6961	-1	21	幽蛰之蜂		100.821884	200.546066	0	300640	10000	-1	-1	1	0	-1	-1	-1	-1	-1	-1	35	0	
103	15	6961	-1	21	幽蛰之蜂		106.966026	159.386597	0	300640	10000	-1	-1	1	0	-1	-1	-1	-1	-1	-1	35	0	
104	16	6961	-1	21	幽蛰之蜂		134.864288	159.704468	0	300640	10000	-1	-1	1	0	-1	-1	-1	-1	-1	-1	35	0	
105	1	6960	-1	21	幽黑之蛛		159.110764	37.452374	0	300640	10000	-1	-1	1	0	-1	-1	-1	-1	-1	-1	30	0	
106	2	6960	-1	21	幽黑之蛛		190.278625	86.257751	0	300640	10000	-1	-1	1	0	-1	-1	-1	-1	-1	-1	30	0	
107	3	6960	-1	21	幽黑之蛛		141.682632	77.577698	0	300640	10000	-1	-1	1	0	-1	-1	-1	-1	-1	-1	30	0	
108	4	6960	-1	21	幽黑之蛛		116.384979	61.359058	0	300640	10000	-1	-1	1	0	-1	-1	-1	-1	-1	-1	30	0	
109	5	6960	-1	21	幽黑之蛛		113.955475	89.078896	0	300640	10000	-1	-1	1	0	-1	-1	-1	-1	-1	-1	30	0	
110	6	6960	-1	21	幽黑之蛛		80.62751	72.76619	0	300640	10000	-1	-1	1	0	-1	-1	-1	-1	-1	-1	30	0	
111	7	6960	-1	21	幽黑之蛛		56.331112	93.517372	0	300640	10000	-1	-1	1	0	-1	-1	-1	-1	-1	-1	30	0	
112	8	6960	-1	21	幽黑之蛛		64.495911	126.84893	0	300640	10000	-1	-1	1	0	-1	-1	-1	-1	-1	-1	30	0	
113	9	6960	-1	21	幽黑之蛛		101.838287	130.166199	0	300640	10000	-1	-1	1	0	-1	-1	-1	-1	-1	-1	30	0	
114	10	6960	-1	21	幽黑之蛛		173.026993	129.015335	0	300640	10000	-1	-1	1	0	-1	-1	-1	-1	-1	-1	30	0	
115	12	6961	-1	21	幽蛰之蜂		66.281723	164.059158	0	300640	10000	-1	-1	1	0	-1	-1	-1	-1	-1	-1	35	0	
116	13	6961	-1	21	幽蛰之蜂		62.335888	200.609695	0	300640	10000	-1	-1	1	0	-1	-1	-1	-1	-1	-1	35	0	
117	14	6961	-1	21	幽蛰之蜂		104.100655	200.514999	0	300640	10000	-1	-1	1	0	-1	-1	-1	-1	-1	-1	35	0	
118	15	6961	-1	21	幽蛰之蜂		107.97541	157.884232	0	300640	10000	-1	-1	1	0	-1	-1	-1	-1	-1	-1	35	0	
119	16	6961	-1	21	幽蛰之蜂		135.15538	160.989014	0	300640	10000	-1	-1	1	0	-1	-1	-1	-1	-1	-1	35	0	
120	17	6961	-1	21	幽蛰之蜂		173.637833	207.738235	0	300640	10000	-1	-1	1	0	-1	-1	-1	-1	-1	-1	35	0	
121	1	6960	-1	21	幽黑之蛛		156.84404	35.968643	0	300640	10000	-1	-1	1	0	-1	-1	-1	-1	-1	-1	30	0	
122	2	6960	-1	21	幽黑之蛛		189.550919	85.735573	0	300640	10000	-1	-1	1	0	-1	-1	-1	-1	-1	-1	30	0	
123	3	6960	-1	21	幽黑之蛛		141.682632	77.577698	0	300640	10000	-1	-1	1	0	-1	-1	-1	-1	-1	-1	30	0	
124	4	6960	-1	21	幽黑之蛛		117.847847	61.819508	0	300640	10000	-1	-1	1	0	-1	-1	-1	-1	-1	-1	30	0	
125	5	6960	-1	21	幽黑之蛛		111.625923	89.085861	0	300640	10000	-1	-1	1	0	-1	-1	-1	-1	-1	-1	30	0	
126	6	6960	-1	21	幽黑之蛛		79.086502	72.526321	0	300640	10000	-1	-1	1	0	-1	-1	-1	-1	-1	-1	30	0	
127	7	6960	-1	21	幽黑之蛛		56.233768	92.097321	0	300640	10000	-1	-1	1	0	-1	-1	-1	-1	-1	-1	30	0	
128	8	6960	-1	21	幽黑之蛛		65.614693	129.512283	0	300640	10000	-1	-1	1	0	-1	-1	-1	-1	-1	-1	30	0	
129	9	6960	-1	21	幽黑之蛛		104.183952	130.498093	0	300640	10000	-1	-1	1	0	-1	-1	-1	-1	-1	-1	30	0	
130	10	6960	-1	21	幽黑之蛛		170.290909	131.629333	0	300640	10000	-1	-1	1	0	-1	-1	-1	-1	-1	-1	30	0	
131	12	6961	-1	21	幽蛰之蜂		66.150223	164.563614	0	300640	10000	-1	-1	1	0	-1	-1	-1	-1	-1	-1	35	0	
132	13	6961	-1	21	幽蛰之蜂		63.231651	196.990814	0	300640	10000	-1	-1	1	0	-1	-1	-1	-1	-1	-1	35	0	
133	14	6961	-1	21	幽蛰之蜂		100.466095	203.506409	0	300640	10000	-1	-1	1	0	-1	-1	-1	-1	-1	-1	35	0	
134	15	6961	-1	21	幽蛰之蜂		105.935852	160.306015	0	300640	10000	-1	-1	1	0	-1	-1	-1	-1	-1	-1	35	0	
135	16	6961	-1	21	幽蛰之蜂		133.715256	161.551575	0	300640	10000	-1	-1	1	0	-1	-1	-1	-1	-1	-1	35	0	
136	17	6961	-1	21	幽蛰之蜂		173.394135	207.851303	0	300640	10000	-1	-1	1	0	-1	-1	-1	-1	-1	-1	35	0	
137	1	6960	-1	21	幽黑之蛛		154.951782	36.776337	0	300640	10000	-1	-1	1	0	-1	-1	-1	-1	-1	-1	30	0	
138	2	6960	-1	21	幽黑之蛛		152.355316	92.842697	0	300640	10000	-1	-1	1	0	-1	-1	-1	-1	-1	-1	30	0	
139	3	6960	-1	21	幽黑之蛛		141.682632	77.577698	0	300640	10000	-1	-1	1	0	-1	-1	-1	-1	-1	-1	30	0	
140	4	6960	-1	21	幽黑之蛛		119.26165	61.993526	0	300640	10000	-1	-1	1	0	-1	-1	-1	-1	-1	-1	30	0	
141	5	6960	-1	21	幽黑之蛛		116.050117	89.612488	0	300640	10000	-1	-1	1	0	-1	-1	-1	-1	-1	-1	30	0	
142	6	6960	-1	21	幽黑之蛛		80.0476	71.928925	0	300640	10000	-1	-1	1	0	-1	-1	-1	-1	-1	-1	30	0	
143	7	6960	-1	21	幽黑之蛛		57.613354	91.96067	0	300640	10000	-1	-1	1	0	-1	-1	-1	-1	-1	-1	30	0	
144	8	6960	-1	21	幽黑之蛛		64.15313	129.123337	0	300640	10000	-1	-1	1	0	-1	-1	-1	-1	-1	-1	30	0	
145	9	6960	-1	21	幽黑之蛛		103.574677	129.194321	0	300640	10000	-1	-1	1	0	-1	-1	-1	-1	-1	-1	30	0	
146	10	6960	-1	21	幽黑之蛛		172.532043	127.364059	0	300640	10000	-1	-1	1	0	-1	-1	-1	-1	-1	-1	30	0	
147	12	6961	-1	21	幽蛰之蜂		66.830841	164.85376	0	300640	10000	-1	-1	1	0	-1	-1	-1	-1	-1	-1	35	0	
148	13	6961	-1	21	幽蛰之蜂		60.913673	199.520752	0	300640	10000	-1	-1	1	0	-1	-1	-1	-1	-1	-1	35	0	
149	14	6961	-1	21	幽蛰之蜂		104.049774	204.116898	0	300640	10000	-1	-1	1	0	-1	-1	-1	-1	-1	-1	35	0	
150	15	6961	-1	21	幽蛰之蜂		106.998581	158.299957	0	300640	10000	-1	-1	1	0	-1	-1	-1	-1	-1	-1	35	0	
151	16	6961	-1	21	幽蛰之蜂		134.323761	159.652771	0	300640	10000	-1	-1	1	0	-1	-1	-1	-1	-1	-1	35	0	
152	18	3846	400046	20			123	100	32	0	2000	-1	-1	5	0	0	-1	-1	-1	-1	-1	30	0	
153	19	3847	400047	20			76	97	32	0	2000	-1	-1	5	0	1	-1	-1	-1	-1	-1	30	0	
154	20	3849	400049	20			66	212	32	0	2000	-1	-1	5	0	2	-1	-1	-1	-1	-1	35	0	
155	21	3850	400050	20			140	205	32	0	2000	-1	-1	5	0	3	-1	-1	-1	-1	-1	35	0	
156	22	6961	-1	21	幽蛰之蜂		192.075806	155.670197	0	300640	10000	-1	-1	1	0	-1	-1	-1	-1	-1	-1	35	0	
157	23	6961	-1	21	幽蛰之蜂		192.89975	157.630722	0	300640	10000	-1	-1	1	0	-1	-1	-1	-1	-1	-1	35	0	
158	24	6961	-1	21	幽蛰之蜂		191.427368	155.590912	0	300640	10000	-1	-1	1	0	-1	-1	-1	-1	-1	-1	35	0	
159	25	6961	-1	21	幽蛰之蜂		190.194473	158.122513	0	300640	10000	-1	-1	1	0	-1	-1	-1	-1	-1	-1	35	0	
160	26	6961	-1	21	幽蛰之蜂		189.869125	156.591385	0	300640	10000	-1	-1	1	0	-1	-1	-1	-1	-1	-1	35	0	
161	27	6961	-1	21	幽蛰之蜂		190.182388	155.526398	0	300640	10000	-1	-1	1	0	-1	-1	-1	-1	-1	-1	35	0	
162	28	6961	-1	21	幽蛰之蜂		192.387405	158.366531	0	300640	10000	-1	-1	1	0	-1	-1	-1	-1	-1	-1	35	0	
163	29	6961	-1	21	幽蛰之蜂		193.113983	156.707245	0	300640	10000	-1	-1	1	0	-1	-1	-1	-1	-1	-1	35	0	
164	30	6961	-1	21	幽蛰之蜂		191.159546	156.801773	0	300640	10000	-1	-1	1	0	-1	-1	-1	-1	-1	-1	35	0	
165	31	6961	-1	21	幽蛰之蜂		191.159546	156.801773	0	300640	10000	-1	-1	1	0	-1	-1	-1	-1	-1	-1	35	0	
166	32	6961	-1	21	幽蛰之蜂		165.326111	167.788254	0	300640	10000	-1	-1	1	0	-1	-1	-1	-1	-1	-1	35	0	
167	33	6961	-1	21	幽蛰之蜂		166.619858	166.275024	0	300640	10000	-1	-1	1	0	-1	-1	-1	-1	-1	-1	35	0	
168	34	6961	-1	21	幽蛰之蜂		168.187836	169.217529	0	300640	10000	-1	-1	1	0	-1	-1	-1	-1	-1	-1	35	0	
169	35	6961	-1	21	幽蛰之蜂		165.445938	169.23735	0	300640	10000	-1	-1	1	0	-1	-1	-1	-1	-1	-1	35	0	
170	36	6961	-1	21	幽蛰之蜂		165.678223	166.19458	0	300640	10000	-1	-1	1	0	-1	-1	-1	-1	-1	-1	35	0	
171	37	6961	-1	21	幽蛰之蜂		167.996094	166.068741	0	300640	10000	-1	-1	1	0	-1	-1	-1	-1	-1	-1	35	0	
172	38	6961	-1	21	幽蛰之蜂		167.546967	167.578659	0	300640	10000	-1	-1	1	0	-1	-1	-1	-1	-1	-1	35	0	
173	39	6961	-1	21	幽蛰之蜂		166.35997	167.918884	0	300640	10000	-1	-1	1	0	-1	-1	-1	-1	-1	-1	35	0	
174	40	6961	-1	21	幽蛰之蜂		166.625214	169.135223	0	300640	10000	-1	-1	1	0	-1	-1	-1	-1	-1	-1	35	0	
175	41	6961	-1	21	幽蛰之蜂		166.625214	169.135223	0	300640	10000	-1	-1	1	0	-1	-1	-1	-1	-1	-1	35	0	
176	42	6961	-1	21	幽蛰之蜂		172.762726	209.630508	0	300640	10000	-1	-1	1	0	-1	-1	-1	-1	-1	-1	35	0	
177	43	6961	-1	21	幽蛰之蜂		171.998474	207.07074	0	300640	10000	-1	-1	1	0	-1	-1	-1	-1	-1	-1	35	0	
178	44	6961	-1	21	幽蛰之蜂		174.3311	207.745422	0	300640	10000	-1	-1	1	0	-1	-1	-1	-1	-1	-1	35	0	
179	45	6961	-1	21	幽蛰之蜂		172.705368	205.878922	0	300640	10000	-1	-1	1	0	-1	-1	-1	-1	-1	-1	35	0	
180	46	6961	-1	21	幽蛰之蜂		172.998077	210.117233	0	300640	10000	-1	-1	1	0	-1	-1	-1	-1	-1	-1	35	0	
181	47	6961	-1	21	幽蛰之蜂		101.707222	202.797501	0	300640	10000	-1	-1	1	0	-1	-1	-1	-1	-1	-1	35	0	
182	48	6961	-1	21	幽蛰之蜂		100.19297	201.927277	0	300640	10000	-1	-1	1	0	-1	-1	-1	-1	-1	-1	35	0	
183	49	6961	-1	21	幽蛰之蜂		100.19297	201.927277	0	300640	10000	-1	-1	1	0	-1	-1	-1	-1	-1	-1	35	0	
184	50	6961	-1	21	幽蛰之蜂		136.200516	207.82373	0	300640	10000	-1	-1	1	0	-1	-1	-1	-1	-1	-1	35	0	
185	51	6961	-1	21	幽蛰之蜂		138.403809	206.889084	0	300640	10000	-1	-1	1	0	-1	-1	-1	-1	-1	-1	35	0	
186	52	6961	-1	21	幽蛰之蜂		138.39743	209.071823	0	300640	10000	-1	-1	1	0	-1	-1	-1	-1	-1	-1	35	0	
187	53	6961	-1	21	幽蛰之蜂		137.278839	206.453201	0	300640	10000	-1	-1	1	0	-1	-1	-1	-1	-1	-1	35	0	
188	54	6961	-1	21	幽蛰之蜂		137.552582	208.961166	0	300640	10000	-1	-1	1	0	-1	-1	-1	-1	-1	-1	35	0	
189	55	6961	-1	21	幽蛰之蜂		136.5233	209.078659	0	300640	10000	-1	-1	1	0	-1	-1	-1	-1	-1	-1	35	0	
190	56	6961	-1	21	幽蛰之蜂		136.204422	206.483078	0	300640	10000	-1	-1	1	0	-1	-1	-1	-1	-1	-1	35	0	
191	57	6961	-1	21	幽蛰之蜂		135.783356	207.169189	0	300640	10000	-1	-1	1	0	-1	-1	-1	-1	-1	-1	35	0	
192	58	6961	-1	21	幽蛰之蜂		137.228104	207.796173	0	300640	10000	-1	-1	1	0	-1	-1	-1	-1	-1	-1	35	0	
193	59	6961	-1	21	幽蛰之蜂		64.129669	198.561661	0	300640	10000	-1	-1	1	0	-1	-1	-1	-1	-1	-1	35	0	
194	60	6961	-1	21	幽蛰之蜂		61.15498	198.436935	0	300640	10000	-1	-1	1	0	-1	-1	-1	-1	-1	-1	35	0	
195	61	6961	-1	21	幽蛰之蜂		104.934624	159.044525	0	300640	10000	-1	-1	1	0	-1	-1	-1	-1	-1	-1	35	0	
196	62	6961	-1	21	幽蛰之蜂		104.934624	159.044525	0	300640	10000	-1	-1	1	0	-1	-1	-1	-1	-1	-1	35	0	
197	63	6961	-1	21	幽蛰之蜂		138.471222	160.267136	0	300640	10000	-1	-1	1	0	-1	-1	-1	-1	-1	-1	35	0	
198	64	6961	-1	21	幽蛰之蜂		136.819	160.341064	0	300640	10000	-1	-1	1	0	-1	-1	-1	-1	-1	-1	35	0	
199	65	6961	-1	21	幽蛰之蜂		70.282234	164.486343	0	300640	10000	-1	-1	1	0	-1	-1	-1	-1	-1	-1	35	0	
200	66	6961	-1	21	幽蛰之蜂		70.282234	164.486343	0	300640	10000	-1	-1	1	0	-1	-1	-1	-1	-1	-1	35	0	
201	67	6960	-1	21	幽黑之蛛		67.617531	125.876877	0	300640	10000	-1	-1	1	0	-1	-1	-1	-1	-1	-1	30	0	
202	68	6960	-1	21	幽黑之蛛		67.186569	127.342598	0	300640	10000	-1	-1	1	0	-1	-1	-1	-1	-1	-1	30	0	
203	69	6960	-1	21	幽黑之蛛		57.137524	89.917084	0	300640	10000	-1	-1	1	0	-1	-1	-1	-1	-1	-1	30	0	
204	70	6960	-1	21	幽黑之蛛		57.534023	91.239632	0	300640	10000	-1	-1	1	0	-1	-1	-1	-1	-1	-1	30	0	
205	71	6960	-1	21	幽黑之蛛		135.080292	131.118179	0	300640	10000	-1	-1	1	0	-1	-1	-1	-1	-1	-1	30	0	
206	72	6960	-1	21	幽黑之蛛		103.359673	128.823608	0	300640	10000	-1	-1	1	0	-1	-1	-1	-1	-1	-1	30	0	
207	73	6960	-1	21	幽黑之蛛		103.359673	128.823608	0	300640	10000	-1	-1	1	0	-1	-1	-1	-1	-1	-1	30	0	
208	74	6960	-1	21	幽黑之蛛		135.063522	127.948311	0	300640	10000	-1	-1	1	0	-1	-1	-1	-1	-1	-1	30	0	
209	75	6960	-1	21	幽黑之蛛		133.45697	130.350952	0	300640	10000	-1	-1	1	0	-1	-1	-1	-1	-1	-1	30	0	
210	76	6960	-1	21	幽黑之蛛		133.491699	128.675034	0	300640	10000	-1	-1	1	0	-1	-1	-1	-1	-1	-1	30	0	
211	77	6960	-1	21	幽黑之蛛		136.304794	130.932022	0	300640	10000	-1	-1	1	0	-1	-1	-1	-1	-1	-1	30	0	
212	78	6960	-1	21	幽黑之蛛		136.886108	127.944778	0	300640	10000	-1	-1	1	0	-1	-1	-1	-1	-1	-1	30	0	
213	79	6960	-1	21	幽黑之蛛		136.868454	129.68663	0	300640	10000	-1	-1	1	0	-1	-1	-1	-1	-1	-1	30	0	
214	80	6960	-1	21	幽黑之蛛		135.998795	128.706467	0	300640	10000	-1	-1	1	0	-1	-1	-1	-1	-1	-1	30	0	
215	81	6960	-1	21	幽黑之蛛		134.818207	128.999115	0	300640	10000	-1	-1	1	0	-1	-1	-1	-1	-1	-1	30	0	
216	82	6960	-1	21	幽黑之蛛		135.394623	129.470795	0	300640	10000	-1	-1	1	0	-1	-1	-1	-1	-1	-1	30	0	
217	83	6960	-1	21	幽黑之蛛		135.394623	129.470795	0	300640	10000	-1	-1	1	0	-1	-1	-1	-1	-1	-1	30	0	
218	84	6960	-1	21	幽黑之蛛		190.722977	89.112015	0	300640	10000	-1	-1	1	0	-1	-1	-1	-1	-1	-1	30	0	
219	85	6960	-1	21	幽黑之蛛		187.48819	88.302628	0	300640	10000	-1	-1	1	0	-1	-1	-1	-1	-1	-1	30	0	
220	86	6960	-1	21	幽黑之蛛		189.016922	88.653839	0	300640	10000	-1	-1	1	0	-1	-1	-1	-1	-1	-1	30	0	
221	87	6960	-1	21	幽黑之蛛		152.187576	91.435539	0	300640	10000	-1	-1	1	0	-1	-1	-1	-1	-1	-1	30	0	
222	88	6960	-1	21	幽黑之蛛		154.721954	92.975243	0	300640	10000	-1	-1	1	0	-1	-1	-1	-1	-1	-1	30	0	
223	89	6960	-1	21	幽黑之蛛		153.705368	90.439079	0	300640	10000	-1	-1	1	0	-1	-1	-1	-1	-1	-1	30	0	
224	90	6960	-1	21	幽黑之蛛		154.768707	91.792839	0	300640	10000	-1	-1	1	0	-1	-1	-1	-1	-1	-1	30	0	
225	91	6960	-1	21	幽黑之蛛		153.69136	93.616257	0	300640	10000	-1	-1	1	0	-1	-1	-1	-1	-1	-1	30	0	
226	92	6960	-1	21	幽黑之蛛		151.83168	91.391014	0	300640	10000	-1	-1	1	0	-1	-1	-1	-1	-1	-1	30	0	
227	93	6960	-1	21	幽黑之蛛		153.47229	92.704803	0	300640	10000	-1	-1	1	0	-1	-1	-1	-1	-1	-1	30	0	
228	94	6960	-1	21	幽黑之蛛		153.699799	91.704384	0	300640	10000	-1	-1	1	0	-1	-1	-1	-1	-1	-1	30	0	
229	95	6960	-1	21	幽黑之蛛		153.852432	92.149132	0	300640	10000	-1	-1	1	0	-1	-1	-1	-1	-1	-1	30	0	
230	96	6960	-1	21	幽黑之蛛		153.852432	92.149132	0	300640	10000	-1	-1	1	0	-1	-1	-1	-1	-1	-1	30	0	
231	97	6960	-1	21	幽黑之蛛		153.852432	92.149132	0	300640	10000	-1	-1	1	0	-1	-1	-1	-1	-1	-1	30	0	
232	98	6960	-1	21	幽黑之蛛		156.376648	37.490711	0	300640	10000	-1	-1	1	0	-1	-1	-1	-1	-1	-1	30	0	
233	99	6960	-1	21	幽黑之蛛		156.376648	37.490711	0	300640	10000	-1	-1	1	0	-1	-1	-1	-1	-1	-1	30	0	
234	100	6960	-1	21	幽黑之蛛		156.376648	37.490711	0	300640	10000	-1	-1	1	0	-1	-1	-1	-1	-1	-1	30	0	
235	101	6960	-1	21	幽黑之蛛		189.521637	42.169804	0	300640	10000	-1	-1	1	0	-1	-1	-1	-1	-1	-1	30	0	
236	102	6960	-1	21	幽黑之蛛		155.333069	35.260674	0	300640	10000	-1	-1	1	0	-1	-1	-1	-1	-1	-1	30	0	
237	103	6960	-1	21	幽黑之蛛		189.808899	39.541153	0	300640	10000	-1	-1	1	0	-1	-1	-1	-1	-1	-1	30	0	
238	104	6960	-1	21	幽黑之蛛		187.786392	42.137657	0	300640	10000	-1	-1	1	0	-1	-1	-1	-1	-1	-1	30	0	
239	105	6960	-1	21	幽黑之蛛		187.059845	39.652412	0	300640	10000	-1	-1	1	0	-1	-1	-1	-1	-1	-1	30	0	
240	106	6960	-1	21	幽黑之蛛		186.949524	41.511795	0	300640	10000	-1	-1	1	0	-1	-1	-1	-1	-1	-1	30	0	
241	107	6960	-1	21	幽黑之蛛		190.897675	40.746788	0	300640	10000	-1	-1	1	0	-1	-1	-1	-1	-1	-1	30	0	
242	108	6960	-1	21	幽黑之蛛		188.606247	38.749657	0	300640	10000	-1	-1	1	0	-1	-1	-1	-1	-1	-1	30	0	
243	109	6960	-1	21	幽黑之蛛		189.513962	40.596066	0	300640	10000	-1	-1	1	0	-1	-1	-1	-1	-1	-1	30	0	
244	110	6960	-1	21	幽黑之蛛		186.230621	40.306328	0	300640	10000	-1	-1	1	0	-1	-1	-1	-1	-1	-1	30	0	
245	111	6960	-1	21	幽黑之蛛		188.736588	40.900917	0	300640	10000	-1	-1	1	0	-1	-1	-1	-1	-1	-1	30	0	
246	112	6960	-1	21	幽黑之蛛		188.796127	40.841221	0	300640	10000	-1	-1	1	0	-1	-1	-1	-1	-1	-1	30	0	
247	113	6960	-1	21	幽黑之蛛		113.553192	88.258018	0	300640	10000	-1	-1	1	0	-1	-1	-1	-1	-1	-1	30	0	
248	114	6960	-1	21	幽黑之蛛		112.825562	90.143311	0	300640	10000	-1	-1	1	0	-1	-1	-1	-1	-1	-1	30	0	
249	115	6960	-1	21	幽黑之蛛		115.052528	88.781334	0	300640	10000	-1	-1	1	0	-1	-1	-1	-1	-1	-1	30	0	
250	116	6960	-1	21	幽黑之蛛		172.532043	127.364059	0	300640	10000	-1	-1	1	0	-1	-1	-1	-1	-1	-1	30	0	
251	117	6960	-1	21	幽黑之蛛		172.532043	127.364059	0	300640	10000	-1	-1	1	0	-1	-1	-1	-1	-1	-1	30	0	
252	118	6960	-1	21	幽黑之蛛		172.532043	127.364059	0	300640	10000	-1	-1	1	0	-1	-1	-1	-1	-1	-1	30	0	
253	119	6960	-1	21	幽黑之蛛		170.843109	129.041534	0	300640	10000	-1	-1	1	0	-1	-1	-1	-1	-1	-1	30	0	
254	120	9778	129716	20	屠城战传送石	屠城战王城[矿洞]传送石	104	51	27	-1	1000	-1	-1	3	0	-1	-1	-1	-1	-1	-1	10	0	
255	121	9778	129718	20	屠城战传送石	屠城战王城[牧场]传送石	195.699997	100	13	-1	1000	-1	-1	3	0	-1	-1	-1	-1	-1	-1	10	0	
256	123	6961	-1	21	幽蛰之蜂		83.643883	132.305328	0	300640	10000	-1	-1	1	0	-1	-1	-1	-1	-1	-1	35	0	
257	124	6961	-1	21	幽蛰之蜂		154.264969	129.889954	0	300640	10000	-1	-1	1	0	-1	-1	-1	-1	-1	-1	35	0	
258	125	6961	-1	21	幽蛰之蜂		180.130341	183.393738	0	300640	10000	-1	-1	1	0	-1	-1	-1	-1	-1	-1	35	0	
259	126	6961	-1	21	幽蛰之蜂		123.133438	184.671997	0	300640	10000	-1	-1	1	0	-1	-1	-1	-1	-1	-1	35	0	
260	123	6961	-1	21	幽蛰之蜂		84.683502	129.903748	0	300640	10000	-1	-1	1	0	-1	-1	-1	-1	-1	-1	35	0	
261	124	6961	-1	21	幽蛰之蜂		153.595642	127.209824	0	300640	10000	-1	-1	1	0	-1	-1	-1	-1	-1	-1	35	0	
262	125	6961	-1	21	幽蛰之蜂		180.130341	183.393738	0	300640	10000	-1	-1	1	0	-1	-1	-1	-1	-1	-1	35	0	
263	126	6961	-1	21	幽蛰之蜂		123.596512	181.658386	0	300640	10000	-1	-1	1	0	-1	-1	-1	-1	-1	-1	35	0	
264	123	6961	-1	21	幽蛰之蜂		87.692192	130.927307	0	300640	10000	-1	-1	1	0	-1	-1	-1	-1	-1	-1	35	0	
265	124	6961	-1	21	幽蛰之蜂		155.231079	125.987488	0	300640	10000	-1	-1	1	0	-1	-1	-1	-1	-1	-1	35	0	
266	125	6961	-1	21	幽蛰之蜂		180.130341	183.393738	0	300640	10000	-1	-1	1	0	-1	-1	-1	-1	-1	-1	35	0	
267	126	6961	-1	21	幽蛰之蜂		121.069084	185.7854	0	300640	10000	-1	-1	1	0	-1	-1	-1	-1	-1	-1	35	0	
268	123	6961	-1	21	幽蛰之蜂		86.337669	127.379738	0	300640	10000	-1	-1	1	0	-1	-1	-1	-1	-1	-1	35	0	
269	124	6961	-1	21	幽蛰之蜂		155.185104	128.559464	0	300640	10000	-1	-1	1	0	-1	-1	-1	-1	-1	-1	35	0	
270	125	6961	-1	21	幽蛰之蜂		180.398132	184.131714	0	300640	10000	-1	-1	1	0	-1	-1	-1	-1	-1	-1	35	0	
271	126	6961	-1	21	幽蛰之蜂		119.547417	183.526642	0	300640	10000	-1	-1	1	0	-1	-1	-1	-1	-1	-1	35	0	
272	123	6961	-1	21	幽蛰之蜂		87.742538	127.985809	0	300640	10000	-1	-1	1	0	-1	-1	-1	-1	-1	-1	35	0	
273	124	6961	-1	21	幽蛰之蜂		154.823013	131.571136	0	300640	10000	-1	-1	1	0	-1	-1	-1	-1	-1	-1	35	0	
274	125	6961	-1	21	幽蛰之蜂		179.983643	181.123764	0	300640	10000	-1	-1	1	0	-1	-1	-1	-1	-1	-1	35	0	
275	126	6961	-1	21	幽蛰之蜂		123.414436	188.01947	0	300640	10000	-1	-1	1	0	-1	-1	-1	-1	-1	-1	35	0	
276	123	6961	-1	21	幽蛰之蜂		86.467873	133.392471	0	300640	10000	-1	-1	1	0	-1	-1	-1	-1	-1	-1	35	0	
277	124	6961	-1	21	幽蛰之蜂		152.501816	131.082001	0	300640	10000	-1	-1	1	0	-1	-1	-1	-1	-1	-1	35	0	
278	125	6961	-1	21	幽蛰之蜂		178.806015	185.938324	0	300640	10000	-1	-1	1	0	-1	-1	-1	-1	-1	-1	35	0	
279	126	6961	-1	21	幽蛰之蜂		124.581589	183.775467	0	300640	10000	-1	-1	1	0	-1	-1	-1	-1	-1	-1	35	0	
280	123	6961	-1	21	幽蛰之蜂		85.715912	124.994209	0	300640	10000	-1	-1	1	0	-1	-1	-1	-1	-1	-1	35	0	
281	124	6961	-1	21	幽蛰之蜂		152.319229	128.910065	0	300640	10000	-1	-1	1	0	-1	-1	-1	-1	-1	-1	35	0	
282	125	6961	-1	21	幽蛰之蜂		181.21727	180.826538	0	300640	10000	-1	-1	1	0	-1	-1	-1	-1	-1	-1	35	0	
283	126	6961	-1	21	幽蛰之蜂		125.034508	186.583084	0	300640	10000	-1	-1	1	0	-1	-1	-1	-1	-1	-1	35	0	
284	123	6961	-1	21	幽蛰之蜂		83.917328	129.779938	0	300640	10000	-1	-1	1	0	-1	-1	-1	-1	-1	-1	35	0	
285	124	6961	-1	21	幽蛰之蜂		156.782959	130.860947	0	300640	10000	-1	-1	1	0	-1	-1	-1	-1	-1	-1	35	0	
286	125	6961	-1	21	幽蛰之蜂		178.059204	182.817902	0	300640	10000	-1	-1	1	0	-1	-1	-1	-1	-1	-1	35	0	
287	126	6961	-1	21	幽蛰之蜂		120.929306	187.008774	0	300640	10000	-1	-1	1	0	-1	-1	-1	-1	-1	-1	35	0	
288	123	6961	-1	21	幽蛰之蜂		81.855881	130.616409	0	300640	10000	-1	-1	1	0	-1	-1	-1	-1	-1	-1	35	0	
289	124	6961	-1	21	幽蛰之蜂		153.975403	124.99221	0	300640	10000	-1	-1	1	0	-1	-1	-1	-1	-1	-1	35	0	
290	125	6961	-1	21	幽蛰之蜂		181.079315	183.331711	0	300640	10000	-1	-1	1	0	-1	-1	-1	-1	-1	-1	35	0	
291	126	6961	-1	21	幽蛰之蜂		126.012047	187.142975	0	300640	10000	-1	-1	1	0	-1	-1	-1	-1	-1	-1	35	0	
292	123	6961	-1	21	幽蛰之蜂		83.123299	127.335236	0	300640	10000	-1	-1	1	0	-1	-1	-1	-1	-1	-1	35	0	
293	124	6961	-1	21	幽蛰之蜂		156.170563	128.077271	0	300640	10000	-1	-1	1	0	-1	-1	-1	-1	-1	-1	35	0	
294	125	6961	-1	21	幽蛰之蜂		181.860931	183.634262	0	300640	10000	-1	-1	1	0	-1	-1	-1	-1	-1	-1	35	0	
295	126	6961	-1	21	幽蛰之蜂		125.475906	182.302582	0	300640	10000	-1	-1	1	0	-1	-1	-1	-1	-1	-1	35	0	
296	128	6960	-1	21	幽黑之蛛		158.2686	66.201149	0	300640	10000	-1	-1	1	0	-1	-1	-1	-1	-1	-1	30	0	
297	128	6960	-1	21	幽黑之蛛		159.093765	67.288612	0	300640	10000	-1	-1	1	0	-1	-1	-1	-1	-1	-1	30	0	
298	128	6960	-1	21	幽黑之蛛		158.068634	66.80986	0	300640	10000	-1	-1	1	0	-1	-1	-1	-1	-1	-1	30	0	
299	128	6960	-1	21	幽黑之蛛		157.357605	64.620338	0	300640	10000	-1	-1	1	0	-1	-1	-1	-1	-1	-1	30	0	
300	128	6960	-1	21	幽黑之蛛		155.487335	67.862976	0	300640	10000	-1	-1	1	0	-1	-1	-1	-1	-1	-1	30	0	
301	128	6960	-1	21	幽黑之蛛		156.36554	66.207466	0	300640	10000	-1	-1	1	0	-1	-1	-1	-1	-1	-1	30	0	
302	128	6960	-1	21	幽黑之蛛		158.607391	68.348701	0	300640	10000	-1	-1	1	0	-1	-1	-1	-1	-1	-1	30	0	
303	128	6960	-1	21	幽黑之蛛		158.320862	63.562428	0	300640	10000	-1	-1	1	0	-1	-1	-1	-1	-1	-1	30	0	
304	128	6960	-1	21	幽黑之蛛		157.889084	69.167175	0	300640	10000	-1	-1	1	0	-1	-1	-1	-1	-1	-1	30	0	
305	128	6960	-1	21	幽黑之蛛		159.836288	65.534904	0	300640	10000	-1	-1	1	0	-1	-1	-1	-1	-1	-1	30	0	
306	128	6960	-1	21	幽黑之蛛		159.341858	69.524857	0	300640	10000	-1	-1	1	0	-1	-1	-1	-1	-1	-1	30	0	
307	129	6961	-1	21	幽蛰之蜂		118.01432	127.804688	0	300640	10000	-1	-1	1	0	-1	-1	-1	-1	-1	-1	35	0	
308	130	6961	-1	21	幽蛰之蜂		118.077599	129.25209	0	300640	10000	-1	-1	1	0	-1	-1	-1	-1	-1	-1	35	0	
309	131	6961	-1	21	幽蛰之蜂		117.62085	130.683487	0	300640	10000	-1	-1	1	0	-1	-1	-1	-1	-1	-1	35	0	
310	132	6961	-1	21	幽蛰之蜂		120.004898	127.814316	0	300640	10000	-1	-1	1	0	-1	-1	-1	-1	-1	-1	35	0	
311	133	6961	-1	21	幽蛰之蜂		119.338135	129.478455	0	300640	10000	-1	-1	1	0	-1	-1	-1	-1	-1	-1	35	0	
312	134	6961	-1	21	幽蛰之蜂		118.343124	130.577118	0	300640	10000	-1	-1	1	0	-1	-1	-1	-1	-1	-1	35	0	
313	135	6961	-1	21	幽蛰之蜂		119.193764	128.47908	0	300640	10000	-1	-1	1	0	-1	-1	-1	-1	-1	-1	35	0	
314	136	6961	-1	21	幽蛰之蜂		119.83812	128.926376	0	300640	10000	-1	-1	1	0	-1	-1	-1	-1	-1	-1	35	0	
315	137	6961	-1	21	幽蛰之蜂		120.493004	129.704514	0	300640	10000	-1	-1	1	0	-1	-1	-1	-1	-1	-1	35	0	
316	138	6961	-1	21	幽蛰之蜂		119.706718	130.912704	0	300640	10000	-1	-1	1	0	-1	-1	-1	-1	-1	-1	35	0	
317	139	6961	-1	21	幽蛰之蜂		119.844604	131.787292	0	300640	10000	-1	-1	1	0	-1	-1	-1	-1	-1	-1	35	0	
318	140	6961	-1	21	幽蛰之蜂		121.539513	126.700859	0	300640	10000	-1	-1	1	0	-1	-1	-1	-1	-1	-1	35	0	
319	141	6961	-1	21	幽蛰之蜂		85.275055	127.749992	0	300640	10000	-1	-1	1	0	-1	-1	-1	-1	-1	-1	35	0	
320	142	6961	-1	21	幽蛰之蜂		120.234245	184.344879	0	300640	10000	-1	-1	1	0	-1	-1	-1	-1	-1	-1	35	0	
321	7336799	4295	101674	-1	组队指引人		48	76	0	-1	1000	-1	-1	3	0	-1	-1	-1	-1	-1	-1	100	0	
322	7336799	2603	101174	-1	迷宫一层	迷宫传送	81	81	18	-1	1000	-1	-1	3	0	-1	-1	-1	-1	-1	-1	100	0	
