9300	体质	力量修正修值	50	耐力修正值	50	智力修正值	50	敏捷修正值	50																										15	STD_IMPACT_003	1	9300	9300	9300	1	1	1	0	0	0	0	0	0	1	-1	0	0	0	-1	0	0				-1
9301	体质	力量修正修值	100	耐力修正值	100	智力修正值	100	敏捷修正值	100																										15	STD_IMPACT_003	1	9301	9301	9301	1	1	1	0	0	0	0	0	0	1	-1	0	0	0	-1	0	0				-1
9302	体质	力量修正修值	150	耐力修正值	150	智力修正值	150	敏捷修正值	150																										15	STD_IMPACT_003	1	9302	9302	9302	1	1	1	0	0	0	0	0	0	1	-1	0	0	0	-1	0	0				-1
9303	体质	力量修正修值	200	耐力修正值	200	智力修正值	200	敏捷修正值	200																										15	STD_IMPACT_003	1	9303	9303	9303	1	1	1	0	0	0	0	0	0	1	-1	0	0	0	-1	0	0				-1
9304	体质	力量修正修值	250	耐力修正值	250	智力修正值	250	敏捷修正值	250																										15	STD_IMPACT_003	1	9304	9304	9304	1	1	1	0	0	0	0	0	0	1	-1	0	0	0	-1	0	0				-1
9305	体质	力量修正修值	300	耐力修正值	300	智力修正值	300	敏捷修正值	300																										15	STD_IMPACT_003	1	9305	9305	9305	1	1	1	0	0	0	0	0	0	1	-1	0	0	0	-1	0	0				-1
9306	体质	力量修正修值	350	耐力修正值	350	智力修正值	350	敏捷修正值	350																										15	STD_IMPACT_003	1	9306	9306	9306	1	1	1	0	0	0	0	0	0	1	-1	0	0	0	-1	0	0				-1
9307	体质	力量修正修值	400	耐力修正值	400	智力修正值	400	敏捷修正值	400																										15	STD_IMPACT_003	1	9307	9307	9307	1	1	1	0	0	0	0	0	0	1	-1	0	0	0	-1	0	0				-1
9308	体质	力量修正修值	450	耐力修正值	450	智力修正值	450	敏捷修正值	450																										15	STD_IMPACT_003	1	9308	9308	9308	1	1	1	0	0	0	0	0	0	1	-1	0	0	0	-1	0	0				-1
9309	体质	力量修正修值	500	耐力修正值	500	智力修正值	500	敏捷修正值	500																										15	STD_IMPACT_003	1	9309	9309	9309	1	1	1	0	0	0	0	0	0	1	-1	0	0	0	-1	0	0				-1
9310	体质	力量修正修值	550	耐力修正值	550	智力修正值	550	敏捷修正值	550																										15	STD_IMPACT_003	1	9310	9310	9310	1	1	1	0	0	0	0	0	0	1	-1	0	0	0	-1	0	0				-1
9311	体质	力量修正修值	600	耐力修正值	600	智力修正值	600	敏捷修正值	600																										15	STD_IMPACT_003	1	9311	9311	9311	1	1	1	0	0	0	0	0	0	1	-1	0	0	0	-1	0	0				-1
9312	体质	力量修正修值	650	耐力修正值	650	智力修正值	650	敏捷修正值	650																										15	STD_IMPACT_003	1	9312	9312	9312	1	1	1	0	0	0	0	0	0	1	-1	0	0	0	-1	0	0				-1
9313	体质	力量修正修值	700	耐力修正值	700	智力修正值	700	敏捷修正值	700																										15	STD_IMPACT_003	1	9313	9313	9313	1	1	1	0	0	0	0	0	0	1	-1	0	0	0	-1	0	0				-1
9314	体质	力量修正修值	750	耐力修正值	750	智力修正值	750	敏捷修正值	750																										15	STD_IMPACT_003	1	9314	9314	9314	1	1	1	0	0	0	0	0	0	1	-1	0	0	0	-1	0	0				-1
9315	体质	力量修正修值	800	耐力修正值	800	智力修正值	800	敏捷修正值	800																										15	STD_IMPACT_003	1	9315	9315	9315	1	1	1	0	0	0	0	0	0	1	-1	0	0	0	-1	0	0				-1
9316	体质	力量修正修值	850	耐力修正值	850	智力修正值	850	敏捷修正值	850																										15	STD_IMPACT_003	1	9316	9316	9316	1	1	1	0	0	0	0	0	0	1	-1	0	0	0	-1	0	0				-1
9317	体质	力量修正修值	900	耐力修正值	900	智力修正值	900	敏捷修正值	900																										15	STD_IMPACT_003	1	9317	9317	9317	1	1	1	0	0	0	0	0	0	1	-1	0	0	0	-1	0	0				-1
9318	体质	力量修正修值	950	耐力修正值	950	智力修正值	950	敏捷修正值	950																										15	STD_IMPACT_003	1	9318	9318	9318	1	1	1	0	0	0	0	0	0	1	-1	0	0	0	-1	0	0				-1
9319	体质	力量修正修值	1000	耐力修正值	1000	智力修正值	1000	敏捷修正值	1000																										15	STD_IMPACT_003	1	9319	9319	9319	1	1	1	0	0	0	0	0	0	1	-1	0	0	0	-1	0	0				-1
9320	体质	力量修正修值	1050	耐力修正值	1050	智力修正值	1050	敏捷修正值	1050																										15	STD_IMPACT_003	1	9320	9320	9320	1	1	1	0	0	0	0	0	0	1	-1	0	0	0	-1	0	0				-1
9321	体质	力量修正修值	1100	耐力修正值	1100	智力修正值	1100	敏捷修正值	1100																										15	STD_IMPACT_003	1	9321	9321	9321	1	1	1	0	0	0	0	0	0	1	-1	0	0	0	-1	0	0				-1
9322	体质	力量修正修值	1150	耐力修正值	1150	智力修正值	1150	敏捷修正值	1150																										15	STD_IMPACT_003	1	9322	9322	9322	1	1	1	0	0	0	0	0	0	1	-1	0	0	0	-1	0	0				-1
9323	体质	力量修正修值	1200	耐力修正值	1200	智力修正值	1200	敏捷修正值	1200																										15	STD_IMPACT_003	1	9323	9323	9323	1	1	1	0	0	0	0	0	0	1	-1	0	0	0	-1	0	0				-1
9324	体质	力量修正修值	1250	耐力修正值	1250	智力修正值	1250	敏捷修正值	1250																										15	STD_IMPACT_003	1	9324	9324	9324	1	1	1	0	0	0	0	0	0	1	-1	0	0	0	-1	0	0				-1
9325	体质	力量修正修值	1300	耐力修正值	1300	智力修正值	1300	敏捷修正值	1300																										15	STD_IMPACT_003	1	9325	9325	9325	1	1	1	0	0	0	0	0	0	1	-1	0	0	0	-1	0	0				-1
9326	体质	力量修正修值	1350	耐力修正值	1350	智力修正值	1350	敏捷修正值	1350																										15	STD_IMPACT_003	1	9326	9326	9326	1	1	1	0	0	0	0	0	0	1	-1	0	0	0	-1	0	0				-1
9327	体质	力量修正修值	1400	耐力修正值	1400	智力修正值	1400	敏捷修正值	1400																										15	STD_IMPACT_003	1	9327	9327	9327	1	1	1	0	0	0	0	0	0	1	-1	0	0	0	-1	0	0				-1
9328	体质	力量修正修值	1450	耐力修正值	1450	智力修正值	1450	敏捷修正值	1450																										15	STD_IMPACT_003	1	9328	9328	9328	1	1	1	0	0	0	0	0	0	1	-1	0	0	0	-1	0	0				-1
9329	体质	力量修正修值	1500	耐力修正值	1500	智力修正值	1500	敏捷修正值	1500																										15	STD_IMPACT_003	1	9329	9329	9329	1	1	1	0	0	0	0	0	0	1	-1	0	0	0	-1	0	0				-1
9330	体质	力量修正修值	1550	耐力修正值	1550	智力修正值	1550	敏捷修正值	1550																										15	STD_IMPACT_003	1	9330	9330	9330	1	1	1	0	0	0	0	0	0	1	-1	0	0	0	-1	0	0				-1
9331	体质	力量修正修值	1600	耐力修正值	1600	智力修正值	1600	敏捷修正值	1600																										15	STD_IMPACT_003	1	9331	9331	9331	1	1	1	0	0	0	0	0	0	1	-1	0	0	0	-1	0	0				-1
9332	体质	力量修正修值	1650	耐力修正值	1650	智力修正值	1650	敏捷修正值	1650																										15	STD_IMPACT_003	1	9332	9332	9332	1	1	1	0	0	0	0	0	0	1	-1	0	0	0	-1	0	0				-1
9333	体质	力量修正修值	1700	耐力修正值	1700	智力修正值	1700	敏捷修正值	1700																										15	STD_IMPACT_003	1	9333	9333	9333	1	1	1	0	0	0	0	0	0	1	-1	0	0	0	-1	0	0				-1
9334	体质	力量修正修值	1750	耐力修正值	1750	智力修正值	1750	敏捷修正值	1750																										15	STD_IMPACT_003	1	9334	9334	9334	1	1	1	0	0	0	0	0	0	1	-1	0	0	0	-1	0	0				-1
9335	体质	力量修正修值	1800	耐力修正值	1800	智力修正值	1800	敏捷修正值	1800																										15	STD_IMPACT_003	1	9335	9335	9335	1	1	1	0	0	0	0	0	0	1	-1	0	0	0	-1	0	0				-1
9336	体质	力量修正修值	1850	耐力修正值	1850	智力修正值	1850	敏捷修正值	1850																										15	STD_IMPACT_003	1	9336	9336	9336	1	1	1	0	0	0	0	0	0	1	-1	0	0	0	-1	0	0				-1
9337	体质	力量修正修值	1900	耐力修正值	1900	智力修正值	1900	敏捷修正值	1900																										15	STD_IMPACT_003	1	9337	9337	9337	1	1	1	0	0	0	0	0	0	1	-1	0	0	0	-1	0	0				-1
9338	体质	力量修正修值	1950	耐力修正值	1950	智力修正值	1950	敏捷修正值	1950																										15	STD_IMPACT_003	1	9338	9338	9338	1	1	1	0	0	0	0	0	0	1	-1	0	0	0	-1	0	0				-1
9339	体质	力量修正修值	2000	耐力修正值	2000	智力修正值	2000	敏捷修正值	2000																										15	STD_IMPACT_003	1	9339	9339	9339	1	1	1	0	0	0	0	0	0	1	-1	0	0	0	-1	0	0				-1
9340	体质	力量修正修值	2050	耐力修正值	2050	智力修正值	2050	敏捷修正值	2050																										15	STD_IMPACT_003	1	9340	9340	9340	1	1	1	0	0	0	0	0	0	1	-1	0	0	0	-1	0	0				-1
9341	体质	力量修正修值	2100	耐力修正值	2100	智力修正值	2100	敏捷修正值	2100																										15	STD_IMPACT_003	1	9341	9341	9341	1	1	1	0	0	0	0	0	0	1	-1	0	0	0	-1	0	0				-1
9342	体质	力量修正修值	2150	耐力修正值	2150	智力修正值	2150	敏捷修正值	2150																										15	STD_IMPACT_003	1	9342	9342	9342	1	1	1	0	0	0	0	0	0	1	-1	0	0	0	-1	0	0				-1
9343	体质	力量修正修值	2200	耐力修正值	2200	智力修正值	2200	敏捷修正值	2200																										15	STD_IMPACT_003	1	9343	9343	9343	1	1	1	0	0	0	0	0	0	1	-1	0	0	0	-1	0	0				-1
9344	体质	力量修正修值	2250	耐力修正值	2250	智力修正值	2250	敏捷修正值	2250																										15	STD_IMPACT_003	1	9344	9344	9344	1	1	1	0	0	0	0	0	0	1	-1	0	0	0	-1	0	0				-1
9345	体质	力量修正修值	2300	耐力修正值	2300	智力修正值	2300	敏捷修正值	2300																										15	STD_IMPACT_003	1	9345	9345	9345	1	1	1	0	0	0	0	0	0	1	-1	0	0	0	-1	0	0				-1
9346	体质	力量修正修值	2350	耐力修正值	2350	智力修正值	2350	敏捷修正值	2350																										15	STD_IMPACT_003	1	9346	9346	9346	1	1	1	0	0	0	0	0	0	1	-1	0	0	0	-1	0	0				-1
9347	体质	力量修正修值	2400	耐力修正值	2400	智力修正值	2400	敏捷修正值	2400																										15	STD_IMPACT_003	1	9347	9347	9347	1	1	1	0	0	0	0	0	0	1	-1	0	0	0	-1	0	0				-1
9348	体质	力量修正修值	2450	耐力修正值	2450	智力修正值	2450	敏捷修正值	2450																										15	STD_IMPACT_003	1	9348	9348	9348	1	1	1	0	0	0	0	0	0	1	-1	0	0	0	-1	0	0				-1
9349	体质	力量修正修值	2500	耐力修正值	2500	智力修正值	2500	敏捷修正值	2500																										15	STD_IMPACT_003	1	9349	9349	9349	1	1	1	0	0	0	0	0	0	1	-1	0	0	0	-1	0	0				-1
9350	体质	力量修正修值	2550	耐力修正值	2550	智力修正值	2550	敏捷修正值	2550																										15	STD_IMPACT_003	1	9350	9350	9350	1	1	1	0	0	0	0	0	0	1	-1	0	0	0	-1	0	0				-1
9351	体质	力量修正修值	2600	耐力修正值	2600	智力修正值	2600	敏捷修正值	2600																										15	STD_IMPACT_003	1	9351	9351	9351	1	1	1	0	0	0	0	0	0	1	-1	0	0	0	-1	0	0				-1
9352	体质	力量修正修值	2650	耐力修正值	2650	智力修正值	2650	敏捷修正值	2650																										15	STD_IMPACT_003	1	9352	9352	9352	1	1	1	0	0	0	0	0	0	1	-1	0	0	0	-1	0	0				-1
9353	体质	力量修正修值	2700	耐力修正值	2700	智力修正值	2700	敏捷修正值	2700																										15	STD_IMPACT_003	1	9353	9353	9353	1	1	1	0	0	0	0	0	0	1	-1	0	0	0	-1	0	0				-1
9354	体质	力量修正修值	2750	耐力修正值	2750	智力修正值	2750	敏捷修正值	2750																										15	STD_IMPACT_003	1	9354	9354	9354	1	1	1	0	0	0	0	0	0	1	-1	0	0	0	-1	0	0				-1
9355	体质	力量修正修值	2800	耐力修正值	2800	智力修正值	2800	敏捷修正值	2800																										15	STD_IMPACT_003	1	9355	9355	9355	1	1	1	0	0	0	0	0	0	1	-1	0	0	0	-1	0	0				-1
9356	体质	力量修正修值	2850	耐力修正值	2850	智力修正值	2850	敏捷修正值	2850																										15	STD_IMPACT_003	1	9356	9356	9356	1	1	1	0	0	0	0	0	0	1	-1	0	0	0	-1	0	0				-1
9357	体质	力量修正修值	2900	耐力修正值	2900	智力修正值	2900	敏捷修正值	2900																										15	STD_IMPACT_003	1	9357	9357	9357	1	1	1	0	0	0	0	0	0	1	-1	0	0	0	-1	0	0				-1
9358	体质	力量修正修值	2950	耐力修正值	2950	智力修正值	2950	敏捷修正值	2950																										15	STD_IMPACT_003	1	9358	9358	9358	1	1	1	0	0	0	0	0	0	1	-1	0	0	0	-1	0	0				-1
9359	体质	力量修正修值	3000	耐力修正值	3000	智力修正值	3000	敏捷修正值	3000																										15	STD_IMPACT_003	1	9359	9359	9359	1	1	1	0	0	0	0	0	0	1	-1	0	0	0	-1	0	0				-1
9360	体质	力量修正修值	3050	耐力修正值	3050	智力修正值	3050	敏捷修正值	3050																										15	STD_IMPACT_003	1	9360	9360	9360	1	1	1	0	0	0	0	0	0	1	-1	0	0	0	-1	0	0				-1
9361	体质	力量修正修值	3100	耐力修正值	3100	智力修正值	3100	敏捷修正值	3100																										15	STD_IMPACT_003	1	9361	9361	9361	1	1	1	0	0	0	0	0	0	1	-1	0	0	0	-1	0	0				-1
9362	体质	力量修正修值	3150	耐力修正值	3150	智力修正值	3150	敏捷修正值	3150																										15	STD_IMPACT_003	1	9362	9362	9362	1	1	1	0	0	0	0	0	0	1	-1	0	0	0	-1	0	0				-1
9363	体质	力量修正修值	3200	耐力修正值	3200	智力修正值	3200	敏捷修正值	3200																										15	STD_IMPACT_003	1	9363	9363	9363	1	1	1	0	0	0	0	0	0	1	-1	0	0	0	-1	0	0				-1
9364	体质	力量修正修值	3250	耐力修正值	3250	智力修正值	3250	敏捷修正值	3250																										15	STD_IMPACT_003	1	9364	9364	9364	1	1	1	0	0	0	0	0	0	1	-1	0	0	0	-1	0	0				-1
9365	体质	力量修正修值	3300	耐力修正值	3300	智力修正值	3300	敏捷修正值	3300																										15	STD_IMPACT_003	1	9365	9365	9365	1	1	1	0	0	0	0	0	0	1	-1	0	0	0	-1	0	0				-1
9366	体质	力量修正修值	3350	耐力修正值	3350	智力修正值	3350	敏捷修正值	3350																										15	STD_IMPACT_003	1	9366	9366	9366	1	1	1	0	0	0	0	0	0	1	-1	0	0	0	-1	0	0				-1
9367	体质	力量修正修值	3400	耐力修正值	3400	智力修正值	3400	敏捷修正值	3400																										15	STD_IMPACT_003	1	9367	9367	9367	1	1	1	0	0	0	0	0	0	1	-1	0	0	0	-1	0	0				-1
9368	体质	力量修正修值	3450	耐力修正值	3450	智力修正值	3450	敏捷修正值	3450																										15	STD_IMPACT_003	1	9368	9368	9368	1	1	1	0	0	0	0	0	0	1	-1	0	0	0	-1	0	0				-1
9369	体质	力量修正修值	3500	耐力修正值	3500	智力修正值	3500	敏捷修正值	3500																										15	STD_IMPACT_003	1	9369	9369	9369	1	1	1	0	0	0	0	0	0	1	-1	0	0	0	-1	0	0				-1
9370	体质	力量修正修值	3550	耐力修正值	3550	智力修正值	3550	敏捷修正值	3550																										15	STD_IMPACT_003	1	9370	9370	9370	1	1	1	0	0	0	0	0	0	1	-1	0	0	0	-1	0	0				-1
9371	体质	力量修正修值	3600	耐力修正值	3600	智力修正值	3600	敏捷修正值	3600																										15	STD_IMPACT_003	1	9371	9371	9371	1	1	1	0	0	0	0	0	0	1	-1	0	0	0	-1	0	0				-1
9372	体质	力量修正修值	3650	耐力修正值	3650	智力修正值	3650	敏捷修正值	3650																										15	STD_IMPACT_003	1	9372	9372	9372	1	1	1	0	0	0	0	0	0	1	-1	0	0	0	-1	0	0				-1
9373	体质	力量修正修值	3700	耐力修正值	3700	智力修正值	3700	敏捷修正值	3700																										15	STD_IMPACT_003	1	9373	9373	9373	1	1	1	0	0	0	0	0	0	1	-1	0	0	0	-1	0	0				-1
9374	体质	力量修正修值	3750	耐力修正值	3750	智力修正值	3750	敏捷修正值	3750																										15	STD_IMPACT_003	1	9374	9374	9374	1	1	1	0	0	0	0	0	0	1	-1	0	0	0	-1	0	0				-1
9375	体质	力量修正修值	3800	耐力修正值	3800	智力修正值	3800	敏捷修正值	3800																										15	STD_IMPACT_003	1	9375	9375	9375	1	1	1	0	0	0	0	0	0	1	-1	0	0	0	-1	0	0				-1
9376	体质	力量修正修值	3850	耐力修正值	3850	智力修正值	3850	敏捷修正值	3850																										15	STD_IMPACT_003	1	9376	9376	9376	1	1	1	0	0	0	0	0	0	1	-1	0	0	0	-1	0	0				-1
9377	体质	力量修正修值	3900	耐力修正值	3900	智力修正值	3900	敏捷修正值	3900																										15	STD_IMPACT_003	1	9377	9377	9377	1	1	1	0	0	0	0	0	0	1	-1	0	0	0	-1	0	0				-1
9378	体质	力量修正修值	3950	耐力修正值	3950	智力修正值	3950	敏捷修正值	3950																										15	STD_IMPACT_003	1	9378	9378	9378	1	1	1	0	0	0	0	0	0	1	-1	0	0	0	-1	0	0				-1
9379	体质	力量修正修值	4000	耐力修正值	4000	智力修正值	4000	敏捷修正值	4000																										15	STD_IMPACT_003	1	9379	9379	9379	1	1	1	0	0	0	0	0	0	1	-1	0	0	0	-1	0	0				-1
9380	体质	力量修正修值	4050	耐力修正值	4050	智力修正值	4050	敏捷修正值	4050																										15	STD_IMPACT_003	1	9380	9380	9380	1	1	1	0	0	0	0	0	0	1	-1	0	0	0	-1	0	0				-1
9381	体质	力量修正修值	4100	耐力修正值	4100	智力修正值	4100	敏捷修正值	4100																										15	STD_IMPACT_003	1	9381	9381	9381	1	1	1	0	0	0	0	0	0	1	-1	0	0	0	-1	0	0				-1
9382	体质	力量修正修值	4150	耐力修正值	4150	智力修正值	4150	敏捷修正值	4150																										15	STD_IMPACT_003	1	9382	9382	9382	1	1	1	0	0	0	0	0	0	1	-1	0	0	0	-1	0	0				-1
9383	体质	力量修正修值	4200	耐力修正值	4200	智力修正值	4200	敏捷修正值	4200																										15	STD_IMPACT_003	1	9383	9383	9383	1	1	1	0	0	0	0	0	0	1	-1	0	0	0	-1	0	0				-1
9384	体质	力量修正修值	4250	耐力修正值	4250	智力修正值	4250	敏捷修正值	4250																										15	STD_IMPACT_003	1	9384	9384	9384	1	1	1	0	0	0	0	0	0	1	-1	0	0	0	-1	0	0				-1
9385	体质	力量修正修值	4300	耐力修正值	4300	智力修正值	4300	敏捷修正值	4300																										15	STD_IMPACT_003	1	9385	9385	9385	1	1	1	0	0	0	0	0	0	1	-1	0	0	0	-1	0	0				-1
9386	体质	力量修正修值	4350	耐力修正值	4350	智力修正值	4350	敏捷修正值	4350																										15	STD_IMPACT_003	1	9386	9386	9386	1	1	1	0	0	0	0	0	0	1	-1	0	0	0	-1	0	0				-1
9387	体质	力量修正修值	4400	耐力修正值	4400	智力修正值	4400	敏捷修正值	4400																										15	STD_IMPACT_003	1	9387	9387	9387	1	1	1	0	0	0	0	0	0	1	-1	0	0	0	-1	0	0				-1
9388	体质	力量修正修值	4450	耐力修正值	4450	智力修正值	4450	敏捷修正值	4450																										15	STD_IMPACT_003	1	9388	9388	9388	1	1	1	0	0	0	0	0	0	1	-1	0	0	0	-1	0	0				-1
9389	体质	力量修正修值	4500	耐力修正值	4500	智力修正值	4500	敏捷修正值	4500																										15	STD_IMPACT_003	1	9389	9389	9389	1	1	1	0	0	0	0	0	0	1	-1	0	0	0	-1	0	0				-1
9390	体质	力量修正修值	4550	耐力修正值	4550	智力修正值	4550	敏捷修正值	4550																										15	STD_IMPACT_003	1	9390	9390	9390	1	1	1	0	0	0	0	0	0	1	-1	0	0	0	-1	0	0				-1
9391	体质	力量修正修值	4600	耐力修正值	4600	智力修正值	4600	敏捷修正值	4600																										15	STD_IMPACT_003	1	9391	9391	9391	1	1	1	0	0	0	0	0	0	1	-1	0	0	0	-1	0	0				-1
9392	体质	力量修正修值	4650	耐力修正值	4650	智力修正值	4650	敏捷修正值	4650																										15	STD_IMPACT_003	1	9392	9392	9392	1	1	1	0	0	0	0	0	0	1	-1	0	0	0	-1	0	0				-1
9393	体质	力量修正修值	4700	耐力修正值	4700	智力修正值	4700	敏捷修正值	4700																										15	STD_IMPACT_003	1	9393	9393	9393	1	1	1	0	0	0	0	0	0	1	-1	0	0	0	-1	0	0				-1
9394	体质	力量修正修值	4750	耐力修正值	4750	智力修正值	4750	敏捷修正值	4750																										15	STD_IMPACT_003	1	9394	9394	9394	1	1	1	0	0	0	0	0	0	1	-1	0	0	0	-1	0	0				-1
9395	体质	力量修正修值	4800	耐力修正值	4800	智力修正值	4800	敏捷修正值	4800																										15	STD_IMPACT_003	1	9395	9395	9395	1	1	1	0	0	0	0	0	0	1	-1	0	0	0	-1	0	0				-1
9396	体质	力量修正修值	4850	耐力修正值	4850	智力修正值	4850	敏捷修正值	4850																										15	STD_IMPACT_003	1	9396	9396	9396	1	1	1	0	0	0	0	0	0	1	-1	0	0	0	-1	0	0				-1
9397	体质	力量修正修值	4900	耐力修正值	4900	智力修正值	4900	敏捷修正值	4900																										15	STD_IMPACT_003	1	9397	9397	9397	1	1	1	0	0	0	0	0	0	1	-1	0	0	0	-1	0	0				-1
9398	体质	力量修正修值	4950	耐力修正值	4950	智力修正值	4950	敏捷修正值	4950																										15	STD_IMPACT_003	1	9398	9398	9398	1	1	1	0	0	0	0	0	0	1	-1	0	0	0	-1	0	0				-1
9399	体质	力量修正修值	5000	耐力修正值	5000	智力修正值	5000	敏捷修正值	5000																										15	STD_IMPACT_003	1	9399	9399	9399	1	1	1	0	0	0	0	0	0	1	-1	0	0	0	-1	0	0				-1
