NUM	TEXT	NUM	NUM	NUM	NUM	NUM	NUM	NUM	NUM	NUM	NUM	NUM
嶠포ID	杰矜세콘된섬	잚謹	친謹ID	skill1	skill2	skill3	skill4	skill5	skill6	skill7	skill8	skill9
1	1	0	0	0	0	0	0	0	0	0	0	0
2	1	1	1	0	0	0	0	0	0	0	0	0
3	1	1	30	0	0	0	0	0	0	0	0	0
4	1	2	60	0	0	0	0	0	0	0	0	0
5	1	3	92	2	2	2	2	2	2	2	2	2
6	1	4	120	2	2	2	2	2	2	2	2	2
7	1	5	150	1	1	1	1	1	1	1	1	1
8	1	6	180	1	1	1	1	1	1	1	1	1
9	1	8	242	0	0	0	0	0	0	0	0	0
10	1	8	243	0	0	0	0	0	0	0	0	0
#세콘1（팹繫묑샌）												
11	1	0	0	0	0	0	0	0	0	0	0	0
12	1	1	1	0	0	0	0	0	0	0	0	0
13	1	1	30	0	0	0	0	0	0	0	0	0
14	1	2	60	0	0	0	0	0	0	0	0	0
15	1	3	92	2	2	2	2	2	2	2	2	2
16	1	4	120	2	2	2	2	2	2	2	2	2
17	1	5	150	1	1	1	1	1	1	1	1	1
18	1	6	180	1	1	1	1	1	1	1	1	1
19	1	8	242	0	0	0	0	0	0	0	0	0
20	1	8	243	0	0	0	0	0	0	0	0	0
#세콘2												
21	2	0	0	0	0	0	0	0	0	0	0	0
22	2	1	1	0	0	0	0	0	0	0	0	0
23	2	1	30	0	0	0	0	0	0	0	0	0
24	2	2	60	0	0	0	0	0	0	0	0	0
25	2	3	92	2	2	2	2	2	2	2	2	2
26	2	4	120	2	2	2	2	2	2	2	2	2
27	2	5	150	1	1	1	1	1	1	1	1	1
28	2	6	180	1	1	1	1	1	1	1	1	1
29	2	8	242	0	0	0	0	0	0	0	0	0
30	2	8	243	0	0	0	0	0	0	0	0	0
#세콘3												
31	3	0	0	0	0	0	0	0	0	0	0	0
32	3	1	1	0	0	0	0	0	0	0	0	0
33	3	1	30	0	0	0	0	0	0	0	0	0
34	3	2	60	0	0	0	0	0	0	0	0	0
35	3	3	92	2	2	2	2	2	2	2	2	2
36	3	4	120	2	2	2	2	2	2	2	2	2
37	3	5	150	1	1	1	1	1	1	1	1	1
38	3	6	180	1	1	1	1	1	1	1	1	1
39	3	8	242	0	0	0	0	0	0	0	0	0
40	3	8	243	0	0	0	0	0	0	0	0	0
#세콘4												
41	4	0	0	0	0	0	0	0	0	0	0	0
42	4	1	1	0	0	0	0	0	0	0	0	0
43	4	1	30	0	0	0	0	0	0	0	0	0		
44	4	2	60	0	0	0	0	0	0	0	0	0		
45	4	3	92	2	2	2	2	2	2	2	2	2		
46	4	4	120	2	2	2	2	2	2	2	2	2		
47	4	5	150	1	1	1	1	1	1	1	1	1		
48	4	6	180	1	1	1	1	1	1	1	1	1		
49	4	8	242	0	0	0	0	0	0	0	0	0		
50	4	8	243	0	0	0	0	0	0	0	0	0		
#劤藤嶠포친謹（100-199）														
100	1	0	0	0	0	0	0	0	0	0	0	0	왕癎	
110	1	1	1	0	0	0	0	0	0	0	0	0	독+뜀1	10_01
111	1	1	2	0	0	0	0	0	0	0	0	0	독+뜀2	20_03
112	1	1	3	0	0	0	0	0	0	0	0	0	독+뜀3	30_01
113	1	1	4	0	0	0	0	0	0	0	0	0	독+뜀4	30_03
114	1	1	5	0	0	0	0	0	0	0	0	0	독+뜀5	40_01
115	1	1	6	0	0	0	0	0	0	0	0	0	독+뜀6	50_01
116	1	1	7	0	0	0	0	0	0	0	0	0	독+뜀7	70_01
117	1	1	8	0	0	0	0	0	0	0	0	0	독+뜀8	70_02
118	1	1	9	0	0	0	0	0	0	0	0	0	독+뜀9	80_01
119	1	1	10	0	0	0	0	0	0	0	0	0	독+뜀10	80_02
120	1	1	30	0	0	0	0	0	0	0	0	0	독1	10_01
121	1	1	31	0	0	0	0	0	0	0	0	0	독2	20_03
122	1	1	32	0	0	0	0	0	0	0	0	0	독3	30_01
123	1	1	33	0	0	0	0	0	0	0	0	0	독4	30_03
124	1	1	34	0	0	0	0	0	0	0	0	0	독5	40_01
125	1	1	35	0	0	0	0	0	0	0	0	0	독6	50_01
126	1	1	36	0	0	0	0	0	0	0	0	0	독7	70_01
127	1	1	37	0	0	0	0	0	0	0	0	0	독8	70_02
128	1	1	38	0	0	0	0	0	0	0	0	0	독9	80_01
129	1	1	39	0	0	0	0	0	0	0	0	0	독10	80_02
130	1	2	60	0	0	0	0	0	0	0	0	0	숲1	10_01
131	1	2	61	0	0	0	0	0	0	0	0	0	숲2	20_03
132	1	2	62	0	0	0	0	0	0	0	0	0	숲3	30_01
133	1	2	63	0	0	0	0	0	0	0	0	0	숲4	30_03
134	1	2	64	0	0	0	0	0	0	0	0	0	숲5	40_01
135	1	2	65	0	0	0	0	0	0	0	0	0	숲6	50_01
136	1	2	66	0	0	0	0	0	0	0	0	0	숲7	70_01
137	1	2	67	0	0	0	0	0	0	0	0	0	숲8	70_02
138	1	2	68	0	0	0	0	0	0	0	0	0	숲9	80_01
139	1	2	69	0	0	0	0	0	0	0	0	0	숲10	80_02
140	1	2	70	0	0	0	0	0	0	0	0	0	숲+릴癎숲1	10_01
141	1	2	71	0	0	0	0	0	0	0	0	0	숲+릴癎숲2	20_03
142	1	2	72	0	0	0	0	0	0	0	0	0	숲+릴癎숲3	30_01
143	1	2	73	0	0	0	0	0	0	0	0	0	숲+릴癎숲4	30_03
144	1	2	74	0	0	0	0	0	0	0	0	0	숲+릴癎숲5	40_01
145	1	2	75	0	0	0	0	0	0	0	0	0	숲+릴癎숲6	50_01
146	1	2	76	0	0	0	0	0	0	0	0	0	숲+릴癎숲7	70_01
147	1	2	77	0	0	0	0	0	0	0	0	0	숲+릴癎숲8	70_02
148	1	2	78	0	0	0	0	0	0	0	0	0	숲+릴癎숲9	80_01
149	1	2	79	0	0	0	0	0	0	0	0	0	숲+릴癎숲10	80_02
150	1	3	92	2	2	2	2	2	2	2	2	2	묶1	10_01
151	1	3	93	2	2	2	2	2	2	2	2	2	묶2	20_03
152	1	3	94	2	2	2	2	2	2	2	2	2	묶3	30_01
153	1	3	95	2	2	2	2	2	2	2	2	2	묶4	30_03
154	1	3	96	2	2	2	2	2	2	2	2	2	묶5	40_01
155	1	3	97	2	2	2	2	2	2	2	2	2	묶6	50_01
156	1	3	98	2	2	2	2	2	2	2	2	2	묶7	70_01
157	1	3	99	2	2	2	2	2	2	2	2	2	묶8	70_02
158	1	3	100	2	2	2	2	2	2	2	2	2	묶9	80_01
159	1	3	101	2	2	2	2	2	2	2	2	2	묶10	80_02
160	1	4	120	2	2	2	2	2	2	2	2	2	삽퓜1	10_01
161	1	4	121	2	2	2	2	2	2	2	2	2	삽퓜2	20_03
162	1	4	122	2	2	2	2	2	2	2	2	2	삽퓜3	30_01
163	1	4	123	2	2	2	2	2	2	2	2	2	삽퓜4	30_03
164	1	4	124	2	2	2	2	2	2	2	2	2	삽퓜5	40_01
165	1	4	125	2	2	2	2	2	2	2	2	2	삽퓜6	50_01
166	1	4	126	2	2	2	2	2	2	2	2	2	삽퓜7	70_01
167	1	4	127	2	2	2	2	2	2	2	2	2	삽퓜8	70_02
168	1	4	128	2	2	2	2	2	2	2	2	2	삽퓜9	80_01
169	1	4	129	2	2	2	2	2	2	2	2	2	삽퓜10	80_02
170	1	5	150	1	1	1	1	1	1	1	1	1	褥1	10_01
171	1	5	151	1	1	1	1	1	1	1	1	1	褥2	20_03
172	1	5	152	1	1	1	1	1	1	1	1	1	褥3	30_01
173	1	5	153	1	1	1	1	1	1	1	1	1	褥4	30_03
174	1	5	154	1	1	1	1	1	1	1	1	1	褥5	40_01
175	1	5	155	1	1	1	1	1	1	1	1	1	褥6	50_01
176	1	5	156	1	1	1	1	1	1	1	1	1	褥7	70_01
177	1	5	157	1	1	1	1	1	1	1	1	1	褥8	70_02
178	1	5	158	1	1	1	1	1	1	1	1	1	褥9	80_01
179	1	5	159	1	1	1	1	1	1	1	1	1	褥10	80_02
180	1	6	180	1	1	1	1	1	1	1	1	1	浪1	10_01
181	1	6	181	1	1	1	1	1	1	1	1	1	浪2	20_03
182	1	6	182	1	1	1	1	1	1	1	1	1	浪3	30_01
183	1	6	183	1	1	1	1	1	1	1	1	1	浪4	30_03
184	1	6	184	1	1	1	1	1	1	1	1	1	浪5	40_01
185	1	6	185	1	1	1	1	1	1	1	1	1	浪6	50_01
186	1	6	186	1	1	1	1	1	1	1	1	1	浪7	70_01
187	1	6	187	1	1	1	1	1	1	1	1	1	浪8	70_02
188	1	6	188	1	1	1	1	1	1	1	1	1	浪9	80_01
189	1	6	189	1	1	1	1	1	1	1	1	1	浪10	80_02
#景喝矜헹														
#릴굶밍膠														
200	1	1	200	0									댕謹능포	
230	1	1	230	0									앵훙뉨綾	
231	1	1	231	0									앵훙곯綾	
#밍膠嶠포친謹뜩湳昑（300-399）														
300	1	0	0	0	0	0	0	0	0	0	0	0	왕癎	
301	1	1	30	0	0	0	0	0	0	0	0	0	독1	10_01
302	1	1	31	0	0	0	0	0	0	0	0	0	독2	20_03
303	1	1	32	0	0	0	0	0	0	0	0	0	독3	30_01
304	1	1	33	0	0	0	0	0	0	0	0	0	독4	30_03
305	1	2	60	0	0	0	0	0	0	0	0	0	숲1	10_01
306	1	2	61	0	0	0	0	0	0	0	0	0	숲2	20_03
307	1	2	63	0	0	0	0	0	0	0	0	0	숲4	30_03
308	1	2	70	0	0	0	0	0	0	0	0	0	숲+릴癎숲1	10_01
309	1	2	71	0	0	0	0	0	0	0	0	0	숲+릴癎숲2	20_03
310	1	2	73	0	0	0	0	0	0	0	0	0	숲+릴癎숲4	30_03
311	1	1	1	0	0	0	0	0	0	0	0	0	독+뜀1	10_01
312	1	1	2	0	0	0	0	0	0	0	0	0	독+뜀2	20_03
313	1	1	3	0	0	0	0	0	0	0	0	0	독+뜀3	30_01
314	1	3	92	2	2	2	2	2	2	2	2	2	묶1	10_01
315	1	3	93	2	2	2	2	2	2	2	2	2	묶2	20_03
316	1	3	94	2	2	2	2	2	2	2	2	2	묶3	30_01
317	1	3	95	2	2	2	2	2	2	2	2	2	묶4	30_03
318	1	4	120	2	2	2	2	2	2	2	2	2	삽퓜1	10_01
319	1	4	121	2	2	2	2	2	2	2	2	2	삽퓜2	20_03
320	1	4	122	2	2	2	2	2	2	2	2	2	삽퓜3	30_01
321	1	4	123	2	2	2	2	2	2	2	2	2	삽퓜4	30_03
322	1	4	127	2	2	2	2	2	2	2	2	2	삽퓜8	70_02
323	1	6	180	1	1	1	1	1	1	1	1	1	浪1	10_01
324	1	6	181	1	1	1	1	1	1	1	1	1	浪2	20_03
325	1	6	182	1	1	1	1	1	1	1	1	1	浪3	30_01
#劤藤2														
327	1	1	40	0	0	0	0	0	0	0	0	0	독+뜀1	80_03
328	1	1	41	0	0	0	0	0	0	0	0	0	독+뜀2	70_03
329	1	1	42	0	0	0	0	0	0	0	0	0	독+뜀3	60_02
330	1	1	43	0	0	0	0	0	0	0	0	0	독+뜀4	60_01
331	1	1	44	0	0	0	0	0	0	0	0	0	독+뜀5	50_02
332	1	1	45	0	0	0	0	0	0	0	0	0	독+뜀6	30_02
333	1	1	46	0	0	0	0	0	0	0	0	0	독+뜀7	20_04
334	1	1	47	0	0	0	0	0	0	0	0	0	독+뜀8	20_02
335	1	1	48	0	0	0	0	0	0	0	0	0	독+뜀9	20_01
336	1	1	49	0	0	0	0	0	0	0	0	0	독+뜀10	10_04
337	1	1	50	0	0	0	0	0	0	0	0	0	독+뜀11	10_03
338	1	1	51	0	0	0	0	0	0	0	0	0	독+뜀12	10_02
339	1	2	80	0	0	0	0	0	0	0	0	0	숲+릴癎숲1	80_03
340	1	2	81	0	0	0	0	0	0	0	0	0	숲+릴癎숲2	70_03
341	1	2	82	0	0	0	0	0	0	0	0	0	숲+릴癎숲3	60_02
342	1	2	83	0	0	0	0	0	0	0	0	0	숲+릴癎숲4	60_01
343	1	2	84	0	0	0	0	0	0	0	0	0	숲+릴癎숲5	50_02
344	1	2	85	0	0	0	0	0	0	0	0	0	숲+릴癎숲6	30_02
345	1	2	86	0	0	0	0	0	0	0	0	0	숲+릴癎숲7	20_04
346	1	2	87	0	0	0	0	0	0	0	0	0	숲+릴癎숲8	20_02
347	1	2	88	0	0	0	0	0	0	0	0	0	숲+릴癎숲9	20_01
348	1	2	89	0	0	0	0	0	0	0	0	0	숲+릴癎숲10	10_04
349	1	2	90	0	0	0	0	0	0	0	0	0	숲+릴癎숲11	10_03
350	1	2	91	0	0	0	0	0	0	0	0	0	숲+릴癎숲12	10_02
351	1	3	102	2	2	2	2	2	2	2	2	2	묶1	80_03
352	1	3	103	2	2	2	2	2	2	2	2	2	묶2	70_03
353	1	3	104	2	2	2	2	2	2	2	2	2	묶3	60_02
354	1	3	105	2	2	2	2	2	2	2	2	2	묶4	60_01
355	1	3	106	2	2	2	2	2	2	2	2	2	묶5	50_02
356	1	3	107	2	2	2	2	2	2	2	2	2	묶6	30_02
357	1	3	108	2	2	2	2	2	2	2	2	2	묶7	20_04
358	1	3	109	2	2	2	2	2	2	2	2	2	묶8	20_02
359	1	3	110	2	2	2	2	2	2	2	2	2	묶9	20_01
360	1	3	111	2	2	2	2	2	2	2	2	2	묶10	10_04
361	1	3	112	2	2	2	2	2	2	2	2	2	묶11	10_03
362	1	3	113	2	2	2	2	2	2	2	2	2	묶12	10_02
363	1	4	130	2	2	2	2	2	2	2	2	2	퓜1	80_03
364	1	4	131	2	2	2	2	2	2	2	2	2	퓜2	70_03
365	1	4	132	2	2	2	2	2	2	2	2	2	퓜3	60_02
366	1	4	133	2	2	2	2	2	2	2	2	2	퓜4	60_01
367	1	4	134	2	2	2	2	2	2	2	2	2	퓜5	50_02
368	1	4	135	2	2	2	2	2	2	2	2	2	퓜6	30_02
369	1	4	136	2	2	2	2	2	2	2	2	2	퓜7	20_04
370	1	4	137	2	2	2	2	2	2	2	2	2	퓜8	20_02
371	1	4	138	2	2	2	2	2	2	2	2	2	퓜9	20_01
372	1	4	139	2	2	2	2	2	2	2	2	2	퓜10	10_04
373	1	4	140	2	2	2	2	2	2	2	2	2	퓜11	10_03
374	1	4	141	2	2	2	2	2	2	2	2	2	퓜12	10_04
375	1	5	160	1	1	1	1	1	1	1	1	1	褥+뮬1	80_03
376	1	5	161	1	1	1	1	1	1	1	1	1	褥+뮬2	70_03
377	1	5	162	1	1	1	1	1	1	1	1	1	褥+뮬3	60_02
378	1	5	163	1	1	1	1	1	1	1	1	1	褥+뮬4	60_01
379	1	5	164	1	1	1	1	1	1	1	1	1	褥+뮬5	50_02
380	1	5	165	1	1	1	1	1	1	1	1	1	褥+뮬6	30_02
381	1	5	166	1	1	1	1	1	1	1	1	1	褥+뮬7	20_04
382	1	5	167	1	1	1	1	1	1	1	1	1	褥+뮬8	20_02
383	1	5	168	1	1	1	1	1	1	1	1	1	褥+뮬9	10_04
384	1	5	169	1	1	1	1	1	1	1	1	1	褥+뮬10	10_03
385	1	5	170	1	1	1	1	1	1	1	1	1	褥+뮬11	10_02
386	1	5	171	1	1	1	1	1	1	1	1	1	褥+뮬12	20_01
387	1	6	190	1	1	1	1	1	1	1	1	1	浪+뵀실1	80_03
388	1	6	191	1	1	1	1	1	1	1	1	1	浪+뵀실2	70_03
389	1	6	192	1	1	1	1	1	1	1	1	1	浪+뵀실3	60_02
390	1	6	193	1	1	1	1	1	1	1	1	1	浪+뵀실4	60_01
391	1	6	194	1	1	1	1	1	1	1	1	1	浪+뵀실5	50_02
392	1	6	195	1	1	1	1	1	1	1	1	1	浪+뵀실6	30_02
393	1	6	196	1	1	1	1	1	1	1	1	1	浪+뵀실7	20_04
394	1	6	197	1	1	1	1	1	1	1	1	1	浪+뵀실8	20_02
395	1	6	198	1	1	1	1	1	1	1	1	1	浪+뵀실9	20_01
396	1	6	199	1	1	1	1	1	1	1	1	1	浪+뵀실10	10_04
397	1	6	200	1	1	1	1	1	1	1	1	1	浪+뵀실11	10_03
398	1	6	201	1	1	1	1	1	1	1	1	1	浪+뵀실12	10_02

400	1	8	239	0	0	0	0	0	0	0	0	0	崗癎릊1	10_01
401	1	8	240	0	0	0	0	0	0	0	0	0	崗癎릊2	10_02
402	1	8	241	0	0	0	0	0	0	0	0	0	崗癎릊3	10_03
403	1	8	242	0	0	0	0	0	0	0	0	0	崗癎숲1	10_01
404	1	8	243	0	0	0	0	0	0	0	0	0	崗癎숲2	10_02
405	1	8	244	0	0	0	0	0	0	0	0	0	崗癎숲3	10_03
406	1	8	245	0	0	0	0	0	0	0	0	0	崗癎숲4	10_04
407	1	10	232	0	0	0	0	0	0	0	0	0	낀元1	10_01
408	1	10	233	0	0	0	0	0	0	0	0	0	낀元2	10_02
409	1	10	234	0	0	0	0	0	0	0	0	0	낀元3	10_03
410	1	10	235	0	0	0	0	0	0	0	0	0	낀챙1	10_01
411	1	10	236	0	0	0	0	0	0	0	0	0	낀챙2	10_02
412	1	10	237	0	0	0	0	0	0	0	0	0	낀챙3	10_03
413	1	10	238	0	0	0	0	0	0	0	0	0	낀챙4	10_04
414	1	10	246	0	0	0	0	0	0	0	0	0	낀元籃접1	10_01
415	1	10	247	0	0	0	0	0	0	0	0	0	낀元籃접2	10_02
416	1	10	248	0	0	0	0	0	0	0	0	0	낀元籃접3	10_03
417	1	10	249	0	0	0	0	0	0	0	0	0	낀챙籃접1	10_01
418	1	10	250	0	0	0	0	0	0	0	0	0	낀챙籃접2	10_02
419	1	10	251	0	0	0	0	0	0	0	0	0	낀챙籃접3	10_03
420	1	10	252	0	0	0	0	0	0	0	0	0	낀챙籃접4	10_04

422	1	1	254	0	0	0	0	0	0	0	0	0	독+뜀1	10_01
423	1	1	255	0	0	0	0	0	0	0	0	0	독+뜀2	10_02
424	1	1	256	0	0	0	0	0	0	0	0	0	독+뜀3	10_03
425	1	1	257	0	0	0	0	0	0	0	0	0	독+뜀4	10_04
426	1	1	258	0	0	0	0	0	0	0	0	0	독+뜀5	20_01
427	1	1	259	0	0	0	0	0	0	0	0	0	독+뜀6	20_02
428	1	1	260	0	0	0	0	0	0	0	0	0	독+뜀7	20_03
429	1	1	261	0	0	0	0	0	0	0	0	0	독+뜀8	20_04
430	1	1	262	0	0	0	0	0	0	0	0	0	독+뜀9	30_01
431	1	1	263	0	0	0	0	0	0	0	0	0	독+뜀10	30_02
432	1	1	264	0	0	0	0	0	0	0	0	0	독+뜀11	30_03
433	1	1	265	0	0	0	0	0	0	0	0	0	독+뜀12	40_01
434	1	1	266	0	0	0	0	0	0	0	0	0	독+뜀13	50_01
435	1	1	267	0	0	0	0	0	0	0	0	0	독+뜀14	50_02
436	1	1	268	0	0	0	0	0	0	0	0	0	독+뜀15	60_01
437	1	1	269	0	0	0	0	0	0	0	0	0	독+뜀16	60_02
438	1	1	270	0	0	0	0	0	0	0	0	0	독+뜀17	70_01
439	1	1	271	0	0	0	0	0	0	0	0	0	독+뜀18	70_02
440	1	1	272	0	0	0	0	0	0	0	0	0	독+뜀19	70_03
441	1	1	273	0	0	0	0	0	0	0	0	0	독+뜀20	80_01
442	1	1	274	0	0	0	0	0	0	0	0	0	독+뜀21	80_02
443	1	1	275	0	0	0	0	0	0	0	0	0	독+뜀22	80_03
444	1	2	276	0	0	0	0	0	0	0	0	0	숲+릴숲1	10_01
445	1	2	278	0	0	0	0	0	0	0	0	0	숲+릴숲2	10_02
446	1	2	279	0	0	0	0	0	0	0	0	0	숲+릴숲3	10_03
447	1	2	280	0	0	0	0	0	0	0	0	0	숲+릴숲4	10_04
448	1	2	281	0	0	0	0	0	0	0	0	0	숲+릴숲5	20_01
449	1	2	282	0	0	0	0	0	0	0	0	0	숲+릴숲6	20_02
450	1	2	283	0	0	0	0	0	0	0	0	0	숲+릴숲7	20_03
451	1	2	284	0	0	0	0	0	0	0	0	0	숲+릴숲8	20_04
452	1	2	285	0	0	0	0	0	0	0	0	0	숲+릴숲9	30_01
453	1	2	286	0	0	0	0	0	0	0	0	0	숲+릴숲10	30_02
454	1	2	287	0	0	0	0	0	0	0	0	0	숲+릴숲11	30_03
455	1	2	288	0	0	0	0	0	0	0	0	0	숲+릴숲12	40_01
456	1	2	289	0	0	0	0	0	0	0	0	0	숲+릴숲13	50_01
457	1	2	290	0	0	0	0	0	0	0	0	0	숲+릴숲14	50_02
458	1	2	291	0	0	0	0	0	0	0	0	0	숲+릴숲15	60_01
459	1	2	292	0	0	0	0	0	0	0	0	0	숲+릴숲16	60_02
460	1	2	293	0	0	0	0	0	0	0	0	0	숲+릴숲17	70_01
461	1	2	294	0	0	0	0	0	0	0	0	0	숲+릴숲18	70_02
462	1	2	295	0	0	0	0	0	0	0	0	0	숲+릴숲19	70_03
463	1	2	296	0	0	0	0	0	0	0	0	0	숲+릴숲20	80_01
464	1	2	297	0	0	0	0	0	0	0	0	0	숲+릴숲21	80_02
465	1	2	298	0	0	0	0	0	0	0	0	0	숲+릴숲22	80_03
466	1	5	299	1	1	1	1	1	1	1	1	1	浪+뵀실1	10_01
467	1	5	300	1	1	1	1	1	1	1	1	1	浪+뵀실2	10_02
468	1	5	301	1	1	1	1	1	1	1	1	1	浪+뵀실3	10_03
469	1	5	302	1	1	1	1	1	1	1	1	1	浪+뵀실4	10_04
470	1	5	303	1	1	1	1	1	1	1	1	1	浪+뵀실5	20_01
471	1	5	304	1	1	1	1	1	1	1	1	1	浪+뵀실6	20_02
472	1	5	305	1	1	1	1	1	1	1	1	1	浪+뵀실7	20_03
473	1	5	306	1	1	1	1	1	1	1	1	1	浪+뵀실8	20_04
474	1	5	307	1	1	1	1	1	1	1	1	1	浪+뵀실9	30_01
475	1	5	308	1	1	1	1	1	1	1	1	1	浪+뵀실10	30_02
476	1	5	309	1	1	1	1	1	1	1	1	1	浪+뵀실11	30_03
477	1	5	310	1	1	1	1	1	1	1	1	1	浪+뵀실12	40_01
478	1	5	311	1	1	1	1	1	1	1	1	1	浪+뵀실13	50_01
479	1	5	312	1	1	1	1	1	1	1	1	1	浪+뵀실14	50_02
480	1	5	313	1	1	1	1	1	1	1	1	1	浪+뵀실15	60_01
481	1	5	314	1	1	1	1	1	1	1	1	1	浪+뵀실16	60_02
482	1	5	315	1	1	1	1	1	1	1	1	1	浪+뵀실17	70_01
483	1	5	316	1	1	1	1	1	1	1	1	1	浪+뵀실18	70_02
484	1	5	317	1	1	1	1	1	1	1	1	1	浪+뵀실19	70_03
485	1	5	318	1	1	1	1	1	1	1	1	1	浪+뵀실20	80_01
486	1	5	319	1	1	1	1	1	1	1	1	1	浪+뵀실21	80_02
487	1	5	320	1	1	1	1	1	1	1	1	1	浪+뵀실22	80_03
488	1	6	321	1	1	1	1	1	1	1	1	1	褥+뮬1	10_01
489	1	6	322	1	1	1	1	1	1	1	1	1	褥+뮬2	10_02
490	1	6	323	1	1	1	1	1	1	1	1	1	褥+뮬3	10_03
491	1	6	324	1	1	1	1	1	1	1	1	1	褥+뮬4	10_04
492	1	6	325	1	1	1	1	1	1	1	1	1	褥+뮬5	20_01
493	1	6	326	1	1	1	1	1	1	1	1	1	褥+뮬6	20_02
494	1	6	327	1	1	1	1	1	1	1	1	1	褥+뮬7	20_03
495	1	6	328	1	1	1	1	1	1	1	1	1	褥+뮬8	20_04
496	1	6	329	1	1	1	1	1	1	1	1	1	褥+뮬9	30_01
497	1	6	330	1	1	1	1	1	1	1	1	1	褥+뮬10	30_02
498	1	6	331	1	1	1	1	1	1	1	1	1	褥+뮬11	30_03
499	1	6	332	1	1	1	1	1	1	1	1	1	褥+뮬12	40_01
500	1	6	333	1	1	1	1	1	1	1	1	1	褥+뮬13	50_01
501	1	6	334	1	1	1	1	1	1	1	1	1	褥+뮬14	50_02
502	1	6	335	1	1	1	1	1	1	1	1	1	褥+뮬15	60_01
503	1	6	336	1	1	1	1	1	1	1	1	1	褥+뮬16	60_02
504	1	6	337	1	1	1	1	1	1	1	1	1	褥+뮬17	70_01
505	1	6	338	1	1	1	1	1	1	1	1	1	褥+뮬18	70_02
506	1	6	339	1	1	1	1	1	1	1	1	1	褥+뮬19	70_03
507	1	6	340	1	1	1	1	1	1	1	1	1	褥+뮬20	80_01
508	1	6	341	1	1	1	1	1	1	1	1	1	褥+뮬21	80_02
509	1	6	342	1	1	1	1	1	1	1	1	1	褥+뮬22	80_03
510	1	3	343	2	2	2	2	2	2	2	2	2	렴댕묶1	10_01
511	1	3	344	2	2	2	2	2	2	2	2	2	렴댕묶2	10_02
512	1	3	345	2	2	2	2	2	2	2	2	2	렴댕묶3	10_03
513	1	3	346	2	2	2	2	2	2	2	2	2	렴댕묶4	10_04
514	1	3	347	2	2	2	2	2	2	2	2	2	렴댕묶5	20_01
515	1	3	348	2	2	2	2	2	2	2	2	2	렴댕묶6	20_02
516	1	3	349	2	2	2	2	2	2	2	2	2	렴댕묶7	20_03
517	1	3	350	2	2	2	2	2	2	2	2	2	렴댕묶8	20_04
518	1	3	351	2	2	2	2	2	2	2	2	2	렴댕묶9	30_01
519	1	3	352	2	2	2	2	2	2	2	2	2	렴댕묶10	30_02
520	1	3	353	2	2	2	2	2	2	2	2	2	렴댕묶11	30_03
521	1	3	354	2	2	2	2	2	2	2	2	2	렴댕묶12	40_01
522	1	3	355	2	2	2	2	2	2	2	2	2	렴댕묶13	50_01
523	1	3	356	2	2	2	2	2	2	2	2	2	렴댕묶14	50_02
524	1	3	357	2	2	2	2	2	2	2	2	2	렴댕묶15	60_01
525	1	3	358	2	2	2	2	2	2	2	2	2	렴댕묶16	60_02
526	1	3	359	2	2	2	2	2	2	2	2	2	렴댕묶17	70_01
527	1	3	360	2	2	2	2	2	2	2	2	2	렴댕묶18	70_02
528	1	3	361	2	2	2	2	2	2	2	2	2	렴댕묶19	70_03
529	1	3	362	2	2	2	2	2	2	2	2	2	렴댕묶20	80_01
530	1	3	363	2	2	2	2	2	2	2	2	2	렴댕묶21	80_02
531	1	3	364	2	2	2	2	2	2	2	2	2	렴댕묶22	80_03
532	1	9	343	0	0	0	0	0	0	0	0	0	렴댕_펴綾.obj	렴댕_펴綾

#劤藤렴댕寮癎														
535	1	1	366	0	0	0	0	0	0	0	0	0	독1	10_01
536	1	1	367	0	0	0	0	0	0	0	0	0	독2	10_02
537	1	1	368	0	0	0	0	0	0	0	0	0	독3	10_03
538	1	1	369	0	0	0	0	0	0	0	0	0	독4	10_04
539	1	1	370	0	0	0	0	0	0	0	0	0	독5	20_01
540	1	1	371	0	0	0	0	0	0	0	0	0	독6	20_02
541	1	1	372	0	0	0	0	0	0	0	0	0	독7	20_03
542	1	1	373	0	0	0	0	0	0	0	0	0	독8	20_04
543	1	1	374	0	0	0	0	0	0	0	0	0	독9	30_01
544	1	1	375	0	0	0	0	0	0	0	0	0	독10	30_02
545	1	1	376	0	0	0	0	0	0	0	0	0	독11	30_03
546	1	1	377	0	0	0	0	0	0	0	0	0	독12	40_01
547	1	1	378	0	0	0	0	0	0	0	0	0	독13	50_01
548	1	1	379	0	0	0	0	0	0	0	0	0	독14	50_02
549	1	1	380	0	0	0	0	0	0	0	0	0	독15	60_01
550	1	1	381	0	0	0	0	0	0	0	0	0	독16	60_02
551	1	1	382	0	0	0	0	0	0	0	0	0	독17	70_01
552	1	1	383	0	0	0	0	0	0	0	0	0	독18	70_02
553	1	1	384	0	0	0	0	0	0	0	0	0	독19	70_03
554	1	1	385	0	0	0	0	0	0	0	0	0	독20	80_01
555	1	1	386	0	0	0	0	0	0	0	0	0	독21	80_02
556	1	1	387	0	0	0	0	0	0	0	0	0	독22	80_03
557	1	2	388	0	0	0	0	0	0	0	0	0	숲1	10_01
558	1	2	389	0	0	0	0	0	0	0	0	0	숲2	10_02
559	1	2	390	0	0	0	0	0	0	0	0	0	숲3	10_03
560	1	2	391	0	0	0	0	0	0	0	0	0	숲4	10_04
561	1	2	392	0	0	0	0	0	0	0	0	0	숲5	20_01
562	1	2	393	0	0	0	0	0	0	0	0	0	숲6	20_02
563	1	2	394	0	0	0	0	0	0	0	0	0	숲7	20_03
564	1	2	395	0	0	0	0	0	0	0	0	0	숲8	20_04
565	1	2	396	0	0	0	0	0	0	0	0	0	숲9	30_01
566	1	2	397	0	0	0	0	0	0	0	0	0	숲10	30_02
567	1	2	398	0	0	0	0	0	0	0	0	0	숲11	30_03
568	1	2	399	0	0	0	0	0	0	0	0	0	숲12	40_01
569	1	2	400	0	0	0	0	0	0	0	0	0	숲13	50_01
570	1	2	401	0	0	0	0	0	0	0	0	0	숲14	50_02
571	1	2	402	0	0	0	0	0	0	0	0	0	숲15	60_01
572	1	2	403	0	0	0	0	0	0	0	0	0	숲16	60_02
573	1	2	404	0	0	0	0	0	0	0	0	0	숲17	70_01
574	1	2	405	0	0	0	0	0	0	0	0	0	숲18	70_02
575	1	2	406	0	0	0	0	0	0	0	0	0	숲19	70_03
576	1	2	407	0	0	0	0	0	0	0	0	0	숲20	80_01
577	1	2	408	0	0	0	0	0	0	0	0	0	숲21	80_02
578	1	2	409	0	0	0	0	0	0	0	0	0	숲22	80_03
579	1	5	410	1	1	1	1	1	1	1	1	1	浪1	10_01
580	1	5	411	1	1	1	1	1	1	1	1	1	浪2	10_02
581	1	5	412	1	1	1	1	1	1	1	1	1	浪3	10_03
582	1	5	413	1	1	1	1	1	1	1	1	1	浪4	10_04
583	1	5	414	1	1	1	1	1	1	1	1	1	浪5	20_01
584	1	5	415	1	1	1	1	1	1	1	1	1	浪6	20_02
585	1	5	416	1	1	1	1	1	1	1	1	1	浪7	20_03
586	1	5	417	1	1	1	1	1	1	1	1	1	浪8	20_04
587	1	5	418	1	1	1	1	1	1	1	1	1	浪9	30_01
588	1	5	419	1	1	1	1	1	1	1	1	1	浪10	30_02
589	1	5	420	1	1	1	1	1	1	1	1	1	浪11	30_03
590	1	5	421	1	1	1	1	1	1	1	1	1	浪12	40_01
591	1	5	422	1	1	1	1	1	1	1	1	1	浪13	50_01
592	1	5	423	1	1	1	1	1	1	1	1	1	浪14	50_02
593	1	5	424	1	1	1	1	1	1	1	1	1	浪15	60_01
594	1	5	425	1	1	1	1	1	1	1	1	1	浪16	60_02
595	1	5	426	1	1	1	1	1	1	1	1	1	浪17	70_01
596	1	5	427	1	1	1	1	1	1	1	1	1	浪18	70_02
597	1	5	428	1	1	1	1	1	1	1	1	1	浪19	70_03
598	1	5	429	1	1	1	1	1	1	1	1	1	浪20	80_01
599	1	5	430	1	1	1	1	1	1	1	1	1	浪21	80_02
600	1	5	431	1	1	1	1	1	1	1	1	1	浪22	80_03
601	1	6	432	1	1	1	1	1	1	1	1	1	褥1	10_01
602	1	6	433	1	1	1	1	1	1	1	1	1	褥2	10_02
603	1	6	434	1	1	1	1	1	1	1	1	1	褥3	10_03
604	1	6	435	1	1	1	1	1	1	1	1	1	褥4	10_04
605	1	6	436	1	1	1	1	1	1	1	1	1	褥5	20_01
606	1	6	437	1	1	1	1	1	1	1	1	1	褥6	20_02
607	1	6	438	1	1	1	1	1	1	1	1	1	褥7	20_03
608	1	6	439	1	1	1	1	1	1	1	1	1	褥8	20_04
609	1	6	440	1	1	1	1	1	1	1	1	1	褥9	30_01
610	1	6	441	1	1	1	1	1	1	1	1	1	褥10	30_02
611	1	6	442	1	1	1	1	1	1	1	1	1	褥11	30_03
612	1	6	443	1	1	1	1	1	1	1	1	1	褥12	40_01
613	1	6	444	1	1	1	1	1	1	1	1	1	褥13	50_01
614	1	6	445	1	1	1	1	1	1	1	1	1	褥14	50_02
615	1	6	446	1	1	1	1	1	1	1	1	1	褥15	60_01
616	1	6	447	1	1	1	1	1	1	1	1	1	褥16	60_02
617	1	6	448	1	1	1	1	1	1	1	1	1	褥17	70_01
618	1	6	449	1	1	1	1	1	1	1	1	1	褥18	70_02
619	1	6	450	1	1	1	1	1	1	1	1	1	褥19	70_03
620	1	6	451	1	1	1	1	1	1	1	1	1	褥20	80_01
621	1	6	452	1	1	1	1	1	1	1	1	1	褥21	80_02
622	1	6	453	1	1	1	1	1	1	1	1	1	褥22	80_03
623	1	3	454	2	2	2	2	2	2	2	2	2	렴댕묶1	10_01
624	1	3	455	2	2	2	2	2	2	2	2	2	렴댕묶2	10_02
625	1	3	456	2	2	2	2	2	2	2	2	2	렴댕묶3	10_03
626	1	3	457	2	2	2	2	2	2	2	2	2	렴댕묶4	10_04
627	1	3	458	2	2	2	2	2	2	2	2	2	렴댕묶5	20_01
628	1	3	459	2	2	2	2	2	2	2	2	2	렴댕묶6	20_02
629	1	3	460	2	2	2	2	2	2	2	2	2	렴댕묶7	20_03
630	1	3	461	2	2	2	2	2	2	2	2	2	렴댕묶8	20_04
631	1	3	462	2	2	2	2	2	2	2	2	2	렴댕묶9	30_01
632	1	3	463	2	2	2	2	2	2	2	2	2	렴댕묶10	30_02
633	1	3	464	2	2	2	2	2	2	2	2	2	렴댕묶11	30_03
634	1	3	465	2	2	2	2	2	2	2	2	2	렴댕묶12	40_01
635	1	3	466	2	2	2	2	2	2	2	2	2	렴댕묶13	50_01
636	1	3	467	2	2	2	2	2	2	2	2	2	렴댕묶14	50_02
637	1	3	468	2	2	2	2	2	2	2	2	2	렴댕묶15	60_01
638	1	3	469	2	2	2	2	2	2	2	2	2	렴댕묶16	60_02
639	1	3	470	2	2	2	2	2	2	2	2	2	렴댕묶17	70_01
640	1	3	471	2	2	2	2	2	2	2	2	2	렴댕묶18	70_02
641	1	3	472	2	2	2	2	2	2	2	2	2	렴댕묶19	70_03
642	1	3	473	2	2	2	2	2	2	2	2	2	렴댕묶20	80_01
643	1	3	474	2	2	2	2	2	2	2	2	2	렴댕묶21	80_02
644	1	3	475	2	2	2	2	2	2	2	2	2	렴댕묶22	80_03
645	1	1	52	0	0	0	0	0	0	0	0	0	독50_02속렴댕뜀	50_02

#劤藤3														
648	1	1	476	0	0	0	0	0	0	0	0	0	독+뜀1	40_04
649	1	1	477	0	0	0	0	0	0	0	0	0	독+뜀2	50_03
650	1	1	478	0	0	0	0	0	0	0	0	0	독+뜀3	30_04
651	1	2	479	0	0	0	0	0	0	0	0	0	숲+릴숲1	40_04
652	1	2	480	0	0	0	0	0	0	0	0	0	숲+릴숲2	50_03
653	1	2	481	0	0	0	0	0	0	0	0	0	숲+릴숲3	30_04
654	1	4	482	2	2	2	2	2	2	2	2	2	퓜1	
655	1	4	483	2	2	2	2	2	2	2	2	2	퓜2	
656	1	4	484	2	2	2	2	2	2	2	2	2	퓜3	
657	1	6	485	1	1	1	1	1	1	1	1	1	褥+뮬1	40_04
658	1	6	486	1	1	1	1	1	1	1	1	1	褥+뮬2	50_03
659	1	6	487	1	1	1	1	1	1	1	1	1	褥+뮬3	30_04
660	1	5	488	1	1	1	1	1	1	1	1	1	浪+뵀실1	40_04
661	1	5	489	1	1	1	1	1	1	1	1	1	浪+뵀실2	50_03
662	1	5	490	1	1	1	1	1	1	1	1	1	浪+뵀실3	30_04
663	1	3	491	2	2	2	2	2	2	2	2	2	묶1	40_04
664	1	3	492	2	2	2	2	2	2	2	2	2	묶2	50_03
665	1	3	493	2	2	2	2	2	2	2	2	2	묶3	30_04

#劤藤3렴댕														
668	1	1	494	0	0	0	0	0	0	0	0	0	독+뜀1	40_04
669	1	1	495	0	0	0	0	0	0	0	0	0	독+뜀2	50_03
670	1	1	496	0	0	0	0	0	0	0	0	0	독+뜀3	30_04
671	1	2	497	0	0	0	0	0	0	0	0	0	숲+릴숲1	40_04
672	1	2	498	0	0	0	0	0	0	0	0	0	숲+릴숲2	50_03
673	1	2	499	0	0	0	0	0	0	0	0	0	숲+릴숲3	30_04
674	1	4	500	2	2	2	2	2	2	2	2	2	퓜1	
675	1	4	501	2	2	2	2	2	2	2	2	2	퓜2	
676	1	4	502	2	2	2	2	2	2	2	2	2	퓜3	
677	1	6	503	1	1	1	1	1	1	1	1	1	褥+뮬1	40_04
678	1	6	504	1	1	1	1	1	1	1	1	1	褥+뮬2	50_03
679	1	6	505	1	1	1	1	1	1	1	1	1	褥+뮬3	30_04
680	1	5	506	1	1	1	1	1	1	1	1	1	浪+뵀실1	40_04
681	1	5	507	1	1	1	1	1	1	1	1	1	浪+뵀실2	50_03
682	1	5	508	1	1	1	1	1	1	1	1	1	浪+뵀실3	30_04
683	1	3	509	2	2	2	2	2	2	2	2	2	묶1	40_04
684	1	3	510	2	2	2	2	2	2	2	2	2	묶2	50_03
685	1	3	511	2	2	2	2	2	2	2	2	2	묶3	30_04

#劤藤1.5굡렴댕														
688	1	10	513	0	0	0	0	0	0	0	0	0	낀챙1	10_01
689	1	10	514	0	0	0	0	0	0	0	0	0	낀챙2	10_02
690	1	10	515	0	0	0	0	0	0	0	0	0	낀챙3	10_03
691	1	10	516	0	0	0	0	0	0	0	0	0	낀챙4	10_04
692	1	10	517	0	0	0	0	0	0	0	0	0	낀챙籃접1	10_01
693	1	10	518	0	0	0	0	0	0	0	0	0	낀챙籃접2	10_02
694	1	10	519	0	0	0	0	0	0	0	0	0	낀챙籃접3	10_03
695	1	10	520	0	0	0	0	0	0	0	0	0	낀챙籃접4	10_04
696	1	10	521	0	0	0	0	0	0	0	0	0	낀元1	10_01
697	1	10	522	0	0	0	0	0	0	0	0	0	낀元2	10_02
698	1	10	523	0	0	0	0	0	0	0	0	0	낀元3	10_03
699	1	10	524	0	0	0	0	0	0	0	0	0	낀元籃접1	10_01
700	1	10	525	0	0	0	0	0	0	0	0	0	낀元籃접2	10_02
701	1	10	526	0	0	0	0	0	0	0	0	0	낀元籃접3	10_03
702	1	4	527	2	2	2	2	2	2	2	2	2	퓜1	10_01
703	1	4	528	2	2	2	2	2	2	2	2	2	퓜2	10_02
704	1	4	529	2	2	2	2	2	2	2	2	2	퓜3	10_03
705	1	4	530	2	2	2	2	2	2	2	2	2	퓜4	10_04
706	1	4	531	2	2	2	2	2	2	2	2	2	퓜5	20_01
707	1	4	532	2	2	2	2	2	2	2	2	2	퓜6	20_02
708	1	4	533	2	2	2	2	2	2	2	2	2	퓜7	20_03
709	1	4	534	2	2	2	2	2	2	2	2	2	퓜8	20_04
710	1	4	535	2	2	2	2	2	2	2	2	2	퓜9	30_01
711	1	4	536	2	2	2	2	2	2	2	2	2	퓜10	30_02
712	1	4	537	2	2	2	2	2	2	2	2	2	퓜11	30_03
713	1	4	538	2	2	2	2	2	2	2	2	2	퓜12	40_01
714	1	4	539	2	2	2	2	2	2	2	2	2	퓜13	50_01
715	1	4	540	2	2	2	2	2	2	2	2	2	퓜14	50_02
716	1	4	541	2	2	2	2	2	2	2	2	2	퓜15	60_01
717	1	4	542	2	2	2	2	2	2	2	2	2	퓜16	60_02
718	1	4	543	2	2	2	2	2	2	2	2	2	퓜17	70_01
719	1	4	544	2	2	2	2	2	2	2	2	2	퓜18	70_02
720	1	4	545	2	2	2	2	2	2	2	2	2	퓜19	70_03
721	1	4	546	2	2	2	2	2	2	2	2	2	퓜20	80_01
722	1	4	547	2	2	2	2	2	2	2	2	2	퓜21	80_02
723	1	4	548	2	2	2	2	2	2	2	2	2	퓜22	80_03
724	1	6	549	1	1	1	1	1	1	1	1	1	褥+뮬1	10_01
725	1	6	550	1	1	1	1	1	1	1	1	1	褥+뮬2	10_02
726	1	6	551	1	1	1	1	1	1	1	1	1	褥+뮬3	10_03
727	1	6	552	1	1	1	1	1	1	1	1	1	褥+뮬4	10_04
728	1	6	553	1	1	1	1	1	1	1	1	1	褥+뮬5	20_01
729	1	6	554	1	1	1	1	1	1	1	1	1	褥+뮬6	20_02
730	1	6	555	1	1	1	1	1	1	1	1	1	褥+뮬7	20_03
731	1	6	556	1	1	1	1	1	1	1	1	1	褥+뮬8	20_04
732	1	6	557	1	1	1	1	1	1	1	1	1	褥+뮬9	30_01
733	1	6	558	1	1	1	1	1	1	1	1	1	褥+뮬10	30_02
734	1	6	559	1	1	1	1	1	1	1	1	1	褥+뮬11	30_03
735	1	6	560	1	1	1	1	1	1	1	1	1	褥+뮬12	40_01
736	1	6	561	1	1	1	1	1	1	1	1	1	褥+뮬13	50_01
737	1	6	562	1	1	1	1	1	1	1	1	1	褥+뮬14	50_02
738	1	6	563	1	1	1	1	1	1	1	1	1	褥+뮬15	60_01
739	1	6	564	1	1	1	1	1	1	1	1	1	褥+뮬16	60_02
740	1	6	565	1	1	1	1	1	1	1	1	1	褥+뮬17	70_01
741	1	6	566	1	1	1	1	1	1	1	1	1	褥+뮬18	70_02
742	1	6	567	1	1	1	1	1	1	1	1	1	褥+뮬19	70_03
743	1	6	568	1	1	1	1	1	1	1	1	1	褥+뮬20	80_01
744	1	6	569	1	1	1	1	1	1	1	1	1	褥+뮬21	80_02
745	1	6	570	1	1	1	1	1	1	1	1	1	褥+뮬22	80_03
746	1	1	571	0	0	0	0	0	0	0	0	0	독+뜀1	10_01
747	1	1	572	0	0	0	0	0	0	0	0	0	독+뜀2	10_02
748	1	1	573	0	0	0	0	0	0	0	0	0	독+뜀3	10_03
749	1	1	574	0	0	0	0	0	0	0	0	0	독+뜀4	10_04
750	1	1	575	0	0	0	0	0	0	0	0	0	독+뜀5	20_01
751	1	1	576	0	0	0	0	0	0	0	0	0	독+뜀6	20_02
752	1	1	577	0	0	0	0	0	0	0	0	0	독+뜀7	20_03
753	1	1	578	0	0	0	0	0	0	0	0	0	독+뜀8	20_04
754	1	1	579	0	0	0	0	0	0	0	0	0	독+뜀9	30_01
755	1	1	580	0	0	0	0	0	0	0	0	0	독+뜀10	30_02
756	1	1	581	0	0	0	0	0	0	0	0	0	독+뜀11	30_03
757	1	1	582	0	0	0	0	0	0	0	0	0	독+뜀12	40_01
758	1	1	583	0	0	0	0	0	0	0	0	0	독+뜀13	50_01
759	1	1	584	0	0	0	0	0	0	0	0	0	독+뜀14	50_02
760	1	1	585	0	0	0	0	0	0	0	0	0	독+뜀15	60_01
761	1	1	586	0	0	0	0	0	0	0	0	0	독+뜀16	60_02
762	1	1	587	0	0	0	0	0	0	0	0	0	독+뜀17	70_01
763	1	1	588	0	0	0	0	0	0	0	0	0	독+뜀18	70_02
764	1	1	589	0	0	0	0	0	0	0	0	0	독+뜀19	70_03
765	1	1	590	0	0	0	0	0	0	0	0	0	독+뜀20	80_01
766	1	1	591	0	0	0	0	0	0	0	0	0	독+뜀21	80_02
767	1	1	592	0	0	0	0	0	0	0	0	0	독+뜀22	80_03
768	1	8	593	0	0	0	0	0	0	0	0	0	崗癎릊	10_01
769	1	8	594	0	0	0	0	0	0	0	0	0	崗癎릊	10_02
770	1	8	595	0	0	0	0	0	0	0	0	0	崗癎릊	10_03
771	1	8	596	0	0	0	0	0	0	0	0	0	崗癎숲	10_01
772	1	8	597	0	0	0	0	0	0	0	0	0	崗癎숲	10_02
773	1	8	598	0	0	0	0	0	0	0	0	0	崗癎숲	10_03
774	1	8	599	0	0	0	0	0	0	0	0	0	崗癎숲	10_04
775	1	5	600	1	1	1	1	1	1	1	1	1	浪+뵀실1	10_01
776	1	5	601	1	1	1	1	1	1	1	1	1	浪+뵀실2	10_02
777	1	5	602	1	1	1	1	1	1	1	1	1	浪+뵀실3	10_03
778	1	5	603	1	1	1	1	1	1	1	1	1	浪+뵀실4	10_04
779	1	5	604	1	1	1	1	1	1	1	1	1	浪+뵀실5	20_01
780	1	5	605	1	1	1	1	1	1	1	1	1	浪+뵀실6	20_02
781	1	5	606	1	1	1	1	1	1	1	1	1	浪+뵀실7	20_03
782	1	5	607	1	1	1	1	1	1	1	1	1	浪+뵀실8	20_04
783	1	5	608	1	1	1	1	1	1	1	1	1	浪+뵀실9	30_01
784	1	5	609	1	1	1	1	1	1	1	1	1	浪+뵀실10	30_02
785	1	5	610	1	1	1	1	1	1	1	1	1	浪+뵀실11	30_03
786	1	5	611	1	1	1	1	1	1	1	1	1	浪+뵀실12	40_01
787	1	5	612	1	1	1	1	1	1	1	1	1	浪+뵀실13	50_01
788	1	5	613	1	1	1	1	1	1	1	1	1	浪+뵀실14	50_02
789	1	5	614	1	1	1	1	1	1	1	1	1	浪+뵀실15	60_01
790	1	5	615	1	1	1	1	1	1	1	1	1	浪+뵀실16	60_02
791	1	5	616	1	1	1	1	1	1	1	1	1	浪+뵀실17	70_01
792	1	5	617	1	1	1	1	1	1	1	1	1	浪+뵀실18	70_02
793	1	5	618	1	1	1	1	1	1	1	1	1	浪+뵀실19	70_03
794	1	5	619	1	1	1	1	1	1	1	1	1	浪+뵀실20	80_01
795	1	5	620	1	1	1	1	1	1	1	1	1	浪+뵀실21	80_02
796	1	2	621	0	0	0	0	0	0	0	0	0	숲+릴숲1	10_01
797	1	2	622	0	0	0	0	0	0	0	0	0	숲2	10_02
798	1	2	623	0	0	0	0	0	0	0	0	0	숲3	10_03
799	1	2	624	0	0	0	0	0	0	0	0	0	숲4	10_04
800	1	2	625	0	0	0	0	0	0	0	0	0	숲5	20_01
801	1	2	626	0	0	0	0	0	0	0	0	0	숲6	20_02
802	1	2	627	0	0	0	0	0	0	0	0	0	숲+릴숲7	20_03
803	1	2	628	0	0	0	0	0	0	0	0	0	숲8	20_04
804	1	2	629	0	0	0	0	0	0	0	0	0	숲+릴숲9	30_01
805	1	2	630	0	0	0	0	0	0	0	0	0	숲10	30_02
806	1	2	631	0	0	0	0	0	0	0	0	0	숲+릴숲11	30_03
807	1	2	632	0	0	0	0	0	0	0	0	0	숲12	40_01
808	1	2	633	0	0	0	0	0	0	0	0	0	숲13	50_01
809	1	2	634	0	0	0	0	0	0	0	0	0	숲14	50_02
810	1	2	635	0	0	0	0	0	0	0	0	0	숲15	60_01
811	1	2	636	0	0	0	0	0	0	0	0	0	숲16	60_02
812	1	2	637	0	0	0	0	0	0	0	0	0	숲17	70_01
813	1	2	638	0	0	0	0	0	0	0	0	0	숲18	70_02
814	1	2	639	0	0	0	0	0	0	0	0	0	숲19	70_03
815	1	2	640	0	0	0	0	0	0	0	0	0	숲20	80_01
816	1	2	641	0	0	0	0	0	0	0	0	0	숲21	80_02
817	1	2	642	0	0	0	0	0	0	0	0	0	숲22	80_03

819	1	10	644	0	0	0	0	0	0	0	0	0	틱췽죤빵嶠포	
820	1	10	645	0	0	0	0	0	0	0	0	0	딥戴戴맹	
821	1	0	0	0	0	0	0	0	0	0	0	0	npc땡鱗1	
822	1	1	0	0	0	0	0	0	0	0	0	0	npc땡鱗2	
823	1	1	0	0	0	0	0	0	0	0	0	0	npc땡鱗3	
824	1	2	0	0	0	0	0	0	0	0	0	0	npc땡鱗4	
825	1	3	0	0	0	0	0	0	0	0	0	0	npc땡鱗5	
826	1	4	0	0	0	0	0	0	0	0	0	0	npc땡鱗6	
827	1	5	0	0	0	0	0	0	0	0	0	0	npc땡鱗7	
828	1	6	0	0	0	0	0	0	0	0	0	0	npc땡鱗8
829	1	6	643	0	0	0	0	0	0	0	0	0	

냥2딧痰嶠포													
830	1	1	1	0	0	0	0	0	0	0	0	0	
831	1	1	30	0	0	0	0	0	0	0	0	0	
832	1	1	49	0	0	0	0	0	0	0	0	0	
833	1	2	60	0	0	0	0	0	0	0	0	0	
834	1	2	70	0	0	0	0	0	0	0	0	0	
835	1	2	479	0	0	0	0	0	0	0	0	0	
