NUM	NUM	NUM	NUM	NUM	TEXT	TEXT	FLOAT	FLOAT	NUM	NUM	NUM	NUM	NUM	NUM	NUM	NUM	NUM	NUM	NUM	NUM	NUM	NUM	NUM
编号	随机编号	attr编号	逻辑表编号	阵营编号	名称	称号	x轴坐标	z轴坐标	朝向	脚本编号	重生时间	分组编号	队伍编号	基础AI	AI文件	巡逻路径	商店0	商店1	商店2	商店3	名誉ID	等级	镜像组
0	1505229	9809	-1	21	伯里斯	顿河之王爪牙	55.5	230	5	300619	10000	-1	-1	1	0	-1	-1	-1	-1	-1	-1	80	0	
1	1505230	2604	101217	-1	莫斯科公国	领地传送人	169	122	27	-1	1000	-1	-1	3	0	-1	-1	-1	-1	-1	-1	100	0	
2	1505231	2107	400390	-1	伊万诺夫	莫斯科公爵	169.630936	37.236923	27	-1	1000	-1	-1	5	0	-1	-1	-1	-1	-1	-1	80	0	
3	1505232	2135	400391	20	侍卫长谢廖沙		167.288239	70.020309	28	-1	1000	-1	-1	3	0	-1	-1	-1	-1	-1	-1	80	0	
4	1505233	2138	400394	20	列昂尼德	教皇使者	172.088638	73.958008	9	-1	1000	-1	-1	3	0	-1	-1	-1	-1	-1	-1	80	0	
5	1505234	2106	400402	20	教皇使者侍从		173.880188	76.083557	9	-1	1000	-1	-1	3	0	-1	-1	-1	-1	-1	-1	80	0	
6	1505235	2160	400397	20	莫斯科接待官		170.046097	70.225021	27	-1	1000	-1	-1	3	0	-1	-1	-1	-1	-1	-1	80	0	
7	1505236	417	400393	20	财务官维克多		165.940002	38.822079	0	0	1000	-1	-1	3	0	-1	-1	-1	-1	-1	-1	80	0	
8	1505237	1631	400392	20	诗人安东尼		203.533844	61.074886	18	0	1000	-1	-1	3	0	-1	-1	-1	-1	-1	-1	80	0	
9	1505238	2109	400395	20	波兰商人罗伯特		166.629044	73.934563	9	-1	1000	-1	-1	3	0	-1	-1	-1	-1	-1	-1	80	0	
10	1505239	1632	400396	20	“酒鬼”马丁		201.432678	85.305153	9	0	1000	-1	-1	3	0	-1	-1	-1	-1	-1	-1	80	0	
11	1505240	2161	400401	20	莫斯科士兵		162.866135	112.790924	27	-1	1000	-1	-1	3	0	-1	-1	-1	-1	-1	-1	80	0	
12	1505241	2161	400399	20	莫斯科士兵		173.932846	112.868378	27	-1	1000	-1	-1	3	0	-1	-1	-1	-1	-1	-1	80	0	
13	1505240	2161	400401	20	莫斯科士兵		162.307526	36.155037	27	-1	1000	-1	-1	3	0	-1	-1	-1	-1	-1	-1	80	0	
14	1505241	2161	400399	20	莫斯科士兵		177.427673	36.118874	27	-1	1000	-1	-1	3	0	-1	-1	-1	-1	-1	-1	80	0	
15	1505244	2161	400401	20	莫斯科士兵		115.173523	68.10746	18	-1	1000	-1	-1	3	0	-1	-1	-1	-1	-1	-1	80	0	
16	1505245	2161	400399	20	莫斯科士兵		115.622467	78.106308	18	-1	1000	-1	-1	3	0	-1	-1	-1	-1	-1	-1	80	0	
17	1505249	2162	400399	20	莫斯科士兵		159.85849	67.364304	27	-1	1000	-1	-1	3	0	-1	-1	-1	-1	-1	-1	80	0	
18	1505250	2162	400401	20	莫斯科士兵		160.500122	55.419373	27	-1	1000	-1	-1	3	0	-1	-1	-1	-1	-1	-1	80	0	
19	1505251	2162	400399	20	莫斯科士兵		178.509537	55.505959	27	-1	1000	-1	-1	3	0	-1	-1	-1	-1	-1	-1	80	0	
20	1505257	2162	400401	20	莫斯科士兵		179.121048	67.568146	27	-1	1000	-1	-1	3	0	-1	-1	-1	-1	-1	-1	80	0	
21	1505258	168	-1	20	 	 	175.209122	77.587967	9	0	10000	-1	-1	3	0	-1	-1	-1	-1	-1	-1	80	0	
22	1505259	2214	-1	21	西伯利亚虎		120.757126	212.475571	0	300640	10000	-1	-1	1	0	-1	-1	-1	-1	-1	-1	80	0	
23	1505260	2214	-1	21	西伯利亚虎		57.582794	114.435287	0	300640	10000	-1	-1	1	0	-1	-1	-1	-1	-1	-1	80	0	
24	1505262	2214	-1	21	西伯利亚虎		220.920746	206.294495	0	300640	10000	-1	-1	1	0	-1	-1	-1	-1	-1	-1	80	0	
25	1505263	2214	-1	21	西伯利亚虎		208.415451	145.649109	0	300640	10000	-1	-1	1	0	-1	-1	-1	-1	-1	-1	80	0	
26	1505264	2214	-1	21	西伯利亚虎		195.316254	169.491089	0	300640	10000	-1	-1	1	0	-1	-1	-1	-1	-1	-1	80	0	
27	1505265	2214	-1	21	西伯利亚虎		153.863022	223.034943	0	300640	10000	-1	-1	1	0	-1	-1	-1	-1	-1	-1	80	0	
28	1505266	2214	-1	21	西伯利亚虎		75.49202	81.883659	0	300640	10000	-1	-1	1	0	-1	-1	-1	-1	-1	-1	80	0	
29	1505267	2214	-1	21	西伯利亚虎		42.946884	41.423126	0	300640	10000	-1	-1	1	0	-1	-1	-1	-1	-1	-1	80	0	
30	1505269	2214	-1	21	西伯利亚虎		40.492531	89.039024	0	300640	10000	-1	-1	1	0	-1	-1	-1	-1	-1	-1	80	0	
31	1505270	2214	-1	21	西伯利亚虎		145.394974	160.182816	0	300640	10000	-1	-1	1	0	-1	-1	-1	-1	-1	-1	80	0	
32	1505271	2214	-1	21	西伯利亚虎		176.639511	209.781815	0	300640	10000	-1	-1	1	0	-1	-1	-1	-1	-1	-1	80	0	
33	1505272	2215	-1	21	莫斯科棕熊		37.330429	184.344864	0	300640	10000	-1	-1	1	0	-1	-1	-1	-1	-1	-1	80	0	
34	1505273	2215	-1	21	莫斯科棕熊		28.890244	144.078323	0	300640	10000	-1	-1	1	0	-1	-1	-1	-1	-1	-1	80	0	
35	1505274	2215	-1	21	莫斯科棕熊		121.593735	141.837753	0	300640	10000	-1	-1	1	0	-1	-1	-1	-1	-1	-1	80	0	
36	1505275	2215	-1	21	莫斯科棕熊		45.814445	162.372467	0	300640	10000	-1	-1	1	0	-1	-1	-1	-1	-1	-1	80	0	
37	1505277	2215	-1	21	莫斯科棕熊		76.734032	225.219543	0	300640	10000	-1	-1	1	0	-1	-1	-1	-1	-1	-1	80	0	
38	1505278	2215	-1	21	莫斯科棕熊		98.272186	200.74147	0	300640	10000	-1	-1	1	0	-1	-1	-1	-1	-1	-1	80	0	
39	1505279	2215	-1	21	莫斯科棕熊		79.216057	162.43013	0	300640	10000	-1	-1	1	0	-1	-1	-1	-1	-1	-1	80	0	
40	1505280	2215	-1	21	莫斯科棕熊		113.412369	170.288696	0	300640	10000	-1	-1	1	0	-1	-1	-1	-1	-1	-1	80	0	
41	1505282	2215	-1	21	莫斯科棕熊		142.424454	140.805588	0	300640	10000	-1	-1	1	0	-1	-1	-1	-1	-1	-1	80	0	
42	1505283	2215	-1	21	莫斯科棕熊		224.917145	122.958755	0	300640	10000	-1	-1	1	0	-1	-1	-1	-1	-1	-1	80	0	
43	1505284	2215	-1	21	莫斯科棕熊		81.020256	112.44101	0	300640	10000	-1	-1	1	0	-1	-1	-1	-1	-1	-1	80	0	
44	1505285	2214	-1	21	西伯利亚虎		121.22052	211.270218	0	300640	10000	-1	-1	1	0	-1	-1	-1	-1	-1	-1	80	0	
45	1505286	2214	-1	21	西伯利亚虎		56.88472	114.735596	0	300640	10000	-1	-1	1	0	-1	-1	-1	-1	-1	-1	80	0	
46	1505287	2214	-1	21	西伯利亚虎		44.294777	41.56176	0	300640	10000	-1	-1	1	0	-1	-1	-1	-1	-1	-1	80	0	
47	1505288	2214	-1	21	西伯利亚虎		221.070313	208.87471	0	300640	10000	-1	-1	1	0	-1	-1	-1	-1	-1	-1	80	0	
48	1505289	2214	-1	21	西伯利亚虎		210.184158	147.890228	0	300640	10000	-1	-1	1	0	-1	-1	-1	-1	-1	-1	80	0	
49	1505290	2214	-1	21	西伯利亚虎		194.032791	167.254578	0	300640	10000	-1	-1	1	0	-1	-1	-1	-1	-1	-1	80	0	
50	1505291	2214	-1	21	西伯利亚虎		155.853958	222.000488	0	300640	10000	-1	-1	1	0	-1	-1	-1	-1	-1	-1	80	0	
51	1505292	2214	-1	21	西伯利亚虎		75.116837	82.154099	0	300640	10000	-1	-1	1	0	-1	-1	-1	-1	-1	-1	80	0	
52	1505293	2214	-1	21	西伯利亚虎		39.391457	42.416542	0	300640	10000	-1	-1	1	0	-1	-1	-1	-1	-1	-1	80	0	
53	1505295	2214	-1	21	西伯利亚虎		42.109169	87.542206	0	300640	10000	-1	-1	1	0	-1	-1	-1	-1	-1	-1	80	0	
54	1505296	2214	-1	21	西伯利亚虎		144.503006	160.253464	0	300640	10000	-1	-1	1	0	-1	-1	-1	-1	-1	-1	80	0	
55	1505297	2214	-1	21	西伯利亚虎		178.843048	206.958618	0	300640	10000	-1	-1	1	0	-1	-1	-1	-1	-1	-1	80	0	
56	1505298	2215	-1	21	莫斯科棕熊		37.107445	181.819885	0	300640	10000	-1	-1	1	0	-1	-1	-1	-1	-1	-1	80	0	
57	1505299	2215	-1	21	莫斯科棕熊		29.99044	145.111633	0	300640	10000	-1	-1	1	0	-1	-1	-1	-1	-1	-1	80	0	
58	1505300	2215	-1	21	莫斯科棕熊		118.901657	140.232224	0	300640	10000	-1	-1	1	0	-1	-1	-1	-1	-1	-1	80	0	
59	1505301	2215	-1	21	莫斯科棕熊		47.651352	162.281265	0	300640	10000	-1	-1	1	0	-1	-1	-1	-1	-1	-1	80	0	
60	1505303	2215	-1	21	莫斯科棕熊		75.889832	222.592468	0	300640	10000	-1	-1	1	0	-1	-1	-1	-1	-1	-1	80	0	
61	1505304	2215	-1	21	莫斯科棕熊		99.081665	199.242035	0	300640	10000	-1	-1	1	0	-1	-1	-1	-1	-1	-1	80	0	
62	1505305	2215	-1	21	莫斯科棕熊		79.607635	164.236557	0	300640	10000	-1	-1	1	0	-1	-1	-1	-1	-1	-1	80	0	
63	1505306	2215	-1	21	莫斯科棕熊		112.819214	172.863342	0	300640	10000	-1	-1	1	0	-1	-1	-1	-1	-1	-1	80	0	
64	1505308	2215	-1	21	莫斯科棕熊		144.502792	139.604202	0	300640	10000	-1	-1	1	0	-1	-1	-1	-1	-1	-1	80	0	
65	1505309	2215	-1	21	莫斯科棕熊		224.181	125.436226	0	300640	10000	-1	-1	1	0	-1	-1	-1	-1	-1	-1	80	0	
66	1505310	2215	-1	21	莫斯科棕熊		79.77787	112.412445	0	300640	10000	-1	-1	1	0	-1	-1	-1	-1	-1	-1	80	0	
67	1505311	2214	-1	21	西伯利亚虎		120.425735	209.745483	0	300640	10000	-1	-1	1	0	-1	-1	-1	-1	-1	-1	80	0	
68	1505312	2214	-1	21	西伯利亚虎		58.246658	115.742767	0	300640	10000	-1	-1	1	0	-1	-1	-1	-1	-1	-1	80	0	
69	1505313	2214	-1	21	西伯利亚虎		44.14917	38.201981	0	300640	10000	-1	-1	1	0	-1	-1	-1	-1	-1	-1	80	0	
70	1505314	2214	-1	21	西伯利亚虎		220.541458	207.043716	0	300640	10000	-1	-1	1	0	-1	-1	-1	-1	-1	-1	80	0	
71	1505315	2214	-1	21	西伯利亚虎		207.806793	150.151932	0	300640	10000	-1	-1	1	0	-1	-1	-1	-1	-1	-1	80	0	
72	1505316	2214	-1	21	西伯利亚虎		191.311096	167.451996	0	300640	10000	-1	-1	1	0	-1	-1	-1	-1	-1	-1	80	0	
73	1505317	2214	-1	21	西伯利亚虎		155.067963	226.625946	0	300640	10000	-1	-1	1	0	-1	-1	-1	-1	-1	-1	80	0	
74	1505318	2214	-1	21	西伯利亚虎		73.928154	84.269073	0	300640	10000	-1	-1	1	0	-1	-1	-1	-1	-1	-1	80	0	
75	1505319	2214	-1	21	西伯利亚虎		42.043854	40.524002	0	300640	10000	-1	-1	1	0	-1	-1	-1	-1	-1	-1	80	0	
76	1505321	2214	-1	21	西伯利亚虎		40.530006	90.008049	0	300640	10000	-1	-1	1	0	-1	-1	-1	-1	-1	-1	80	0	
77	1505322	2214	-1	21	西伯利亚虎		148.808182	161.046173	0	300640	10000	-1	-1	1	0	-1	-1	-1	-1	-1	-1	80	0	
78	1505323	2214	-1	21	西伯利亚虎		177.306137	204.507263	0	300640	10000	-1	-1	1	0	-1	-1	-1	-1	-1	-1	80	0	
79	1505324	2215	-1	21	莫斯科棕熊		40.157333	181.213882	0	300640	10000	-1	-1	1	0	-1	-1	-1	-1	-1	-1	80	0	
80	1505325	2215	-1	21	莫斯科棕熊		30.384365	142.240784	0	300640	10000	-1	-1	1	0	-1	-1	-1	-1	-1	-1	80	0	
81	1505326	2215	-1	21	莫斯科棕熊		121.773163	138.927109	0	300640	10000	-1	-1	1	0	-1	-1	-1	-1	-1	-1	80	0	
82	1505327	2215	-1	21	莫斯科棕熊		46.379707	163.689514	0	300640	10000	-1	-1	1	0	-1	-1	-1	-1	-1	-1	80	0	
83	1505329	2215	-1	21	莫斯科棕熊		76.475006	222.693375	0	300640	10000	-1	-1	1	0	-1	-1	-1	-1	-1	-1	80	0	
84	1505330	2215	-1	21	莫斯科棕熊		102.419769	197.360886	0	300640	10000	-1	-1	1	0	-1	-1	-1	-1	-1	-1	80	0	
85	1505331	2215	-1	21	莫斯科棕熊		78.048943	161.606705	0	300640	10000	-1	-1	1	0	-1	-1	-1	-1	-1	-1	80	0	
86	1505332	2215	-1	21	莫斯科棕熊		111.131226	169.15004	0	300640	10000	-1	-1	1	0	-1	-1	-1	-1	-1	-1	80	0	
87	1505334	2215	-1	21	莫斯科棕熊		143.041245	141.279373	0	300640	10000	-1	-1	1	0	-1	-1	-1	-1	-1	-1	80	0	
88	1505335	2215	-1	21	莫斯科棕熊		223.956528	117.665054	0	300640	10000	-1	-1	1	0	-1	-1	-1	-1	-1	-1	80	0	
89	1505336	2215	-1	21	莫斯科棕熊		80.258018	113.690689	0	300640	10000	-1	-1	1	0	-1	-1	-1	-1	-1	-1	80	0	
90	1505337	2214	-1	21	西伯利亚虎		123.647659	209.901855	0	300640	10000	-1	-1	1	0	-1	-1	-1	-1	-1	-1	80	0	
91	1505338	2214	-1	21	西伯利亚虎		57.464821	117.482559	0	300640	10000	-1	-1	1	0	-1	-1	-1	-1	-1	-1	80	0	
92	1505340	2214	-1	21	西伯利亚虎		220.495056	207.63916	0	300640	10000	-1	-1	1	0	-1	-1	-1	-1	-1	-1	80	0	
93	1505341	2214	-1	21	西伯利亚虎		207.116959	147.499924	0	300640	10000	-1	-1	1	0	-1	-1	-1	-1	-1	-1	80	0	
94	1505342	2214	-1	21	西伯利亚虎		194.440918	171.956284	0	300640	10000	-1	-1	1	0	-1	-1	-1	-1	-1	-1	80	0	
95	1505343	2214	-1	21	西伯利亚虎		155.901917	221.46611	0	300640	10000	-1	-1	1	0	-1	-1	-1	-1	-1	-1	80	0	
96	1505344	2214	-1	21	西伯利亚虎		74.031219	81.496643	0	300640	10000	-1	-1	1	0	-1	-1	-1	-1	-1	-1	80	0	
97	1505345	2214	-1	21	西伯利亚虎		43.661507	41.079445	0	300640	10000	-1	-1	1	0	-1	-1	-1	-1	-1	-1	80	0	
98	1505347	2214	-1	21	西伯利亚虎		41.75029	92.609352	0	300640	10000	-1	-1	1	0	-1	-1	-1	-1	-1	-1	80	0	
99	1505348	2214	-1	21	西伯利亚虎		148.131714	162.029449	0	300640	10000	-1	-1	1	0	-1	-1	-1	-1	-1	-1	80	0	
100	1505349	2214	-1	21	西伯利亚虎		180.01886	210.593948	0	300640	10000	-1	-1	1	0	-1	-1	-1	-1	-1	-1	80	0	
101	1505350	2215	-1	21	莫斯科棕熊		41.821289	184.996109	0	300640	10000	-1	-1	1	0	-1	-1	-1	-1	-1	-1	80	0	
102	1505351	2215	-1	21	莫斯科棕熊		32.547302	145.16568	0	300640	10000	-1	-1	1	0	-1	-1	-1	-1	-1	-1	80	0	
103	1505352	2215	-1	21	莫斯科棕熊		124.27829	140.230957	0	300640	10000	-1	-1	1	0	-1	-1	-1	-1	-1	-1	80	0	
104	1505353	2215	-1	21	莫斯科棕熊		47.47216	163.564468	0	300640	10000	-1	-1	1	0	-1	-1	-1	-1	-1	-1	80	0	
105	1505355	2215	-1	21	莫斯科棕熊		74.706329	224.205872	0	300640	10000	-1	-1	1	0	-1	-1	-1	-1	-1	-1	80	0	
106	1505356	2215	-1	21	莫斯科棕熊		97.368073	196.11377	0	300640	10000	-1	-1	1	0	-1	-1	-1	-1	-1	-1	80	0	
107	1505357	2215	-1	21	莫斯科棕熊		76.788811	164.298874	0	300640	10000	-1	-1	1	0	-1	-1	-1	-1	-1	-1	80	0	
108	1505358	2215	-1	21	莫斯科棕熊		113.002075	174.453537	0	300640	10000	-1	-1	1	0	-1	-1	-1	-1	-1	-1	80	0	
109	1505360	2215	-1	21	莫斯科棕熊		142.09021	140.090073	0	300640	10000	-1	-1	1	0	-1	-1	-1	-1	-1	-1	80	0	
110	1505361	2215	-1	21	莫斯科棕熊		220.414536	126.342964	0	300640	10000	-1	-1	1	0	-1	-1	-1	-1	-1	-1	80	0	
111	1505362	2215	-1	21	莫斯科棕熊		81.479691	113.699371	0	300640	10000	-1	-1	1	0	-1	-1	-1	-1	-1	-1	80	0	
112	1505363	2214	-1	21	西伯利亚虎		120.91037	207.981155	0	300640	10000	-1	-1	1	0	-1	-1	-1	-1	-1	-1	80	0	
113	1505364	2214	-1	21	西伯利亚虎		54.483246	116.41774	0	300640	10000	-1	-1	1	0	-1	-1	-1	-1	-1	-1	80	0	
114	1505365	2214	-1	21	西伯利亚虎		74.662811	81.802284	0	300640	10000	-1	-1	1	0	-1	-1	-1	-1	-1	-1	80	0	
115	1505366	2214	-1	21	西伯利亚虎		218.83754	205.681519	0	300640	10000	-1	-1	1	0	-1	-1	-1	-1	-1	-1	80	0	
116	1505367	2214	-1	21	西伯利亚虎		209.688751	149.081985	0	300640	10000	-1	-1	1	0	-1	-1	-1	-1	-1	-1	80	0	
117	1505368	2214	-1	21	西伯利亚虎		191.049377	169.913132	0	300640	10000	-1	-1	1	0	-1	-1	-1	-1	-1	-1	80	0	
118	1505369	2214	-1	21	西伯利亚虎		152.479202	225.717682	0	300640	10000	-1	-1	1	0	-1	-1	-1	-1	-1	-1	80	0	
119	1505370	2214	-1	21	西伯利亚虎		76.535446	81.649841	0	300640	10000	-1	-1	1	0	-1	-1	-1	-1	-1	-1	80	0	
120	1505371	2214	-1	21	西伯利亚虎		39.166016	42.222206	0	300640	10000	-1	-1	1	0	-1	-1	-1	-1	-1	-1	80	0	
121	1505373	2214	-1	21	西伯利亚虎		41.034386	94.20816	0	300640	10000	-1	-1	1	0	-1	-1	-1	-1	-1	-1	80	0	
122	1505374	2214	-1	21	西伯利亚虎		149.393478	158.042923	0	300640	10000	-1	-1	1	0	-1	-1	-1	-1	-1	-1	80	0	
123	1505375	2214	-1	21	西伯利亚虎		179.759613	205.240387	0	300640	10000	-1	-1	1	0	-1	-1	-1	-1	-1	-1	80	0	
124	1505376	2215	-1	21	莫斯科棕熊		39.828789	181.192825	0	300640	10000	-1	-1	1	0	-1	-1	-1	-1	-1	-1	80	0	
125	1505377	2215	-1	21	莫斯科棕熊		32.078728	145.326263	0	300640	10000	-1	-1	1	0	-1	-1	-1	-1	-1	-1	80	0	
126	1505378	2215	-1	21	莫斯科棕熊		120.444443	143.259277	0	300640	10000	-1	-1	1	0	-1	-1	-1	-1	-1	-1	80	0	
127	1505379	2215	-1	21	莫斯科棕熊		44.055634	169.232727	0	300640	10000	-1	-1	1	0	-1	-1	-1	-1	-1	-1	80	0	
128	1505381	2215	-1	21	莫斯科棕熊		77.106194	224.194031	0	300640	10000	-1	-1	1	0	-1	-1	-1	-1	-1	-1	80	0	
129	1505382	2215	-1	21	莫斯科棕熊		100.121613	196.012299	0	300640	10000	-1	-1	1	0	-1	-1	-1	-1	-1	-1	80	0	
130	1505383	2215	-1	21	莫斯科棕熊		79.889999	164.98027	0	300640	10000	-1	-1	1	0	-1	-1	-1	-1	-1	-1	80	0	
131	1505384	2215	-1	21	莫斯科棕熊		110.187851	173.031525	0	300640	10000	-1	-1	1	0	-1	-1	-1	-1	-1	-1	80	0	
132	1505386	2215	-1	21	莫斯科棕熊		142.852737	139.763901	0	300640	10000	-1	-1	1	0	-1	-1	-1	-1	-1	-1	80	0	
133	1505387	2215	-1	21	莫斯科棕熊		221.710251	122.291122	0	300640	10000	-1	-1	1	0	-1	-1	-1	-1	-1	-1	80	0	
134	1505388	2215	-1	21	莫斯科棕熊		82.529724	115.480591	0	300640	10000	-1	-1	1	0	-1	-1	-1	-1	-1	-1	80	0	
135	1505389	2214	-1	21	西伯利亚虎		121.521759	207.303482	0	300640	10000	-1	-1	1	0	-1	-1	-1	-1	-1	-1	80	0	
136	1505390	2214	-1	21	西伯利亚虎		55.665764	118.124603	0	300640	10000	-1	-1	1	0	-1	-1	-1	-1	-1	-1	80	0	
137	1505391	2214	-1	21	西伯利亚虎		41.187126	41.753914	0	300640	10000	-1	-1	1	0	-1	-1	-1	-1	-1	-1	80	0	
138	1505392	2214	-1	21	西伯利亚虎		221.090378	211.003403	0	300640	10000	-1	-1	1	0	-1	-1	-1	-1	-1	-1	80	0	
139	1505393	2214	-1	21	西伯利亚虎		210.049881	147.822845	0	300640	10000	-1	-1	1	0	-1	-1	-1	-1	-1	-1	80	0	
140	1505394	2214	-1	21	西伯利亚虎		192.650955	171.09787	0	300640	10000	-1	-1	1	0	-1	-1	-1	-1	-1	-1	80	0	
141	1505395	2214	-1	21	西伯利亚虎		151.685974	226.189484	0	300640	10000	-1	-1	1	0	-1	-1	-1	-1	-1	-1	80	0	
142	1505396	2214	-1	21	西伯利亚虎		75.87149	82.248116	0	300640	10000	-1	-1	1	0	-1	-1	-1	-1	-1	-1	80	0	
143	1505397	2214	-1	21	西伯利亚虎		41.03756	42.159035	0	300640	10000	-1	-1	1	0	-1	-1	-1	-1	-1	-1	80	0	
144	1505399	2214	-1	21	西伯利亚虎		39.295967	92.311966	0	300640	10000	-1	-1	1	0	-1	-1	-1	-1	-1	-1	80	0	
145	1505400	2214	-1	21	西伯利亚虎		148.186615	161.170197	0	300640	10000	-1	-1	1	0	-1	-1	-1	-1	-1	-1	80	0	
146	1505401	2214	-1	21	西伯利亚虎		178.774612	208.547623	0	300640	10000	-1	-1	1	0	-1	-1	-1	-1	-1	-1	80	0	
147	1505402	2215	-1	21	莫斯科棕熊		38.587044	186.627151	0	300640	10000	-1	-1	1	0	-1	-1	-1	-1	-1	-1	80	0	
148	1505403	2215	-1	21	莫斯科棕熊		32.328133	142.467422	0	300640	10000	-1	-1	1	0	-1	-1	-1	-1	-1	-1	80	0	
149	1505404	2215	-1	21	莫斯科棕熊		116.998627	140.100098	0	300640	10000	-1	-1	1	0	-1	-1	-1	-1	-1	-1	80	0	
150	1505405	2215	-1	21	莫斯科棕熊		49.483772	164.71994	0	300640	10000	-1	-1	1	0	-1	-1	-1	-1	-1	-1	80	0	
151	1505407	2215	-1	21	莫斯科棕熊		75.367111	224.007843	0	300640	10000	-1	-1	1	0	-1	-1	-1	-1	-1	-1	80	0	
152	1505408	2215	-1	21	莫斯科棕熊		101.212524	199.639236	0	300640	10000	-1	-1	1	0	-1	-1	-1	-1	-1	-1	80	0	
153	1505409	2215	-1	21	莫斯科棕熊		77.377556	161.565231	0	300640	10000	-1	-1	1	0	-1	-1	-1	-1	-1	-1	80	0	
154	1505410	2215	-1	21	莫斯科棕熊		111.299515	170.375427	0	300640	10000	-1	-1	1	0	-1	-1	-1	-1	-1	-1	80	0	
155	1505412	2215	-1	21	莫斯科棕熊		143.512482	140.371948	0	300640	10000	-1	-1	1	0	-1	-1	-1	-1	-1	-1	80	0	
156	1505413	2215	-1	21	莫斯科棕熊		221.452103	119.425964	0	300640	10000	-1	-1	1	0	-1	-1	-1	-1	-1	-1	80	0	
157	1505414	2215	-1	21	莫斯科棕熊		79.344574	115.105377	0	300640	10000	-1	-1	1	0	-1	-1	-1	-1	-1	-1	80	0	
158	1505415	2214	-1	21	西伯利亚虎		121.073044	209.6884	0	300640	10000	-1	-1	1	0	-1	-1	-1	-1	-1	-1	80	0	
159	1505416	2214	-1	21	西伯利亚虎		55.980507	112.74852	0	300640	10000	-1	-1	1	0	-1	-1	-1	-1	-1	-1	80	0	
160	1505418	2214	-1	21	西伯利亚虎		219.889771	204.964203	0	300640	10000	-1	-1	1	0	-1	-1	-1	-1	-1	-1	80	0	
161	1505419	2214	-1	21	西伯利亚虎		209.447968	147.685287	0	300640	10000	-1	-1	1	0	-1	-1	-1	-1	-1	-1	80	0	
162	1505420	2214	-1	21	西伯利亚虎		193.069778	165.935776	0	300640	10000	-1	-1	1	0	-1	-1	-1	-1	-1	-1	80	0	
163	1505421	2214	-1	21	西伯利亚虎		151.176697	221.386368	0	300640	10000	-1	-1	1	0	-1	-1	-1	-1	-1	-1	80	0	
164	1505422	2214	-1	21	西伯利亚虎		74.907776	83.047012	0	300640	10000	-1	-1	1	0	-1	-1	-1	-1	-1	-1	80	0	
165	1505423	2214	-1	21	西伯利亚虎		44.417717	40.067558	0	300640	10000	-1	-1	1	0	-1	-1	-1	-1	-1	-1	80	0	
166	1505425	2214	-1	21	西伯利亚虎		41.688591	90.745956	0	300640	10000	-1	-1	1	0	-1	-1	-1	-1	-1	-1	80	0	
167	1505426	2214	-1	21	西伯利亚虎		149.285599	160.191422	0	300640	10000	-1	-1	1	0	-1	-1	-1	-1	-1	-1	80	0	
168	1505427	2214	-1	21	西伯利亚虎		178.295898	213.104843	0	300640	10000	-1	-1	1	0	-1	-1	-1	-1	-1	-1	80	0	
169	1505428	2215	-1	21	莫斯科棕熊		41.629791	182.834076	0	300640	10000	-1	-1	1	0	-1	-1	-1	-1	-1	-1	80	0	
170	1505429	2215	-1	21	莫斯科棕熊		31.348839	146.020782	0	300640	10000	-1	-1	1	0	-1	-1	-1	-1	-1	-1	80	0	
171	1505430	2215	-1	21	莫斯科棕熊		118.030609	141.824783	0	300640	10000	-1	-1	1	0	-1	-1	-1	-1	-1	-1	80	0	
172	1505431	2215	-1	21	莫斯科棕熊		47.79274	164.688034	0	300640	10000	-1	-1	1	0	-1	-1	-1	-1	-1	-1	80	0	
173	1505433	2215	-1	21	莫斯科棕熊		74.810402	221.350006	0	300640	10000	-1	-1	1	0	-1	-1	-1	-1	-1	-1	80	0	
174	1505434	2215	-1	21	莫斯科棕熊		99.646164	196.955551	0	300640	10000	-1	-1	1	0	-1	-1	-1	-1	-1	-1	80	0	
175	1505435	2215	-1	21	莫斯科棕熊		78.219131	165.579453	0	300640	10000	-1	-1	1	0	-1	-1	-1	-1	-1	-1	80	0	
176	1505436	2215	-1	21	莫斯科棕熊		109.69313	168.972046	0	300640	10000	-1	-1	1	0	-1	-1	-1	-1	-1	-1	80	0	
177	1505438	2215	-1	21	莫斯科棕熊		142.451523	141.16449	0	300640	10000	-1	-1	1	0	-1	-1	-1	-1	-1	-1	80	0	
178	1505439	2215	-1	21	莫斯科棕熊		226.475388	127.994179	0	300640	10000	-1	-1	1	0	-1	-1	-1	-1	-1	-1	80	0	
179	1505440	2215	-1	21	莫斯科棕熊		77.477562	113.795853	0	300640	10000	-1	-1	1	0	-1	-1	-1	-1	-1	-1	80	0	
180	1505441	2214	-1	21	西伯利亚虎		121.47641	210.782349	0	300640	10000	-1	-1	1	0	-1	-1	-1	-1	-1	-1	80	0	
181	1505442	2214	-1	21	西伯利亚虎		53.894493	113.395813	0	300640	10000	-1	-1	1	0	-1	-1	-1	-1	-1	-1	80	0	
182	1505443	2214	-1	21	西伯利亚虎		45.930809	39.331375	0	300640	10000	-1	-1	1	0	-1	-1	-1	-1	-1	-1	80	0	
183	1505444	2214	-1	21	西伯利亚虎		220.151413	205.070663	0	300640	10000	-1	-1	1	0	-1	-1	-1	-1	-1	-1	80	0	
184	1505445	2214	-1	21	西伯利亚虎		209.10553	147.897995	0	300640	10000	-1	-1	1	0	-1	-1	-1	-1	-1	-1	80	0	
185	1505446	2214	-1	21	西伯利亚虎		194.195663	169.217499	0	300640	10000	-1	-1	1	0	-1	-1	-1	-1	-1	-1	80	0	
186	1505447	2214	-1	21	西伯利亚虎		150.446976	226.353455	0	300640	10000	-1	-1	1	0	-1	-1	-1	-1	-1	-1	80	0	
187	1505448	2214	-1	21	西伯利亚虎		74.97541	83.565506	0	300640	10000	-1	-1	1	0	-1	-1	-1	-1	-1	-1	80	0	
188	1505449	2214	-1	21	西伯利亚虎		40.331322	40.114357	0	300640	10000	-1	-1	1	0	-1	-1	-1	-1	-1	-1	80	0	
189	1505451	2214	-1	21	西伯利亚虎		41.767189	88.999657	0	300640	10000	-1	-1	1	0	-1	-1	-1	-1	-1	-1	80	0	
190	1505452	2214	-1	21	西伯利亚虎		151.384476	158.270279	0	300640	10000	-1	-1	1	0	-1	-1	-1	-1	-1	-1	80	0	
191	1505453	2214	-1	21	西伯利亚虎		180.928375	207.188782	0	300640	10000	-1	-1	1	0	-1	-1	-1	-1	-1	-1	80	0	
192	1505454	2215	-1	21	莫斯科棕熊		38.870941	181.318085	0	300640	10000	-1	-1	1	0	-1	-1	-1	-1	-1	-1	80	0	
193	1505455	2215	-1	21	莫斯科棕熊		32.69175	143.417206	0	300640	10000	-1	-1	1	0	-1	-1	-1	-1	-1	-1	80	0	
194	1505456	2215	-1	21	莫斯科棕熊		124.559113	142.198181	0	300640	10000	-1	-1	1	0	-1	-1	-1	-1	-1	-1	80	0	
195	1505457	2215	-1	21	莫斯科棕熊		48.718292	161.357712	0	300640	10000	-1	-1	1	0	-1	-1	-1	-1	-1	-1	80	0	
196	1505459	2215	-1	21	莫斯科棕熊		74.824883	225.426208	0	300640	10000	-1	-1	1	0	-1	-1	-1	-1	-1	-1	80	0	
197	1505460	2215	-1	21	莫斯科棕熊		99.832748	202.030273	0	300640	10000	-1	-1	1	0	-1	-1	-1	-1	-1	-1	80	0	
198	1505461	2215	-1	21	莫斯科棕熊		76.628456	162.565521	0	300640	10000	-1	-1	1	0	-1	-1	-1	-1	-1	-1	80	0	
199	1505462	2215	-1	21	莫斯科棕熊		108.802917	170.114517	0	300640	10000	-1	-1	1	0	-1	-1	-1	-1	-1	-1	80	0	
200	1505464	2215	-1	21	莫斯科棕熊		142.503922	140.105515	0	300640	10000	-1	-1	1	0	-1	-1	-1	-1	-1	-1	80	0	
201	1505465	2215	-1	21	莫斯科棕熊		225.656326	120.829025	0	300640	10000	-1	-1	1	0	-1	-1	-1	-1	-1	-1	80	0	
202	1505466	2215	-1	21	莫斯科棕熊		77.649727	111.991287	0	300640	10000	-1	-1	1	0	-1	-1	-1	-1	-1	-1	80	0	
203	1505467	2161	400400	20	莫斯科守军		26.522228	66.103806	4	-1	10000	-1	-1	3	0	-1	-1	-1	-1	-1	-1	80	0	
204	1505468	2161	400400	20	莫斯科守军		30.169189	70.662422	4	-1	10000	-1	-1	3	0	-1	-1	-1	-1	-1	-1	80	0	
205	1505469	2161	400400	20	莫斯科守军		186.194351	229.206635	8	-1	10000	-1	-1	3	0	-1	-1	-1	-1	-1	-1	80	0	
206	1505470	2161	400400	20	莫斯科守军		191.087219	229.918854	8	-1	10000	-1	-1	3	0	-1	-1	-1	-1	-1	-1	80	0	
207	1505472	2161	400401	20	莫斯科守军		110.631195	61.890247	27	-1	10000	-1	-1	3	0	-1	-1	-1	-1	-1	-1	80	0	
208	299	1320	101548	-1	通往迷宫六层	王国迷宫传送	140.5	47	27	0	10000	-1	-1	3	0	-1	-1	-1	-1	-1	-1	85	0	
209	1505474	66	400403	20	欧也妮	莫斯科贵族	158.080261	88.525352	0	0	10000	-1	-1	3	0	-1	-1	-1	-1	-1	-1	80	0	
210	1505475	65	400404	20	埃莉斯	莫斯科公爵夫人	200.581238	43.168907	27	0	10000	-1	-1	3	0	-1	-1	-1	-1	-1	-1	80	0	
211	1505476	42	400405	20	巴赫	莫斯科教堂主教	207.257736	74.38945	18	0	10000	-1	-1	3	0	-1	-1	-1	-1	-1	-1	80	0	
212	1505477	43	400406	20	欧姆朗台	罗马传教士	204.75856	74.630371	0	0	10000	-1	-1	3	0	-1	-1	-1	-1	-1	-1	80	0	
213	1505480	68	400407	20	特兰姆		141.785568	91.669479	18	0	10000	-1	-1	3	0	-1	-1	-1	-1	-1	-1	80	0	
214	1505481	69	400408	20	伊斯姆		132.544678	53.187687	36	0	10000	-1	-1	3	0	-1	-1	-1	-1	-1	-1	80	0	
215	1505482	76	400409	20	伊斯特伯爵		139.73143	59.577438	0	0	10000	-1	-1	3	0	-1	-1	-1	-1	-1	-1	80	0	
216	1505484	77	400385	20	楚斯瓦尔	莫斯科贵族	212.769867	49.955067	18	0	10000	-1	-1	3	0	-1	-1	-1	-1	-1	-1	80	0	
217	1505485	1915	400386	20	瓦和木	木匠	137.935699	121.569221	27	0	10000	-1	-1	3	0	-1	-1	-1	-1	-1	-1	80	0	
218	1505486	78	400387	20	伏特加	酿酒师	186.162384	119.546921	27	0	10000	-1	-1	3	0	-1	-1	-1	-1	-1	-1	80	0	
219	1505487	2161	400399	20	莫斯科守军		103.577271	60.292206	27	0	10000	-1	-1	3	0	-1	-1	-1	-1	-1	-1	80	0	
220	1505488	2161	400401	20	莫斯科守军		92.120903	39.582977	18	0	10000	-1	-1	3	0	-1	-1	-1	-1	-1	-1	80	0	
221	1505489	2161	400398	20	莫斯科守军		92.608849	45.832432	18	0	10000	-1	-1	3	0	-1	-1	-1	-1	-1	-1	80	0	
222	1505490	2133	400388	20	楚鲁斯	莫斯科守军统帅	111.081673	46.673092	18	0	10000	-1	-1	3	0	-1	-1	-1	-1	-1	-1	80	0	
223	1505491	2113	400389	20	基尼维尔	莫斯科守军副帅	111.77047	45.293896	18	0	10000	-1	-1	3	0	-1	-1	-1	-1	-1	-1	80	0	
224	1505492	1915	400434	20	农民乌巴托		153.67662	119.889717	27	0	10000	-1	-1	3	0	-1	-1	-1	-1	-1	-1	80	0	
225	7336799	4295	101691	-1	组队指引人		181	121	27	-1	1000	-1	-1	3	0	-1	-1	-1	-1	-1	-1	100	0	
