NUM	NUM	NUM	NUM	NUM	TEXT	TEXT	FLOAT	FLOAT	NUM	NUM	NUM	NUM	NUM	NUM	NUM	NUM	NUM	NUM	NUM	NUM	NUM	NUM	NUM
编号	随机编号	attr编号	逻辑表编号	阵营编号	名称	称号	x轴坐标	z轴坐标	朝向	脚本编号	重生时间	分组编号	队伍编号	基础AI	AI文件	巡逻路径	商店0	商店1	商店2	商店3	名誉ID	等级	镜像组
0	2	19104	-1	21	木灵		103.710785	50.861523	0	300640	10000	-1	-1	0	0	-1	-1	-1	-1	-1	-1	110	0	
1	3	19104	-1	21	木灵		97.742859	48.446297	0	300640	10000	-1	-1	0	0	-1	-1	-1	-1	-1	-1	110	0	
2	5	19104	-1	21	木灵		81.113884	38.822063	0	300640	10000	-1	-1	0	0	-1	-1	-1	-1	-1	-1	110	0	
3	6	19104	-1	21	木灵		82.395309	28.57085	0	300640	10000	-1	-1	0	0	-1	-1	-1	-1	-1	-1	110	0	
4	8	19104	-1	21	木灵		76.135048	23.354248	0	300640	10000	-1	-1	0	0	-1	-1	-1	-1	-1	-1	110	0	
5	9	19104	-1	21	木灵		85.418884	26.30603	0	300640	10000	-1	-1	0	0	-1	-1	-1	-1	-1	-1	110	0	
6	10	19104	-1	21	木灵		89.191208	26.154705	0	300640	10000	-1	-1	0	0	-1	-1	-1	-1	-1	-1	110	0	
7	11	19104	-1	21	木灵		86.947639	31.906572	0	300640	10000	-1	-1	0	0	-1	-1	-1	-1	-1	-1	110	0	
8	12	19104	-1	21	木灵		70.107689	34.865948	0	300640	10000	-1	-1	0	0	-1	-1	-1	-1	-1	-1	110	0	
9	13	19104	-1	21	木灵		74.924675	29.451687	0	300640	10000	-1	-1	0	0	-1	-1	-1	-1	-1	-1	110	0	
10	14	19104	-1	21	木灵		76.037498	26.976274	0	300640	10000	-1	-1	0	0	-1	-1	-1	-1	-1	-1	110	0	
11	15	19104	-1	21	木灵		89.434441	22.813545	0	300640	10000	-1	-1	0	0	-1	-1	-1	-1	-1	-1	110	0	
12	16	19104	-1	21	木灵		80.877174	25.075466	0	300640	10000	-1	-1	0	0	-1	-1	-1	-1	-1	-1	110	0	
13	17	19104	-1	21	木灵		80.064606	31.607332	0	300640	10000	-1	-1	0	0	-1	-1	-1	-1	-1	-1	110	0	
14	18	19104	-1	21	木灵		57.361252	32.542755	0	300640	10000	-1	-1	0	0	-1	-1	-1	-1	-1	-1	110	0	
15	19	19104	-1	21	木灵		49.63026	35.6731	0	300640	10000	-1	-1	0	0	-1	-1	-1	-1	-1	-1	110	0	
16	20	19104	-1	21	木灵		43.294262	33.918282	0	300640	10000	-1	-1	0	0	-1	-1	-1	-1	-1	-1	110	0	
17	22	19104	-1	21	木灵		43.561066	37.681969	0	300640	10000	-1	-1	0	0	-1	-1	-1	-1	-1	-1	110	0	
18	25	19110	-1	21	树灵		25.130178	67.645035	0	300640	10000	-1	-1	0	0	-1	-1	-1	-1	-1	-1	115	0	
19	26	19110	-1	21	树灵		33.959023	67.573235	0	300640	10000	-1	-1	0	0	-1	-1	-1	-1	-1	-1	115	0	
20	27	19110	-1	21	树灵		26.594666	77.714592	0	300640	10000	-1	-1	0	0	-1	-1	-1	-1	-1	-1	115	0	
21	28	19110	-1	21	树灵		35.571808	73.132881	0	300640	10000	-1	-1	0	0	-1	-1	-1	-1	-1	-1	115	0	
22	30	19110	-1	21	树灵		35.200096	80.528221	0	300640	10000	-1	-1	0	0	-1	-1	-1	-1	-1	-1	115	0	
23	31	19110	-1	21	树灵		39.210392	87.275345	0	300640	10000	-1	-1	0	0	-1	-1	-1	-1	-1	-1	115	0	
24	32	19110	-1	21	树灵		43.272667	85.479187	0	300640	10000	-1	-1	0	0	-1	-1	-1	-1	-1	-1	115	0	
25	33	19110	-1	21	树灵		45.043266	85.326401	0	300640	10000	-1	-1	0	0	-1	-1	-1	-1	-1	-1	115	0	
26	34	19110	-1	21	树灵		33.4231	91.445747	0	300640	10000	-1	-1	0	0	-1	-1	-1	-1	-1	-1	115	0	
27	36	19110	-1	21	树灵		43.374554	89.847923	0	300640	10000	-1	-1	0	0	-1	-1	-1	-1	-1	-1	115	0	
28	38	19110	-1	21	树灵		48.846867	89.075294	0	300640	10000	-1	-1	0	0	-1	-1	-1	-1	-1	-1	115	0	
29	40	19110	-1	21	树灵		40.89888	94.46711	0	300640	10000	-1	-1	0	0	-1	-1	-1	-1	-1	-1	115	0	
30	41	19110	-1	21	树灵		44.188168	96.190308	0	300640	10000	-1	-1	0	0	-1	-1	-1	-1	-1	-1	115	0	
31	42	19110	-1	21	树灵		35.003212	94.673409	0	300640	10000	-1	-1	0	0	-1	-1	-1	-1	-1	-1	115	0	
32	43	19110	-1	21	树灵		50.394264	93.114708	0	300640	10000	-1	-1	0	0	-1	-1	-1	-1	-1	-1	115	0	
33	45	19110	-1	21	树灵		47.408512	98.172684	0	300640	10000	-1	-1	0	0	-1	-1	-1	-1	-1	-1	115	0	
34	47	19110	-1	21	树灵		50.213795	96.174217	0	300640	10000	-1	-1	0	0	-1	-1	-1	-1	-1	-1	115	0	
35	50	19110	-1	21	树灵		80.352486	96.349258	0	300640	10000	-1	-1	0	0	-1	-1	-1	-1	-1	-1	115	0	
36	55	19110	-1	21	树灵		74.127098	93.246857	0	300640	10000	-1	-1	0	0	-1	-1	-1	-1	-1	-1	115	0	
37	57	19110	-1	21	树灵		70.30175	81.712502	0	300640	10000	-1	-1	0	0	-1	-1	-1	-1	-1	-1	115	0	
38	61	19110	-1	21	树灵		78.022919	85.324936	0	300640	10000	-1	-1	0	0	-1	-1	-1	-1	-1	-1	115	0	
39	63	19110	-1	21	树灵		82.380913	85.423637	0	300640	10000	-1	-1	0	0	-1	-1	-1	-1	-1	-1	115	0	
40	64	19001	-1	21	清道夫		105.515381	54.705906	0	0	10000	-1	-1	0	0	-1	-1	-1	-1	-1	-1	110	0	
41	65	19104	-1	21	木灵		85.794678	24.994818	0	300640	10000	-1	-1	0	0	-1	-1	-1	-1	-1	-1	110	0	
42	66	19104	-1	21	木灵		88.164261	29.769512	0	300640	10000	-1	-1	0	0	-1	-1	-1	-1	-1	-1	110	0	
43	67	19104	-1	21	木灵		84.413895	29.188322	0	300640	10000	-1	-1	0	0	-1	-1	-1	-1	-1	-1	110	0	
44	68	19104	-1	21	木灵		78.280167	28.555525	0	300640	10000	-1	-1	0	0	-1	-1	-1	-1	-1	-1	110	0	
45	69	19104	-1	21	木灵		83.058838	25.907269	0	300640	10000	-1	-1	0	0	-1	-1	-1	-1	-1	-1	110	0	
46	70	19104	-1	21	木灵		82.612953	31.49217	0	300640	10000	-1	-1	0	0	-1	-1	-1	-1	-1	-1	110	0	
47	71	19104	-1	21	木灵		89.356499	31.496382	0	300640	10000	-1	-1	0	0	-1	-1	-1	-1	-1	-1	110	0	
48	72	19104	-1	21	木灵		81.359627	21.99378	0	300640	10000	-1	-1	0	0	-1	-1	-1	-1	-1	-1	110	0	
49	73	19104	-1	21	木灵		83.53186	23.104986	0	300640	10000	-1	-1	0	0	-1	-1	-1	-1	-1	-1	110	0	
50	74	19104	-1	21	木灵		85.920837	22.851744	0	300640	10000	-1	-1	0	0	-1	-1	-1	-1	-1	-1	110	0	
51	75	19104	-1	21	木灵		81.970406	36.203663	0	300640	10000	-1	-1	0	0	-1	-1	-1	-1	-1	-1	110	0	
52	76	19104	-1	21	木灵		98.977814	47.303158	0	300640	10000	-1	-1	0	0	-1	-1	-1	-1	-1	-1	110	0	
53	77	19104	-1	21	木灵		95.289879	45.736343	0	300640	10000	-1	-1	0	0	-1	-1	-1	-1	-1	-1	110	0	
54	78	19104	-1	21	木灵		101.911819	45.795853	0	300640	10000	-1	-1	0	0	-1	-1	-1	-1	-1	-1	110	0	
55	79	19104	-1	21	木灵		95.353004	52.293434	0	300640	10000	-1	-1	0	0	-1	-1	-1	-1	-1	-1	110	0	
56	80	19104	-1	21	木灵		91.930031	47.152313	0	300640	10000	-1	-1	0	0	-1	-1	-1	-1	-1	-1	110	0	
57	81	19104	-1	21	木灵		97.64959	51.775829	0	300640	10000	-1	-1	0	0	-1	-1	-1	-1	-1	-1	110	0	
58	82	19104	-1	21	木灵		104.137329	46.237404	0	300640	10000	-1	-1	0	0	-1	-1	-1	-1	-1	-1	110	0	
59	83	19104	-1	21	木灵		100.281975	50.794609	0	300640	10000	-1	-1	0	0	-1	-1	-1	-1	-1	-1	110	0	
60	84	19104	-1	21	木灵		93.255936	49.228634	0	300640	10000	-1	-1	0	0	-1	-1	-1	-1	-1	-1	110	0	
61	85	19110	-1	21	树灵		30.636127	75.101425	0	300640	10000	-1	-1	0	0	-1	-1	-1	-1	-1	-1	115	0	
62	86	19110	-1	21	树灵		32.694386	77.619476	0	300640	10000	-1	-1	0	0	-1	-1	-1	-1	-1	-1	115	0	
63	87	19110	-1	21	树灵		28.185806	71.115097	0	300640	10000	-1	-1	0	0	-1	-1	-1	-1	-1	-1	115	0	
64	88	19110	-1	21	树灵		31.737816	71.227722	0	300640	10000	-1	-1	0	0	-1	-1	-1	-1	-1	-1	115	0	
65	89	19110	-1	21	树灵		36.21048	88.104683	0	300640	10000	-1	-1	0	0	-1	-1	-1	-1	-1	-1	115	0	
66	90	19110	-1	21	树灵		38.72226	91.334534	0	300640	10000	-1	-1	0	0	-1	-1	-1	-1	-1	-1	115	0	
67	91	19110	-1	21	树灵		45.56823	93.715973	0	300640	10000	-1	-1	0	0	-1	-1	-1	-1	-1	-1	115	0	
68	92	19110	-1	21	树灵		29.346491	82.123505	0	300640	10000	-1	-1	0	0	-1	-1	-1	-1	-1	-1	115	0	
69	93	19110	-1	21	树灵		36.173805	77.452469	0	300640	10000	-1	-1	0	0	-1	-1	-1	-1	-1	-1	115	0	
70	94	19110	-1	21	树灵		38.305161	82.475777	0	300640	10000	-1	-1	0	0	-1	-1	-1	-1	-1	-1	115	0	
71	95	19110	-1	21	树灵		46.624046	91.17482	0	300640	10000	-1	-1	0	0	-1	-1	-1	-1	-1	-1	115	0	
72	96	19110	-1	21	树灵		74.449615	90.530479	0	300640	10000	-1	-1	0	0	-1	-1	-1	-1	-1	-1	115	0	
73	97	19110	-1	21	树灵		74.152313	84.671066	0	300640	10000	-1	-1	0	0	-1	-1	-1	-1	-1	-1	115	0	
74	98	19110	-1	21	树灵		76.321007	89.514862	0	300640	10000	-1	-1	0	0	-1	-1	-1	-1	-1	-1	115	0	
75	99	19110	-1	21	树灵		79.378716	92.182938	0	300640	10000	-1	-1	0	0	-1	-1	-1	-1	-1	-1	115	0	
76	100	19110	-1	21	树灵		80.275948	88.283813	0	300640	10000	-1	-1	0	0	-1	-1	-1	-1	-1	-1	115	0	
77	101	19110	-1	21	树灵		76.479759	95.786751	0	300640	10000	-1	-1	0	0	-1	-1	-1	-1	-1	-1	115	0	
78	102	19110	-1	21	树灵		82.058517	91.35923	0	300640	10000	-1	-1	0	0	-1	-1	-1	-1	-1	-1	115	0	
79	103	19110	-1	21	树灵		74.883247	87.625626	0	300640	10000	-1	-1	0	0	-1	-1	-1	-1	-1	-1	115	0	
80	104	19110	-1	21	树灵		74.204315	82.487709	0	300640	10000	-1	-1	0	0	-1	-1	-1	-1	-1	-1	115	0	
