NUM	NUM	TEXT	NUM	NUM	FLOAT	FLOAT	FLOAT	TEXT	NUM	NUM	NUM	NUM	TEXT	TEXT	NUM	NUM	NUM	TEXT	TEXT	TEXT	TEXT	TEXT	TEXT	TEXT	TEXT	TEXT	TEXT	TEXT	TEXT	TEXT	TEXT	TEXT	TEXT	CNC	NUM	NUM	NUM	NUM	NUM	NUM	NUM	NUM	NUM	NUM	NUM	NUM	NUM	NUM	NUM	NUM	NUM	NUM	NUM	NUM	NUM	NUM	NUM	NUM	NUM	NUM	NUM	NUM	NUM	NUM	NUM	NUM	TEXT	TEXT	NUM	NUM	NUM	NUM	NUM	NUM	NUM	NUM	NUM	NUM	TEXT	NUM	NUM	TEXT	TEXT	NUM	NUM	NUM	NUM	NUM	TEXT	NUM	NUM	NUM	NUM	NUM	NUM	NUM	NUM	NUM	NUM	NUM	NUM
BUS编号ID	是否可被攻击	BUS名称	是否跟随玩家转向	是否显示头顶信息	名称高度	脚底光圈大小	阴影宽度	头像	模型ID	公车 Type	拉车马模型ID	拉车马模型ID	挂接拉车马的绑定点	挂接拉车马的绑定点	休闲动作间隔时间	是否可以与玩家交互	BOSS标记	特殊光效名称1	绑定点名称1	特殊光效名称2	绑定点名称2	特殊光效名称3	绑定点名称3	特殊光效名称4	绑定点名称4	玩家绑定点1	玩家绑定点2	玩家绑定点3	玩家绑定点4	玩家绑定点5	玩家绑定点6	玩家绑定点7	玩家绑定点8	分割线	级别	刷新周期（毫秒）	min伤血百分比(Hppercent)	基础经验值(EXP)	近程攻击	远程攻击	魔法攻击	近程防御	远程防御	魔法防御	HP上限	MP上限	HP回复	MP回复	命中	闪避	会心率	韧性	属性攻击1	属性攻击2	属性攻击3	属性攻击4	属性防御1	属性防御2	属性防御3	属性防御4	脚本ID	发招动作时间	发招冷却时间	跑步速度	走路速度	攻击速率	调用武器ID	马调用ID	基础AI编号	扩展AI编号	阵营编号	友好标记	可免疫的瞬时效果ID	可免疫的持续效果ID	掉落物品分配半径(米)	掉落有效最大组队个数	掉落物品组ID	物品组掉落率	掉落马ID	马掉落率	NPC类别	NPC类别名称	NPC名称索引拼音	BUS被动技能1	BUS被动技能2	BUS被动技能3	BUS被动技能4	BUS被动技能5	称号	"控制类型（1系统控制,0玩家控制）"	战车内空间	是否显示人物	主动技能1(镖车时特指变身技能)	主动技能2	主动技能3	主动技能4	主动技能5	"BUS类别(0镖车,1BUS,2帮会镖车)"	PK类型	min有效跟随距离	max有效跟随距离
1	0	公车	-1	1	-1	200	100	set:HAN2_Monster_touxiang_3 image:HAN2_Monster_touxiang_3_13	3092	2	-1	-1	镖车右绑定点	镖车左绑定点	10	1	0									坐骑马背部绑定点1	坐骑马背部绑定点2	坐骑马背部绑定点3	坐骑马背部绑定点4	坐骑马背部绑定点5	坐骑马背部绑定点6	坐骑马背部绑定点7	坐骑马背部绑定点8		1	10000	10	2	2	2	2	2	2	2	200	100	0	0	50	1	5	0	0	0	0	0	0	0	0	0		400	3600	1200	1200	100	-1	-1	0	-1	5	0	-1	-1	20	0	-1	0	-1		-1		l	-1	-1	-1	-1	-1		1	8	0	-1	-1	-1	-1	-1	1	0	5	25
2	0	共乘BUS	-1	1	-1	200	100	set:HAN2_Monster_touxiang_3 image:HAN2_Monster_touxiang_3_13	3092	2	-1	-1	镖车右绑定点	镖车左绑定点	10	1	0									坐骑马背部绑定点1	坐骑马背部绑定点2	坐骑马背部绑定点3	坐骑马背部绑定点4	坐骑马背部绑定点5	坐骑马背部绑定点6	坐骑马背部绑定点7	坐骑马背部绑定点8		1	10000	10	2	2	2	2	2	2	2	500	100	0	0	50	1	5	0	0	0	0	0	0	0	0	0		400	3600	2000	2000	100	-1	-1	0	-1	5	0	-1	-1	20	0	-1	0	-1		-1		l	11220	-1	-1	-1	-1		0	8	0	14000	14001	123	14002	14003	1	0	5	25
3	0	翼龙飞行器	-1	-1	-1	200	100	set:HAN2_Other_touxiang_3 image:HAN2_Other_touxiang_3_12	2665	1	-1	-1	运输车右绑定点	运输车左绑定点	10	1	0																		1	10000	10	2	2	2	2	2	2	2	80000	100	0	0	50	1	5	0	0	0	0	0	0	0	0	0		400	3600	1500	1500	100	-1	-1	0	-1	5	0	-1	-1	20	0	-1	0	-1		-1		l	11220	-1	-1	-1	-1		0	8	0	14000	-1	-1	-1	-1	0	0	5	25
4	0	青龙	-1	-1	-1	200	100	set:HAN2_Other_touxiang_3 image:HAN2_Other_touxiang_3_11	2653	2	-1	-1	镖车右绑定点	镖车左绑定点	10	1	0																		1	10000	10	2	2	2	2	2	2	2	640000	100	0	0	50	1	5	0	0	0	0	0	0	0	0	0		400	3600	1500	1500	100	-1	-1	0	-1	5	0	-1	-1	20	0	-1	0	-1		-1		l	11220	-1	-1	-1	-1		0	8	0	14000	-1	-1	-1	-1	2	0	5	50
5	0	翼龙飞行器	-1	-1	-1	200	100	set:HAN2_Other_touxiang_3 image:HAN2_Other_touxiang_3_12	2665	1	-1	-1	运输车右绑定点	运输车左绑定点	10	1	0																		1	10000	10	2	2	2	2	2	2	2	160000	100	0	0	50	1	5	0	0	0	0	0	0	0	0	0		400	3600	1500	1500	100	-1	-1	0	-1	5	0	-1	-1	20	0	-1	0	-1		-1		l	11220	-1	-1	-1	-1		0	8	0	14000	-1	-1	-1	-1	0	0	5	25
6	0	翼龙飞行器	-1	-1	-1	200	100	set:HAN2_Other_touxiang_3 image:HAN2_Other_touxiang_3_12	2665	1	-1	-1	运输车右绑定点	运输车左绑定点	10	1	0																		1	10000	10	2	2	2	2	2	2	2	240000	100	0	0	50	1	5	0	0	0	0	0	0	0	0	0		400	3600	1500	1500	100	-1	-1	0	-1	5	0	-1	-1	20	0	-1	0	-1		-1		l	11220	-1	-1	-1	-1		0	8	0	14000	-1	-1	-1	-1	0	0	5	25
7	0	官府马车	-1	-1	-1	200	100	set:HAN2_Other_touxiang_6 image:HAN2_Other_touxiang_6_3	2350	1	1257	1257	镖车右绑定点	镖车左绑定点	10	1	0																		1	10000	10	2	2	2	2	2	2	2	80000	100	0	0	50	1	5	0	0	0	0	0	0	0	0	0		400	3600	1500	2000	100	-1	-1	0	-1	5	0	-1	-1	20	0	-1	0	-1		-1		l	11220	-1	-1	-1	-1		0	8	0	14000	-1	-1	-1	-1	0	0	5	25
8	0	官府马车	-1	-1	-1	200	100	set:HAN2_Other_touxiang_6 image:HAN2_Other_touxiang_6_3	2350	1	1257	1257	镖车右绑定点	镖车左绑定点	10	1	0																		1	10000	10	2	2	2	2	2	2	2	160000	100	0	0	50	1	5	0	0	0	0	0	0	0	0	0		400	3600	1500	2000	100	-1	-1	0	-1	5	0	-1	-1	20	0	-1	0	-1		-1		l	11220	-1	-1	-1	-1		0	8	0	14000	-1	-1	-1	-1	0	0	5	25
9	0	官府马车	-1	-1	-1	200	100	set:HAN2_Other_touxiang_6 image:HAN2_Other_touxiang_6_3	2350	1	1257	1257	镖车右绑定点	镖车左绑定点	10	1	0																		1	10000	10	2	2	2	2	2	2	2	240000	100	0	0	50	1	5	0	0	0	0	0	0	0	0	0		400	3600	1500	2000	100	-1	-1	0	-1	5	0	-1	-1	20	0	-1	0	-1		-1		l	11220	-1	-1	-1	-1		0	8	0	14000	-1	-1	-1	-1	0	0	5	25
10	0	马匹	-1	-1	-1	200	100	set:CJSH_Ma_touxiang_1 image:CJSH_Ma_touxiang_1_11	1004	1	-1	-1	镖车右绑定点	镖车左绑定点	10	1	0																		1	10000	10	2	2	2	2	2	2	2	10000	100	0	0	50	1	5	0	0	0	0	0	0	0	0	0		400	3600	6900	5900	100	-1	-1	0	-1	5	0	-1	-1	20	0	-1	0	-1		-1		l	-1	-1	-1	-1	-1		0	0	0	-1	-1	-1	-1	-1	3	0	5	25
11	0	粮车	-1	-1	-1	200	100	set:CJSH_Ma_touxiang_2 image:CJSH_Ma_touxiang_2_5	2348	1	1005	1005	镖车右绑定点	镖车左绑定点	10	1	0																		1	10000	10	2	2	2	2	2	2	2	10000	100	0	0	50	1	5	0	0	0	0	0	0	0	0	0		400	3600	6900	5900	100	-1	-1	0	-1	5	0	-1	-1	20	0	-1	0	-1		-1		l	-1	-1	-1	-1	-1		0	0	0	-1	-1	-1	-1	-1	3	0	5	25
12	0	村民	-1	-1	-1	200	100	set:CJSH_NPC_touxiang_4 image:CJSH_NPC_touxiang_4_10	2085	1	-1	-1	镖车右绑定点	镖车左绑定点	10	1	0																		1	10000	10	2	2	2	2	2	2	2	10000	100	0	0	50	1	5	0	0	0	0	0	0	0	0	0		400	3600	6900	5900	100	-1	-1	0	-1	5	0	-1	-1	20	0	-1	0	-1		-1		l	-1	-1	-1	-1	-1		0	0	0	-1	-1	-1	-1	-1	3	0	5	25
13	0	矿车	-1	-1	-1	200	100	set:CJSH_Ma_touxiang_2 image:CJSH_Ma_touxiang_2_5	2352	1	1005	1005	镖车右绑定点	镖车左绑定点	10	1	0																		1	10000	10	2	2	2	2	2	2	2	10000	100	0	0	50	1	5	0	0	0	0	0	0	0	0	0		400	3600	6900	5900	100	-1	-1	0	-1	5	0	-1	-1	20	0	-1	0	-1		-1		l	-1	-1	-1	-1	-1		0	0	0	-1	-1	-1	-1	-1	3	0	5	25
14	0	海货	-1	-1	-1	200	100	set:CJSH_Ma_touxiang_2 image:CJSH_Ma_touxiang_2_5	2353	1	1005	1005	镖车右绑定点	镖车左绑定点	10	1	0																		1	10000	10	2	2	2	2	2	2	2	10000	100	0	0	50	1	5	0	0	0	0	0	0	0	0	0		400	3600	6900	5900	100	-1	-1	0	-1	5	0	-1	-1	20	0	-1	0	-1		-1		l	-1	-1	-1	-1	-1		0	0	0	-1	-1	-1	-1	-1	3	0	5	25
15	0	朝廷圣物	-1	-1	-1	200	100	set:CJSH_Ma_touxiang_2 image:CJSH_Ma_touxiang_2_5	3078	1	1005	1005	镖车右绑定点	镖车左绑定点	10	1	0																		1	10000	10	2	2	2	2	2	2	2	10000	100	0	0	50	1	5	0	0	0	0	0	0	0	0	0		400	3600	6900	5900	100	-1	-1	0	-1	5	0	-1	-1	20	0	-1	0	-1		-1		l	-1	-1	-1	-1	-1		0	0	0	-1	-1	-1	-1	-1	3	0	5	25
16	0	马匹	-1	-1	-1	200	100	set:CJSH_Ma_touxiang_1 image:CJSH_Ma_touxiang_1_6	1005	1	-1	-1	镖车右绑定点	镖车左绑定点	10	1	0																		1	10000	10	2	2	2	2	2	2	2	10000	100	0	0	50	1	5	0	0	0	0	0	0	0	0	0		400	3600	1500	1500	100	-1	-1	0	-1	5	0	-1	-1	20	0	-1	0	-1		-1		l	-1	-1	-1	-1	-1		0	0	0	-1	-1	-1	-1	-1	3	0	5	25
17	0	马匹	-1	-1	-1	200	100	set:CJSH_Ma_touxiang_2 image:CJSH_Ma_touxiang_2_9	1006	1	-1	-1	镖车右绑定点	镖车左绑定点	10	1	0																		1	10000	10	2	2	2	2	2	2	2	10000	100	0	0	50	1	5	0	0	0	0	0	0	0	0	0		400	3600	1500	1500	100	-1	-1	0	-1	5	0	-1	-1	20	0	-1	0	-1		-1		l	-1	-1	-1	-1	-1		0	0	0	-1	-1	-1	-1	-1	3	0	5	25
18	0	马匹	-1	-1	-1	200	100	set:CJSH_Ma_touxiang_2 image:CJSH_Ma_touxiang_2_4	1007	1	-1	-1	镖车右绑定点	镖车左绑定点	10	1	0																		1	10000	10	2	2	2	2	2	2	2	10000	100	0	0	50	1	5	0	0	0	0	0	0	0	0	0		400	3600	1500	1500	100	-1	-1	0	-1	5	0	-1	-1	20	0	-1	0	-1		-1		l	-1	-1	-1	-1	-1		0	0	0	-1	-1	-1	-1	-1	3	0	5	25
19	0	马匹	-1	-1	-1	200	100	set:CJSH_Ma_touxiang_2 image:CJSH_Ma_touxiang_2_14	1008	1	-1	-1	镖车右绑定点	镖车左绑定点	10	1	0																		1	10000	10	2	2	2	2	2	2	2	10000	100	0	0	50	1	5	0	0	0	0	0	0	0	0	0		400	3600	1500	1500	100	-1	-1	0	-1	5	0	-1	-1	20	0	-1	0	-1		-1		l	-1	-1	-1	-1	-1		0	0	0	-1	-1	-1	-1	-1	3	0	5	25
20	0	马匹	-1	-1	-1	200	100	set:CJSH_Ma_touxiang_1 image:CJSH_Ma_touxiang_1_5	1009	1	-1	-1	镖车右绑定点	镖车左绑定点	10	1	0																		1	10000	10	2	2	2	2	2	2	2	10000	100	0	0	50	1	5	0	0	0	0	0	0	0	0	0		400	3600	1500	1500	100	-1	-1	0	-1	5	0	-1	-1	20	0	-1	0	-1		-1		l	-1	-1	-1	-1	-1		0	0	0	-1	-1	-1	-1	-1	3	0	5	25
21	0	空马车	-1	-1	-1	200	100	set:CJSH_Ma_touxiang_2 image:CJSH_Ma_touxiang_2_5	2406	1	1005	1005	镖车右绑定点	镖车左绑定点	10	1	0																		1	10000	10	2	2	2	2	2	2	2	10000	100	0	0	50	1	5	0	0	0	0	0	0	0	0	0		400	3600	1500	1500	100	-1	-1	0	-1	5	0	-1	-1	20	0	-1	0	-1		-1		l	-1	-1	-1	-1	-1		0	0	0	-1	-1	-1	-1	-1	3	0	5	25
22	0	空马车	-1	-1	-1	200	100	set:CJSH_Ma_touxiang_2 image:CJSH_Ma_touxiang_2_5	2406	1	1006	1006	镖车右绑定点	镖车左绑定点	10	1	0																		1	10000	10	2	2	2	2	2	2	2	10000	100	0	0	50	1	5	0	0	0	0	0	0	0	0	0		400	3600	1500	1500	100	-1	-1	0	-1	5	0	-1	-1	20	0	-1	0	-1		-1		l	-1	-1	-1	-1	-1		0	0	0	-1	-1	-1	-1	-1	3	0	5	25
23	0	空马车	-1	-1	-1	200	100	set:CJSH_Ma_touxiang_2 image:CJSH_Ma_touxiang_2_5	2406	1	1007	1007	镖车右绑定点	镖车左绑定点	10	1	0																		1	10000	10	2	2	2	2	2	2	2	10000	100	0	0	50	1	5	0	0	0	0	0	0	0	0	0		400	3600	1500	1500	100	-1	-1	0	-1	5	0	-1	-1	20	0	-1	0	-1		-1		l	-1	-1	-1	-1	-1		0	0	0	-1	-1	-1	-1	-1	3	0	5	25
24	0	空马车	-1	-1	-1	200	100	set:CJSH_Ma_touxiang_2 image:CJSH_Ma_touxiang_2_5	2406	1	1008	1008	镖车右绑定点	镖车左绑定点	10	1	0																		1	10000	10	2	2	2	2	2	2	2	10000	100	0	0	50	1	5	0	0	0	0	0	0	0	0	0		400	3600	1500	1500	100	-1	-1	0	-1	5	0	-1	-1	20	0	-1	0	-1		-1		l	-1	-1	-1	-1	-1		0	0	0	-1	-1	-1	-1	-1	3	0	5	25
25	0	空马车	-1	-1	-1	200	100	set:CJSH_Ma_touxiang_2 image:CJSH_Ma_touxiang_2_5	2406	1	1009	1009	镖车右绑定点	镖车左绑定点	10	1	0																		1	10000	10	2	2	2	2	2	2	2	10000	100	0	0	50	1	5	0	0	0	0	0	0	0	0	0		400	3600	1500	1500	100	-1	-1	0	-1	5	0	-1	-1	20	0	-1	0	-1		-1		l	-1	-1	-1	-1	-1		0	0	0	-1	-1	-1	-1	-1	3	0	5	25
26	0	装满货物的马车	-1	-1	-1	200	100	set:CJSH_Ma_touxiang_2 image:CJSH_Ma_touxiang_2_5	2348	1	1005	1005	镖车右绑定点	镖车左绑定点	10	1	0																		1	10000	10	2	2	2	2	2	2	2	10000	100	0	0	50	1	5	0	0	0	0	0	0	0	0	0		400	3600	1500	1500	100	-1	-1	0	-1	5	0	-1	-1	20	0	-1	0	-1		-1		l	-1	-1	-1	-1	-1		0	0	0	-1	-1	-1	-1	-1	3	0	5	25
27	0	装满货物的马车	-1	-1	-1	200	100	set:CJSH_Ma_touxiang_2 image:CJSH_Ma_touxiang_2_5	2352	1	1006	1006	镖车右绑定点	镖车左绑定点	10	1	0																		1	10000	10	2	2	2	2	2	2	2	10000	100	0	0	50	1	5	0	0	0	0	0	0	0	0	0		400	3600	1500	1500	100	-1	-1	0	-1	5	0	-1	-1	20	0	-1	0	-1		-1		l	-1	-1	-1	-1	-1		0	0	0	-1	-1	-1	-1	-1	3	0	5	25
28	0	装满货物的马车	-1	-1	-1	200	100	set:CJSH_Ma_touxiang_2 image:CJSH_Ma_touxiang_2_5	2353	1	1007	1007	镖车右绑定点	镖车左绑定点	10	1	0																		1	10000	10	2	2	2	2	2	2	2	10000	100	0	0	50	1	5	0	0	0	0	0	0	0	0	0		400	3600	1500	1500	100	-1	-1	0	-1	5	0	-1	-1	20	0	-1	0	-1		-1		l	-1	-1	-1	-1	-1		0	0	0	-1	-1	-1	-1	-1	3	0	5	25
29	0	装满货物的马车	-1	-1	-1	200	100	set:CJSH_Ma_touxiang_2 image:CJSH_Ma_touxiang_2_5	2349	1	1008	1008	镖车右绑定点	镖车左绑定点	10	1	0																		1	10000	10	2	2	2	2	2	2	2	10000	100	0	0	50	1	5	0	0	0	0	0	0	0	0	0		400	3600	1500	1500	100	-1	-1	0	-1	5	0	-1	-1	20	0	-1	0	-1		-1		l	-1	-1	-1	-1	-1		0	0	0	-1	-1	-1	-1	-1	3	0	5	25
30	0	装满货物的马车	-1	-1	-1	200	100	set:CJSH_Ma_touxiang_2 image:CJSH_Ma_touxiang_2_5	2350	1	1009	1009	镖车右绑定点	镖车左绑定点	10	1	0																		1	10000	10	2	2	2	2	2	2	2	10000	100	0	0	50	1	5	0	0	0	0	0	0	0	0	0		400	3600	1500	1500	100	-1	-1	0	-1	5	0	-1	-1	20	0	-1	0	-1		-1		l	-1	-1	-1	-1	-1		0	0	0	-1	-1	-1	-1	-1	3	0	5	25
31	1	淘气的小孩	-1	-1	-1	200	100	set:CJSH_NPC_touxiang_14 image:CJSH_NPC_touxiang_14_13	2028	1	-1	-1	人物身体中心点	人物身体中心点	10	1	0																		1	10000	10	2	2	2	2	2	2	2	10000	100	0	0	50	1	5	0	0	0	0	0	0	0	0	0		400	3600	2500	2500	100	-1	-1	0	-1	5	0	-1	-1	20	0	-1	0	-1		-1		l	-1	-1	-1	-1	-1		0	0	0	-1	-1	-1	-1	-1	3	0	5	25
32	1	公车	-1	1	-1	200	100	set:HAN2_Monster_touxiang_3 image:HAN2_Monster_touxiang_3_13	3092	2	-1	-1	镖车右绑定点	镖车左绑定点	10	1	0									坐骑马背部绑定点1	坐骑马背部绑定点2	坐骑马背部绑定点3	坐骑马背部绑定点4	坐骑马背部绑定点5	坐骑马背部绑定点6	坐骑马背部绑定点7	坐骑马背部绑定点8		1	10000	1	2	2	2	2	999999	999999	999999	9999999	100	9999999	0	50	9999999	5	9999999	0	0	0	0	0	0	0	0		400	3600	1200	1200	100	-1	-1	0	-1	5	0	-1	-1	20	0	-1	0	-1		-1		l	-1	-1	-1	-1	-1		1	8	1	-1	-1	-1	-1	-1	1	0	5	25
33	1	公车	-1	1	-1	200	100	set:HAN2_Monster_touxiang_3 image:HAN2_Monster_touxiang_3_13	3092	2	-1	-1	镖车右绑定点	镖车左绑定点	10	1	0									坐骑马背部绑定点1	坐骑马背部绑定点2	坐骑马背部绑定点3	坐骑马背部绑定点4	坐骑马背部绑定点5	坐骑马背部绑定点6	坐骑马背部绑定点7	坐骑马背部绑定点8		1	10000	1	2	2	2	2	999999	999999	999999	9999999	100	9999999	0	50	9999999	5	9999999	0	0	0	0	0	0	0	0		400	3600	1200	1200	100	-1	-1	0	-1	5	0	-1	-1	20	0	-1	0	-1		-1		l	-1	-1	-1	-1	-1		1	8	1	-1	-1	-1	-1	-1	1	0	5	25
34	1	公车	-1	1	-1	200	100	set:HAN2_Monster_touxiang_3 image:HAN2_Monster_touxiang_3_13	3092	2	-1	-1	镖车右绑定点	镖车左绑定点	10	1	0									坐骑马背部绑定点1	坐骑马背部绑定点2	坐骑马背部绑定点3	坐骑马背部绑定点4	坐骑马背部绑定点5	坐骑马背部绑定点6	坐骑马背部绑定点7	坐骑马背部绑定点8		1	10000	1	2	2	2	2	999999	999999	999999	9999999	100	9999999	0	50	9999999	5	9999999	0	0	0	0	0	0	0	0		400	3600	1200	1200	100	-1	-1	0	-1	5	0	-1	-1	20	0	-1	0	-1		-1		l	-1	-1	-1	-1	-1		1	8	1	-1	-1	-1	-1	-1	1	0	5	25
35	0	翼龙飞行器	-1	-1	-1	200	100	set:HAN2_Other_touxiang_3 image:HAN2_Other_touxiang_3_12	2665	1	-1	-1	运输车右绑定点	运输车左绑定点	10	1	0																		1	10000	10	2	2	2	2	2	2	2	400000	100	0	0	50	1	5	0	0	0	0	0	0	0	0	0		400	3600	1500	1500	100	-1	-1	0	-1	5	0	-1	-1	20	0	-1	0	-1		-1		l	11220	-1	-1	-1	-1		0	8	0	14000	-1	-1	-1	-1	0	0	5	25
36	0	翼龙飞行器	-1	-1	-1	200	100	set:HAN2_Other_touxiang_3 image:HAN2_Other_touxiang_3_12	2665	1	-1	-1	运输车右绑定点	运输车左绑定点	10	1	0																		1	10000	10	2	2	2	2	2	2	2	480000	100	0	0	50	1	5	0	0	0	0	0	0	0	0	0		400	3600	1500	1500	100	-1	-1	0	-1	5	0	-1	-1	20	0	-1	0	-1		-1		l	11220	-1	-1	-1	-1		0	8	0	14000	-1	-1	-1	-1	0	0	5	25
37	0	翼龙飞行器	-1	-1	-1	200	100	set:HAN2_Other_touxiang_3 image:HAN2_Other_touxiang_3_12	2665	1	-1	-1	运输车右绑定点	运输车左绑定点	10	1	0																		1	10000	10	2	2	2	2	2	2	2	640000	100	0	0	50	1	5	0	0	0	0	0	0	0	0	0		400	3600	1500	1500	100	-1	-1	0	-1	5	0	-1	-1	20	0	-1	0	-1		-1		l	11220	-1	-1	-1	-1		0	8	0	14000	-1	-1	-1	-1	0	0	5	25
38	0	官府马车	-1	-1	-1	200	100	set:HAN2_Other_touxiang_6 image:HAN2_Other_touxiang_6_3	2350	1	1257	1257	镖车右绑定点	镖车左绑定点	10	1	0																		1	10000	10	2	2	2	2	2	2	2	400000	100	0	0	50	1	5	0	0	0	0	0	0	0	0	0		400	3600	1500	2000	100	-1	-1	0	-1	5	0	-1	-1	20	0	-1	0	-1		-1		l	11220	-1	-1	-1	-1		0	8	0	14000	-1	-1	-1	-1	0	0	5	25
39	0	官府马车	-1	-1	-1	200	100	set:HAN2_Other_touxiang_6 image:HAN2_Other_touxiang_6_3	2350	1	1257	1257	镖车右绑定点	镖车左绑定点	10	1	0																		1	10000	10	2	2	2	2	2	2	2	480000	100	0	0	50	1	5	0	0	0	0	0	0	0	0	0		400	3600	1500	2000	100	-1	-1	0	-1	5	0	-1	-1	20	0	-1	0	-1		-1		l	11220	-1	-1	-1	-1		0	8	0	14000	-1	-1	-1	-1	0	0	5	25
40	0	官府马车	-1	-1	-1	200	100	set:HAN2_Other_touxiang_6 image:HAN2_Other_touxiang_6_3	2350	1	1257	1257	镖车右绑定点	镖车左绑定点	10	1	0																		1	10000	10	2	2	2	2	2	2	2	640000	100	0	0	50	1	5	0	0	0	0	0	0	0	0	0		400	3600	1500	2000	100	-1	-1	0	-1	5	0	-1	-1	20	0	-1	0	-1		-1		l	11220	-1	-1	-1	-1		0	8	0	14000	-1	-1	-1	-1	0	0	5	25
41	0	女香客	-1	-1	-1	200	100	set:CJSH_NPC_touxiang_4 image:CJSH_NPC_touxiang_4_10	2085	1	-1	-1	镖车右绑定点	镖车左绑定点	10	1	0																		1	10000	10	2	2	2	2	2	2	2	10000	100	0	0	50	1	5	0	0	0	0	0	0	0	0	0		400	3600	3500	3500	100	-1	-1	0	-1	5	0	-1	-1	20	0	-1	0	-1		-1		l	-1	-1	-1	-1	-1		0	0	0	-1	-1	-1	-1	-1	3	0	5	25
42	0	王国战车	-1	-1	-1	200	100	set:HAN2_Other_touxiang_3 image:HAN2_Other_touxiang_3_13	2650	1	-1	-1	镖车右绑定点	镖车左绑定点	10	1	0																		1	10000	10	2	2	2	2	2	2	2	720000	100	0	0	50	1	5	0	0	0	0	0	0	0	0	0		400	3600	1500	1500	100	-1	-1	0	-1	5	0	-1	-1	20	0	-1	0	-1		-1		l	11220	-1	-1	-1	-1		0	8	0	14000	-1	-1	-1	-1	0	0	5	25
43	0	王国战车	-1	-1	-1	200	100	set:HAN2_Other_touxiang_3 image:HAN2_Other_touxiang_3_14	2651	1	-1	-1	镖车右绑定点	镖车左绑定点	10	1	0																		1	10000	10	2	2	2	2	2	2	2	720000	100	0	0	50	1	5	0	0	0	0	0	0	0	0	0		400	3600	1500	1500	100	-1	-1	0	-1	5	0	-1	-1	20	0	-1	0	-1		-1		l	11220	-1	-1	-1	-1		0	8	0	14000	-1	-1	-1	-1	0	0	5	25
44	0	王国战车	-1	-1	-1	200	100	set:HAN2_Other_touxiang_3 image:HAN2_Other_touxiang_3_15	2652	1	-1	-1	镖车右绑定点	镖车左绑定点	10	1	0																		1	10000	10	2	2	2	2	2	2	2	720000	100	0	0	50	1	5	0	0	0	0	0	0	0	0	0		400	3600	1500	1500	100	-1	-1	0	-1	5	0	-1	-1	20	0	-1	0	-1		-1		l	11220	-1	-1	-1	-1		0	8	0	14000	-1	-1	-1	-1	0	0	5	25
45	1	飞行器	-1	1	-1	200	100	set:CJSH_Monster_touxiang_3 image:CJSH_Monster_touxiang_3_13	2427	2	-1	-1			10	1	0									坐骑马背部绑定点									1	10000	1	2	2	2	2	999999	999999	999999	9999999	100	9999999	0	50	9999999	5	9999999	0	0	0	0	0	0	0	0		400	3600	10000	10000	100	-1	-1	0	-1	5	0	-1	-1	20	0	-1	0	-1		-1		l	-1	-1	-1	-1	-1		1	8	1	-1	-1	-1	-1	-1	1	0	5	25
46	0	战车	-1	-1	-1	200	100	set:HAN2_Other_touxiang_7 image:HAN2_Other_touxiang_7_8	4377	1	-1	-1	镖车右绑定点	镖车左绑定点	10	1	0																		1	10000	10	2	2	2	2	2	2	2	720000	100	0	0	50	1	5	0	0	0	0	0	0	0	0	0		400	3600	5500	5500	100	-1	-1	0	-1	5	0	-1	-1	20	0	-1	0	-1		-1		l	11220	-1	-1	-1	-1		0	8	0	14000	-1	-1	-1	-1	0	0	5	25
47	1	寒玉矿车	-1	-1	-1	200	100	set:HAN2_Other_touxiang_6 image:HAN2_Other_touxiang_6_3	2815	1	1005	1005	镖车右绑定点	镖车左绑定点	10	1	0																		1	10000	10	2	2	2	2	2	2	2	640000	100	0	0	50	1	5	0	0	0	0	0	0	0	0	0		400	3600	1500	1500	100	-1	-1	0	-1	5	0	-1	-1	20	0	-1	0	-1		-1		l	11220	-1	-1	-1	-1		0	8	0	14000	-1	-1	-1	-1	0	0	5	25
48	1	天运寒玉车	-1	-1	-1	200	100	set:CJSH_Monster_touxiang_14 image:CJSH_Monster_touxiang_14_15	2651	1	-1	-1	镖车右绑定点	镖车左绑定点	10	1	0																		1	10000	10	2	2	2	2	250	250	250	4413120	100	0	0	135	70	40	40	0	0	0	0	0	0	0	0		400	3600	1500	1500	100	-1	-1	0	-1	5	0	-1	-1	20	0	-1	0	-1		-1		l	11220	-1	-1	-1	-1		0	8	0	14000	-1	-1	-1	-1	0	0	5	25
49	1	寒玉矿车	-1	-1	-1	200	100	set:HAN2_Other_touxiang_6 image:HAN2_Other_touxiang_6_3	2815	1	1005	1005	镖车右绑定点	镖车左绑定点	10	1	0																		1	10000	10	2	2	2	2	2	2	2	640000	100	0	0	50	1	5	0	0	0	0	0	0	0	0	0		400	3600	1500	1500	100	-1	-1	0	-1	5	0	-1	-1	20	0	-1	0	-1		-1		l	11220	-1	-1	-1	-1		0	8	0	14000	-1	-1	-1	-1	0	0	5	25
50	0	战车	-1	-1	-1	200	100	set:HAN2_Other_touxiang_3 image:HAN2_Other_touxiang_3_13	2650	1	-1	-1	镖车右绑定点	镖车左绑定点	10	1	0																		1	10000	10	2	2	2	2	2	2	2	720000	100	0	0	50	1	5	0	0	0	0	0	0	0	0	0		400	3600	1500	1500	100	-1	-1	0	-1	5	0	-1	-1	20	0	-1	0	-1		-1		l	11220	-1	-1	-1	-1		0	8	0	14000	-1	-1	-1	-1	0	0	5	25
51	1	   	-1	1	-1	200	100	set:HAN2_Monster_touxiang_31 image:HAN2_Monster_touxiang_31_15	2995	2	-1	-1			20	0	0	坐骑光效_01	坐骑马右后蹄绑定点	坐骑光效_01	坐骑马右前蹄绑定点					坐骑马背部绑定点									1	10000	1	2	2	2	2	999999	999999	999999	9999999	100	9999999	0	50	9999999	5	9999999	0	0	0	0	0	0	0	0		400	3600	20000	20000	100	-1	-1	0	-1	5	0	-1	-1	20	0	-1	0	-1		-1		l	-1	-1	-1	-1	-1		1	8	1	-1	-1	-1	-1	-1	1	0	5	25
52	0	战利物资	-1	-1	-1	200	100	set:HAN2_Other_touxiang_6 image:HAN2_Other_touxiang_6_3	2350	1	1007	1007	镖车右绑定点	镖车左绑定点	10	1	0																		1	10000	10	2	2	2	2	2	2	2	720000	100	0	0	50	1	5	0	0	0	0	0	0	0	0	0		400	3600	5500	5500	100	-1	-1	0	-1	5	0	-1	-1	20	0	-1	0	-1		-1		l	11220	-1	-1	-1	-1		0	8	0	14000	-1	-1	-1	-1	0	0	5	25
53	1	飞艇	-1	1	-1	200	100	set:HAN2_Monster_touxiang_31 image:HAN2_Monster_touxiang_31_14	2982	2	-1	-1	镖车右绑定点	镖车左绑定点	10	1	0									坐骑马背部绑定点1	坐骑马背部绑定点2	坐骑马背部绑定点3	坐骑马背部绑定点4	坐骑马背部绑定点5	坐骑马背部绑定点6	坐骑马背部绑定点7	坐骑马背部绑定点8		1	10000	1	2	2	2	2	999999	999999	999999	9999999	100	9999999	0	50	9999999	5	9999999	0	0	0	0	0	0	0	0		400	3600	6000	6000	100	-1	-1	0	-1	5	0	-1	-1	20	0	-1	0	-1		-1		l	-1	-1	-1	-1	-1		1	8	1	-1	-1	-1	-1	-1	1	0	5	25
54	1	   	-1	1	-1	200	100	set:HAN2_Monster_touxiang_31 image:HAN2_Monster_touxiang_31_15	2995	2	-1	-1			20	0	0	坐骑光效_01	坐骑马右后蹄绑定点	坐骑光效_01	坐骑马右前蹄绑定点					坐骑马背部绑定点									1	10000	1	2	2	2	2	999999	999999	999999	9999999	100	9999999	0	50	9999999	5	9999999	0	0	0	0	0	0	0	0		400	3600	20000	20000	100	-1	-1	0	-1	5	0	-1	-1	20	0	-1	0	-1		-1		l	-1	-1	-1	-1	-1		1	8	1	-1	-1	-1	-1	-1	1	0	5	25
55	1	   	-1	1	-1	200	100	set:KHan2_huangcheng_01 image:KHan2_huangcheng_01_2	5330	2	-1	-1			20	0	0	坐骑光效_01	坐骑马右后蹄绑定点	坐骑光效_01	坐骑马右前蹄绑定点					坐骑马背部绑定点									1	10000	1	2	2	2	2	999999	999999	999999	9999999	100	9999999	0	50	9999999	5	9999999	0	0	0	0	0	0	0	0		400	3600	25000	25000	100	-1	-1	0	-1	5	0	-1	-1	20	0	-1	0	-1		-1		l	-1	-1	-1	-1	-1		1	8	1	-1	-1	-1	-1	-1	1	0	5	25
56	0	#j官府马车	-1	-1	-1	200	100	set:HAN2_Other_touxiang_6 image:HAN2_Other_touxiang_6_3	2350	1	1257	1257	镖车右绑定点	镖车左绑定点	10	1	0																		1	10000	10	2	2	2	2	2	2	2	80000	100	0	0	50	1	5	0	0	0	0	0	0	0	0	0		400	3600	1500	2000	100	-1	-1	0	-1	5	0	-1	-1	20	0	-1	0	-1		-1		l	11220	-1	-1	-1	-1		0	8	0	14000	-1	-1	-1	-1	0	0	5	25
57	0	#j官府马车	-1	-1	-1	200	100	set:HAN2_Other_touxiang_6 image:HAN2_Other_touxiang_6_3	2350	1	1257	1257	镖车右绑定点	镖车左绑定点	10	1	0																		1	10000	10	2	2	2	2	2	2	2	160000	100	0	0	50	1	5	0	0	0	0	0	0	0	0	0		400	3600	1500	2000	100	-1	-1	0	-1	5	0	-1	-1	20	0	-1	0	-1		-1		l	11220	-1	-1	-1	-1		0	8	0	14000	-1	-1	-1	-1	0	0	5	25
58	0	#j官府马车	-1	-1	-1	200	100	set:HAN2_Other_touxiang_6 image:HAN2_Other_touxiang_6_3	2350	1	1257	1257	镖车右绑定点	镖车左绑定点	10	1	0																		1	10000	10	2	2	2	2	2	2	2	240000	100	0	0	50	1	5	0	0	0	0	0	0	0	0	0		400	3600	1500	2000	100	-1	-1	0	-1	5	0	-1	-1	20	0	-1	0	-1		-1		l	11220	-1	-1	-1	-1		0	8	0	14000	-1	-1	-1	-1	0	0	5	25
59	0	#j官府马车	-1	-1	-1	200	100	set:HAN2_Other_touxiang_6 image:HAN2_Other_touxiang_6_3	2350	1	1257	1257	镖车右绑定点	镖车左绑定点	10	1	0																		1	10000	10	2	2	2	2	2	2	2	400000	100	0	0	50	1	5	0	0	0	0	0	0	0	0	0		400	3600	1500	2000	100	-1	-1	0	-1	5	0	-1	-1	20	0	-1	0	-1		-1		l	11220	-1	-1	-1	-1		0	8	0	14000	-1	-1	-1	-1	0	0	5	25
60	0	#j官府马车	-1	-1	-1	200	100	set:HAN2_Other_touxiang_6 image:HAN2_Other_touxiang_6_3	2350	1	1257	1257	镖车右绑定点	镖车左绑定点	10	1	0																		1	10000	10	2	2	2	2	2	2	2	480000	100	0	0	50	1	5	0	0	0	0	0	0	0	0	0		400	3600	1500	2000	100	-1	-1	0	-1	5	0	-1	-1	20	0	-1	0	-1		-1		l	11220	-1	-1	-1	-1		0	8	0	14000	-1	-1	-1	-1	0	0	5	25
61	0	#j官府马车	-1	-1	-1	200	100	set:HAN2_Other_touxiang_6 image:HAN2_Other_touxiang_6_3	2350	1	1257	1257	镖车右绑定点	镖车左绑定点	10	1	0																		1	10000	10	2	2	2	2	2	2	2	640000	100	0	0	50	1	5	0	0	0	0	0	0	0	0	0		400	3600	1500	2000	100	-1	-1	0	-1	5	0	-1	-1	20	0	-1	0	-1		-1		l	11220	-1	-1	-1	-1		0	8	0	14000	-1	-1	-1	-1	0	0	5	25
62	0	#S官府马车	-1	-1	-1	200	100	set:HAN2_Other_touxiang_6 image:HAN2_Other_touxiang_6_3	2350	1	1257	1257	镖车右绑定点	镖车左绑定点	10	1	0																		1	10000	10	2	2	2	2	2	2	2	80000	100	0	0	50	1	5	0	0	0	0	0	0	0	0	0		400	3600	1500	2000	100	-1	-1	0	-1	5	0	-1	-1	20	0	-1	0	-1		-1		l	11220	-1	-1	-1	-1		0	8	0	14000	-1	-1	-1	-1	0	0	5	25
63	0	#S官府马车	-1	-1	-1	200	100	set:HAN2_Other_touxiang_6 image:HAN2_Other_touxiang_6_3	2350	1	1257	1257	镖车右绑定点	镖车左绑定点	10	1	0																		1	10000	10	2	2	2	2	2	2	2	160000	100	0	0	50	1	5	0	0	0	0	0	0	0	0	0		400	3600	1500	2000	100	-1	-1	0	-1	5	0	-1	-1	20	0	-1	0	-1		-1		l	11220	-1	-1	-1	-1		0	8	0	14000	-1	-1	-1	-1	0	0	5	25
64	0	#S官府马车	-1	-1	-1	200	100	set:HAN2_Other_touxiang_6 image:HAN2_Other_touxiang_6_3	2350	1	1257	1257	镖车右绑定点	镖车左绑定点	10	1	0																		1	10000	10	2	2	2	2	2	2	2	240000	100	0	0	50	1	5	0	0	0	0	0	0	0	0	0		400	3600	1500	2000	100	-1	-1	0	-1	5	0	-1	-1	20	0	-1	0	-1		-1		l	11220	-1	-1	-1	-1		0	8	0	14000	-1	-1	-1	-1	0	0	5	25
65	0	#S官府马车	-1	-1	-1	200	100	set:HAN2_Other_touxiang_6 image:HAN2_Other_touxiang_6_3	2350	1	1257	1257	镖车右绑定点	镖车左绑定点	10	1	0																		1	10000	10	2	2	2	2	2	2	2	400000	100	0	0	50	1	5	0	0	0	0	0	0	0	0	0		400	3600	1500	2000	100	-1	-1	0	-1	5	0	-1	-1	20	0	-1	0	-1		-1		l	11220	-1	-1	-1	-1		0	8	0	14000	-1	-1	-1	-1	0	0	5	25
66	0	#S官府马车	-1	-1	-1	200	100	set:HAN2_Other_touxiang_6 image:HAN2_Other_touxiang_6_3	2350	1	1257	1257	镖车右绑定点	镖车左绑定点	10	1	0																		1	10000	10	2	2	2	2	2	2	2	480000	100	0	0	50	1	5	0	0	0	0	0	0	0	0	0		400	3600	1500	2000	100	-1	-1	0	-1	5	0	-1	-1	20	0	-1	0	-1		-1		l	11220	-1	-1	-1	-1		0	8	0	14000	-1	-1	-1	-1	0	0	5	25
67	0	#S官府马车	-1	-1	-1	200	100	set:HAN2_Other_touxiang_6 image:HAN2_Other_touxiang_6_3	2350	1	1257	1257	镖车右绑定点	镖车左绑定点	10	1	0																		1	10000	10	2	2	2	2	2	2	2	640000	100	0	0	50	1	5	0	0	0	0	0	0	0	0	0		400	3600	1500	2000	100	-1	-1	0	-1	5	0	-1	-1	20	0	-1	0	-1		-1		l	11220	-1	-1	-1	-1		0	8	0	14000	-1	-1	-1	-1	0	0	5	25
