NUM	TEXT	TEXT	NUM	NUM	FLOAT	FLOAT	NUM	NUM	NUM	NUM	NUM	NUM	NUM	NUM	NUM	NUM	NUM	NUM	NUM	NUM	NUM	NUM	NUM	NUM	NUM	NUM	NUM	NUM	NUM	NUM	NUM	NUM	NUM	NUM	NUM	NUM	NUM	NUM	NUM	NUM	NUM	NUM	NUM	NUM	NUM	NUM	NUM	NUM	NUM	NUM	NUM	NUM	NUM	NUM	NUM	NUM	NUM	NUM	NUM	NUM	NUM	NUM	NUM	NUM	NUM	NUM	NUM
属性ID	属性名称	属性出现部件(装备类型)	权重	互斥组	向下浮动值	向上浮动值	100级	101级	102级	103级	104级	105级	106级	107级	108级	109级	110级	111级	112级	113级	114级	115级	116级	117级	118级	119级	120级	121级	122级	123级	124级	125级	126级	127级	128级	129级	130级	131级	132级	133级	134级	135级	136级	137级	138级	139级	140级	141级	142级	143级	144级	145级	146级	147级	148级	149级	150级	151级	152级	153级	154级	155级	156级	157级	158级	159级	160级
0	力量点数	1|2|7|8|35|36|41|42|20|21|22|23|24|25|26|27|28|29	2000	0	0.5	1.5	320	325	330	335	340	345	350	355	360	365	370	375	380	385	390	395	400	405	410	415	420	425	430	435	440	445	450	455	460	465	470	475	480	485	490	495	500	505	510	515	520	525	530	535	540	545	550	555	560	565	570	575	580	585	590	595	600	605	610	615	620
1	力量百分比	1|2|3|4|5|6|7|8|9|10|11|12|20|21|22|23|24|25|26|27|28|29|35|36|37|38|39|40|41|42|43|44|45|46	0	1	0.5	1.5	60	61	62	63	64	65	66	67	68	69	70	71	72	73	74	75	76	77	78	79	80	81	82	83	84	85	86	87	88	89	90	91	92	93	94	95	96	97	98	99	100	101	102	103	104	105	106	107	108	109	110	111	112	113	114	115	116	117	118	119	120
2	敏捷点数	3|4|9|10|37|38|43|44|20|21|22|23|24|25|26|27|28|29	2000	2	0.5	1.5	320	325	330	335	340	345	350	355	360	365	370	375	380	385	390	395	400	405	410	415	420	425	430	435	440	445	450	455	460	465	470	475	480	485	490	495	500	505	510	515	520	525	530	535	540	545	550	555	560	565	570	575	580	585	590	595	600	605	610	615	620
3	敏捷百分比	1|2|3|4|5|6|7|8|9|10|11|12|20|21|22|23|24|25|26|27|28|29|35|36|37|38|39|40|41|42|43|44|45|46	0	1	0.5	1.5	60	61	62	63	64	65	66	67	68	69	70	71	72	73	74	75	76	77	78	79	80	81	82	83	84	85	86	87	88	89	90	91	92	93	94	95	96	97	98	99	100	101	102	103	104	105	106	107	108	109	110	111	112	113	114	115	116	117	118	119	120
4	智力点数	5|6|11|12|20|21|22|23|24|25|26|27|28|29|39|40|45|46	2000	4	0.5	1.5	320	325	330	335	340	345	350	355	360	365	370	375	380	385	390	395	400	405	410	415	420	425	430	435	440	445	450	455	460	465	470	475	480	485	490	495	500	505	510	515	520	525	530	535	540	545	550	555	560	565	570	575	580	585	590	595	600	605	610	615	620
5	智力百分比	1|2|3|4|5|6|7|8|9|10|11|12|20|21|22|23|24|25|26|27|28|29|35|36|37|38|39|40|41|42|43|44|45|46	0	1	0.5	1.5	60	61	62	63	64	65	66	67	68	69	70	71	72	73	74	75	76	77	78	79	80	81	82	83	84	85	86	87	88	89	90	91	92	93	94	95	96	97	98	99	100	101	102	103	104	105	106	107	108	109	110	111	112	113	114	115	116	117	118	119	120
6	体质点数	1|2|3|4|5|6|7|8|9|10|11|12|20|21|22|23|24|25|26|27|28|29|35|36|37|38|39|40|41|42|43|44|45|46	2000	6	0.5	1.5	320	325	330	335	340	345	350	355	360	365	370	375	380	385	390	395	400	405	410	415	420	425	430	435	440	445	450	455	460	465	470	475	480	485	490	495	500	505	510	515	520	525	530	535	540	545	550	555	560	565	570	575	580	585	590	595	600	605	610	615	620
7	体质百分比	1|2|3|4|5|6|7|8|9|10|11|12|20|21|22|23|24|25|26|27|28|29|35|36|37|38|39|40|41|42|43|44|45|46	0	1	0.5	1.5	60	61	62	63	64	65	66	67	68	69	70	71	72	73	74	75	76	77	78	79	80	81	82	83	84	85	86	87	88	89	90	91	92	93	94	95	96	97	98	99	100	101	102	103	104	105	106	107	108	109	110	111	112	113	114	115	116	117	118	119	120
8	所有属性	1|2|3|4|5|6|7|8|9|10|11|12|20|21|22|23|24|25|26|27|28|29|35|36|37|38|39|40|41|42|43|44|45|46	2000	8	0.5	1.5	170	173	176	179	182	185	188	191	194	197	200	203	206	209	212	215	218	221	224	227	230	233	236	239	242	245	248	251	254	257	260	263	266	269	272	275	278	281	284	287	290	293	296	299	302	305	308	311	314	317	320	323	326	329	332	335	338	341	344	347	350
9	所有属性百分比	1|2|3|4|5|6|7|8|9|10|11|12|20|21|22|23|24|25|26|27|28|29|35|36|37|38|39|40|41|42|43|44|45|46	0	9	0.5	1.5	60	61	62	63	64	65	66	67	68	69	70	71	72	73	74	75	76	77	78	79	80	81	82	83	84	85	86	87	88	89	90	91	92	93	94	95	96	97	98	99	100	101	102	103	104	105	106	107	108	109	110	111	112	113	114	115	116	117	118	119	120
10	魔攻伤害点数	5|6|11|12|20|21|22|23|24|25|26|27|28|29|39|40|45|46	1500	10	0.6	1.4	108	110	112	114	116	118	120	122	124	126	128	130	132	134	136	138	140	142	144	146	148	150	152	154	156	158	160	162	164	166	168	170	172	174	176	178	180	182	184	186	188	190	192	194	196	198	200	202	204	206	208	210	212	214	216	218	220	222	224	226	228
11	魔攻伤害百分比	1|2|3|4|5|6|7|8|9|10|11|12|20|21|22|23|24|25|26|27|28|29|35|36|37|38|39|40|41|42|43|44|45|46	0	11	0.6	1.4	60	61	62	63	64	65	66	67	68	69	70	71	72	73	74	75	76	77	78	79	80	81	82	83	84	85	86	87	88	89	90	91	92	93	94	95	96	97	98	99	100	101	102	103	104	105	106	107	108	109	110	111	112	113	114	115	116	117	118	119	120
12	近攻伤害点数	1|2|7|8|35|36|41|42|20|21|22|23|24|25|26|27|28|29	1500	10	0.6	1.4	108	110	112	114	116	118	120	122	124	126	128	130	132	134	136	138	140	142	144	146	148	150	152	154	156	158	160	162	164	166	168	170	172	174	176	178	180	182	184	186	188	190	192	194	196	198	200	202	204	206	208	210	212	214	216	218	220	222	224	226	228
13	近攻伤害百分比	1|2|3|4|5|6|7|8|9|10|11|12|20|21|22|23|24|25|26|27|28|29|35|36|37|38|39|40|41|42|43|44|45|46	0	13	0.6	1.4	60	61	62	63	64	65	66	67	68	69	70	71	72	73	74	75	76	77	78	79	80	81	82	83	84	85	86	87	88	89	90	91	92	93	94	95	96	97	98	99	100	101	102	103	104	105	106	107	108	109	110	111	112	113	114	115	116	117	118	119	120
14	远攻伤害点数	3|4|9|10|37|38|43|44|20|21|22|23|24|25|26|27|28|29	1500	10	0.6	1.4	108	110	112	114	116	118	120	122	124	126	128	130	132	134	136	138	140	142	144	146	148	150	152	154	156	158	160	162	164	166	168	170	172	174	176	178	180	182	184	186	188	190	192	194	196	198	200	202	204	206	208	210	212	214	216	218	220	222	224	226	228
15	远攻伤害百分比	1|2|3|4|5|6|7|8|9|10|11|12|20|21|22|23|24|25|26|27|28|29|35|36|37|38|39|40|41|42|43|44|45|46	0	15	0.6	1.4	60	61	62	63	64	65	66	67	68	69	70	71	72	73	74	75	76	77	78	79	80	81	82	83	84	85	86	87	88	89	90	91	92	93	94	95	96	97	98	99	100	101	102	103	104	105	106	107	108	109	110	111	112	113	114	115	116	117	118	119	120
16	魔攻防御点数	1|2|3|4|5|6|7|8|9|10|11|12|20|21|22|23|24|25|26|27|28|29|35|36|37|38|39|40|41|42|43|44|45|46	800	16	0.6	1.2	108	110	112	114	116	118	120	122	124	126	128	130	132	134	136	138	140	142	144	146	148	150	152	154	156	158	160	162	164	166	168	170	172	174	176	178	180	182	184	186	188	190	192	194	196	198	200	202	204	206	208	210	212	214	216	218	220	222	224	226	228
17	魔攻防御百分比	1|2|3|4|5|6|7|8|9|10|11|12|20|21|22|23|24|25|26|27|28|29|35|36|37|38|39|40|41|42|43|44|45|46	0	17	0.6	1.2	60	61	62	63	64	65	66	67	68	69	70	71	72	73	74	75	76	77	78	79	80	81	82	83	84	85	86	87	88	89	90	91	92	93	94	95	96	97	98	99	100	101	102	103	104	105	106	107	108	109	110	111	112	113	114	115	116	117	118	119	120
18	近攻防御点数	1|2|3|4|5|6|7|8|9|10|11|12|20|21|22|23|24|25|26|27|28|29|35|36|37|38|39|40|41|42|43|44|45|46	800	18	0.6	1.2	108	110	112	114	116	118	120	122	124	126	128	130	132	134	136	138	140	142	144	146	148	150	152	154	156	158	160	162	164	166	168	170	172	174	176	178	180	182	184	186	188	190	192	194	196	198	200	202	204	206	208	210	212	214	216	218	220	222	224	226	228
19	近攻防御百分比	1|2|3|4|5|6|7|8|9|10|11|12|20|21|22|23|24|25|26|27|28|29|35|36|37|38|39|40|41|42|43|44|45|46	0	19	0.6	1.2	60	61	62	63	64	65	66	67	68	69	70	71	72	73	74	75	76	77	78	79	80	81	82	83	84	85	86	87	88	89	90	91	92	93	94	95	96	97	98	99	100	101	102	103	104	105	106	107	108	109	110	111	112	113	114	115	116	117	118	119	120
20	远攻防御点数	1|2|3|4|5|6|7|8|9|10|11|12|20|21|22|23|24|25|26|27|28|29|35|36|37|38|39|40|41|42|43|44|45|46	800	20	0.6	1.2	108	110	112	114	116	118	120	122	124	126	128	130	132	134	136	138	140	142	144	146	148	150	152	154	156	158	160	162	164	166	168	170	172	174	176	178	180	182	184	186	188	190	192	194	196	198	200	202	204	206	208	210	212	214	216	218	220	222	224	226	228
21	远攻防御百分比	1|2|3|4|5|6|7|8|9|10|11|12|20|21|22|23|24|25|26|27|28|29|35|36|37|38|39|40|41|42|43|44|45|46	0	21	0.6	1.2	60	61	62	63	64	65	66	67	68	69	70	71	72	73	74	75	76	77	78	79	80	81	82	83	84	85	86	87	88	89	90	91	92	93	94	95	96	97	98	99	100	101	102	103	104	105	106	107	108	109	110	111	112	113	114	115	116	117	118	119	120
22	生命值上限点数	1|2|3|4|5|6|7|8|9|10|11|12|20|21|22|23|24|25|26|27|28|29|35|36|37|38|39|40|41|42|43|44|45|46	1500	22	0.8	1.2	2160	2196	2232	2268	2304	2340	2376	2412	2448	2484	2520	2556	2592	2628	2664	2700	2736	2772	2808	2844	2880	2916	2952	2988	3024	3060	3096	3132	3168	3204	3240	3276	3312	3348	3384	3420	3456	3492	3528	3564	3600	3636	3672	3708	3744	3780	3816	3852	3888	3924	3960	3996	4032	4068	4104	4140	4176	4212	4248	4284	4320
23	生命值上限百分比	1|2|3|4|5|6|7|8|9|10|11|12|20|21|22|23|24|25|26|27|28|29|35|36|37|38|39|40|41|42|43|44|45|46	0	23	0.6	1.5	60	61	62	63	64	65	66	67	68	69	70	71	72	73	74	75	76	77	78	79	80	81	82	83	84	85	86	87	88	89	90	91	92	93	94	95	96	97	98	99	100	101	102	103	104	105	106	107	108	109	110	111	112	113	114	115	116	117	118	119	120
26	怒气上限点数	24	200	24	0.6	1.5	20	20	20	20	20	20	20	20	20	20	20	20	20	20	20	20	20	20	20	20	20	20	20	20	20	20	20	20	20	20	20	20	20	20	20	20	20	20	20	20	20	20	20	20	20	20	20	20	20	20	20	20	20	20	20	20	20	20	20	20	20
27	能量上限点数	24	200	24	0.6	1.5	20	20	20	20	20	20	20	20	20	20	20	20	20	20	20	20	20	20	20	20	20	20	20	20	20	20	20	20	20	20	20	20	20	20	20	20	20	20	20	20	20	20	20	20	20	20	20	20	20	20	20	20	20	20	20	20	20	20	20	20	20
28	箭支上限点数	24	200	24	0.3	1	3	3	3	3	3	3	3	3	3	3	3	3	3	3	3	3	3	3	3	3	3	3	3	3	3	3	3	3	3	3	3	3	3	3	3	3	3	3	3	3	3	3	3	3	3	3	3	3	3	3	3	3	3	3	3	3	3	3	3	3	3
29	弹药上限点数	24	200	24	0.3	1	3	3	3	3	3	3	3	3	3	3	3	3	3	3	3	3	3	3	3	3	3	3	3	3	3	3	3	3	3	3	3	3	3	3	3	3	3	3	3	3	3	3	3	3	3	3	3	3	3	3	3	3	3	3	3	3	3	3	3	3	3
30	魔法上限点数	24	200	24	0.6	1.5	5000	5000	5000	5000	5000	5000	5000	5000	5000	5000	5000	5000	5000	5000	5000	5000	5000	5000	5000	5000	5000	5000	5000	5000	5000	5000	5000	5000	5000	5000	5000	5000	5000	5000	5000	5000	5000	5000	5000	5000	5000	5000	5000	5000	5000	5000	5000	5000	5000	5000	5000	5000	5000	5000	5000	5000	5000	5000	5000	5000	5000
31	灵力上限点数	24	200	24	0.6	1.5	5000	5000	5000	5000	5000	5000	5000	5000	5000	5000	5000	5000	5000	5000	5000	5000	5000	5000	5000	5000	5000	5000	5000	5000	5000	5000	5000	5000	5000	5000	5000	5000	5000	5000	5000	5000	5000	5000	5000	5000	5000	5000	5000	5000	5000	5000	5000	5000	5000	5000	5000	5000	5000	5000	5000	5000	5000	5000	5000	5000	5000
38	怒气回复	24	200	30	1	1	2	2	2	2	2	2	2	2	2	2	2	2	2	2	2	2	2	2	2	2	2	2	2	2	2	2	2	2	2	2	2	2	2	2	2	2	2	2	2	2	2	2	2	2	2	2	2	2	2	2	2	2	2	2	2	2	2	2	2	2	2
39	能量回复	24	200	30	1	1	2	2	2	2	2	2	2	2	2	2	2	2	2	2	2	2	2	2	2	2	2	2	2	2	2	2	2	2	2	2	2	2	2	2	2	2	2	2	2	2	2	2	2	2	2	2	2	2	2	2	2	2	2	2	2	2	2	2	2	2	2
40	箭支回复	24	200	30	1	1	1	1	1	1	1	1	1	1	1	1	1	1	1	1	1	1	1	1	1	1	1	1	1	1	1	1	1	1	1	1	1	1	1	1	1	1	1	1	1	1	1	1	1	1	1	1	1	1	1	1	1	1	1	1	1	1	1	1	1	1	1
41	弹药回复	24	200	30	1	1	1	1	1	1	1	1	1	1	1	1	1	1	1	1	1	1	1	1	1	1	1	1	1	1	1	1	1	1	1	1	1	1	1	1	1	1	1	1	1	1	1	1	1	1	1	1	1	1	1	1	1	1	1	1	1	1	1	1	1	1	1
42	魔法回复	24	200	30	1	1	10	10	10	10	10	10	10	10	10	10	10	10	10	10	10	10	10	10	10	10	10	10	10	10	10	10	10	10	10	10	10	10	10	10	10	10	10	10	10	10	10	10	10	10	10	10	10	10	10	10	10	10	10	10	10	10	10	10	10	10	10
43	灵力回复	24	200	30	1	1	10	10	10	10	10	10	10	10	10	10	10	10	10	10	10	10	10	10	10	10	10	10	10	10	10	10	10	10	10	10	10	10	10	10	10	10	10	10	10	10	10	10	10	10	10	10	10	10	10	10	10	10	10	10	10	10	10	10	10	10	10
50	命中	1|2|3|4|5|6|7|8|9|10|11|12|20|21|22|23|24|25|26|27|28|29|35|36|37|38|39|40|41|42|43|44|45|46	800	36	0.5	1	8	8	8	8	8	8	8	8	8	8	9	9	9	9	9	9	9	9	9	9	9	9	9	9	9	9	9	9	9	9	9	9	9	9	9	9	9	9	9	9	10	10	10	10	10	10	10	10	10	10	10	10	10	10	10	10	10	10	10	10	10
51	闪避	20|23|25|26|27|28|29	300	37	0.5	1	8	8	8	8	8	8	8	8	8	8	9	9	9	9	9	9	9	9	9	9	9	9	9	9	9	9	9	9	9	9	9	9	9	9	9	9	9	9	9	9	10	10	10	10	10	10	10	10	10	10	10	10	10	10	10	10	10	10	10	10	10
53	暴击	1|2|3|4|5|6|7|8|9|10|11|12|20|21|22|23|24|25|26|27|28|29|35|36|37|38|39|40|41|42|43|44|45|46	800	38	0.5	1	8	8	8	8	8	8	8	8	8	8	9	9	9	9	9	9	9	9	9	9	9	9	9	9	9	9	9	9	9	9	9	9	9	9	9	9	9	9	9	9	10	10	10	10	10	10	10	10	10	10	10	10	10	10	10	10	10	10	10	10	10
54	韧性	20|21|22|23|24|25|26|27|28|29	600	39	0.5	1	8	8	8	8	8	8	8	8	8	8	9	9	9	9	9	9	9	9	9	9	9	9	9	9	9	9	9	9	9	9	9	9	9	9	9	9	9	9	9	9	10	10	10	10	10	10	10	10	10	10	10	10	10	10	10	10	10	10	10	10	10
88	移动速度	27	50	40	0.2	1	500	500	500	500	500	500	500	500	500	500	500	500	500	500	500	500	500	500	500	500	500	500	500	500	500	500	500	500	500	500	500	500	500	500	500	500	500	500	500	500	500	500	500	500	500	500	500	500	500	500	500	500	500	500	500	500	500	500	500	500	500
90	攻击速度	1|2|3|4|5|6|7|8|9|10|11|12	0	41	0.5	1	200	200	200	200	200	200	200	200	200	200	200	200	200	200	200	200	200	200	200	200	200	200	200	200	200	200	200	200	200	200	200	200	200	200	200	200	200	200	200	200	200	200	200	200	200	200	200	200	200	200	200	200	200	200	200	200	200	200	200	200	200
94	生命回复	24	500	42	0.2	1	50	50	50	50	50	50	50	50	50	50	50	50	50	50	50	50	50	50	50	50	50	50	50	50	50	50	50	50	50	50	50	50	50	50	50	50	50	50	50	50	50	50	50	50	50	50	50	50	50	50	50	50	50	50	50	50	50	50	50	50	50
97	暴击伤害	1|2|3|4|5|6|7|8|9|10|11|12|24|35|36|37|38|39|40|41|42|43|44|45|46	100	43	0.5	1	10	10	10	10	10	10	10	10	10	10	12	12	12	12	12	12	12	12	12	12	12	12	12	12	12	12	12	12	12	12	12	12	12	12	12	12	12	12	12	12	15	15	15	15	15	15	15	15	15	15	15	15	15	15	15	15	15	15	15	15	15
109	抵抗武士职业伤害	1|2|3|4|5|6|7|8|9|10|11|12|20|21|22|23|24|25|26|27|28|29|35|36|37|38|39|40|41|42|43|44|45|46	100	44	0.2	1	5	5	5	5	5	5	5	5	5	5	5	5	5	5	5	5	5	5	5	5	5	5	5	5	5	5	5	5	5	5	5	5	5	5	5	5	5	5	5	5	5	5	5	5	5	5	5	5	5	5	5	5	5	5	5	5	5	5	5	5	5
110	抵抗剑侠职业伤害	1|2|3|4|5|6|7|8|9|10|11|12|20|21|22|23|24|25|26|27|28|29|35|36|37|38|39|40|41|42|43|44|45|46	100	45	0.2	1	5	5	5	5	5	5	5	5	5	5	5	5	5	5	5	5	5	5	5	5	5	5	5	5	5	5	5	5	5	5	5	5	5	5	5	5	5	5	5	5	5	5	5	5	5	5	5	5	5	5	5	5	5	5	5	5	5	5	5	5	5
111	抵抗骑射手职业伤害	1|2|3|4|5|6|7|8|9|10|11|12|20|21|22|23|24|25|26|27|28|29|35|36|37|38|39|40|41|42|43|44|45|46	100	46	0.2	1	5	5	5	5	5	5	5	5	5	5	5	5	5	5	5	5	5	5	5	5	5	5	5	5	5	5	5	5	5	5	5	5	5	5	5	5	5	5	5	5	5	5	5	5	5	5	5	5	5	5	5	5	5	5	5	5	5	5	5	5	5
112	抵抗火枪手职业伤害	1|2|3|4|5|6|7|8|9|10|11|12|20|21|22|23|24|25|26|27|28|29|35|36|37|38|39|40|41|42|43|44|45|46	100	47	0.2	1	5	5	5	5	5	5	5	5	5	5	5	5	5	5	5	5	5	5	5	5	5	5	5	5	5	5	5	5	5	5	5	5	5	5	5	5	5	5	5	5	5	5	5	5	5	5	5	5	5	5	5	5	5	5	5	5	5	5	5	5	5
113	抵抗先知职业伤害	1|2|3|4|5|6|7|8|9|10|11|12|20|21|22|23|24|25|26|27|28|29|35|36|37|38|39|40|41|42|43|44|45|46	100	48	0.2	1	5	5	5	5	5	5	5	5	5	5	5	5	5	5	5	5	5	5	5	5	5	5	5	5	5	5	5	5	5	5	5	5	5	5	5	5	5	5	5	5	5	5	5	5	5	5	5	5	5	5	5	5	5	5	5	5	5	5	5	5	5
114	抵抗萨满职业伤害	1|2|3|4|5|6|7|8|9|10|11|12|20|21|22|23|24|25|26|27|28|29|35|36|37|38|39|40|41|42|43|44|45|46	100	49	0.2	1	5	5	5	5	5	5	5	5	5	5	5	5	5	5	5	5	5	5	5	5	5	5	5	5	5	5	5	5	5	5	5	5	5	5	5	5	5	5	5	5	5	5	5	5	5	5	5	5	5	5	5	5	5	5	5	5	5	5	5	5	5
115	增加经验获得	26	100	50	0.2	1	5	5	5	5	5	5	5	5	5	5	5	5	5	5	5	5	5	5	5	5	5	5	5	5	5	5	5	5	5	5	5	5	5	5	5	5	5	5	5	5	5	5	5	5	5	5	5	5	5	5	5	5	5	5	5	5	5	5	5	5	5
149	按百分比抵消近攻攻击	1|2|3|4|5|6|7|8|9|10|11|12|20|21|22|23|24|25|26|27|28|29|35|36|37|38|39|40|41|42|43|44|45|46	400	51	0.5	1	3	3	3	3	3	3	3	3	3	3	3	3	3	3	3	3	3	3	3	3	3	3	3	3	3	3	3	3	3	3	3	3	3	3	3	3	3	3	3	3	3	3	3	3	3	3	3	3	3	3	3	3	3	3	3	3	3	3	3	3	3
150	按百分比抵消远攻攻击	1|2|3|4|5|6|7|8|9|10|11|12|20|21|22|23|24|25|26|27|28|29|35|36|37|38|39|40|41|42|43|44|45|46	400	52	0.5	1	3	3	3	3	3	3	3	3	3	3	3	3	3	3	3	3	3	3	3	3	3	3	3	3	3	3	3	3	3	3	3	3	3	3	3	3	3	3	3	3	3	3	3	3	3	3	3	3	3	3	3	3	3	3	3	3	3	3	3	3	3
151	按百分比抵消魔攻攻击	1|2|3|4|5|6|7|8|9|10|11|12|20|21|22|23|24|25|26|27|28|29|35|36|37|38|39|40|41|42|43|44|45|46	400	53	0.5	1	3	3	3	3	3	3	3	3	3	3	3	3	3	3	3	3	3	3	3	3	3	3	3	3	3	3	3	3	3	3	3	3	3	3	3	3	3	3	3	3	3	3	3	3	3	3	3	3	3	3	3	3	3	3	3	3	3	3	3	3	3
163	按百分比抵消三系伤害	1|2|3|4|5|6|7|8|9|10|11|12|20|21|22|23|24|25|26|27|28|29|35|36|37|38|39|40|41|42|43|44|45|46	100	54	0.5	1	2	2	2	2	2	2	2	2	2	2	2	2	2	2	2	2	2	2	2	2	2	2	2	2	2	2	2	2	2	2	2	2	2	2	2	2	2	2	2	2	2	2	2	2	2	2	2	2	2	2	2	2	2	2	2	2	2	2	2	2	2
190	几率触发近攻免疫	20|21|22|23|24|25|26|27|28|29	50	80	0.5	1	2	2	2	2	2	2	2	2	2	2	3	3	3	3	3	3	3	3	3	3	4	4	4	4	4	4	4	4	4	4	4	4	4	4	4	4	4	4	4	4	4	4	4	4	4	4	4	4	4	4	4	4	4	4	4	4	4	4	4	4	4
191	几率触发远攻免疫	20|21|22|23|24|25|26|27|28|29	50	81	0.5	1	2	2	2	2	2	2	2	2	2	2	3	3	3	3	3	3	3	3	3	3	4	4	4	4	4	4	4	4	4	4	4	4	4	4	4	4	4	4	4	4	4	4	4	4	4	4	4	4	4	4	4	4	4	4	4	4	4	4	4	4	4
192	几率触发魔法免疫	20|21|22|23|24|25|26|27|28|29	50	82	0.5	1	2	2	2	2	2	2	2	2	2	2	3	3	3	3	3	3	3	3	3	3	4	4	4	4	4	4	4	4	4	4	4	4	4	4	4	4	4	4	4	4	4	4	4	4	4	4	4	4	4	4	4	4	4	4	4	4	4	4	4	4	4
201	近伤反免疫	1|2|3|4|5|6|7|8|9|10|11|12|20|21|22|23|24|25|26|27|28|29|35|36|37|38|39|40|41|42|43|44|45|46	500	55	0.3	1	4	4	4	4	4	4	4	4	4	4	4	4	4	4	4	4	4	4	4	4	4	4	4	4	4	4	4	4	4	4	4	4	4	4	4	4	4	4	4	4	4	4	4	4	4	4	4	4	4	4	4	4	4	4	4	4	4	4	4	4	4
202	远伤反免疫	1|2|3|4|5|6|7|8|9|10|11|12|20|21|22|23|24|25|26|27|28|29|35|36|37|38|39|40|41|42|43|44|45|46	500	56	0.3	1	4	4	4	4	4	4	4	4	4	4	4	4	4	4	4	4	4	4	4	4	4	4	4	4	4	4	4	4	4	4	4	4	4	4	4	4	4	4	4	4	4	4	4	4	4	4	4	4	4	4	4	4	4	4	4	4	4	4	4	4	4
203	魔伤反免疫	1|2|3|4|5|6|7|8|9|10|11|12|20|21|22|23|24|25|26|27|28|29|35|36|37|38|39|40|41|42|43|44|45|46	500	57	0.3	1	4	4	4	4	4	4	4	4	4	4	4	4	4	4	4	4	4	4	4	4	4	4	4	4	4	4	4	4	4	4	4	4	4	4	4	4	4	4	4	4	4	4	4	4	4	4	4	4	4	4	4	4	4	4	4	4	4	4	4	4	4
211	抵抗十字军职业伤害	1|2|3|4|5|6|7|8|9|10|11|12|20|21|22|23|24|25|26|27|28|29|35|36|37|38|39|40|41|42|43|44|45|46	100	58	0.2	1	5	5	5	5	5	5	5	5	5	5	5	5	5	5	5	5	5	5	5	5	5	5	5	5	5	5	5	5	5	5	5	5	5	5	5	5	5	5	5	5	5	5	5	5	5	5	5	5	5	5	5	5	5	5	5	5	5	5	5	5	5
212	抵抗圣火使职业伤害	1|2|3|4|5|6|7|8|9|10|11|12|20|21|22|23|24|25|26|27|28|29|35|36|37|38|39|40|41|42|43|44|45|46	100	59	0.2	1	5	5	5	5	5	5	5	5	5	5	5	5	5	5	5	5	5	5	5	5	5	5	5	5	5	5	5	5	5	5	5	5	5	5	5	5	5	5	5	5	5	5	5	5	5	5	5	5	5	5	5	5	5	5	5	5	5	5	5	5	5
213	抵抗刺客职业伤害	1|2|3|4|5|6|7|8|9|10|11|12|20|21|22|23|24|25|26|27|28|29|35|36|37|38|39|40|41|42|43|44|45|46	100	60	0.2	1	5	5	5	5	5	5	5	5	5	5	5	5	5	5	5	5	5	5	5	5	5	5	5	5	5	5	5	5	5	5	5	5	5	5	5	5	5	5	5	5	5	5	5	5	5	5	5	5	5	5	5	5	5	5	5	5	5	5	5	5	5
214	抵抗近卫军职业伤害	1|2|3|4|5|6|7|8|9|10|11|12|20|21|22|23|24|25|26|27|28|29|35|36|37|38|39|40|41|42|43|44|45|46	100	61	0.2	1	5	5	5	5	5	5	5	5	5	5	5	5	5	5	5	5	5	5	5	5	5	5	5	5	5	5	5	5	5	5	5	5	5	5	5	5	5	5	5	5	5	5	5	5	5	5	5	5	5	5	5	5	5	5	5	5	5	5	5	5	5
215	抵抗隐修士职业伤害	1|2|3|4|5|6|7|8|9|10|11|12|20|21|22|23|24|25|26|27|28|29|35|36|37|38|39|40|41|42|43|44|45|46	100	62	0.2	1	5	5	5	5	5	5	5	5	5	5	5	5	5	5	5	5	5	5	5	5	5	5	5	5	5	5	5	5	5	5	5	5	5	5	5	5	5	5	5	5	5	5	5	5	5	5	5	5	5	5	5	5	5	5	5	5	5	5	5	5	5
216	抵抗僧侣职业伤害	1|2|3|4|5|6|7|8|9|10|11|12|20|21|22|23|24|25|26|27|28|29|35|36|37|38|39|40|41|42|43|44|45|46	100	63	0.2	1	5	5	5	5	5	5	5	5	5	5	5	5	5	5	5	5	5	5	5	5	5	5	5	5	5	5	5	5	5	5	5	5	5	5	5	5	5	5	5	5	5	5	5	5	5	5	5	5	5	5	5	5	5	5	5	5	5	5	5	5	5
217	反射远攻伤害	20|21|22|23|25|26|27|28|29	50	74	0.5	1.5	2	2	2	2	2	2	2	2	2	2	3	3	3	3	3	3	3	3	3	3	4	4	4	4	4	4	4	4	4	4	4	4	4	4	4	4	4	4	4	4	4	4	4	4	4	4	4	4	4	4	4	4	4	4	4	4	4	4	4	4	4
218	吸血	1|2|3|4|5|6|7|8|9|10|11|12|25|35|36|37|38|39|40|41|42|43|44|45|46	50	65	0.5	1.5	2	2	2	2	2	2	2	2	2	2	3	3	3	3	3	3	3	3	3	3	4	4	4	4	4	4	4	4	4	4	4	4	4	4	4	4	4	4	4	4	4	4	4	4	4	4	4	4	4	4	4	4	4	4	4	4	4	4	4	4	4
220	几率触发减攻击速度5秒	1|2|3|4|5|6|7|8|9|10|11|12|24|35|36|37|38|39|40|41|42|43|44|45|46	50	66	0.5	1	2	2	2	2	2	2	2	2	2	2	3	3	3	3	3	3	3	3	3	3	4	4	4	4	4	4	4	4	4	4	4	4	4	4	4	4	4	4	4	4	4	4	4	4	4	4	4	4	4	4	4	4	4	4	4	4	4	4	4	4	4
221	几率触发减移动速度2秒	1|2|3|4|5|6|7|8|9|10|11|12|24|35|36|37|38|39|40|41|42|43|44|45|46	50	67	0.5	1	2	2	2	2	2	2	2	2	2	2	3	3	3	3	3	3	3	3	3	3	4	4	4	4	4	4	4	4	4	4	4	4	4	4	4	4	4	4	4	4	4	4	4	4	4	4	4	4	4	4	4	4	4	4	4	4	4	4	4	4	4
222	几率触发攻击双倍	1|2|3|4|5|6|7|8|9|10|11|12|24|35|36|37|38|39|40|41|42|43|44|45|46	50	68	0.5	1	2	2	2	2	2	2	2	2	2	2	3	3	3	3	3	3	3	3	3	3	4	4	4	4	4	4	4	4	4	4	4	4	4	4	4	4	4	4	4	4	4	4	4	4	4	4	4	4	4	4	4	4	4	4	4	4	4	4	4	4	4
223	几率触发眩晕1秒	1|2|3|4|5|6|7|8|9|10|11|12|24|35|36|37|38|39|40|41|42|43|44|45|46	50	69	0.5	1	2	2	2	2	2	2	2	2	2	2	3	3	3	3	3	3	3	3	3	3	4	4	4	4	4	4	4	4	4	4	4	4	4	4	4	4	4	4	4	4	4	4	4	4	4	4	4	4	4	4	4	4	4	4	4	4	4	4	4	4	4
224	几率触发忽视近攻防御	24|25|26	50	70	0.5	1.5	2	2	2	2	2	2	2	2	2	2	3	3	3	3	3	3	3	3	3	3	4	4	4	4	4	4	4	4	4	4	4	4	4	4	4	4	4	4	4	4	4	4	4	4	4	4	4	4	4	4	4	4	4	4	4	4	4	4	4	4	4
225	增强对武士伤害	1|2|3|4|5|6|7|8|9|10|11|12|20|21|22|23|24|25|26|27|28|29|35|36|37|38|39|40|41|42|43|44|45|46	100	84	0.2	1	5	5	5	5	5	5	5	5	5	5	5	5	5	5	5	5	5	5	5	5	5	5	5	5	5	5	5	5	5	5	5	5	5	5	5	5	5	5	5	5	5	5	5	5	5	5	5	5	5	5	5	5	5	5	5	5	5	5	5	5	5
226	增强对剑侠伤害	1|2|3|4|5|6|7|8|9|10|11|12|20|21|22|23|24|25|26|27|28|29|35|36|37|38|39|40|41|42|43|44|45|46	100	85	0.2	1	5	5	5	5	5	5	5	5	5	5	5	5	5	5	5	5	5	5	5	5	5	5	5	5	5	5	5	5	5	5	5	5	5	5	5	5	5	5	5	5	5	5	5	5	5	5	5	5	5	5	5	5	5	5	5	5	5	5	5	5	5
227	增强对骑射手伤害	1|2|3|4|5|6|7|8|9|10|11|12|20|21|22|23|24|25|26|27|28|29|35|36|37|38|39|40|41|42|43|44|45|46	100	86	0.2	1	5	5	5	5	5	5	5	5	5	5	5	5	5	5	5	5	5	5	5	5	5	5	5	5	5	5	5	5	5	5	5	5	5	5	5	5	5	5	5	5	5	5	5	5	5	5	5	5	5	5	5	5	5	5	5	5	5	5	5	5	5
228	增强对火枪手伤害	1|2|3|4|5|6|7|8|9|10|11|12|20|21|22|23|24|25|26|27|28|29|35|36|37|38|39|40|41|42|43|44|45|46	100	87	0.2	1	5	5	5	5	5	5	5	5	5	5	5	5	5	5	5	5	5	5	5	5	5	5	5	5	5	5	5	5	5	5	5	5	5	5	5	5	5	5	5	5	5	5	5	5	5	5	5	5	5	5	5	5	5	5	5	5	5	5	5	5	5
229	增强对先知伤害	1|2|3|4|5|6|7|8|9|10|11|12|20|21|22|23|24|25|26|27|28|29|35|36|37|38|39|40|41|42|43|44|45|46	100	88	0.2	1	5	5	5	5	5	5	5	5	5	5	5	5	5	5	5	5	5	5	5	5	5	5	5	5	5	5	5	5	5	5	5	5	5	5	5	5	5	5	5	5	5	5	5	5	5	5	5	5	5	5	5	5	5	5	5	5	5	5	5	5	5
230	增强对萨满伤害	1|2|3|4|5|6|7|8|9|10|11|12|20|21|22|23|24|25|26|27|28|29|35|36|37|38|39|40|41|42|43|44|45|46	100	89	0.2	1	5	5	5	5	5	5	5	5	5	5	5	5	5	5	5	5	5	5	5	5	5	5	5	5	5	5	5	5	5	5	5	5	5	5	5	5	5	5	5	5	5	5	5	5	5	5	5	5	5	5	5	5	5	5	5	5	5	5	5	5	5
231	增强对十字军伤害	1|2|3|4|5|6|7|8|9|10|11|12|20|21|22|23|24|25|26|27|28|29|35|36|37|38|39|40|41|42|43|44|45|46	100	90	0.2	1	5	5	5	5	5	5	5	5	5	5	5	5	5	5	5	5	5	5	5	5	5	5	5	5	5	5	5	5	5	5	5	5	5	5	5	5	5	5	5	5	5	5	5	5	5	5	5	5	5	5	5	5	5	5	5	5	5	5	5	5	5
232	增强对圣火使伤害	1|2|3|4|5|6|7|8|9|10|11|12|20|21|22|23|24|25|26|27|28|29|35|36|37|38|39|40|41|42|43|44|45|46	100	91	0.2	1	5	5	5	5	5	5	5	5	5	5	5	5	5	5	5	5	5	5	5	5	5	5	5	5	5	5	5	5	5	5	5	5	5	5	5	5	5	5	5	5	5	5	5	5	5	5	5	5	5	5	5	5	5	5	5	5	5	5	5	5	5
233	增强对刺客伤害	1|2|3|4|5|6|7|8|9|10|11|12|20|21|22|23|24|25|26|27|28|29|35|36|37|38|39|40|41|42|43|44|45|46	100	92	0.2	1	5	5	5	5	5	5	5	5	5	5	5	5	5	5	5	5	5	5	5	5	5	5	5	5	5	5	5	5	5	5	5	5	5	5	5	5	5	5	5	5	5	5	5	5	5	5	5	5	5	5	5	5	5	5	5	5	5	5	5	5	5
234	增强对近卫军伤害	1|2|3|4|5|6|7|8|9|10|11|12|20|21|22|23|24|25|26|27|28|29|35|36|37|38|39|40|41|42|43|44|45|46	100	93	0.2	1	5	5	5	5	5	5	5	5	5	5	5	5	5	5	5	5	5	5	5	5	5	5	5	5	5	5	5	5	5	5	5	5	5	5	5	5	5	5	5	5	5	5	5	5	5	5	5	5	5	5	5	5	5	5	5	5	5	5	5	5	5
235	增强对隐修士伤害	1|2|3|4|5|6|7|8|9|10|11|12|20|21|22|23|24|25|26|27|28|29|35|36|37|38|39|40|41|42|43|44|45|46	100	94	0.2	1	5	5	5	5	5	5	5	5	5	5	5	5	5	5	5	5	5	5	5	5	5	5	5	5	5	5	5	5	5	5	5	5	5	5	5	5	5	5	5	5	5	5	5	5	5	5	5	5	5	5	5	5	5	5	5	5	5	5	5	5	5
236	增强对僧侣伤害	1|2|3|4|5|6|7|8|9|10|11|12|20|21|22|23|24|25|26|27|28|29|35|36|37|38|39|40|41|42|43|44|45|46	100	95	0.2	1	5	5	5	5	5	5	5	5	5	5	5	5	5	5	5	5	5	5	5	5	5	5	5	5	5	5	5	5	5	5	5	5	5	5	5	5	5	5	5	5	5	5	5	5	5	5	5	5	5	5	5	5	5	5	5	5	5	5	5	5	5
245	落马	1|2|3|4|5|6|7|8|9|10|11|12|24|26|35|36|37|38|39|40|41|42|43|44|45|46	50	76	0.5	1	2	2	2	2	2	2	2	2	2	2	3	3	3	3	3	3	3	3	3	3	4	4	4	4	4	4	4	4	4	4	4	4	4	4	4	4	4	4	4	4	4	4	4	4	4	4	4	4	4	4	4	4	4	4	4	4	4	4	4	4	4
246	马术	1|2|3|4|5|6|7|8|9|10|11|12|20|21|22|23|24|25|26|27|28|29|35|36|37|38|39|40|41|42|43|44|45|46	100	77	0.5	1.5	2	2	2	2	2	2	2	2	2	2	3	3	3	3	3	3	3	3	3	3	4	4	4	4	4	4	4	4	4	4	4	4	4	4	4	4	4	4	4	4	4	4	4	4	4	4	4	4	4	4	4	4	4	4	4	4	4	4	4	4	4
247	破坏装备耐久	1|2|3|4|5|6|7|8|9|10|11|12|20|21|22|23|24|27|28|29|35|36|37|38|39|40|41|42|43|44|45|46	50	78	0.5	1	2	2	2	2	2	2	2	2	2	2	3	3	3	3	3	3	3	3	3	3	4	4	4	4	4	4	4	4	4	4	4	4	4	4	4	4	4	4	4	4	4	4	4	4	4	4	4	4	4	4	4	4	4	4	4	4	4	4	4	4	4
248	增加三防点数          	1|2|3|4|5|6|7|8|9|10|11|12|20|21|22|23|24|25|26|27|28|29|35|36|37|38|39|40|41|42|43|44|45|46	200	83	0.6	1.2	49	50	51	53	54	56	57	58	60	61	63	64	65	67	68	70	71	72	74	75	77	78	79	81	82	84	85	86	88	89	91	92	93	95	96	98	99	100	102	103	105	106	107	109	110	112	113	114	116	117	119	120	121	123	124	126	127	128	130	131	133
249	装备耐久保护	1|2|3|4|5|6|7|8|9|10|11|12|20|21|22|23|24|25|26|27|28|29|35|36|37|38|39|40|41|42|43|44|45|46	100	79	0.5	1	2	2	2	2	2	2	2	2	2	2	3	3	3	3	3	3	3	3	3	3	4	4	4	4	4	4	4	4	4	4	4	4	4	4	4	4	4	4	4	4	4	4	4	4	4	4	4	4	4	4	4	4	4	4	4	4	4	4	4	4	4
250	几率触发必中	1|2|3|4|5|6|7|8|9|10|11|12|24|35|36|37|38|39|40|41|42|43|44|45|46	50	64	0.5	1.5	2	2	2	2	2	2	2	2	2	2	3	3	3	3	3	3	3	3	3	3	4	4	4	4	4	4	4	4	4	4	4	4	4	4	4	4	4	4	4	4	4	4	4	4	4	4	4	4	4	4	4	4	4	4	4	4	4	4	4	4	4
251	几率触发忽视远攻防御	24|25|26	50	71	0.5	1.5	2	2	2	2	2	2	2	2	2	2	3	3	3	3	3	3	3	3	3	3	4	4	4	4	4	4	4	4	4	4	4	4	4	4	4	4	4	4	4	4	4	4	4	4	4	4	4	4	4	4	4	4	4	4	4	4	4	4	4	4	4
252	几率触发忽视魔法防御	24|25|26	50	72	0.5	1.5	2	2	2	2	2	2	2	2	2	2	3	3	3	3	3	3	3	3	3	3	4	4	4	4	4	4	4	4	4	4	4	4	4	4	4	4	4	4	4	4	4	4	4	4	4	4	4	4	4	4	4	4	4	4	4	4	4	4	4	4	4
253	反射近攻伤害	20|21|22|23|25|26|27|28|29	50	73	0.5	1.5	2	2	2	2	2	2	2	2	2	2	3	3	3	3	3	3	3	3	3	3	4	4	4	4	4	4	4	4	4	4	4	4	4	4	4	4	4	4	4	4	4	4	4	4	4	4	4	4	4	4	4	4	4	4	4	4	4	4	4	4	4
254	反射魔法伤害	20|21|22|23|25|26|27|28|29	50	75	0.5	1.5	2	2	2	2	2	2	2	2	2	2	3	3	3	3	3	3	3	3	3	3	4	4	4	4	4	4	4	4	4	4	4	4	4	4	4	4	4	4	4	4	4	4	4	4	4	4	4	4	4	4	4	4	4	4	4	4	4	4	4	4	4
