NUM	NUM
装备id	装备类型（1：神级，2：天级，3：冥级，4:玄级）
10014003	1
10014004	2
10019600	1
10019700	1
10019701	2
10019803	1
10019804	1
10019805	1
10019810	2
10019811	2
10019850	3
10019851	3
10019852	3
10019853	3
10019854	3
10019855	3
10019856	3
10019857	3
10019858	3
10019859	3
10019900	1
10019901	1
10019902	1
10019903	2
10019904	2
10019905	3
10019906	4
10019907	4
10019910	1
10019911	1
10019912	1
10019913	2
10019914	2
10019915	3
10019916	3
10019917	3
10019918	3
10019919	3
10019920	3
10019921	3
10019922	3
10019923	4
10019924	4
10019925	4
10019926	4
10019927	4
10019928	4
10019929	4
10019930	3
10019931	3
10019932	3
10019933	3
10019934	3
10019935	3
10019936	3
10019937	3
10019938	3
10019939	3
10019940	3
10019941	3
10019942	3
10019943	3
10019944	4
10019945	4
10019946	4
10019947	4
10019948	4
10019949	4
10019950	4
10019951	3
10019952	3
10019953	3
10019954	3
10019955	3
10019956	3
10019957	3
10019958	3
10019959	3
10019960	3
10019961	3
10019962	3
10019963	3
10019964	3
10019965	4
10019966	4
10019967	4
10019968	4
10019969	4
10019970	4
10019971	4
10019972	3
10019973	3
10019974	3
10019975	3
10019976	3
10019977	3
10019978	3
10019979	3
10019980	3
10019981	3
10019982	3
10019983	3
10019984	3
10019985	3
10019986	4
10019987	4
10019988	4
10019989	4
10019990	4
10019991	4
10019992	4
10019993	3
10019994	3
10019995	3
10019996	3
10019997	3
10019998	3
10019999	3
10024003	1
10024004	2
10028600	1
10028700	1
10028701	2
10028803	1
10028804	1
10028805	1
10028810	2
10028811	2
10028850	3
10028851	3
10028852	3
10028853	3
10028854	3
10028855	3
10028856	3
10028857	3
10028858	3
10028859	3
10029000	1
10029001	1
10029002	1
10029003	2
10029004	2
10029005	3
10029006	4
10029007	4
10029010	1
10029011	1
10029012	1
10029013	2
10029014	2
10029015	3
10029916	3
10029917	3
10029918	3
10029919	3
10029920	3
10029921	3
10029922	3
10029923	4
10029924	4
10029925	4
10029926	4
10029927	4
10029928	4
10029929	4
10029930	3
10029931	3
10029932	3
10029933	3
10029934	3
10029935	3
10029936	3
10029937	3
10029938	3
10029939	3
10029940	3
10029941	3
10029942	3
10029943	3
10029944	4
10029945	4
10029946	4
10029947	4
10029948	4
10029949	4
10029950	4
10029951	3
10029952	3
10029953	3
10029954	3
10029955	3
10029956	3
10029957	3
10029958	3
10029959	3
10029960	3
10029961	3
10029962	3
10029963	3
10029964	3
10029965	4
10029966	4
10029967	4
10029968	4
10029969	4
10029970	4
10029971	4
10029972	3
10029973	3
10029974	3
10029975	3
10029976	3
10029977	3
10029978	3
10029979	3
10029980	3
10029981	3
10029982	3
10029983	3
10029984	3
10029985	3
10029986	4
10029987	4
10029988	4
10029989	4
10029990	4
10029991	4
10029992	4
10029993	3
10029994	3
10029995	3
10029996	3
10029997	3
10029998	3
10029999	3
10034003	1
10034004	2
10038600	1
10038700	1
10038701	2
10038803	1
10038804	1
10038805	1
10038810	2
10038811	2
10038850	3
10038851	3
10038852	3
10038853	3
10038854	3
10038855	3
10038856	3
10038857	3
10038858	3
10038859	3
10039000	1
10039001	1
10039002	1
10039003	2
10039004	2
10039005	3
10039006	4
10039007	4
10039010	1
10039011	1
10039012	1
10039013	2
10039014	2
10039015	3
10039916	3
10039917	3
10039918	3
10039919	3
10039920	3
10039921	3
10039922	3
10039923	4
10039924	4
10039925	4
10039926	4
10039927	4
10039928	4
10039929	4
10039930	3
10039931	3
10039932	3
10039933	3
10039934	3
10039935	3
10039936	3
10039937	3
10039938	3
10039939	3
10039940	3
10039941	3
10039942	3
10039943	3
10039944	4
10039945	4
10039946	4
10039947	4
10039948	4
10039949	4
10039950	4
10039951	3
10039952	3
10039953	3
10039954	3
10039955	3
10039956	3
10039957	3
10039958	3
10039959	3
10039960	3
10039961	3
10039962	3
10039963	3
10039964	3
10039965	4
10039966	4
10039967	4
10039968	4
10039969	4
10039970	4
10039971	4
10039972	3
10039973	3
10039974	3
10039975	3
10039976	3
10039977	3
10039978	3
10039979	3
10039980	3
10039981	3
10039982	3
10039983	3
10039984	3
10039985	3
10039986	4
10039987	4
10039988	4
10039989	4
10039990	4
10039991	4
10039992	4
10039993	3
10039994	3
10039995	3
10039996	3
10039997	3
10039998	3
10039999	3
10044003	1
10044004	2
10048600	1
10048700	1
10048701	2
10048803	1
10048804	1
10048805	1
10048810	2
10048811	2
10048850	3
10048851	3
10048852	3
10048853	3
10048854	3
10048855	3
10048856	3
10048857	3
10048858	3
10048859	3
10049000	1
10049001	1
10049002	1
10049003	2
10049004	2
10049005	3
10049006	4
10049007	4
10049010	1
10049011	1
10049012	1
10049013	2
10049014	2
10049015	3
10049916	3
10049917	3
10049918	3
10049919	3
10049920	3
10049921	3
10049922	3
10049923	4
10049924	4
10049925	4
10049926	4
10049927	4
10049928	4
10049929	4
10049930	3
10049931	3
10049932	3
10049933	3
10049934	3
10049935	3
10049936	3
10049937	3
10049938	3
10049939	3
10049940	3
10049941	3
10049942	3
10049943	3
10049944	4
10049945	4
10049946	4
10049947	4
10049948	4
10049949	4
10049950	4
10049951	3
10049952	3
10049953	3
10049954	3
10049955	3
10049956	3
10049957	3
10049958	3
10049959	3
10049960	3
10049961	3
10049962	3
10049963	3
10049964	3
10049965	4
10049966	4
10049967	4
10049968	4
10049969	4
10049970	4
10049971	4
10049972	3
10049973	3
10049974	3
10049975	3
10049976	3
10049977	3
10049978	3
10049979	3
10049980	3
10049981	3
10049982	3
10049983	3
10049984	3
10049985	3
10049986	4
10049987	4
10049988	4
10049989	4
10049990	4
10049991	4
10049992	4
10049993	3
10049994	3
10049995	3
10049996	3
10049997	3
10049998	3
10049999	3
10054003	1
10054004	2
10058600	1
10058700	1
10058701	2
10058803	1
10058804	1
10058805	1
10058810	2
10058811	2
10058850	3
10058851	3
10058852	3
10058853	3
10058854	3
10058855	3
10058856	3
10058857	3
10058858	3
10058859	3
10059000	1
10059001	1
10059002	1
10059003	2
10059004	2
10059005	3
10059006	4
10059007	4
10059010	1
10059011	1
10059012	1
10059013	2
10059014	2
10059015	3
10059916	3
10059917	3
10059918	3
10059919	3
10059920	3
10059921	3
10059922	3
10059923	4
10059924	4
10059925	4
10059926	4
10059927	4
10059928	4
10059929	4
10059930	3
10059931	3
10059932	3
10059933	3
10059934	3
10059935	3
10059936	3
10059937	3
10059938	3
10059939	3
10059940	3
10059941	3
10059942	3
10059943	3
10059944	4
10059945	4
10059946	4
10059947	4
10059948	4
10059949	4
10059950	4
10059951	3
10059952	3
10059953	3
10059954	3
10059955	3
10059956	3
10059957	3
10059958	3
10059959	3
10059960	3
10059961	3
10059962	3
10059963	3
10059964	3
10059965	4
10059966	4
10059967	4
10059968	4
10059969	4
10059970	4
10059971	4
10059972	3
10059973	3
10059974	3
10059975	3
10059976	3
10059977	3
10059978	3
10059979	3
10059980	3
10059981	3
10059982	3
10059983	3
10059984	3
10059985	3
10059986	4
10059987	4
10059988	4
10059989	4
10059990	4
10059991	4
10059992	4
10059993	3
10059994	3
10059995	3
10059996	3
10059997	3
10059998	3
10059999	3
10064003	1
10064004	2
10068600	1
10068700	1
10068701	2
10068803	1
10068804	1
10068805	1
10068810	2
10068811	2
10068850	3
10068851	3
10068852	3
10068853	3
10068854	3
10068855	3
10068856	3
10068857	3
10068858	3
10068859	3
10069000	1
10069001	1
10069002	1
10069003	2
10069004	2
10069005	3
10069006	4
10069007	4
10069010	1
10069011	1
10069012	1
10069013	2
10069014	2
10069015	3
10069916	3
10069917	3
10069918	3
10069919	3
10069920	3
10069921	3
10069922	3
10069923	4
10069924	4
10069925	4
10069926	4
10069927	4
10069928	4
10069929	4
10069930	3
10069931	3
10069932	3
10069933	3
10069934	3
10069935	3
10069936	3
10069937	3
10069938	3
10069939	3
10069940	3
10069941	3
10069942	3
10069943	3
10069944	4
10069945	4
10069946	4
10069947	4
10069948	4
10069949	4
10069950	4
10069951	3
10069952	3
10069953	3
10069954	3
10069955	3
10069956	3
10069957	3
10069958	3
10069959	3
10069960	3
10069961	3
10069962	3
10069963	3
10069964	3
10069965	4
10069966	4
10069967	4
10069968	4
10069969	4
10069970	4
10069971	4
10069972	3
10069973	3
10069974	3
10069975	3
10069976	3
10069977	3
10069978	3
10069979	3
10069980	3
10069981	3
10069982	3
10069983	3
10069984	3
10069985	3
10069986	4
10069987	4
10069988	4
10069989	4
10069990	4
10069991	4
10069992	4
10069993	3
10069994	3
10069995	3
10069996	3
10069997	3
10069998	3
10069999	3
10074003	1
10074004	2
10077600	1
10077700	1
10077701	2
10077803	1
10077804	1
10077805	1
10077810	2
10077811	2
10077850	3
10077851	3
10077852	3
10077853	3
10077854	3
10077855	3
10077856	3
10077857	3
10077858	3
10077859	3
10078000	1
10078001	1
10078002	1
10078003	2
10078004	2
10078005	3
10078006	4
10078007	4
10078010	1
10078011	1
10078012	1
10078013	2
10078014	2
10078015	3
10079916	3
10079917	3
10079918	3
10079919	3
10079920	3
10079921	3
10079922	3
10079923	4
10079924	4
10079925	4
10079926	4
10079927	4
10079928	4
10079929	4
10079930	3
10079931	3
10079932	3
10079933	3
10079934	3
10079935	3
10079936	3
10079937	3
10079938	3
10079939	3
10079940	3
10079941	3
10079942	3
10079943	3
10079944	4
10079945	4
10079946	4
10079947	4
10079948	4
10079949	4
10079950	4
10079951	3
10079952	3
10079953	3
10079954	3
10079955	3
10079956	3
10079957	3
10079958	3
10079959	3
10079960	3
10079961	3
10079962	3
10079963	3
10079964	3
10079965	4
10079966	4
10079967	4
10079968	4
10079969	4
10079970	4
10079971	4
10079972	3
10079973	3
10079974	3
10079975	3
10079976	3
10079977	3
10079978	3
10079979	3
10079980	3
10079981	3
10079982	3
10079983	3
10079984	3
10079985	3
10079986	4
10079987	4
10079988	4
10079989	4
10079990	4
10079991	4
10079992	4
10079993	3
10079994	3
10079995	3
10079996	3
10079997	3
10079998	3
10079999	3
10084003	1
10084004	2
10087600	1
10087700	1
10087701	2
10087803	1
10087804	1
10087805	1
10087810	2
10087811	2
10087850	3
10087851	3
10087852	3
10087853	3
10087854	3
10087855	3
10087856	3
10087857	3
10087858	3
10087859	3
10088000	1
10088001	1
10088002	1
10088003	2
10088004	2
10088005	3
10088006	4
10088007	4
10088010	1
10088011	1
10088012	1
10088013	2
10088014	2
10088015	3
10089916	3
10089917	3
10089918	3
10089919	3
10089920	3
10089921	3
10089922	3
10089923	4
10089924	4
10089925	4
10089926	4
10089927	4
10089928	4
10089929	4
10089930	3
10089931	3
10089932	3
10089933	3
10089934	3
10089935	3
10089936	3
10089937	3
10089938	3
10089939	3
10089940	3
10089941	3
10089942	3
10089943	3
10089944	4
10089945	4
10089946	4
10089947	4
10089948	4
10089949	4
10089950	4
10089951	3
10089952	3
10089953	3
10089954	3
10089955	3
10089956	3
10089957	3
10089958	3
10089959	3
10089960	3
10089961	3
10089962	3
10089963	3
10089964	3
10089965	4
10089966	4
10089967	4
10089968	4
10089969	4
10089970	4
10089971	4
10089972	3
10089973	3
10089974	3
10089975	3
10089976	3
10089977	3
10089978	3
10089979	3
10089980	3
10089981	3
10089982	3
10089983	3
10089984	3
10089985	3
10089986	4
10089987	4
10089988	4
10089989	4
10089990	4
10089991	4
10089992	4
10089993	3
10089994	3
10089995	3
10089996	3
10089997	3
10089998	3
10089999	3
10094003	1
10094004	2
10097600	1
10097700	1
10097701	2
10097803	1
10097804	1
10097805	1
10097810	2
10097811	2
10097850	3
10097851	3
10097852	3
10097853	3
10097854	3
10097855	3
10097856	3
10097857	3
10097858	3
10097859	3
10098000	1
10098001	1
10098002	1
10098003	2
10098004	2
10098005	3
10098006	4
10098007	4
10098010	1
10098011	1
10098012	1
10098013	2
10098014	2
10098015	3
10099916	3
10099917	3
10099918	3
10099919	3
10099920	3
10099921	3
10099922	3
10099923	4
10099924	4
10099925	4
10099926	4
10099927	4
10099928	4
10099929	4
10099930	3
10099931	3
10099932	3
10099933	3
10099934	3
10099935	3
10099936	3
10099937	3
10099938	3
10099939	3
10099940	3
10099941	3
10099942	3
10099943	3
10099944	4
10099945	4
10099946	4
10099947	4
10099948	4
10099949	4
10099950	4
10099951	3
10099952	3
10099953	3
10099954	3
10099955	3
10099956	3
10099957	3
10099958	3
10099959	3
10099960	3
10099961	3
10099962	3
10099963	3
10099964	3
10099965	4
10099966	4
10099967	4
10099968	4
10099969	4
10099970	4
10099971	4
10099972	3
10099973	3
10099974	3
10099975	3
10099976	3
10099977	3
10099978	3
10099979	3
10099980	3
10099981	3
10099982	3
10099983	3
10099984	3
10099985	3
10099986	4
10099987	4
10099988	4
10099989	4
10099990	4
10099991	4
10099992	4
10099993	3
10099994	3
10099995	3
10099996	3
10099997	3
10099998	3
10099999	3
10104003	1
10104004	2
10107600	1
10107700	1
10107701	2
10107803	1
10107804	1
10107805	1
10107810	2
10107811	2
10107850	3
10107851	3
10107852	3
10107853	3
10107854	3
10107855	3
10107856	3
10107857	3
10107858	3
10107859	3
10108000	1
10108001	1
10108002	1
10108003	2
10108004	2
10108005	3
10108006	4
10108007	4
10108010	1
10108011	1
10108012	1
10108013	2
10108014	2
10108015	3
10109916	3
10109917	3
10109918	3
10109919	3
10109920	3
10109921	3
10109922	3
10109923	4
10109924	4
10109925	4
10109926	4
10109927	4
10109928	4
10109929	4
10109930	3
10109931	3
10109932	3
10109933	3
10109934	3
10109935	3
10109936	3
10109937	3
10109938	3
10109939	3
10109940	3
10109941	3
10109942	3
10109943	3
10109944	4
10109945	4
10109946	4
10109947	4
10109948	4
10109949	4
10109950	4
10109951	3
10109952	3
10109953	3
10109954	3
10109955	3
10109956	3
10109957	3
10109958	3
10109959	3
10109960	3
10109961	3
10109962	3
10109963	3
10109964	3
10109965	4
10109966	4
10109967	4
10109968	4
10109969	4
10109970	4
10109971	4
10109972	3
10109973	3
10109974	3
10109975	3
10109976	3
10109977	3
10109978	3
10109979	3
10109980	3
10109981	3
10109982	3
10109983	3
10109984	3
10109985	3
10109986	4
10109987	4
10109988	4
10109989	4
10109990	4
10109991	4
10109992	4
10109993	3
10109994	3
10109995	3
10109996	3
10109997	3
10109998	3
10109999	3
10114003	1
10114004	2
10117600	1
10117700	1
10117701	2
10117803	1
10117804	1
10117805	1
10117810	2
10117811	2
10117850	3
10117851	3
10117852	3
10117853	3
10117854	3
10117855	3
10117856	3
10117857	3
10117858	3
10117859	3
10118000	1
10118001	1
10118002	1
10118003	2
10118004	2
10118005	3
10118006	4
10118007	4
10118010	1
10118011	1
10118012	1
10118013	2
10118014	2
10118015	3
10119916	3
10119917	3
10119918	3
10119919	3
10119920	3
10119921	3
10119922	3
10119923	4
10119924	4
10119925	4
10119926	4
10119927	4
10119928	4
10119929	4
10119930	3
10119931	3
10119932	3
10119933	3
10119934	3
10119935	3
10119936	3
10119937	3
10119938	3
10119939	3
10119940	3
10119941	3
10119942	3
10119943	3
10119944	4
10119945	4
10119946	4
10119947	4
10119948	4
10119949	4
10119950	4
10119951	3
10119952	3
10119953	3
10119954	3
10119955	3
10119956	3
10119957	3
10119958	3
10119959	3
10119960	3
10119961	3
10119962	3
10119963	3
10119964	3
10119965	4
10119966	4
10119967	4
10119968	4
10119969	4
10119970	4
10119971	4
10119972	3
10119973	3
10119974	3
10119975	3
10119976	3
10119977	3
10119978	3
10119979	3
10119980	3
10119981	3
10119982	3
10119983	3
10119984	3
10119985	3
10119986	4
10119987	4
10119988	4
10119989	4
10119990	4
10119991	4
10119992	4
10119993	3
10119994	3
10119995	3
10119996	3
10119997	3
10119998	3
10119999	3
10124003	1
10124004	2
10127600	1
10127700	1
10127701	2
10127803	1
10127804	1
10127805	1
10127810	2
10127811	2
10127850	3
10127851	3
10127852	3
10127853	3
10127854	3
10127855	3
10127856	3
10127857	3
10127858	3
10127859	3
10128000	1
10128001	1
10128002	1
10128003	2
10128004	2
10128005	3
10128006	4
10128007	4
10128010	1
10128011	1
10128012	1
10128013	2
10128014	2
10128015	3
10129916	3
10129917	3
10129918	3
10129919	3
10129920	3
10129921	3
10129922	3
10129923	4
10129924	4
10129925	4
10129926	4
10129927	4
10129928	4
10129929	4
10129930	3
10129931	3
10129932	3
10129933	3
10129934	3
10129935	3
10129936	3
10129937	3
10129938	3
10129939	3
10129940	3
10129941	3
10129942	3
10129943	3
10129944	4
10129945	4
10129946	4
10129947	4
10129948	4
10129949	4
10129950	4
10129951	3
10129952	3
10129953	3
10129954	3
10129955	3
10129956	3
10129957	3
10129958	3
10129959	3
10129960	3
10129961	3
10129962	3
10129963	3
10129964	3
10129965	4
10129966	4
10129967	4
10129968	4
10129969	4
10129970	4
10129971	4
10129972	3
10129973	3
10129974	3
10129975	3
10129976	3
10129977	3
10129978	3
10129979	3
10129980	3
10129981	3
10129982	3
10129983	3
10129984	3
10129985	3
10129986	4
10129987	4
10129988	4
10129989	4
10129990	4
10129991	4
10129992	4
10129993	3
10129994	3
10129995	3
10129996	3
10129997	3
10129998	3
10129999	3
10200091	1
10204003	1
10204004	2
10204013	1
10204014	2
10204023	1
10204024	2
10204033	1
10204034	2
10204043	1
10204044	2
10204053	1
10204054	2
10204063	1
10204064	2
10204073	1
10204074	2
10204083	1
10204084	2
10204093	1
10204094	2
10204103	1
10204104	2
10204113	1
10204114	2
10207400	2
10207401	3
10207402	4
10207403	2
10207404	3
10207405	4
10207410	2
10207411	3
10207412	4
10207413	2
10207414	3
10207415	4
10207420	2
10207421	3
10207422	4
10207423	2
10207424	3
10207425	4
10207430	2
10207431	3
10207432	4
10207433	2
10207434	3
10207435	4
10207440	2
10207441	3
10207442	4
10207443	2
10207444	3
10207445	4
10207450	2
10207451	3
10207452	4
10207453	2
10207454	3
10207455	4
10207460	2
10207461	3
10207462	4
10207463	2
10207464	3
10207465	4
10207470	2
10207471	3
10207472	4
10207473	2
10207474	3
10207475	4
10207480	2
10207481	3
10207482	4
10207483	2
10207484	3
10207485	4
10207490	2
10207491	3
10207492	4
10207493	2
10207494	3
10207495	4
10207500	2
10207501	3
10207502	4
10207503	2
10207504	3
10207505	4
10207510	2
10207511	3
10207512	4
10207513	2
10207514	3
10207515	4
10207516	1
10207517	1
10207518	1
10207519	1
10207520	1
10207521	1
10207522	1
10207523	1
10207524	1
10207525	1
10207526	1
10207527	1
10207528	1
10207529	1
10207530	1
10207531	1
10207532	1
10207533	1
10207534	1
10207535	1
10207536	1
10207537	1
10207538	1
10207539	1
10208600	1
10208610	1
10208620	1
10208630	1
10208640	1
10208650	1
10208700	1
10208710	1
10208720	1
10208730	1
10208740	1
10208750	1
10208760	2
10208761	2
10208762	2
10208763	2
10208764	2
10208765	2
10208803	1
10208804	1
10208805	1
10208813	1
10208814	1
10208815	1
10208823	1
10208824	1
10208825	1
10208833	1
10208834	1
10208835	1
10208843	1
10208844	1
10208845	1
10208853	1
10208854	1
10208855	1
10208900	2
10208901	2
10208902	2
10208903	2
10208904	2
10208905	2
10208910	2
10208911	2
10208912	2
10208913	2
10208914	2
10208915	2
10209000	1
10209001	1
10209002	1
10209003	1
10209004	1
10209005	1
10209006	1
10209007	1
10209008	1
10209009	1
10209010	1
10209011	1
10209012	1
10209013	1
10209014	1
10209015	1
10209016	1
10209017	1
10209018	2
10209019	2
10209020	2
10209021	2
10209022	2
10209023	2
10209024	2
10209025	2
10209026	2
10209027	2
10209028	2
10209029	2
10209030	3
10209031	3
10209032	3
10209033	3
10209034	3
10209035	3
10209100	1
10209101	1
10209102	1
10209103	1
10209104	1
10209105	1
10209106	1
10209107	1
10209108	1
10209109	1
10209110	1
10209111	1
10209112	1
10209113	1
10209114	1
10209115	1
10209116	1
10209117	1
10209118	2
10209119	2
10209120	2
10209121	2
10209122	2
10209123	2
10209124	2
10209125	2
10209126	2
10209127	2
10209128	2
10209129	2
10209130	3
10209131	3
10209132	3
10209133	3
10209134	3
10209135	3
10209254	1
10209255	1
10209256	1
10209257	1
10209258	1
10209259	1
10209260	1
10209261	1
10209262	1
10209263	1
10209264	1
10209265	1
10209266	2
10209267	2
10209268	2
10209269	2
10209270	2
10209271	2
10209274	1
10209275	1
10209276	1
10209279	1
10209280	1
10209281	1
10209284	1
10209285	1
10209286	1
10209289	1
10209290	1
10209291	1
10209294	1
10209295	1
10209296	1
10209299	1
10209300	1
10209301	1
10209302	2
10209303	2
10209304	2
10209305	2
10209306	2
10209307	2
10209308	2
10209309	2
10209310	2
10209311	2
10209312	2
10209313	2
10209314	1
10209315	1
10209316	1
10209317	1
10209318	1
10209319	1
10209320	1
10209321	1
10209322	1
10209323	1
10209324	1
10209325	1
10209326	1
10209327	1
10209328	1
10209329	1
10209330	1
10209331	1
10209332	2
10209333	2
10209334	2
10209335	2
10209336	2
10209337	2
10209338	2
10209339	2
10209340	2
10209341	2
10209342	2
10209343	2
10209344	3
10209345	3
10209346	3
10209347	3
10209348	3
10209349	3
10209350	1
10209351	1
10209352	1
10209353	1
10209354	1
10209355	1
10209356	1
10209357	1
10209358	1
10209359	1
10209360	1
10209361	1
10209362	1
10209363	1
10209364	1
10209365	1
10209366	1
10209367	1
10209368	2
10209369	2
10209370	2
10209371	2
10209372	2
10209373	2
10209374	2
10209375	2
10209376	2
10209377	2
10209378	2
10209379	2
10209380	3
10209381	3
10209382	3
10209383	3
10209384	3
10209385	3
10209500	3
10209501	3
10209502	3
10209503	3
10209504	3
10209505	3
10209506	3
10209507	3
10209508	3
10209509	3
10209510	3
10209511	3
10209512	3
10209513	3
10209514	3
10209515	3
10209516	3
10209517	3
10209518	3
10209519	3
10209520	3
10209521	3
10209522	3
10209523	3
10209524	3
10209525	3
10209526	3
10209527	3
10209528	3
10209529	3
10209530	3
10209531	3
10209532	3
10209533	3
10209534	3
10209535	3
10209536	3
10209537	3
10209538	3
10209539	3
10209540	3
10209541	3
10209542	3
10209543	3
10209544	3
10209545	3
10209546	3
10209547	3
10209548	4
10209549	4
10209550	4
10209551	4
10209552	4
10209553	4
10209554	4
10209555	4
10209556	4
10209557	4
10209558	4
10209559	4
10209560	4
10209561	4
10209562	4
10209563	4
10209564	4
10209565	4
10209566	4
10209567	4
10209568	4
10209569	4
10209570	4
10209571	4
10209600	3
10209601	3
10209602	3
10209603	3
10209604	3
10209605	3
10209606	3
10209607	3
10209608	3
10209609	3
10209610	3
10209611	3
10209612	3
10209613	3
10209614	3
10209615	3
10209616	3
10209617	3
10209618	3
10209619	3
10209620	3
10209621	3
10209622	3
10209623	3
10209630	3
10209631	3
10209632	3
10209633	3
10209634	3
10209635	3
10209636	3
10209637	3
10209638	3
10209639	3
10209640	3
10209641	3
10209642	3
10209643	3
10209644	3
10209645	3
10209646	3
10209647	3
10209648	3
10209649	3
10209650	3
10209651	3
10209652	3
10209653	3
10209660	3
10209661	3
10209662	3
10209663	3
10209664	3
10209665	3
10209666	3
10209667	3
10209668	3
10209669	3
10209670	3
10209671	3
10209672	3
10209673	3
10209674	3
10209675	3
10209676	3
10209677	3
10209678	3
10209679	3
10209680	3
10209681	3
10209682	3
10209683	3
10209916	3
10209917	3
10209918	3
10209919	3
10209920	3
10209921	3
10209922	3
10209923	4
10209924	4
10209925	4
10209926	4
10209927	4
10209928	4
10209929	4
10209930	3
10209931	3
10209932	3
10209933	3
10209934	3
10209935	3
10209936	3
10209937	3
10209938	3
10209939	3
10209940	3
10209941	3
10209942	3
10209943	3
10209944	4
10209945	4
10209946	4
10209947	4
10209948	4
10209949	4
10209950	4
10209951	3
10209952	3
10209953	3
10209954	3
10209955	3
10209956	3
10209957	3
10209958	3
10209959	3
10209960	3
10209961	3
10209962	3
10209963	3
10209964	3
10209965	4
10209966	4
10209967	4
10209968	4
10209969	4
10209970	4
10209971	4
10209972	3
10209973	3
10209974	3
10209975	3
10209976	3
10209977	3
10209978	3
10209979	3
10209980	3
10209981	3
10209982	3
10209983	3
10209984	3
10209985	3
10209986	4
10209987	4
10209988	4
10209989	4
10209990	4
10209991	4
10209992	4
10209993	3
10209994	3
10209995	3
10209996	3
10209997	3
10209998	3
10209999	3
10234003	1
10234004	2
10234013	1
10234014	2
10234023	1
10234024	2
10234033	1
10234034	2
10234043	1
10234044	2
10234053	1
10234054	2
10237400	2
10237401	3
10237402	4
10237403	2
10237404	3
10237405	4
10237410	2
10237411	3
10237412	4
10237413	2
10237414	3
10237415	4
10237420	2
10237421	3
10237422	4
10237423	2
10237424	3
10237425	4
10237430	2
10237431	3
10237432	4
10237433	2
10237434	3
10237435	4
10237440	2
10237441	3
10237442	4
10237443	2
10237444	3
10237445	4
10237450	2
10237451	3
10237452	4
10237453	2
10237454	3
10237455	4
10237460	2
10237461	3
10237462	4
10237463	2
10237464	3
10237465	4
10237470	2
10237471	3
10237472	4
10237473	2
10237474	3
10237475	4
10237480	2
10237481	3
10237482	4
10237483	2
10237484	3
10237485	4
10237490	2
10237491	3
10237492	4
10237493	2
10237494	3
10237495	4
10237500	2
10237501	3
10237502	4
10237503	2
10237504	3
10237505	4
10237510	2
10237511	3
10237512	4
10237513	2
10237514	3
10237515	4
10237516	1
10237517	1
10237518	1
10237519	1
10237520	1
10237521	1
10237522	1
10237523	1
10237524	1
10237525	1
10237526	1
10237527	1
10237528	1
10237529	1
10237530	1
10237531	1
10237532	1
10237533	1
10237534	1
10237535	1
10237536	1
10237537	1
10237538	1
10237539	1
10238600	1
10238610	1
10238620	1
10238630	1
10238640	1
10238650	1
10238700	1
10238710	1
10238720	1
10238730	1
10238740	1
10238750	1
10238760	2
10238761	2
10238762	2
10238763	2
10238764	2
10238765	2
10238803	1
10238804	1
10238805	1
10238813	1
10238814	1
10238815	1
10238823	1
10238824	1
10238825	1
10238833	1
10238834	1
10238835	1
10238843	1
10238844	1
10238845	1
10238853	1
10238854	1
10238855	1
10238900	2
10238901	2
10238902	2
10238903	2
10238904	2
10238905	2
10238910	2
10238911	2
10238912	2
10238913	2
10238914	2
10238915	2
10239000	1
10239001	1
10239002	1
10239003	1
10239004	1
10239005	1
10239006	1
10239007	1
10239008	1
10239009	1
10239010	1
10239011	1
10239012	1
10239013	1
10239014	1
10239015	1
10239016	1
10239017	1
10239018	2
10239019	2
10239020	2
10239021	2
10239022	2
10239023	2
10239024	2
10239025	2
10239026	2
10239027	2
10239028	2
10239029	2
10239030	3
10239031	3
10239032	3
10239033	3
10239034	3
10239035	3
10239100	1
10239101	1
10239102	1
10239103	1
10239104	1
10239105	1
10239106	1
10239107	1
10239108	1
10239109	1
10239110	1
10239111	1
10239112	1
10239113	1
10239114	1
10239115	1
10239116	1
10239117	1
10239118	2
10239119	2
10239120	2
10239121	2
10239122	2
10239123	2
10239124	2
10239125	2
10239126	2
10239127	2
10239128	2
10239129	2
10239130	3
10239131	3
10239132	3
10239133	3
10239134	3
10239135	3
10239220	1
10239221	2
10239224	1
10239225	2
10239228	1
10239229	2
10239232	1
10239233	2
10239236	1
10239237	2
10239240	1
10239241	2
10239278	1
10239279	1
10239280	1
10239281	1
10239282	1
10239283	1
10239284	1
10239285	1
10239286	1
10239287	1
10239288	1
10239289	1
10239290	2
10239291	2
10239292	2
10239293	2
10239294	2
10239295	2
10239298	1
10239299	1
10239300	1
10239303	1
10239304	1
10239305	1
10239308	1
10239309	1
10239310	1
10239313	1
10239314	1
10239315	1
10239318	1
10239319	1
10239320	1
10239323	1
10239324	1
10239325	1
10239326	2
10239327	2
10239328	2
10239329	2
10239330	2
10239331	2
10239332	2
10239333	2
10239334	2
10239335	2
10239336	2
10239337	2
10239338	1
10239339	1
10239340	1
10239341	1
10239342	1
10239343	1
10239344	1
10239345	1
10239346	1
10239347	1
10239348	1
10239349	1
10239350	1
10239351	1
10239352	1
10239353	1
10239354	1
10239355	1
10239356	2
10239357	2
10239358	2
10239359	2
10239360	2
10239361	2
10239362	2
10239363	2
10239364	2
10239365	2
10239366	2
10239367	2
10239368	3
10239369	3
10239370	3
10239371	3
10239372	3
10239373	3
10239374	1
10239375	1
10239376	1
10239377	1
10239378	1
10239379	1
10239380	1
10239381	1
10239382	1
10239383	1
10239384	1
10239385	1
10239386	1
10239387	1
10239388	1
10239389	1
10239390	1
10239391	1
10239392	2
10239393	2
10239394	2
10239395	2
10239396	2
10239397	2
10239398	2
10239399	2
10239400	2
10239401	2
10239402	2
10239403	2
10239404	3
10239405	3
10239406	3
10239407	3
10239408	3
10239409	3
10239500	3
10239501	3
10239502	3
10239503	3
10239504	3
10239505	3
10239506	3
10239507	3
10239508	3
10239509	3
10239510	3
10239511	3
10239512	3
10239513	3
10239514	3
10239515	3
10239516	3
10239517	3
10239518	3
10239519	3
10239520	3
10239521	3
10239522	3
10239523	3
10239524	3
10239525	3
10239526	3
10239527	3
10239528	3
10239529	3
10239530	3
10239531	3
10239532	3
10239533	3
10239534	3
10239535	3
10239536	3
10239537	3
10239538	3
10239539	3
10239540	3
10239541	3
10239542	3
10239543	3
10239544	3
10239545	3
10239546	3
10239547	3
10239548	4
10239549	4
10239550	4
10239551	4
10239552	4
10239553	4
10239554	4
10239555	4
10239556	4
10239557	4
10239558	4
10239559	4
10239560	4
10239561	4
10239562	4
10239563	4
10239564	4
10239565	4
10239566	4
10239567	4
10239568	4
10239569	4
10239570	4
10239571	4
10239600	3
10239601	3
10239602	3
10239603	3
10239604	3
10239605	3
10239606	3
10239607	3
10239608	3
10239609	3
10239610	3
10239611	3
10239612	3
10239613	3
10239614	3
10239615	3
10239616	3
10239617	3
10239618	3
10239619	3
10239620	3
10239621	3
10239622	3
10239623	3
10239630	3
10239631	3
10239632	3
10239633	3
10239634	3
10239635	3
10239636	3
10239637	3
10239638	3
10239639	3
10239640	3
10239641	3
10239642	3
10239643	3
10239644	3
10239645	3
10239646	3
10239647	3
10239648	3
10239649	3
10239650	3
10239651	3
10239652	3
10239653	3
10239660	3
10239661	3
10239662	3
10239663	3
10239664	3
10239665	3
10239666	3
10239667	3
10239668	3
10239669	3
10239670	3
10239671	3
10239672	3
10239673	3
10239674	3
10239675	3
10239676	3
10239677	3
10239678	3
10239679	3
10239680	3
10239681	3
10239682	3
10239683	3
10239916	3
10239917	3
10239918	3
10239919	3
10239920	3
10239921	3
10239922	3
10239923	4
10239924	4
10239925	4
10239926	4
10239927	4
10239928	4
10239929	4
10239930	3
10239931	3
10239932	3
10239933	3
10239934	3
10239935	3
10239936	3
10239937	3
10239938	3
10239939	3
10239940	3
10239941	3
10239942	3
10239943	3
10239944	4
10239945	4
10239946	4
10239947	4
10239948	4
10239949	4
10239950	4
10239951	3
10239952	3
10239953	3
10239954	3
10239955	3
10239956	3
10239957	3
10239958	3
10239959	3
10239960	3
10239961	3
10239962	3
10239963	3
10239964	3
10239965	4
10239966	4
10239967	4
10239968	4
10239969	4
10239970	4
10239971	4
10239972	3
10239973	3
10239974	3
10239975	3
10239976	3
10239977	3
10239978	3
10239979	3
10239980	3
10239981	3
10239982	3
10239983	3
10239984	3
10239985	3
10239986	4
10239987	4
10239988	4
10239989	4
10239990	4
10239991	4
10239992	4
10239993	3
10239994	3
10239995	3
10239996	3
10239997	3
10239998	3
10239999	3
10244003	1
10244004	2
10244013	1
10244014	2
10244023	1
10244024	2
10244033	1
10244034	2
10244043	1
10244044	2
10244053	1
10244054	2
10248600	1
10248610	1
10248620	1
10248630	1
10248640	1
10248650	1
10248700	1
10248710	1
10248720	1
10248730	1
10248740	1
10248750	1
10248760	2
10248761	2
10248762	2
10248763	2
10248764	2
10248765	2
10248803	1
10248804	1
10248805	1
10248813	1
10248814	1
10248815	1
10248823	1
10248824	1
10248825	1
10248833	1
10248834	1
10248835	1
10248843	1
10248844	1
10248845	1
10248853	1
10248854	1
10248855	1
10248900	2
10248901	2
10248902	2
10248903	2
10248904	2
10248905	2
10248910	2
10248911	2
10248912	2
10248913	2
10248914	2
10248915	2
10249000	1
10249001	1
10249002	1
10249003	1
10249004	1
10249005	1
10249006	1
10249007	1
10249008	1
10249009	1
10249010	1
10249011	1
10249012	1
10249013	1
10249014	1
10249015	1
10249016	1
10249017	1
10249018	2
10249019	2
10249020	2
10249021	2
10249022	2
10249023	2
10249024	2
10249025	2
10249026	2
10249027	2
10249028	2
10249029	2
10249030	3
10249031	3
10249032	3
10249033	3
10249034	3
10249035	3
10249100	1
10249101	1
10249102	1
10249103	1
10249104	1
10249105	1
10249106	1
10249107	1
10249108	1
10249109	1
10249110	1
10249111	1
10249112	1
10249113	1
10249114	1
10249115	1
10249116	1
10249117	1
10249118	2
10249119	2
10249120	2
10249121	2
10249122	2
10249123	2
10249124	2
10249125	2
10249126	2
10249127	2
10249128	2
10249129	2
10249130	3
10249131	3
10249132	3
10249133	3
10249134	3
10249135	3
10249220	1
10249221	2
10249224	1
10249225	2
10249228	1
10249229	2
10249232	1
10249233	2
10249236	1
10249237	2
10249240	1
10249241	2
10249278	1
10249279	1
10249280	1
10249281	1
10249282	1
10249283	1
10249284	1
10249285	1
10249286	1
10249287	1
10249288	1
10249289	1
10249290	2
10249291	2
10249292	2
10249293	2
10249294	2
10249295	2
10249298	1
10249299	1
10249300	1
10249303	1
10249304	1
10249305	1
10249308	1
10249309	1
10249310	1
10249313	1
10249314	1
10249315	1
10249318	1
10249319	1
10249320	1
10249323	1
10249324	1
10249325	1
10249326	2
10249327	2
10249328	2
10249329	2
10249330	2
10249331	2
10249332	2
10249333	2
10249334	2
10249335	2
10249336	2
10249337	2
10249338	1
10249339	1
10249340	1
10249341	1
10249342	1
10249343	1
10249344	1
10249345	1
10249346	1
10249347	1
10249348	1
10249349	1
10249350	1
10249351	1
10249352	1
10249353	1
10249354	1
10249355	1
10249356	2
10249357	2
10249358	2
10249359	2
10249360	2
10249361	2
10249362	2
10249363	2
10249364	2
10249365	2
10249366	2
10249367	2
10249368	3
10249369	3
10249370	3
10249371	3
10249372	3
10249373	3
10249374	1
10249375	1
10249376	1
10249377	1
10249378	1
10249379	1
10249380	1
10249381	1
10249382	1
10249383	1
10249384	1
10249385	1
10249386	1
10249387	1
10249388	1
10249389	1
10249390	1
10249391	1
10249392	2
10249393	2
10249394	2
10249395	2
10249396	2
10249397	2
10249398	2
10249399	2
10249400	2
10249401	2
10249402	2
10249403	2
10249404	3
10249405	3
10249406	3
10249407	3
10249408	3
10249409	3
10249500	3
10249501	3
10249502	3
10249503	3
10249504	3
10249505	3
10249506	3
10249507	3
10249508	3
10249509	3
10249510	3
10249511	3
10249512	3
10249513	3
10249514	3
10249515	3
10249516	3
10249517	3
10249518	3
10249519	3
10249520	3
10249521	3
10249522	3
10249523	3
10249524	3
10249525	3
10249526	3
10249527	3
10249528	3
10249529	3
10249530	3
10249531	3
10249532	3
10249533	3
10249534	3
10249535	3
10249536	3
10249537	3
10249538	3
10249539	3
10249540	3
10249541	3
10249542	3
10249543	3
10249544	3
10249545	3
10249546	3
10249547	3
10249548	4
10249549	4
10249550	4
10249551	4
10249552	4
10249553	4
10249554	4
10249555	4
10249556	4
10249557	4
10249558	4
10249559	4
10249560	4
10249561	4
10249562	4
10249563	4
10249564	4
10249565	4
10249566	4
10249567	4
10249568	4
10249569	4
10249570	4
10249571	4
10249600	3
10249601	3
10249602	3
10249603	3
10249604	3
10249605	3
10249606	3
10249607	3
10249608	3
10249609	3
10249610	3
10249611	3
10249612	3
10249613	3
10249614	3
10249615	3
10249616	3
10249617	3
10249618	3
10249619	3
10249620	3
10249621	3
10249622	3
10249623	3
10249630	3
10249631	3
10249632	3
10249633	3
10249634	3
10249635	3
10249636	3
10249637	3
10249638	3
10249639	3
10249640	3
10249641	3
10249642	3
10249643	3
10249644	3
10249645	3
10249646	3
10249647	3
10249648	3
10249649	3
10249650	3
10249651	3
10249652	3
10249653	3
10249660	3
10249661	3
10249662	3
10249663	3
10249664	3
10249665	3
10249666	3
10249667	3
10249668	3
10249669	3
10249670	3
10249671	3
10249672	3
10249673	3
10249674	3
10249675	3
10249676	3
10249677	3
10249678	3
10249679	3
10249680	3
10249681	3
10249682	3
10249683	3
10249684	2
10249685	3
10249686	4
10249687	2
10249688	3
10249689	4
10249690	2
10249691	3
10249692	4
10249693	2
10249694	3
10249695	4
10249696	2
10249697	3
10249698	4
10249699	2
10249700	3
10249701	4
10249702	2
10249703	3
10249704	4
10249705	2
10249706	3
10249707	4
10249708	2
10249709	3
10249710	4
10249711	2
10249712	3
10249713	4
10249714	2
10249715	3
10249716	4
10249717	2
10249718	3
10249719	4
10249720	2
10249721	3
10249722	4
10249723	2
10249724	3
10249725	4
10249726	2
10249727	3
10249728	4
10249729	2
10249730	3
10249731	4
10249732	2
10249733	3
10249734	4
10249735	2
10249736	3
10249737	4
10249738	2
10249739	3
10249740	4
10249741	2
10249742	3
10249743	4
10249744	2
10249745	3
10249746	4
10249747	2
10249748	3
10249749	4
10249750	2
10249751	3
10249752	4
10249753	2
10249754	3
10249755	4
10249756	2
10249757	3
10249758	4
10249759	2
10249760	3
10249761	4
10249762	2
10249763	3
10249764	4
10249765	2
10249766	3
10249767	4
10249768	2
10249769	3
10249770	4
10249771	2
10249772	3
10249773	4
10249774	1
10249775	1
10249776	1
10249777	1
10249778	1
10249779	1
10249916	3
10249917	3
10249918	3
10249919	3
10249920	3
10249921	3
10249922	3
10249923	4
10249924	4
10249925	4
10249926	4
10249927	4
10249928	4
10249929	4
10249930	3
10249931	3
10249932	3
10249933	3
10249934	3
10249935	3
10249936	3
10249937	3
10249938	3
10249939	3
10249940	3
10249941	3
10249942	3
10249943	3
10249944	4
10249945	4
10249946	4
10249947	4
10249948	4
10249949	4
10249950	3
10249951	3
10249952	3
10249953	3
10249954	3
10249955	3
10249956	3
10249957	3
10249958	3
10249959	3
10249960	3
10249961	3
10249962	3
10249963	3
10249964	3
10249965	4
10249966	4
10249967	4
10249968	4
10249969	4
10249970	4
10249971	3
10249972	3
10249973	3
10249974	3
10249975	3
10249976	3
10249977	3
10249978	3
10249979	3
10249980	3
10249981	3
10249982	3
10249983	3
10249984	3
10249985	3
10249986	4
10249987	4
10249988	4
10249989	4
10249990	4
10249991	4
10249992	3
10249993	3
10249994	3
10249995	3
10249996	3
10249997	3
10249998	3
10249999	3
10254003	1
10254004	2
10254013	1
10254014	2
10254023	1
10254024	2
10254033	1
10254034	2
10254043	1
10254044	2
10254053	1
10254054	2
10257400	2
10257401	3
10257402	4
10257403	2
10257404	3
10257405	4
10257410	2
10257411	3
10257412	4
10257413	2
10257414	3
10257415	4
10257420	2
10257421	3
10257422	4
10257423	2
10257424	3
10257425	4
10257430	2
10257431	3
10257432	4
10257433	2
10257434	3
10257435	4
10257440	2
10257441	3
10257442	4
10257443	2
10257444	3
10257445	4
10257450	2
10257451	3
10257452	4
10257453	2
10257454	3
10257455	4
10257460	2
10257461	3
10257462	4
10257463	2
10257464	3
10257465	4
10257470	2
10257471	3
10257472	4
10257473	2
10257474	3
10257475	4
10257480	2
10257481	3
10257482	4
10257483	2
10257484	3
10257485	4
10257490	2
10257491	3
10257492	4
10257493	2
10257494	3
10257495	4
10257500	2
10257501	3
10257502	4
10257503	2
10257504	3
10257505	4
10257510	2
10257511	3
10257512	4
10257513	2
10257514	3
10257515	4
10257516	1
10257517	1
10257518	1
10257519	1
10257520	1
10257521	1
10257522	1
10257523	1
10257524	1
10257525	1
10257526	1
10257527	1
10257528	1
10257529	1
10257530	1
10257531	1
10257532	1
10257533	1
10257534	1
10257535	1
10257536	1
10257537	1
10257538	1
10257539	1
10258600	1
10258610	1
10258620	1
10258630	1
10258640	1
10258650	1
10258700	1
10258710	1
10258720	1
10258730	1
10258740	1
10258750	1
10258760	2
10258761	2
10258762	2
10258763	2
10258764	2
10258765	2
10258803	1
10258804	1
10258805	1
10258813	1
10258814	1
10258815	1
10258823	1
10258824	1
10258825	1
10258833	1
10258834	1
10258835	1
10258843	1
10258844	1
10258845	1
10258853	1
10258854	1
10258855	1
10258900	2
10258901	2
10258902	2
10258903	2
10258904	2
10258905	2
10258910	2
10258911	2
10258912	2
10258913	2
10258914	2
10258915	2
10259000	1
10259001	1
10259002	1
10259003	1
10259004	1
10259005	1
10259006	1
10259007	1
10259008	1
10259009	1
10259010	1
10259011	1
10259012	1
10259013	1
10259014	1
10259015	1
10259016	1
10259017	1
10259018	2
10259019	2
10259020	2
10259021	2
10259022	2
10259023	2
10259024	2
10259025	2
10259026	2
10259027	2
10259028	2
10259029	2
10259030	3
10259031	3
10259032	3
10259033	3
10259034	3
10259035	3
10259100	1
10259101	1
10259102	1
10259103	1
10259104	1
10259105	1
10259106	1
10259107	1
10259108	1
10259109	1
10259110	1
10259111	1
10259112	1
10259113	1
10259114	1
10259115	1
10259116	1
10259117	1
10259118	2
10259119	2
10259120	2
10259121	2
10259122	2
10259123	2
10259124	2
10259125	2
10259126	2
10259127	2
10259128	2
10259129	2
10259130	3
10259131	3
10259132	3
10259133	3
10259134	3
10259135	3
10259220	1
10259221	2
10259224	1
10259225	2
10259228	1
10259229	2
10259232	1
10259233	2
10259236	1
10259237	2
10259240	1
10259241	2
10259278	1
10259279	1
10259280	1
10259281	1
10259282	1
10259283	1
10259284	1
10259285	1
10259286	1
10259287	1
10259288	1
10259289	1
10259290	2
10259291	2
10259292	2
10259293	2
10259294	2
10259295	2
10259298	1
10259299	1
10259300	1
10259303	1
10259304	1
10259305	1
10259308	1
10259309	1
10259310	1
10259313	1
10259314	1
10259315	1
10259318	1
10259319	1
10259320	1
10259323	1
10259324	1
10259325	1
10259326	2
10259327	2
10259328	2
10259329	2
10259330	2
10259331	2
10259332	2
10259333	2
10259334	2
10259335	2
10259336	2
10259337	2
10259338	1
10259339	1
10259340	1
10259341	1
10259342	1
10259343	1
10259344	1
10259345	1
10259346	1
10259347	1
10259348	1
10259349	1
10259350	1
10259351	1
10259352	1
10259353	1
10259354	1
10259355	1
10259356	2
10259357	2
10259358	2
10259359	2
10259360	2
10259361	2
10259362	2
10259363	2
10259364	2
10259365	2
10259366	2
10259367	2
10259368	3
10259369	3
10259370	3
10259371	3
10259372	3
10259373	3
10259374	1
10259375	1
10259376	1
10259377	1
10259378	1
10259379	1
10259380	1
10259381	1
10259382	1
10259383	1
10259384	1
10259385	1
10259386	1
10259387	1
10259388	1
10259389	1
10259390	1
10259391	1
10259392	2
10259393	2
10259394	2
10259395	2
10259396	2
10259397	2
10259398	2
10259399	2
10259400	2
10259401	2
10259402	2
10259403	2
10259404	3
10259405	3
10259406	3
10259407	3
10259408	3
10259409	3
10259500	3
10259501	3
10259502	3
10259503	3
10259504	3
10259505	3
10259506	3
10259507	3
10259508	3
10259509	3
10259510	3
10259511	3
10259512	3
10259513	3
10259514	3
10259515	3
10259516	3
10259517	3
10259518	3
10259519	3
10259520	3
10259521	3
10259522	3
10259523	3
10259524	3
10259525	3
10259526	3
10259527	3
10259528	3
10259529	3
10259530	3
10259531	3
10259532	3
10259533	3
10259534	3
10259535	3
10259536	3
10259537	3
10259538	3
10259539	3
10259540	3
10259541	3
10259542	3
10259543	3
10259544	3
10259545	3
10259546	3
10259547	3
10259548	4
10259549	4
10259550	4
10259551	4
10259552	4
10259553	4
10259554	4
10259555	4
10259556	4
10259557	4
10259558	4
10259559	4
10259560	4
10259561	4
10259562	4
10259563	4
10259564	4
10259565	4
10259566	4
10259567	4
10259568	4
10259569	4
10259570	4
10259571	4
10259600	3
10259601	3
10259602	3
10259603	3
10259604	3
10259605	3
10259606	3
10259607	3
10259608	3
10259609	3
10259610	3
10259611	3
10259612	3
10259613	3
10259614	3
10259615	3
10259616	3
10259617	3
10259618	3
10259619	3
10259620	3
10259621	3
10259622	3
10259623	3
10259630	3
10259631	3
10259632	3
10259633	3
10259634	3
10259635	3
10259636	3
10259637	3
10259638	3
10259639	3
10259640	3
10259641	3
10259642	3
10259643	3
10259644	3
10259645	3
10259646	3
10259647	3
10259648	3
10259649	3
10259650	3
10259651	3
10259652	3
10259653	3
10259660	3
10259661	3
10259662	3
10259663	3
10259664	3
10259665	3
10259666	3
10259667	3
10259668	3
10259669	3
10259670	3
10259671	3
10259672	3
10259673	3
10259674	3
10259675	3
10259676	3
10259677	3
10259678	3
10259679	3
10259680	3
10259681	3
10259682	3
10259683	3
10259916	3
10259917	3
10259918	3
10259919	3
10259920	3
10259921	3
10259922	3
10259923	4
10259924	4
10259925	4
10259926	4
10259927	4
10259928	4
10259929	4
10259930	3
10259931	3
10259932	3
10259933	3
10259934	3
10259935	3
10259936	3
10259937	3
10259938	3
10259939	3
10259940	3
10259941	3
10259942	3
10259943	3
10259944	4
10259945	4
10259946	4
10259947	4
10259948	4
10259949	4
10259950	4
10259951	3
10259952	3
10259953	3
10259954	3
10259955	3
10259956	3
10259957	3
10259958	3
10259959	3
10259960	3
10259961	3
10259962	3
10259963	3
10259964	3
10259965	4
10259966	4
10259967	4
10259968	4
10259969	4
10259970	4
10259971	4
10259972	3
10259973	3
10259974	3
10259975	3
10259976	3
10259977	3
10259978	3
10259979	3
10259980	3
10259981	3
10259982	3
10259983	3
10259984	3
10259985	3
10259986	4
10259987	4
10259988	4
10259989	4
10259990	4
10259991	4
10259992	4
10259993	3
10259994	3
10259995	3
10259996	3
10259997	3
10259998	3
10259999	3
10264003	1
10264004	2
10264013	1
10264014	2
10264023	1
10264024	2
10264033	1
10264034	2
10264043	1
10264044	2
10264053	1
10264054	2
10267400	2
10267401	3
10267402	4
10267403	2
10267404	3
10267405	4
10267410	2
10267411	3
10267412	4
10267413	2
10267414	3
10267415	4
10267420	2
10267421	3
10267422	4
10267423	2
10267424	3
10267425	4
10267430	2
10267431	3
10267432	4
10267433	2
10267434	3
10267435	4
10267440	2
10267441	3
10267442	4
10267443	2
10267444	3
10267445	4
10267450	2
10267451	3
10267452	4
10267453	2
10267454	3
10267455	4
10267460	2
10267461	3
10267462	4
10267463	2
10267464	3
10267465	4
10267470	2
10267471	3
10267472	4
10267473	2
10267474	3
10267475	4
10267480	2
10267481	3
10267482	4
10267483	2
10267484	3
10267485	4
10267490	2
10267491	3
10267492	4
10267493	2
10267494	3
10267495	4
10267500	2
10267501	3
10267502	4
10267503	2
10267504	3
10267505	4
10267510	2
10267511	3
10267512	4
10267513	2
10267514	3
10267515	4
10267516	1
10267517	1
10267518	1
10267519	1
10267520	1
10267521	1
10267522	1
10267523	1
10267524	1
10267525	1
10267526	1
10267527	1
10267528	1
10267529	1
10267530	1
10267531	1
10267532	1
10267533	1
10267534	1
10267535	1
10267536	1
10267537	1
10267538	1
10267539	1
10268600	1
10268610	1
10268620	1
10268630	1
10268640	1
10268650	1
10268700	1
10268710	1
10268720	1
10268730	1
10268740	1
10268750	1
10268760	2
10268761	2
10268762	2
10268763	2
10268764	2
10268765	2
10268803	1
10268804	1
10268805	1
10268813	1
10268814	1
10268815	1
10268823	1
10268824	1
10268825	1
10268833	1
10268834	1
10268835	1
10268843	1
10268844	1
10268845	1
10268853	1
10268854	1
10268855	1
10268900	2
10268901	2
10268902	2
10268903	2
10268904	2
10268905	2
10268910	2
10268911	2
10268912	2
10268913	2
10268914	2
10268915	2
10269000	1
10269001	1
10269002	1
10269003	1
10269004	1
10269005	1
10269006	1
10269007	1
10269008	1
10269009	1
10269010	1
10269011	1
10269012	1
10269013	1
10269014	1
10269015	1
10269016	1
10269017	1
10269018	2
10269019	2
10269020	2
10269021	2
10269022	2
10269023	2
10269024	2
10269025	2
10269026	2
10269027	2
10269028	2
10269029	2
10269030	3
10269031	3
10269032	3
10269033	3
10269034	3
10269035	3
10269100	1
10269101	1
10269102	1
10269103	1
10269104	1
10269105	1
10269106	1
10269107	1
10269108	1
10269109	1
10269110	1
10269111	1
10269112	1
10269113	1
10269114	1
10269115	1
10269116	1
10269117	1
10269118	2
10269119	2
10269120	2
10269121	2
10269122	2
10269123	2
10269124	2
10269125	2
10269126	2
10269127	2
10269128	2
10269129	2
10269130	3
10269131	3
10269132	3
10269133	3
10269134	3
10269135	3
10269220	1
10269221	2
10269224	1
10269225	2
10269228	1
10269229	2
10269232	1
10269233	2
10269236	1
10269237	2
10269240	1
10269241	2
10269278	1
10269279	1
10269280	1
10269281	1
10269282	1
10269283	1
10269284	1
10269285	1
10269286	1
10269287	1
10269288	1
10269289	1
10269290	2
10269291	2
10269292	2
10269293	2
10269294	2
10269295	2
10269298	1
10269299	1
10269300	1
10269303	1
10269304	1
10269305	1
10269308	1
10269309	1
10269310	1
10269313	1
10269314	1
10269315	1
10269318	1
10269319	1
10269320	1
10269323	1
10269324	1
10269325	1
10269326	2
10269327	2
10269328	2
10269329	2
10269330	2
10269331	2
10269332	2
10269333	2
10269334	2
10269335	2
10269336	2
10269337	2
10269338	1
10269339	1
10269340	1
10269341	1
10269342	1
10269343	1
10269344	1
10269345	1
10269346	1
10269347	1
10269348	1
10269349	1
10269350	1
10269351	1
10269352	1
10269353	1
10269354	1
10269355	1
10269356	2
10269357	2
10269358	2
10269359	2
10269360	2
10269361	2
10269362	2
10269363	2
10269364	2
10269365	2
10269366	2
10269367	2
10269368	3
10269369	3
10269370	3
10269371	3
10269372	3
10269373	3
10269374	1
10269375	1
10269376	1
10269377	1
10269378	1
10269379	1
10269380	1
10269381	1
10269382	1
10269383	1
10269384	1
10269385	1
10269386	1
10269387	1
10269388	1
10269389	1
10269390	1
10269391	1
10269392	2
10269393	2
10269394	2
10269395	2
10269396	2
10269397	2
10269398	2
10269399	2
10269400	2
10269401	2
10269402	2
10269403	2
10269404	3
10269405	3
10269406	3
10269407	3
10269408	3
10269409	3
10269500	3
10269501	3
10269502	3
10269503	3
10269504	3
10269505	3
10269506	3
10269507	3
10269508	3
10269509	3
10269510	3
10269511	3
10269512	3
10269513	3
10269514	3
10269515	3
10269516	3
10269517	3
10269518	3
10269519	3
10269520	3
10269521	3
10269522	3
10269523	3
10269524	3
10269525	3
10269526	3
10269527	3
10269528	3
10269529	3
10269530	3
10269531	3
10269532	3
10269533	3
10269534	3
10269535	3
10269536	3
10269537	3
10269538	3
10269539	3
10269540	3
10269541	3
10269542	3
10269543	3
10269544	3
10269545	3
10269546	3
10269547	3
10269548	4
10269549	4
10269550	4
10269551	4
10269552	4
10269553	4
10269554	4
10269555	4
10269556	4
10269557	4
10269558	4
10269559	4
10269560	4
10269561	4
10269562	4
10269563	4
10269564	4
10269565	4
10269566	4
10269567	4
10269568	4
10269569	4
10269570	4
10269571	4
10269600	3
10269601	3
10269602	3
10269603	3
10269604	3
10269605	3
10269606	3
10269607	3
10269608	3
10269609	3
10269610	3
10269611	3
10269612	3
10269613	3
10269614	3
10269615	3
10269616	3
10269617	3
10269618	3
10269619	3
10269620	3
10269621	3
10269622	3
10269623	3
10269630	3
10269631	3
10269632	3
10269633	3
10269634	3
10269635	3
10269636	3
10269637	3
10269638	3
10269639	3
10269640	3
10269641	3
10269642	3
10269643	3
10269644	3
10269645	3
10269646	3
10269647	3
10269648	3
10269649	3
10269650	3
10269651	3
10269652	3
10269653	3
10269660	3
10269661	3
10269662	3
10269663	3
10269664	3
10269665	3
10269666	3
10269667	3
10269668	3
10269669	3
10269670	3
10269671	3
10269672	3
10269673	3
10269674	3
10269675	3
10269676	3
10269677	3
10269678	3
10269679	3
10269680	3
10269681	3
10269682	3
10269683	3
10269916	3
10269917	3
10269918	3
10269919	3
10269920	3
10269921	3
10269922	3
10269923	4
10269924	4
10269925	4
10269926	4
10269927	4
10269928	4
10269929	4
10269930	3
10269931	3
10269932	3
10269933	3
10269934	3
10269935	3
10269936	3
10269937	3
10269938	3
10269939	3
10269940	3
10269941	3
10269942	3
10269943	3
10269944	4
10269945	4
10269946	4
10269947	4
10269948	4
10269949	4
10269950	4
10269951	3
10269952	3
10269953	3
10269954	3
10269955	3
10269956	3
10269957	3
10269958	3
10269959	3
10269960	3
10269961	3
10269962	3
10269963	3
10269964	3
10269965	4
10269966	4
10269967	4
10269968	4
10269969	4
10269970	4
10269971	4
10269972	3
10269973	3
10269974	3
10269975	3
10269976	3
10269977	3
10269978	3
10269979	3
10269980	3
10269981	3
10269982	3
10269983	3
10269984	3
10269985	3
10269986	4
10269987	4
10269988	4
10269989	4
10269990	4
10269991	4
10269992	4
10269993	3
10269994	3
10269995	3
10269996	3
10269997	3
10269998	3
10269999	3
10274003	1
10274004	2
10274013	1
10274014	2
10274023	1
10274024	2
10274033	1
10274034	2
10274043	1
10274044	2
10274053	1
10274054	2
10277400	2
10277401	3
10277402	4
10277403	2
10277404	3
10277405	4
10277410	2
10277411	3
10277412	4
10277413	2
10277414	3
10277415	4
10277420	2
10277421	3
10277422	4
10277423	2
10277424	3
10277425	4
10277430	2
10277431	3
10277432	4
10277433	2
10277434	3
10277435	4
10277440	2
10277441	3
10277442	4
10277443	2
10277444	3
10277445	4
10277450	2
10277451	3
10277452	4
10277453	2
10277454	3
10277455	4
10277460	2
10277461	3
10277462	4
10277463	2
10277464	3
10277465	4
10277470	2
10277471	3
10277472	4
10277473	2
10277474	3
10277475	4
10277480	2
10277481	3
10277482	4
10277483	2
10277484	3
10277485	4
10277490	2
10277491	3
10277492	4
10277493	2
10277494	3
10277495	4
10277500	2
10277501	3
10277502	4
10277503	2
10277504	3
10277505	4
10277510	2
10277511	3
10277512	4
10277513	2
10277514	3
10277515	4
10277516	1
10277517	1
10277518	1
10277519	1
10277520	1
10277521	1
10277522	1
10277523	1
10277524	1
10277525	1
10277526	1
10277527	1
10277528	1
10277529	1
10277530	1
10277531	1
10277532	1
10277533	1
10277534	1
10277535	1
10277536	1
10277537	1
10277538	1
10277539	1
10278600	1
10278610	1
10278620	1
10278630	1
10278640	1
10278650	1
10278700	1
10278710	1
10278720	1
10278730	1
10278740	1
10278750	1
10278760	2
10278761	2
10278762	2
10278763	2
10278764	2
10278765	2
10278803	1
10278804	1
10278805	1
10278813	1
10278814	1
10278815	1
10278823	1
10278824	1
10278825	1
10278833	1
10278834	1
10278835	1
10278843	1
10278844	1
10278845	1
10278853	1
10278854	1
10278855	1
10278900	2
10278901	2
10278902	2
10278903	2
10278904	2
10278905	2
10278910	2
10278911	2
10278912	2
10278913	2
10278914	2
10278915	2
10279000	1
10279001	1
10279002	1
10279003	1
10279004	1
10279005	1
10279006	1
10279007	1
10279008	1
10279009	1
10279010	1
10279011	1
10279012	1
10279013	1
10279014	1
10279015	1
10279016	1
10279017	1
10279018	2
10279019	2
10279020	2
10279021	2
10279022	2
10279023	2
10279024	2
10279025	2
10279026	2
10279027	2
10279028	2
10279029	2
10279030	3
10279031	3
10279032	3
10279033	3
10279034	3
10279035	3
10279100	1
10279101	1
10279102	1
10279103	1
10279104	1
10279105	1
10279106	1
10279107	1
10279108	1
10279109	1
10279110	1
10279111	1
10279112	1
10279113	1
10279114	1
10279115	1
10279116	1
10279117	1
10279118	2
10279119	2
10279120	2
10279121	2
10279122	2
10279123	2
10279124	2
10279125	2
10279126	2
10279127	2
10279128	2
10279129	2
10279130	3
10279131	3
10279132	3
10279133	3
10279134	3
10279135	3
10279220	1
10279221	2
10279224	1
10279225	2
10279228	1
10279229	2
10279232	1
10279233	2
10279236	1
10279237	2
10279240	1
10279241	2
10279278	1
10279279	1
10279280	1
10279281	1
10279282	1
10279283	1
10279284	1
10279285	1
10279286	1
10279287	1
10279288	1
10279289	1
10279290	2
10279291	2
10279292	2
10279293	2
10279294	2
10279295	2
10279298	1
10279299	1
10279300	1
10279303	1
10279304	1
10279305	1
10279308	1
10279309	1
10279310	1
10279313	1
10279314	1
10279315	1
10279318	1
10279319	1
10279320	1
10279323	1
10279324	1
10279325	1
10279326	2
10279327	2
10279328	2
10279329	2
10279330	2
10279331	2
10279332	2
10279333	2
10279334	2
10279335	2
10279336	2
10279337	2
10279338	1
10279339	1
10279340	1
10279341	1
10279342	1
10279343	1
10279344	1
10279345	1
10279346	1
10279347	1
10279348	1
10279349	1
10279350	1
10279351	1
10279352	1
10279353	1
10279354	1
10279355	1
10279356	2
10279357	2
10279358	2
10279359	2
10279360	2
10279361	2
10279362	2
10279363	2
10279364	2
10279365	2
10279366	2
10279367	2
10279368	3
10279369	3
10279370	3
10279371	3
10279372	3
10279373	3
10279374	1
10279375	1
10279376	1
10279377	1
10279378	1
10279379	1
10279380	1
10279381	1
10279382	1
10279383	1
10279384	1
10279385	1
10279386	1
10279387	1
10279388	1
10279389	1
10279390	1
10279391	1
10279392	2
10279393	2
10279394	2
10279395	2
10279396	2
10279397	2
10279398	2
10279399	2
10279400	2
10279401	2
10279402	2
10279403	2
10279404	3
10279405	3
10279406	3
10279407	3
10279408	3
10279409	3
10279500	3
10279501	3
10279502	3
10279503	3
10279504	3
10279505	3
10279506	3
10279507	3
10279508	3
10279509	3
10279510	3
10279511	3
10279512	3
10279513	3
10279514	3
10279515	3
10279516	3
10279517	3
10279518	3
10279519	3
10279520	3
10279521	3
10279522	3
10279523	3
10279524	3
10279525	3
10279526	3
10279527	3
10279528	3
10279529	3
10279530	3
10279531	3
10279532	3
10279533	3
10279534	3
10279535	3
10279536	3
10279537	3
10279538	3
10279539	3
10279540	3
10279541	3
10279542	3
10279543	3
10279544	3
10279545	3
10279546	3
10279547	3
10279548	4
10279549	4
10279550	4
10279551	4
10279552	4
10279553	4
10279554	4
10279555	4
10279556	4
10279557	4
10279558	4
10279559	4
10279560	4
10279561	4
10279562	4
10279563	4
10279564	4
10279565	4
10279566	4
10279567	4
10279568	4
10279569	4
10279570	4
10279571	4
10279600	3
10279601	3
10279602	3
10279603	3
10279604	3
10279605	3
10279606	3
10279607	3
10279608	3
10279609	3
10279610	3
10279611	3
10279612	3
10279613	3
10279614	3
10279615	3
10279616	3
10279617	3
10279618	3
10279619	3
10279620	3
10279621	3
10279622	3
10279623	3
10279630	3
10279631	3
10279632	3
10279633	3
10279634	3
10279635	3
10279636	3
10279637	3
10279638	3
10279639	3
10279640	3
10279641	3
10279642	3
10279643	3
10279644	3
10279645	3
10279646	3
10279647	3
10279648	3
10279649	3
10279650	3
10279651	3
10279652	3
10279653	3
10279660	3
10279661	3
10279662	3
10279663	3
10279664	3
10279665	3
10279666	3
10279667	3
10279668	3
10279669	3
10279670	3
10279671	3
10279672	3
10279673	3
10279674	3
10279675	3
10279676	3
10279677	3
10279678	3
10279679	3
10279680	3
10279681	3
10279682	3
10279683	3
10279916	3
10279917	3
10279918	3
10279919	3
10279920	3
10279921	3
10279922	3
10279923	4
10279924	4
10279925	4
10279926	4
10279927	4
10279928	4
10279929	4
10279930	3
10279931	3
10279932	3
10279933	3
10279934	3
10279935	3
10279936	3
10279937	3
10279938	3
10279939	3
10279940	3
10279941	3
10279942	3
10279943	3
10279944	4
10279945	4
10279946	4
10279947	4
10279948	4
10279949	4
10279950	4
10279951	3
10279952	3
10279953	3
10279954	3
10279955	3
10279956	3
10279957	3
10279958	3
10279959	3
10279960	3
10279961	3
10279962	3
10279963	3
10279964	3
10279965	4
10279966	4
10279967	4
10279968	4
10279969	4
10279970	4
10279971	4
10279972	3
10279973	3
10279974	3
10279975	3
10279976	3
10279977	3
10279978	3
10279979	3
10279980	3
10279981	3
10279982	3
10279983	3
10279984	3
10279985	3
10279986	4
10279987	4
10279988	4
10279989	4
10279990	4
10279991	4
10279992	4
10279993	3
10279994	3
10279995	3
10279996	3
10279997	3
10279998	3
10279999	3
10284003	1
10284004	2
10284013	1
10284014	2
10284023	1
10284024	2
10284033	1
10284034	2
10284043	1
10284044	2
10284053	1
10284054	2
10284061	1
10284062	1
10284063	1
10284064	1
10284065	1
10284066	1
10284071	2
10284072	2
10284073	2
10284074	2
10284075	2
10284076	2
10285001	2
10285002	2
10287003	1
10287013	1
10287023	1
10287033	1
10287043	1
10287053	1
10287061	1
10287062	1
10287063	1
10287064	1
10287065	1
10287066	1
10287072	1
10287073	1
10287074	2
10287082	1
10287083	1
10287084	2
10287100	2
10287101	2
10287102	2
10287103	2
10287104	2
10287105	2
10287110	2
10287111	2
10287112	2
10287113	2
10287114	2
10287115	2
10287200	2
10287201	3
10287202	2
10287203	3
10287300	1
10287301	2
10287302	3
10287303	1
10287304	2
10287305	3
10287306	1
10287307	2
10287308	3
10287309	1
10287310	2
10287311	3
10287312	1
10287313	2
10287314	3
10287315	1
10287316	2
10287317	3
10287318	1
10287319	2
10287320	3
10287321	1
10287322	2
10287323	3
10287324	1
10287325	2
10287326	3
10287327	1
10287328	2
10287329	3
10287330	1
10287331	2
10287332	3
10287333	1
10287334	2
10287335	3
10287336	1
10287337	2
10287338	3
10287339	1
10287340	2
10287341	3
10287342	1
10287343	2
10287344	3
10287345	1
10287346	2
10287347	3
10287348	1
10287349	2
10287350	3
10287351	1
10287352	2
10287353	3
10287354	1
10287355	2
10287356	3
10287357	1
10287358	2
10287359	3
10287360	3
10287361	3
10287362	2
10287363	3
10287364	4
10287365	2
10287366	3
10287367	4
10287400	2
10287401	3
10287402	4
10287403	2
10287404	3
10287405	4
10288020	1
10288021	2
10288024	1
10288025	2
10288028	1
10288029	2
10288032	1
10288033	2
10288036	1
10288037	2
10288040	1
10288041	2
10288042	1
10288043	1
10288044	1
10288045	1
10288046	1
10288047	1
10288048	2
10288049	2
10288050	2
10288051	2
10288052	2
10288053	2
10288056	1
10288059	1
10288062	1
10288065	1
10288068	1
10288071	1
10288072	1
10288073	1
10288074	1
10288075	1
10288076	1
10288077	1
10288078	2
10288079	2
10288080	2
10288081	2
10288082	2
10288083	2
10288084	2
10288085	2
10288086	2
10288087	2
10288088	2
10288089	2
10288100	3
10288101	3
10288102	3
10288103	3
10288104	3
10288105	3
10288106	3
10288107	3
10288108	3
10288109	3
10288110	3
10288111	3
10288112	3
10288113	3
10288114	3
10288115	3
10288116	3
10288117	3
10288118	3
10288119	3
10288120	3
10288121	3
10288122	3
10288123	3
10288124	3
10288125	3
10288126	3
10288127	3
10288128	3
10288129	3
10288130	3
10288131	3
10288132	3
10288133	3
10288134	3
10288135	3
10288136	3
10288137	3
10288138	3
10288139	3
10288140	3
10288141	3
10288142	3
10288143	3
10288144	3
10288145	3
10288146	3
10288147	3
10288172	1
10288173	1
10288174	1
10288175	2
10288176	2
10288177	2
10288178	3
10288179	3
10288180	3
10288181	1
10288182	1
10288183	1
10288184	2
10288185	2
10288186	2
10288187	3
10288188	3
10288189	3
10288190	1
10288191	1
10288192	1
10288193	2
10288194	2
10288195	2
10288196	3
10288197	3
10288198	3
10288199	1
10288200	1
10288201	1
10288202	2
10288203	2
10288204	2
10288205	3
10288206	3
10288207	3
10288208	1
10288209	1
10288210	1
10288211	2
10288212	2
10288213	2
10288214	3
10288215	3
10288216	3
10288217	1
10288218	1
10288219	1
10288220	2
10288221	2
10288222	2
10288223	3
10288224	3
10288225	3
10288226	1
10288227	2
10288228	3
10288229	1
10288230	2
10288231	3
10288232	1
10288233	2
10288234	3
10288235	1
10288236	2
10288237	3
10294003	1
10294004	2
10294013	1
10294014	2
10294023	1
10294024	2
10294033	1
10294034	2
10294043	1
10294044	2
10294053	1
10294054	2
10294061	1
10294062	1
10294063	1
10294064	1
10294065	1
10294066	1
10294071	2
10294072	2
10294073	2
10294074	2
10294075	2
10294076	2
10295001	2
10295002	2
10297003	1
10297013	1
10297023	1
10297033	1
10297043	1
10297053	1
10297061	1
10297062	1
10297063	1
10297064	1
10297065	1
10297066	1
10297072	1
10297073	1
10297074	2
10297082	1
10297083	1
10297084	2
10297087	1
10297088	2
10297089	3
10297090	1
10297091	2
10297092	3
10297100	2
10297101	2
10297102	2
10297103	2
10297104	2
10297105	2
10297110	2
10297111	2
10297112	2
10297113	2
10297114	2
10297115	2
10297200	2
10297201	3
10297202	2
10297203	3
10297204	2
10297205	3
10297206	2
10297207	3
10297208	2
10297209	3
10297210	2
10297211	3
10297212	3
10297213	3
10298020	1
10298021	2
10298024	1
10298025	2
10298028	1
10298029	2
10298032	1
10298033	2
10298036	1
10298037	2
10298040	1
10298041	2
10298042	1
10298043	1
10298044	1
10298045	1
10298046	1
10298047	1
10298048	2
10298049	2
10298050	2
10298051	2
10298052	2
10298053	2
10298056	1
10298059	1
10298062	1
10298065	1
10298068	1
10298071	1
10298072	1
10298073	1
10298074	1
10298075	1
10298076	1
10298077	1
10298078	2
10298079	2
10298080	2
10298081	2
10298082	2
10298083	2
10298084	2
10298085	2
10298086	2
10298087	2
10298088	2
10298089	2
10298100	3
10298101	3
10298102	3
10298103	3
10298104	3
10298105	3
10298106	3
10298107	3
10298108	3
10298109	3
10298110	3
10298111	3
10298112	3
10298113	3
10298114	3
10298115	3
10298116	3
10298117	3
10298118	3
10298119	3
10298120	3
10298121	3
10298122	3
10298123	3
10298124	3
10298125	3
10298126	3
10298127	3
10298128	3
10298129	3
10298130	3
10298131	3
10298132	3
10298133	3
10298134	3
10298135	3
10298136	3
10298137	3
10298138	3
10298139	3
10298140	3
10298141	3
10298142	3
10298143	3
10298144	3
10298145	3
10298146	3
10298147	3
10298172	1
10298173	1
10298174	1
10298175	2
10298176	2
10298177	2
10298178	3
10298179	3
10298180	3
10298181	1
10298182	1
10298183	1
10298184	2
10298185	2
10298186	2
10298187	3
10298188	3
10298189	3
10298190	1
10298191	1
10298192	1
10298193	2
10298194	2
10298195	2
10298196	3
10298197	3
10298198	3
10298199	1
10298200	1
10298201	1
10298202	2
10298203	2
10298204	2
10298205	3
10298206	3
10298207	3
10298208	1
10298209	1
10298210	1
10298211	2
10298212	2
10298213	2
10298214	3
10298215	3
10298216	3
10298217	1
10298218	1
10298219	1
10298220	2
10298221	2
10298222	2
10298223	3
10298224	3
10298225	3
10298226	1
10298227	2
10298228	3
10298229	1
10298230	2
10298231	3
10298232	1
10298233	2
10298234	3
10298235	1
10298236	2
10298237	3
10300100	5
10300101	5
10300102	5
10300103	5
10300104	5
10300105	5
10300106	5
10300107	5
10300108	5
10300109	5
10300110	5
10300111	5
10300112	5
10300113	5
10300114	5
10300115	5
10300116	5
10300117	5
10300118	5
10300119	5
10300120	5
10300121	5
10300122	5
10300123	5
10300124	5
10300125	5
10300126	5
10300127	5
10300128	5
10300129	5
10300130	5
10300131	5
10300132	5
10300133	5
10300134	5
10300135	5
10300136	5
10300137	5
10300138	5
10300139	5
10300140	5
10300141	5
10300142	5
10300143	5
10300144	5
10300145	5
10300146	5
10300147	5
10300148	5
10300149	5
10300150	5
10300151	5
10300152	5
10300153	5
10300154	5
10300155	5
10300156	5
10300157	5
10300158	5
10300159	5
10300160	5
10300161	5
10300162	5
10300163	5
10300164	5
10300165	5
10300166	5
10300167	5
10300168	5
10306010	5
10306011	5
10306012	5
10306013	5
10306014	5
10306015	5
10306016	5
10306017	5
10306018	5
10306019	5
10306020	5
10306021	5
10306022	5
10306023	5
10306024	5
10306025	5
10306026	5
10306027	5
10306028	5
10306029	5
10306030	5
10306031	5
10306032	5
10306033	5
10306034	5
10306035	5
10306036	5
10306037	5
10306038	5
10306039	5
10306040	5
10306041	5
10306042	5
10306043	5
10306044	5
10306045	5
10306046	5
10306047	5
10306048	5
10306049	5
10306050	5
10306051	5
10306052	5
10306053	5
10306054	5
10306055	5
10306056	5
10306057	5
10306058	5
10306059	5
10306060	5
10306061	5
10306062	5
10306063	5
10306064	5
10306065	5
10306066	5
10306067	5
10306068	5
10306069	5
10306070	5
10306074	5
10306075	5
10306076	5
10306077	5
10306078	5
10306079	5
10306080	5
10306081	5
10306082	5
10306083	5
10306084	5
10306085	5
10306086	5
10306087	5
10306088	5
10306089	5
10306090	5
10306091	5
10306092	5
10306093	5
10306094	5
10306095	5
10306096	5
10306097	5
10306098	5
10306099	5
10306100	5
10306101	5
10306102	5
10306103	5
10306104	5
10306105	5
10306106	5
10306107	5
10306108	5
10306109	5
10306110	5
10306111	5
10306112	5
10306113	5
10306114	5
10306115	5
10306116	5
10306117	5
10306118	5
10306133	5
10306134	5
10306135	5
10306136	5
10306137	5
10306144	5
10310000	5
10310001	5
10310002	5
10310003	5
10310004	5
10310005	5
10310006	5
10310007	5
10310008	5
10310009	5
10310010	5
10310011	5
10310012	5
10310013	5
10310014	5
10310015	5
10310016	5
10310017	5
10310018	5
10310019	5
10310020	5
10310021	5
10310022	5
10310023	5
10310024	5
10310025	5
10310026	5
10310027	5
10310028	5
10310029	5
10310030	5
10310031	5
10310032	5
10310033	5
10310034	5
10310035	5
10310036	5
10310037	5
10310038	5
10310039	5
10310040	5
10310041	5
10310042	5
10310043	5
10310044	5
10310045	5
10310046	5
10310047	5
10310048	5
10310049	5
10310050	5
10310051	5
10310052	5
10340000	5
10340001	5
10340002	5
10340003	5
10340004	5
10340005	5
10340006	5
10340007	5
10340008	5
10340009	5
10340010	5
10340011	5
10340012	5
10340013	5
10340014	5
10340015	5
10340016	5
10340017	5
10340018	5
10340019	5
10340020	5
10340021	5
10340022	5
10340023	5
10340024	5
10340025	5
10340026	5
10354003	1
10354004	2
10354005	3
10354100	1
10354101	2
10354102	3
10354200	1
10354201	3
10354202	3
10354203	3
10354301	1
10354302	1
10354303	1
10354401	2
10354402	2
10354403	3
10355003	1
10355004	2
10355005	3
10355100	1
10355101	2
10355102	3
10355200	1
10355201	3
10355202	3
10355203	3
10355301	1
10355302	1
10355303	1
10355401	2
10355402	2
10355403	3
10355404	4
10355405	4
10359916	3
10359917	3
10359918	3
10359919	3
10359920	3
10359921	3
10359922	3
10359923	4
10359924	4
10359925	4
10359926	4
10359927	4
10359928	4
10359929	4
10359930	3
10359931	3
10359932	3
10359933	3
10359934	3
10359935	3
10359936	3
10359937	3
10359938	3
10359939	3
10359940	3
10359941	3
10359942	3
10359943	3
10359944	4
10359945	4
10359946	4
10359947	4
10359948	4
10359949	4
10359950	4
10359951	3
10359952	3
10359953	3
10359954	3
10359955	3
10359956	3
10359957	3
10359958	3
10359959	3
10359960	3
10359961	3
10359962	3
10359963	3
10359964	3
10359965	4
10359966	4
10359967	4
10359968	4
10359969	4
10359970	4
10359971	4
10359972	3
10359973	3
10359974	3
10359975	3
10359976	3
10359977	3
10359978	3
10359979	3
10359980	3
10359981	3
10359982	3
10359983	3
10359984	3
10359985	3
10359986	4
10359987	4
10359988	4
10359989	4
10359990	4
10359991	4
10359992	4
10359993	3
10359994	3
10359995	3
10359996	3
10359997	3
10359998	3
10359999	3
10364003	1
10364004	2
10364005	3
10364100	1
10364101	2
10364102	3
10364200	1
10364201	3
10364202	3
10364203	3
10364301	1
10364302	1
10364303	1
10364401	2
10364402	2
10364403	3
10365003	1
10365004	2
10365005	3
10365100	1
10365101	2
10365102	3
10365200	1
10365201	3
10365202	3
10365203	3
10365301	1
10365302	1
10365303	1
10365401	2
10365402	2
10365403	3
10365404	4
10365405	4
10369916	3
10369917	3
10369918	3
10369919	3
10369920	3
10369921	3
10369922	3
10369923	4
10369924	4
10369925	4
10369926	4
10369927	4
10369928	4
10369929	4
10369930	3
10369931	3
10369932	3
10369933	3
10369934	3
10369935	3
10369936	3
10369937	3
10369938	3
10369939	3
10369940	3
10369941	3
10369942	3
10369943	3
10369944	4
10369945	4
10369946	4
10369947	4
10369948	4
10369949	4
10369950	4
10369951	3
10369952	3
10369953	3
10369954	3
10369955	3
10369956	3
10369957	3
10369958	3
10369959	3
10369960	3
10369961	3
10369962	3
10369963	3
10369964	3
10369965	4
10369966	4
10369967	4
10369968	4
10369969	4
10369970	4
10369971	4
10369972	3
10369973	3
10369974	3
10369975	3
10369976	3
10369977	3
10369978	3
10369979	3
10369980	3
10369981	3
10369982	3
10369983	3
10369984	3
10369985	3
10369986	4
10369987	4
10369988	4
10369989	4
10369990	4
10369991	4
10369992	4
10369993	3
10369994	3
10369995	3
10369996	3
10369997	3
10369998	3
10369999	3
10374003	1
10374004	2
10374005	3
10374100	1
10374101	2
10374102	3
10374200	1
10374201	3
10374202	3
10374203	3
10374301	1
10374302	1
10374303	1
10374401	2
10374402	2
10374403	3
10375003	1
10375004	2
10375005	3
10375100	1
10375101	2
10375102	3
10375200	1
10375201	3
10375202	3
10375203	3
10375301	1
10375302	1
10375303	1
10375401	2
10375402	2
10375403	3
10375404	4
10375405	4
10379916	3
10379917	3
10379918	3
10379919	3
10379920	3
10379921	3
10379922	3
10379923	4
10379924	4
10379925	4
10379926	4
10379927	4
10379928	4
10379929	4
10379930	3
10379931	3
10379932	3
10379933	3
10379934	3
10379935	3
10379936	3
10379937	3
10379938	3
10379939	3
10379940	3
10379941	3
10379942	3
10379943	3
10379944	4
10379945	4
10379946	4
10379947	4
10379948	4
10379949	4
10379950	4
10379951	3
10379952	3
10379953	3
10379954	3
10379955	3
10379956	3
10379957	3
10379958	3
10379959	3
10379960	3
10379961	3
10379962	3
10379963	3
10379964	3
10379965	4
10379966	4
10379967	4
10379968	4
10379969	4
10379970	4
10379971	4
10379972	3
10379973	3
10379974	3
10379975	3
10379976	3
10379977	3
10379978	3
10379979	3
10379980	3
10379981	3
10379982	3
10379983	3
10379984	3
10379985	3
10379986	4
10379987	4
10379988	4
10379989	4
10379990	4
10379991	4
10379992	4
10379993	3
10379994	3
10379995	3
10379996	3
10379997	3
10379998	3
10379999	3
10384003	1
10384004	2
10384005	3
10384100	1
10384101	2
10384102	3
10384200	1
10384201	3
10384202	3
10384203	3
10384301	1
10384302	1
10384303	1
10384401	2
10384402	2
10384403	3
10385003	1
10385004	2
10385005	3
10385100	1
10385101	2
10385102	3
10385200	1
10385201	3
10385202	3
10385203	3
10385301	1
10385302	1
10385303	1
10385401	2
10385402	2
10385403	3
10385404	4
10385405	4
10389916	3
10389917	3
10389918	3
10389919	3
10389920	3
10389921	3
10389922	3
10389923	4
10389924	4
10389925	4
10389926	4
10389927	4
10389928	4
10389929	4
10389930	3
10389931	3
10389932	3
10389933	3
10389934	3
10389935	3
10389936	3
10389937	3
10389938	3
10389939	3
10389940	3
10389941	3
10389942	3
10389943	3
10389944	4
10389945	4
10389946	4
10389947	4
10389948	4
10389949	4
10389950	4
10389951	3
10389952	3
10389953	3
10389954	3
10389955	3
10389956	3
10389957	3
10389958	3
10389959	3
10389960	3
10389961	3
10389962	3
10389963	3
10389964	3
10389965	4
10389966	4
10389967	4
10389968	4
10389969	4
10389970	4
10389971	4
10389972	3
10389973	3
10389974	3
10389975	3
10389976	3
10389977	3
10389978	3
10389979	3
10389980	3
10389981	3
10389982	3
10389983	3
10389984	3
10389985	3
10389986	4
10389987	4
10389988	4
10389989	4
10389990	4
10389991	4
10389992	4
10389993	3
10389994	3
10389995	3
10389996	3
10389997	3
10389998	3
10389999	3
10394003	1
10394004	2
10394005	3
10394100	1
10394101	2
10394102	3
10394200	1
10394201	3
10394202	3
10394203	3
10394301	1
10394302	1
10394303	1
10394401	2
10394402	2
10394403	3
10395003	1
10395004	2
10395005	3
10395100	1
10395101	2
10395102	3
10395200	1
10395201	3
10395202	3
10395203	3
10395301	1
10395302	1
10395303	1
10395401	2
10395402	2
10395403	3
10395404	4
10395405	4
10399916	3
10399917	3
10399918	3
10399919	3
10399920	3
10399921	3
10399922	3
10399923	4
10399924	4
10399925	4
10399926	4
10399927	4
10399928	4
10399929	4
10399930	3
10399931	3
10399932	3
10399933	3
10399934	3
10399935	3
10399936	3
10399937	3
10399938	3
10399939	3
10399940	3
10399941	3
10399942	3
10399943	3
10399944	4
10399945	4
10399946	4
10399947	4
10399948	4
10399949	4
10399950	4
10399951	3
10399952	3
10399953	3
10399954	3
10399955	3
10399956	3
10399957	3
10399958	3
10399959	3
10399960	3
10399961	3
10399962	3
10399963	3
10399964	3
10399965	4
10399966	4
10399967	4
10399968	4
10399969	4
10399970	4
10399971	4
10399972	3
10399973	3
10399974	3
10399975	3
10399976	3
10399977	3
10399978	3
10399979	3
10399980	3
10399981	3
10399982	3
10399983	3
10399984	3
10399985	3
10399986	4
10399987	4
10399988	4
10399989	4
10399990	4
10399991	4
10399992	4
10399993	3
10399994	3
10399995	3
10399996	3
10399997	3
10399998	3
10399999	3
10404003	1
10404004	2
10404005	3
10404100	1
10404101	2
10404102	3
10404200	1
10404201	3
10404202	3
10404203	3
10404301	1
10404302	1
10404303	1
10404401	2
10404402	2
10404403	3
10405003	1
10405004	2
10405005	3
10405100	1
10405101	2
10405102	3
10405200	1
10405201	3
10405202	3
10405203	3
10405301	1
10405302	1
10405303	1
10405401	2
10405402	2
10405403	3
10405404	4
10405405	4
10409916	3
10409917	3
10409918	3
10409919	3
10409920	3
10409921	3
10409922	3
10409923	4
10409924	4
10409925	4
10409926	4
10409927	4
10409928	4
10409929	4
10409930	3
10409931	3
10409932	3
10409933	3
10409934	3
10409935	3
10409936	3
10409937	3
10409938	3
10409939	3
10409940	3
10409941	3
10409942	3
10409943	3
10409944	4
10409945	4
10409946	4
10409947	4
10409948	4
10409949	4
10409950	4
10409951	3
10409952	3
10409953	3
10409954	3
10409955	3
10409956	3
10409957	3
10409958	3
10409959	3
10409960	3
10409961	3
10409962	3
10409963	3
10409964	3
10409965	4
10409966	4
10409967	4
10409968	4
10409969	4
10409970	4
10409971	4
10409972	3
10409973	3
10409974	3
10409975	3
10409976	3
10409977	3
10409978	3
10409979	3
10409980	3
10409981	3
10409982	3
10409983	3
10409984	3
10409985	3
10409986	4
10409987	4
10409988	4
10409989	4
10409990	4
10409991	4
10409992	4
10409993	3
10409994	3
10409995	3
10409996	3
10409997	3
10409998	3
10409999	3
10414003	1
10414004	2
10414005	3
10414100	1
10414101	2
10414102	3
10414200	1
10414201	3
10414202	3
10414203	3
10414301	1
10414302	1
10414303	1
10414401	2
10414402	2
10414403	3
10415003	1
10415004	2
10415005	3
10415100	1
10415101	2
10415102	3
10415200	1
10415201	3
10415202	3
10415203	3
10415301	1
10415302	1
10415303	1
10415401	2
10415402	2
10415403	3
10415404	4
10415405	4
10419916	3
10419917	3
10419918	3
10419919	3
10419920	3
10419921	3
10419922	3
10419923	4
10419924	4
10419925	4
10419926	4
10419927	4
10419928	4
10419929	4
10419930	3
10419931	3
10419932	3
10419933	3
10419934	3
10419935	3
10419936	3
10419937	3
10419938	3
10419939	3
10419940	3
10419941	3
10419942	3
10419943	3
10419944	4
10419945	4
10419946	4
10419947	4
10419948	4
10419949	4
10419950	4
10419951	3
10419952	3
10419953	3
10419954	3
10419955	3
10419956	3
10419957	3
10419958	3
10419959	3
10419960	3
10419961	3
10419962	3
10419963	3
10419964	3
10419965	4
10419966	4
10419967	4
10419968	4
10419969	4
10419970	4
10419971	4
10419972	3
10419973	3
10419974	3
10419975	3
10419976	3
10419977	3
10419978	3
10419979	3
10419980	3
10419981	3
10419982	3
10419983	3
10419984	3
10419985	3
10419986	4
10419987	4
10419988	4
10419989	4
10419990	4
10419991	4
10419992	4
10419993	3
10419994	3
10419995	3
10419996	3
10419997	3
10419998	3
10419999	3
10424003	1
10424004	2
10424005	3
10424100	1
10424101	2
10424102	3
10424200	1
10424201	3
10424202	3
10424203	3
10424301	1
10424302	1
10424303	1
10424401	2
10424402	2
10424403	3
10425003	1
10425004	2
10425005	3
10425100	1
10425101	2
10425102	3
10425200	1
10425201	3
10425202	3
10425203	3
10425301	1
10425302	1
10425303	1
10425401	2
10425402	2
10425403	3
10425404	4
10425405	4
10429916	3
10429917	3
10429918	3
10429919	3
10429920	3
10429921	3
10429922	3
10429923	4
10429924	4
10429925	4
10429926	4
10429927	4
10429928	4
10429929	4
10429930	3
10429931	3
10429932	3
10429933	3
10429934	3
10429935	3
10429936	3
10429937	3
10429938	3
10429939	3
10429940	3
10429941	3
10429942	3
10429943	3
10429944	4
10429945	4
10429946	4
10429947	4
10429948	4
10429949	4
10429950	4
10429951	3
10429952	3
10429953	3
10429954	3
10429955	3
10429956	3
10429957	3
10429958	3
10429959	3
10429960	3
10429961	3
10429962	3
10429963	3
10429964	3
10429965	4
10429966	4
10429967	4
10429968	4
10429969	4
10429970	4
10429971	4
10429972	3
10429973	3
10429974	3
10429975	3
10429976	3
10429977	3
10429978	3
10429979	3
10429980	3
10429981	3
10429982	3
10429983	3
10429984	3
10429985	3
10429986	4
10429987	4
10429988	4
10429989	4
10429990	4
10429991	4
10429992	4
10429993	3
10429994	3
10429995	3
10429996	3
10429997	3
10429998	3
10429999	3
10434003	1
10434004	2
10434005	3
10434100	1
10434101	2
10434102	3
10434200	1
10434201	3
10434202	3
10434203	3
10434301	1
10434302	1
10434303	1
10434401	2
10434402	2
10434403	3
10435003	1
10435004	2
10435005	3
10435100	1
10435101	2
10435102	3
10435200	1
10435201	3
10435202	3
10435203	3
10435301	1
10435302	1
10435303	1
10435401	2
10435402	2
10435403	3
10435404	4
10435405	4
10439916	3
10439917	3
10439918	3
10439919	3
10439920	3
10439921	3
10439922	3
10439923	4
10439924	4
10439925	4
10439926	4
10439927	4
10439928	4
10439929	4
10439930	3
10439931	3
10439932	3
10439933	3
10439934	3
10439935	3
10439936	3
10439937	3
10439938	3
10439939	3
10439940	3
10439941	3
10439942	3
10439943	3
10439944	4
10439945	4
10439946	4
10439947	4
10439948	4
10439949	4
10439950	4
10439951	3
10439952	3
10439953	3
10439954	3
10439955	3
10439956	3
10439957	3
10439958	3
10439959	3
10439960	3
10439961	3
10439962	3
10439963	3
10439964	3
10439965	4
10439966	4
10439967	4
10439968	4
10439969	4
10439970	4
10439971	4
10439972	3
10439973	3
10439974	3
10439975	3
10439976	3
10439977	3
10439978	3
10439979	3
10439980	3
10439981	3
10439982	3
10439983	3
10439984	3
10439985	3
10439986	4
10439987	4
10439988	4
10439989	4
10439990	4
10439991	4
10439992	4
10439993	3
10439994	3
10439995	3
10439996	3
10439997	3
10439998	3
10439999	3
10444003	1
10444004	2
10444005	3
10444100	1
10444101	2
10444102	3
10444200	1
10444201	3
10444202	3
10444203	3
10444301	1
10444302	1
10444303	1
10444401	2
10444402	2
10444403	3
10445003	1
10445004	2
10445005	3
10445100	1
10445101	2
10445102	3
10445200	1
10445201	3
10445202	3
10445203	3
10445301	1
10445302	1
10445303	1
10445401	2
10445402	2
10445403	3
10445404	4
10445405	4
10449916	3
10449917	3
10449918	3
10449919	3
10449920	3
10449921	3
10449922	3
10449923	4
10449924	4
10449925	4
10449926	4
10449927	4
10449928	4
10449929	4
10449930	3
10449931	3
10449932	3
10449933	3
10449934	3
10449935	3
10449936	3
10449937	3
10449938	3
10449939	3
10449940	3
10449941	3
10449942	3
10449943	3
10449944	4
10449945	4
10449946	4
10449947	4
10449948	4
10449949	4
10449950	4
10449951	3
10449952	3
10449953	3
10449954	3
10449955	3
10449956	3
10449957	3
10449958	3
10449959	3
10449960	3
10449961	3
10449962	3
10449963	3
10449964	3
10449965	4
10449966	4
10449967	4
10449968	4
10449969	4
10449970	4
10449971	4
10449972	3
10449973	3
10449974	3
10449975	3
10449976	3
10449977	3
10449978	3
10449979	3
10449980	3
10449981	3
10449982	3
10449983	3
10449984	3
10449985	3
10449986	4
10449987	4
10449988	4
10449989	4
10449990	4
10449991	4
10449992	4
10449993	3
10449994	3
10449995	3
10449996	3
10449997	3
10449998	3
10449999	3
10454003	1
10454004	2
10454005	3
10454100	1
10454101	2
10454102	3
10454200	1
10454201	3
10454202	3
10454203	3
10454301	1
10454302	1
10454303	1
10454401	2
10454402	2
10454403	3
10455003	1
10455004	2
10455005	3
10455100	1
10455101	2
10455102	3
10455200	1
10455201	3
10455202	3
10455203	3
10455301	1
10455302	1
10455303	1
10455401	2
10455402	2
10455403	3
10455404	4
10455405	4
10459916	3
10459917	3
10459918	3
10459919	3
10459920	3
10459921	3
10459922	3
10459923	4
10459924	4
10459925	4
10459926	4
10459927	4
10459928	4
10459929	4
10459930	3
10459931	3
10459932	3
10459933	3
10459934	3
10459935	3
10459936	3
10459937	3
10459938	3
10459939	3
10459940	3
10459941	3
10459942	3
10459943	3
10459944	4
10459945	4
10459946	4
10459947	4
10459948	4
10459949	4
10459950	4
10459951	3
10459952	3
10459953	3
10459954	3
10459955	3
10459956	3
10459957	3
10459958	3
10459959	3
10459960	3
10459961	3
10459962	3
10459963	3
10459964	3
10459965	4
10459966	4
10459967	4
10459968	4
10459969	4
10459970	4
10459971	4
10459972	3
10459973	3
10459974	3
10459975	3
10459976	3
10459977	3
10459978	3
10459979	3
10459980	3
10459981	3
10459982	3
10459983	3
10459984	3
10459985	3
10459986	4
10459987	4
10459988	4
10459989	4
10459990	4
10459991	4
10459992	4
10459993	3
10459994	3
10459995	3
10459996	3
10459997	3
10459998	3
10459999	3
10464003	1
10464004	2
10464005	3
10464100	1
10464101	2
10464102	3
10464200	1
10464201	3
10464202	3
10464203	3
10464301	1
10464302	1
10464303	1
10464401	2
10464402	2
10464403	3
10465003	1
10465004	2
10465005	3
10465100	1
10465101	2
10465102	3
10465200	1
10465201	3
10465202	3
10465203	3
10465301	1
10465302	1
10465303	1
10465401	2
10465402	2
10465403	3
10465404	4
10465405	4
10469916	3
10469917	3
10469918	3
10469919	3
10469920	3
10469921	3
10469922	3
10469923	4
10469924	4
10469925	4
10469926	4
10469927	4
10469928	4
10469929	4
10469930	3
10469931	3
10469932	3
10469933	3
10469934	3
10469935	3
10469936	3
10469937	3
10469938	3
10469939	3
10469940	3
10469941	3
10469942	3
10469943	3
10469944	4
10469945	4
10469946	4
10469947	4
10469948	4
10469949	4
10469950	4
10469951	3
10469952	3
10469953	3
10469954	3
10469955	3
10469956	3
10469957	3
10469958	3
10469959	3
10469960	3
10469961	3
10469962	3
10469963	3
10469964	3
10469965	4
10469966	4
10469967	4
10469968	4
10469969	4
10469970	4
10469971	4
10469972	3
10469973	3
10469974	3
10469975	3
10469976	3
10469977	3
10469978	3
10469979	3
10469980	3
10469981	3
10469982	3
10469983	3
10469984	3
10469985	3
10469986	4
10469987	4
10469988	4
10469989	4
10469990	4
10469991	4
10469992	4
10469993	3
10469994	3
10469995	3
10469996	3
10469997	3
10469998	3
10469999	3
