NUM	NUM	NUM	NUM	NUM	NUM	NUM	NUM	NUM	NUM	NUM	NUM	NUM	NUM	NUM	NUM	NUM	TEXT	TEXT	TEXT	TEXT
组合ID(1为屁胡；其余编号越小，优先级越高)	组合名	胡牌类型(0:屁胡;1:清一色)	需求组合ID1	需求组合ID2	需求组合ID3	需求组合ID4	需求组合ID5（将）	强化属性ID1	强化数值1	强化属性ID2	强化数值2	强化属性ID3	强化数值3	强化属性ID4	强化数值4	需求符文指引装备	特殊光效	绑定点	特殊光效	绑定点
1	屁胡	0	-1	-1	-1	-1	-1	163	6	-1	-1	-1	-1	-1	-1	10310000	符文效果01_黑01	人物右肩绑定点	符文效果01_黑01	人物左肩绑定点
2	清一色	1	-1	-1	-1	-1	-1	163	12	-1	-1	-1	-1	-1	-1	10310023	ui_麻将符文效果01_01	人物身体受击点		
3	屁胡（7天）	0	-1	-1	-1	-1	-1	163	6	-1	-1	-1	-1	-1	-1	10310024	符文效果01_黑01	人物右肩绑定点	符文效果01_黑01	人物左肩绑定点
4	清一色（7天）	1	-1	-1	-1	-1	-1	163	12	-1	-1	-1	-1	-1	-1	10310026	ui_麻将符文效果01_01	人物身体受击点		
5	屁胡（30天）	0	-1	-1	-1	-1	-1	163	6	-1	-1	-1	-1	-1	-1	10310027	符文效果01_黑01	人物右肩绑定点	符文效果01_黑01	人物左肩绑定点
6	清一色（30天）	1	-1	-1	-1	-1	-1	163	12	-1	-1	-1	-1	-1	-1	10310029	ui_麻将符文效果01_01	人物身体受击点		
109	大四喜	-1	109	110	111	112	11	163	23	-1	-1	-1	-1	-1	-1	10310001	符文效果01_红01	人物右肩绑定点	符文效果01_红01	人物左肩绑定点
110	小四喜	-1	98	98	98	98	96	163	17	-1	-1	-1	-1	-1	-1	10310002	符文效果01_蓝01	人物右肩绑定点	符文效果01_蓝01	人物左肩绑定点
111	大三元	-1	98	98	98	98	96	163	15	-1	-1	-1	-1	-1	-1	10310003	符文效果01_紫01	人物右肩绑定点	符文效果01_紫01	人物左肩绑定点
112	小三元	-1	98	98	-1	-1	96	163	15	-1	-1	-1	-1	-1	-1	10310004	符文效果02_红01	人物右肩绑定点	符文效果02_红01	人物左肩绑定点
113	四暗刻	-1	10	10	10	10	11	163	9	-1	-1	-1	-1	-1	-1	10310005	ui_麻将符文效果02_01	人物身体受击点		
114	三暗刻	-1	10	10	10	-1	11	163	10	-1	-1	-1	-1	-1	-1	10310006	符文效果02_蓝01	人物右肩绑定点	符文效果02_蓝01	人物左肩绑定点
115	双暗刻	-1	10	10	-1	-1	11	163	8	-1	-1	-1	-1	-1	-1	10310007	符文效果02_绿01	人物右肩绑定点	符文效果02_绿01	人物左肩绑定点
116	清一色条字四暗刻	-1	15	15	15	15	18	149	30	-1	-1	-1	-1	-1	-1	10310008	符文效果02_紫01	人物右肩绑定点	符文效果02_紫01	人物左肩绑定点
117	清一色条字三暗刻	-1	15	15	15	-1	18	149	24	-1	-1	-1	-1	-1	-1	10310009	符文效果03_彩01	人物右肩绑定点	符文效果03_彩01	人物左肩绑定点
118	清一色条字双暗刻	-1	15	15	-1	-1	18	149	18	-1	-1	-1	-1	-1	-1	10310010	符文效果03_红01	人物右肩绑定点	符文效果03_红01	人物左肩绑定点
119	清一色筒字四暗刻	-1	16	16	16	16	19	151	30	-1	-1	-1	-1	-1	-1	10310011	符文效果03_黄01	人物右肩绑定点	符文效果03_黄01	人物左肩绑定点
120	清一色筒字三暗刻	-1	16	16	16	-1	19	151	24	-1	-1	-1	-1	-1	-1	10310012	符文效果03_蓝01	人物右肩绑定点	符文效果03_蓝01	人物左肩绑定点
121	清一色筒字双暗刻	-1	16	16	-1	-1	19	151	18	-1	-1	-1	-1	-1	-1	10310013	符文效果03_绿01	人物右肩绑定点	符文效果03_绿01	人物左肩绑定点
122	清一色万字四暗刻	-1	17	17	17	17	20	150	30	-1	-1	-1	-1	-1	-1	10310014	符文效果03_紫01	人物右肩绑定点	符文效果03_紫01	人物左肩绑定点
123	清一色万字三暗刻	-1	17	17	17	-1	20	150	24	-1	-1	-1	-1	-1	-1	10310015	符文效果04_红01	人物右肩绑定点	符文效果04_红01	人物左肩绑定点
124	清一色万字双暗刻	-1	17	17	-1	-1	20	150	18	-1	-1	-1	-1	-1	-1	10310016	符文效果04_黄01	人物右肩绑定点	符文效果04_黄01	人物左肩绑定点
125	条一色双龙会	-1	100	100	102	102	93	149	24	-1	-1	-1	-1	-1	-1	10310017	符文效果04_蓝01	人物右肩绑定点	符文效果04_蓝01	人物左肩绑定点
126	筒一色双龙会	-1	103	103	105	105	94	151	24	-1	-1	-1	-1	-1	-1	10310018	符文效果04_绿01	人物右肩绑定点	符文效果04_绿01	人物左肩绑定点
127	万一色双龙会	-1	106	106	108	108	95	150	24	-1	-1	-1	-1	-1	-1	10310019	符文效果04_紫01	人物右肩绑定点	符文效果04_紫01	人物左肩绑定点
128	碰碰胡（7天）	-1	10	10	10	10	11	163	9	-1	-1	-1	-1	-1	-1	10310025	ui_麻将符文效果02_01	人物身体受击点		
129	碰碰胡（30天）	-1	10	10	10	10	11	163	9	-1	-1	-1	-1	-1	-1	10310028	ui_麻将符文效果02_01	人物身体受击点		
130	大三元（7天）	-1	98	98	98	98	96	163	15	-1	-1	-1	-1	-1	-1	10310030	符文效果01_紫01	人物右肩绑定点	符文效果01_紫01	人物左肩绑定点
131	大三元（30天）	-1	98	98	98	98	96	163	15	-1	-1	-1	-1	-1	-1	10310031	符文效果01_紫01	人物右肩绑定点	符文效果01_紫01	人物左肩绑定点
132	小三元	-1	98	98	98	98	96	163	13	-1	-1	-1	-1	-1	-1	10310032	符文效果01_紫01	人物右肩绑定点	符文效果01_紫01	人物左肩绑定点
133	小三元（7天）	-1	98	98	98	98	96	163	13	-1	-1	-1	-1	-1	-1	10310033	符文效果01_紫01	人物右肩绑定点	符文效果01_紫01	人物左肩绑定点
134	多彩（14天）	-1	98	98	98	98	96	163	13	-1	-1	-1	-1	-1	-1	10310034	符文效果01_紫01	人物右肩绑定点	符文效果01_紫01	人物左肩绑定点
135	掌门牌：清一色门前清	1	-1	-1	-1	-1	-1	163	10	8	300	-1	-1	-1	-1	10310035	符文效果01_紫01	人物右肩绑定点	符文效果01_紫01	人物左肩绑定点
136	掌门牌：清一色双暗刻	1	-1	-1	-1	-1	-1	163	10	53	10	-1	-1	-1	-1	10310036	符文效果01_紫01	人物右肩绑定点	符文效果01_紫01	人物左肩绑定点
137	掌门牌：清一色断幺九	1	-1	-1	-1	-1	-1	163	10	54	10	-1	-1	-1	-1	10310037	符文效果01_紫01	人物右肩绑定点	符文效果01_紫01	人物左肩绑定点
138	掌门牌：清一色喜相逢	1	-1	-1	-1	-1	-1	163	10	50	10	-1	-1	-1	-1	10310038	符文效果01_紫01	人物右肩绑定点	符文效果01_紫01	人物左肩绑定点
139	掌门牌：清一色花牌	1	-1	-1	-1	-1	-1	163	10	51	10	-1	-1	-1	-1	10310039	符文效果01_紫01	人物右肩绑定点	符文效果01_紫01	人物左肩绑定点
140	小四喜(30天)	-1	98	98	98	98	96	163	17	-1	-1	-1	-1	-1	-1	10310040	符文效果01_蓝01	人物右肩绑定点	符文效果01_蓝01	人物左肩绑定点
141	小四喜(60天)	-1	98	98	98	98	96	163	17	-1	-1	-1	-1	-1	-1	10310041	符文效果01_蓝01	人物右肩绑定点	符文效果01_蓝01	人物左肩绑定点
142	掌门牌：小四喜·天尊(永不磨损)	-1	98	98	98	98	96	163	17	53	10	-1	-1	-1	-1	10310042	符文效果01_蓝01	人物右肩绑定点	符文效果01_蓝01	人物左肩绑定点
143	掌门牌：小四喜·武圣(永不磨损)	-1	98	98	98	98	96	163	17	53	15	-1	-1	-1	-1	10310043	符文效果01_蓝01	人物右肩绑定点	符文效果01_蓝01	人物左肩绑定点
144	掌门牌：小四喜·战神(永不磨损)	-1	98	98	98	98	96	163	17	53	20	-1	-1	-1	-1	10310044	符文效果01_蓝01	人物右肩绑定点	符文效果01_蓝01	人物左肩绑定点
145	小四喜：破军(永不磨损)	-1	98	98	98	98	96	163	17	8	100	22	2000	53	10	10310045	符文效果01_蓝01	人物右肩绑定点	符文效果01_蓝01	人物左肩绑定点
146	小四喜：铁壁(永不磨损)	-1	98	98	98	98	96	163	17	8	100	22	2000	54	10	10310046	符文效果01_蓝01	人物右肩绑定点	符文效果01_蓝01	人物左肩绑定点
147	小四喜：贪狼(永不磨损)	-1	98	98	98	98	96	163	17	8	100	22	2000	50	10	10310047	符文效果01_蓝01	人物右肩绑定点	符文效果01_蓝01	人物左肩绑定点
148	小四喜：紫微(永不磨损)	-1	98	98	98	98	96	163	17	8	100	22	2000	51	10	10310048	符文效果01_蓝01	人物右肩绑定点	符文效果01_蓝01	人物左肩绑定点
149	小四喜：北斗(永不磨损)	-1	98	98	98	98	96	163	17	8	100	22	2000	-1	-1	10310049	符文效果01_蓝01	人物右肩绑定点	符文效果01_蓝01	人物左肩绑定点
150	圣·唯我独尊(永不磨损)	-1	98	98	98	98	96	163	17	8	120	22	2500	53	10	10310050	符文效果01_蓝01	人物右肩绑定点	符文效果01_蓝01	人物左肩绑定点
151	圣·武动乾坤(永不磨损)	-1	98	98	98	98	96	163	17	8	140	22	3000	53	15	10310051	符文效果01_蓝01	人物右肩绑定点	符文效果01_蓝01	人物左肩绑定点
152	圣·战天斗地(永不磨损)	-1	98	98	98	98	96	163	17	8	160	22	3500	53	20	10310052	符文效果01_蓝01	人物右肩绑定点	符文效果01_蓝01	人物左肩绑定点
153	掌门牌：真爱永恒（30天）	0	-1	-1	-1	-1	-1	115	10	-1	-1	-1	-1	-1	-1	10310053	符文效果01_蓝01	人物右肩绑定点	符文效果01_蓝01	人物左肩绑定点
154	掌门牌：爱无止境（30天）	0	-1	-1	-1	-1	-1	115	7	-1	-1	-1	-1	-1	-1	10310054	符文效果01_蓝01	人物右肩绑定点	符文效果01_蓝01	人物左肩绑定点
155	掌门牌：情比金坚（30天）	0	-1	-1	-1	-1	-1	115	5	-1	-1	-1	-1	-1	-1	10310055	符文效果01_蓝01	人物右肩绑定点	符文效果01_蓝01	人物左肩绑定点
156	圣·青龙腾空(永不磨损)	-1	98	98	98	98	96	163	45	8	3500	22	5000	97	50	10310056	ui_麻将符文效果01_01	人物身体受击点		
157	圣·白虎啸风(永不磨损)	-1	98	98	98	98	96	163	45	8	3500	22	5000	118	50	10310057	ui_麻将符文效果01_01	人物身体受击点		
158	圣·朱雀焚天(永不磨损)	-1	98	98	98	98	96	163	45	8	3500	22	5000	53	50	10310058	ui_麻将符文效果01_01	人物身体受击点		
159	圣·玄武震月(永不磨损)	-1	98	98	98	98	96	163	45	8	3500	22	5000	54	50	10310059	ui_麻将符文效果02_01	人物身体受击点		
160	圣·麒麟傲世(永不磨损)	-1	98	98	98	98	96	163	45	8	3500	22	5000	51	50	10310060	ui_麻将符文效果02_01	人物身体受击点		
201	条字一条龙	-1	100	101	102	-1	-1	149	30	-1	-1	-1	-1	-1	-1	10310020	符文效果04_蓝01	人物右肩绑定点	符文效果04_蓝01	人物左肩绑定点
301	筒字一条龙	-1	103	104	105	-1	-1	151	30	-1	-1	-1	-1	-1	-1	10310021	符文效果04_绿01	人物右肩绑定点	符文效果04_绿01	人物左肩绑定点
401	万字一条龙	-1	106	107	108	-1	-1	150	30	-1	-1	-1	-1	-1	-1	10310022	符文效果04_紫01	人物右肩绑定点	符文效果04_紫01	人物左肩绑定点
