NUM	TEXT	NUM	NUM	NUM	NUM	NUM	TEXT	NUM	NUM	NUM	TEXT	TEXT	NUM
排行榜ID	排行榜名称	"排名范围[0,100]。"	允许进入排行榜的最低条件	存DB，0不存，1存	排行榜分类 0：个人， 1：帮会， 2：国家， 3：个人备份， 4：帮会备份， 5：国家备份	备份榜ID，-1表示不存在备份榜，-2表示本身就是备份榜	排行榜说明	奖励类型8=钱（现银） 9=物品	奖励内容（物品ID或钱类型）	奖励数量	奖励描述1 	奖励描述2 	是否重置(0:不重置 1:每天重置 2:每周重置)
0	等级	100	20	1	0	1	该榜收录大于20级，等级最高的100名。	-1	0	0			0
1	上周等级	100	20	1	3	-2	该榜收录上周大于20级，等级最高的100名。	-1	0	0			0
2	财富	100	20000	1	0	3	该榜收录大于20两现银，现银最多的100名。	-1	0	0			0
3	上周财富	100	20000	1	3	-2	该榜收录上周大于20两现银，现银最多的100名。	-1	0	0			0
4	荣誉	100	1000	1	0	5	该榜收录大于1000点荣誉，荣誉最多的100名。	-1	0	0			0
5	上周荣誉	100	1000	1	3	-2	该榜收录上周大于1000点荣誉，荣誉最多的100名。	-1	0	0			0
6	声望	100	1000	1	0	7	该榜收录大于1000点声望，声望最多的100名。	-1	0	0			0
7	上周声望	100	1000	1	3	-2	该榜收录上周大于1000点声望，声望最多的100名。	-1	0	0			0
8	帮贡	100	500	1	0	9	该榜收录大于500点帮贡，帮贡最多的100名。	-1	0	0			0
9	上周帮贡	100	500	1	3	-2	该榜收录上周大于500点帮贡，帮贡最多的100名。	-1	0	0			0
10	征服点数	100	500	1	0	11	该榜收录大于500点征服点数，征服点数最多的100名。	-1	0	0			0
11	上周征服点数	100	500	1	3	-2	该榜收录上周大于500点征服点数，征服点数最多的100名。	-1	0	0			0
12	红名	100	20	1	0	13	该榜收录大于20点pk值，pk值最多的100名。	-1	0	0			0
13	上周红名	100	20	1	3	-2	该榜收录上周大于20点pk值，pk值最多的100名。	-1	0	0			0
14	杀敌	100	1	1	0	15	该榜收录本周异国有效杀敌数最多的100名。	-1	0	0			2
15	上周杀敌	100	1	1	3	-2	该榜收录上周异国有效杀敌数最多的100名。	-1	0	0			0
16	战场等级	100	501	1	0	17	该榜收录战场等级最高的100名。	-1	0	0			2
17	上周战场等级	100	501	1	3	-2	该榜收录上周战场等级最高的100名。	-1	0	0			0
18	战场积分	100	1	1	0	19	该榜收录战场积分最高的100名。	-1	0	0			0
19	上周战场积分	100	1	1	3	-2	该榜收录上周战场积分最高的100名。	-1	0	0			0
20	帮会实力	100	500	0	1	21	帮会实力500点以上的帮会中，实力最高的100名。	-1	0	0			0
21	上周帮会实力	100	500	1	4	-2	上周帮会实力500点以上的帮会中，实力最高的100名。	-1	0	0			0
22	帮会积分	40	0	0	1	23	该榜收录帮会积分排名前40名的帮会。	-1	0	0			0
23	上周帮会积分	40	0	1	4	-2	该榜收录上周帮会积分排名前40名的帮会。	-1	0	0			0
24	帮会世界杯A组	8	-1	0	1	-1	帮会世界杯A组排名	-1	0	0			0
25	帮会世界杯B组	16	-1	0	1	-1	帮会世界杯B组排名	-1	0	0			0
26	国家实力	4	0	1	2	27	国家实力排行榜，国家综合实力的体现。	-1	0	0			0
27	上周国家实力	4	0	1	2	-1	国家实力排行榜，国家综合实力的体现。	-1	0	0			0
28	帮会功德	100	0	1	0	29	该榜收录帮会功德最高的前100名玩家	-1	0	0			0
29	上周帮会功德	100	0	1	3	-2	该榜收录上周帮会功德最高的前100名玩家	-1	0	0			0
30	玫瑰	100	0	1	0	31	该榜收录本周获得“玫瑰花”最多的前100名玩家。	-1	0	0			2
31	上周玫瑰	100	0	1	3	-2	该榜收录上周获得“玫瑰花”最多的前100名玩家。	-1	0	0			0
32	恩爱	100	1	1	0	33	该榜收录与配偶的友好度最高的前100名玩家。	-1	0	0			0
33	上周恩爱	100	1	1	3	-2	该榜收录上周与配偶的友好度最高的前100名玩家。	-1	0	0			0
34	名师	100	0	1	0	35	该榜收录徒弟出师最多的前100名玩家。	-1	0	0			0
35	上周名师	100	0	1	3	-2	该榜收录上周徒弟出师最多的前100名玩家。	-1	0	0			0
36	智力竞赛	100	0	1	0	37	该榜收录本周智力竞赛活动总分最高的前100名玩家。	-1	0	0			2
37	上周智力竞赛	100	0	1	3	-2	该榜收录上周智力竞赛活动总分最高的前100名玩家。	-1	0	0			0
38	铁人三项	100	0	1	0	39	该榜收录今日最先完成铁人三项的前100名玩家。	-1	0	0			0
39	昨日铁人三项	100	0	1	3	-2	该榜收录昨日最先完成铁人三项的前100名玩家。	-1	0	0			0
40	乌龙词典	100	0	1	0	41	该榜收录本周乌龙词典排名最高的前30名玩家。	-1	0	0			0
41	上周乌龙词典	100	0	1	3	-2	该榜收录上周乌龙词典排名最高的前30名玩家。	-1	0	0			0
42	神龙宝藏	100	0	1	0	43	该榜收录本周使用“神龙藏宝图”次数最多的前100名玩家。	-1	0	0			2
43	上周神龙宝藏	100	0	1	3	-2	该榜收录上周使用“神龙藏宝图”次数最多的前100名玩家。	-1	0	0			0
44	屠龙	100	0	1	0	45	该榜收录本周杀死天龙之魂次数最多的前100名玩家。	-1	0	0			2
45	上周屠龙	100	0	1	3	-2	该榜收录上周杀死天龙之魂次数最多的前100名玩家。	-1	0	0			0
46	小喇叭	100	0	1	0	47	该榜收录本周小喇叭使用数量最多的前100名玩家。	-1	0	0			2
47	上周小喇叭	100	0	1	3	-2	该榜收录上周小喇叭使用数量最多的前100名玩家。	-1	0	0			0
48	放烟花	100	0	1	0	49	该榜收录本周使用烟花次数最多的前100名玩家。	-1	0	0			2
49	上周放烟花	100	0	1	3	-2	该榜收录上周使用烟花次数最多的前100名玩家。	-1	0	0			0
50	囚龙岛	100	0	1	0	51	该榜收录本周三番囚龙岛副本完成总时间最短的前100名玩家。	-1	0	0			2
51	上周囚龙岛	100	0	1	3	-2	该榜收录上周三番囚龙岛副本完成总时间最短的前100名玩家。	-1	0	0			0
52	和氏璧	100	0	1	0	53	该榜收录本周三番和氏璧副本完成总时间最短的前100名玩家。	-1	0	0			2
53	上周和氏璧	100	0	1	3	-2	该榜收录上周三番和氏璧副本完成总时间最短的前100名玩家。	-1	0	0			0
54	赤血号	100	0	1	0	55	该榜收录本周三番赤血号副本完成总时间最短的前100名玩家。	-1	0	0			2
55	上周赤血号	100	0	1	3	-2	该榜收录上周三番赤血号副本完成总时间最短的前100名玩家。	-1	0	0			0
56	祝家庄	100	0	1	0	57	该榜收录本周三番祝家庄副本完成总时间最短的前100名玩家。	-1	0	0			2
57	上周祝家庄	100	0	1	3	-2	该榜收录上周三番祝家庄副本完成总时间最短的前100名玩家。	-1	0	0			0
58	轮回台	100	0	1	0	59	该榜收录本周轮回台副本完成总时间最短的前100名玩家。	-1	0	0			2
59	上周轮回台	100	0	1	3	-2	该榜收录上周轮回台副本完成总时间最短的前100名玩家。	-1	0	0			0
60	大教堂	100	0	1	0	61	该榜收录本周三番大教堂副本完成总时间最短的前100名玩家。	-1	0	0			2
61	上周大教堂	100	0	1	3	-2	该榜收录上周三番大教堂副本完成总时间最短的前100名玩家。	-1	0	0			0
62	夏王墓	100	0	1	0	63	该榜收录本周三番夏王墓副本完成总时间最短的前100名玩家。	-1	0	0			2
63	上周夏王墓	100	0	1	3	-2	该榜收录上周三番夏王墓副本完成总时间最短的前100名玩家。	-1	0	0			0
64	印度河	100	0	1	0	65	该榜收录本周三番印度河副本完成总时间最短的前100名玩家。	-1	0	0			2
65	上周印度河	100	0	1	3	-2	该榜收录上周三番印度河副本完成总时间最短的前100名玩家。	-1	0	0			0
66	楼兰等级	25	0	1	0	67	该榜收录本周楼兰等级最高的前25名玩家。	-1	0	0	你的等级在上周进入楼兰前25名，	请于周一到国家管理员处接受封赏，将获得先锋勇士荣誉称号，显示该称号时可获得特殊的属性奖励。	0
67	上周楼兰等级	25	0	1	3	-2	该榜收录上周楼兰等级最高的前25名玩家。	-1	0	0			0
68	天山等级	25	0	1	0	69	该榜收录本周天山等级最高的前25名玩家。	-1	0	0	你的等级在上周进入天山前25名，	请于周一到国家管理员处接受封赏，将获得先锋勇士荣誉称号，显示该称号时可获得特殊的属性奖励。	0
69	上周天山等级	25	0	1	3	-2	该榜收录上周天山等级最高的前25名玩家。	-1	0	0			0
70	昆仑等级	25	0	1	0	71	该榜收录本周昆仑等级最高的前25名玩家。	-1	0	0	你的等级在上周进入昆仑前25名，	请于周一到国家管理员处接受封赏，将获得先锋勇士荣誉称号，显示该称号时可获得特殊的属性奖励。	0
71	上周昆仑等级	25	0	1	3	-2	该榜收录上周昆仑等级最高的前25名玩家。	-1	0	0			0
72	敦煌等级	25	0	1	0	73	该榜收录本周敦煌等级最高的前25名玩家。	-1	0	0	你的等级在上周进入敦煌前25名，	请于周一到国家管理员处接受封赏，将获得先锋勇士荣誉称号，显示该称号时可获得特殊的属性奖励。	0
73	上周敦煌等级	25	0	1	3	-2	该榜收录上周敦煌等级最高的前25名玩家。	-1	0	0			0
74	天赋	100	2	1	0	75	该榜收录本周天赋等级最高的前100名玩家。	-1	0	0			0
75	上周天赋	100	2	1	3	-2	该榜收录上周天赋等级最高的前100名玩家。	-1	0	0			0
76	领地	7	-1	0	2	77	领地战排行榜	-1	0	0			0
77	上周领地	7	-1	1	2	-2	上周领地战排行榜	-1	0	0			0
78	上周国家强弱	4	0	1	2	-1	国家强弱排行榜，国家综合实力的体现。	-1	0	0			0
79	军阶	100	1	1	0	80	该榜收录军阶等级最高的100名。	-1	0	0			0
80	上周军阶	100	1	1	3	-2	该榜收录上周军阶等级最高的100名。	-1	0	0			0
81	战车荣誉	100	1000	1	0	82	该榜收录大于1000点战车荣誉，战车荣誉最多的100名。	-1	0	0			0
82	上周战车荣誉	100	1000	1	3	-2	该榜收录上周大于1000点战车荣誉，战车荣誉最多的100名。	-1	0	0			0
83	跨服帮会战	100	0	0	1	84	该榜收录本赛季战场积分排名前100的帮会。	-1	0	0			0
84	上赛季跨服帮会战	100	0	1	4	-2	该榜收录上赛季战场积分排名前100的帮会。	-1	0	0			0
85	跨服帮会战总	100	0	0	1	86	该榜收录战场总积分排名前100的帮会。	-1	0	0			0
86	上赛季跨服帮会战总	100	0	1	4	-2	该榜收录战场总积分排名前100的帮会。	-1	0	0			0
87	马币	100	100	1	0	88	该榜收录马币大于100最多的100名玩家	-1	0	0			0
88	上周马币	100	100	1	3	-2	该榜收录上周马币大于100最多的100名玩家	-1	0	0			0
89	赛马名次	100	0	1	0	90	该榜收录赛马积分前100名的玩家	-1	0	0			0
90	昨天赛马名次	100	0	1	3	-2	该榜收录昨天赛马积分前100名的玩家	-1	0	0			0
91	将魂点数	100	300	1	0	92	该榜收录将魂点数大于300，将魂点数最多的100名。	-1	0	0			0
92	上周将魂点数	100	300	1	3	-2	该榜收录上周将魂点数大于300，将魂点数最多的100名。	-1	0	0			0
93	灵力	100	1000	1	0	94	该榜收录灵力值大于1000，灵力值最多的前100名玩家。	-1	0	0			0
94	上周灵力	100	1000	1	3	-2	该榜收录上周灵力值大于1000，灵力值最多的前100名玩家。	-1	0	0			0
