NUM	NUM	NUM	NUM	NUM	TEXT	TEXT	FLOAT	FLOAT	NUM	NUM	NUM	NUM	NUM	NUM	NUM	NUM	NUM	NUM	NUM	NUM	NUM	NUM	NUM
编号	随机编号	attr编号	逻辑表编号	阵营编号	名称	称号	x轴坐标	z轴坐标	朝向	脚本编号	重生时间	分组编号	队伍编号	基础AI	AI文件	巡逻路径	商店0	商店1	商店2	商店3	名誉ID	等级	镜像组
0	11446157	216	101000	20	丘处机	长春真人	69.000000	185.000000	34	-1	1000	-1	-1	3	0	-1	-1	-1	-1	-1	-1	60	0	
1	11451415	61	101004	20	孛儿贴	草原明珠	124.066307	52.711533	30	-1	1000	-1	-1	3	0	-1	-1	-1	-1	-1	-1	20	0	
2	11451625	48	101005	20	德薛禅	孛儿贴的父亲	126.891319	53.521061	29	-1	1000	-1	-1	3	0	-1	-1	-1	-1	-1	-1	20	0	
3	11451952	59	101006	20	月伦夫人	铁木真的母亲	112.849091	51.998192	25	-1	1000	-1	-1	3	0	-1	-1	-1	-1	-1	-1	20	0	
4	11456755	163	-1	20	花背	牧羊犬	128.700897	52.614082	27	-1	1000	-1	-1	3	0	-1	-1	-1	-1	-1	-1	1	0	
5	11457014	60	101009	20	雅苏夫人	孛儿贴的母亲	111.176033	53.803146	1	-1	1000	-1	-1	3	0	-1	-1	-1	-1	-1	-1	20	0	
6	11469319	152	101007	20	勇士速不台	德薛禅义子	62.000000	42.000000	30	-1	1000	-1	-1	3	0	-1	-1	-1	-1	-1	-1	20	0	
7	11674174	85	101010	20	忽尔牧	牧羊人	118.351189	52.400841	30	-1	1000	-1	-1	3	0	-1	-1	-1	-1	-1	-1	10	0	
8	11699840	665	101002	20	木华黎	草原勇士	99.961090	156.764496	7	-1	1000	-1	-1	3	0	-1	-1	-1	-1	-1	-1	20	0	
9	11699845	664	101003	20	札木合	草原勇士	94.708702	154.108154	8	-1	1000	-1	-1	3	0	-1	-1	-1	-1	-1	-1	20	0	
10	11699860	415	101001	20	铁木真	草原英雄	97.796021	154.407501	6	-1	1000	-1	-1	3	0	-1	-1	-1	-1	-1	-1	20	0	
11	11700526	1152	101020	20	钥匙老人		49.000000	204.000000	33	-1	1000	-1	-1	3	0	-1	-1	-1	-1	-1	-1	11	0	
12	13007147	87	101012	20	阿不台	行脚商人	121.341003	65.530098	5	-1	1000	-1	-1	3	0	-1	-1	-1	-1	-1	-1	10	0	
13	13007149	86	101013	20	忽里满	草原游医	133.464035	61.353500	12	-1	1000	-1	-1	3	0	-1	-1	-1	-1	-1	-1	10	0	
14	11451350	581	-1	20	　　		206.000000	198.000000	27	-1	1000	-1	-1	2	0	0	-1	-1	-1	-1	-1	20	0	
15	11451352	581	-1	20	　　		207.000000	198.000000	27	-1	1000	-1	-1	2	0	1	-1	-1	-1	-1	1	20	0	
16	11456701	581	-1	20	　　		202.438095	192.407501	27	-1	1000	-1	-1	2	0	-1	-1	-1	-1	-1	-1	20	0	
17	11456704	581	-1	20	　　		215.800385	185.734207	27	-1	1000	-1	-1	2	0	-1	-1	-1	-1	-1	-1	20	0	
18	11456706	581	-1	20	　　		223.840271	199.733505	27	-1	1000	-1	-1	2	0	-1	-1	-1	-1	-1	-1	20	0	
19	11456708	581	-1	20	　　		225.138428	198.694641	27	-1	1000	-1	-1	2	0	-1	-1	-1	-1	-1	-1	20	0	
20	11456710	581	-1	20	　　		215.746384	197.090988	27	-1	1000	-1	-1	2	0	-1	-1	-1	-1	-1	-1	20	0	
21	11670936	574	-1	20	　　		136.325821	46.111446	26	-1	1000	-1	-1	3	0	-1	-1	-1	-1	-1	-1	1	0	
22	11670945	574	-1	20	　　		134.857193	47.072220	29	-1	1000	-1	-1	3	0	-1	-1	-1	-1	-1	-1	1	0	
23	11688881	581	-1	20	　　		214.277710	169.108627	27	-1	1000	-1	-1	3	0	-1	-1	-1	-1	-1	-1	10	0	
24	11688884	581	-1	20	　　		213.679886	168.430237	2	-1	1000	-1	-1	3	0	-1	-1	-1	-1	-1	-1	10	0	
25	11700522	168	-1	20	　　		39.000000	134.000000	27	-1	1000	-1	-1	3	0	-1	-1	-1	-1	-1	-1	10	0	
26	13007093	576	-1	21	黑熊		146.865082	116.854790	27	-1	1000	-1	-1	1	0	-1	-1	-1	-1	-1	-1	13	0	
27	13007103	576	-1	21	黑熊		147.965652	108.069427	27	-1	1000	-1	-1	1	0	-1	-1	-1	-1	-1	-1	13	0	
28	13007104	576	-1	21	黑熊		146.751099	104.636726	15	-1	1000	-1	-1	1	0	-1	-1	-1	-1	-1	-1	13	0	
29	13007105	576	-1	21	黑熊		112.716805	91.621330	27	-1	1000	-1	-1	1	0	-1	-1	-1	-1	-1	-1	13	0	
30	13007114	576	-1	21	黑熊		145.142776	100.096733	27	-1	1000	-1	-1	1	0	-1	-1	-1	-1	-1	-1	13	0	
31	13007128	576	-1	21	黑熊		121.924904	95.445122	27	-1	1000	-1	-1	1	0	-1	-1	-1	-1	-1	-1	13	0	
32	13007132	576	-1	21	黑熊		125.233284	117.282227	3	-1	1000	-1	-1	1	0	-1	-1	-1	-1	-1	-1	13	0	
33	13007133	576	-1	21	黑熊		106.128113	99.499947	27	-1	1000	-1	-1	1	0	-1	-1	-1	-1	-1	-1	13	0	
34	13007134	576	-1	21	黑熊		138.658142	91.251762	27	-1	1000	-1	-1	1	0	-1	-1	-1	-1	-1	-1	13	0	
35	13007136	576	-1	21	黑熊		139.125565	111.207886	27	-1	1000	-1	-1	1	0	-1	-1	-1	-1	-1	-1	13	0	
36	13007139	576	-1	21	黑熊		133.566269	92.237411	27	-1	1000	-1	-1	1	0	-1	-1	-1	-1	-1	-1	13	0	
37	11474914	576	-1	21	黑熊		134.284302	116.133583	27	-1	1000	-1	-1	1	0	-1	-1	-1	-1	-1	-1	13	0	
38	11474951	576	-1	21	黑熊		126.049828	109.234726	9	-1	1000	-1	-1	1	0	-1	-1	-1	-1	-1	-1	13	0	
39	11474958	576	-1	21	黑熊		130.816422	96.403069	27	-1	1000	-1	-1	1	0	-1	-1	-1	-1	-1	-1	13	0	
40	11474960	576	-1	21	黑熊		153.861298	91.507019	27	-1	1000	-1	-1	1	0	-1	-1	-1	-1	-1	-1	13	0	
41	11474962	576	-1	21	黑熊		101.502876	111.940834	27	-1	1000	-1	-1	1	0	-1	-1	-1	-1	-1	-1	13	0	
42	11474983	576	-1	21	黑熊		115.321564	99.973213	27	-1	1000	-1	-1	1	0	-1	-1	-1	-1	-1	-1	13	0	
43	11474985	576	-1	21	黑熊		156.686462	104.005447	27	-1	1000	-1	-1	1	0	-1	-1	-1	-1	-1	-1	13	0	
44	11474987	576	-1	21	黑熊		154.985733	115.938751	27	-1	1000	-1	-1	1	0	-1	-1	-1	-1	-1	-1	13	0	
45	11474989	576	-1	21	黑熊		106.876984	111.140305	27	-1	1000	-1	-1	1	0	-1	-1	-1	-1	-1	-1	13	0	
46	11474990	576	-1	21	黑熊		113.426933	106.761055	27	-1	1000	-1	-1	1	0	-1	-1	-1	-1	-1	-1	13	0	
47	11474992	576	-1	21	黑熊		122.458008	116.541443	27	-1	1000	-1	-1	1	0	-1	-1	-1	-1	-1	-1	13	0	
48	11474997	576	-1	21	黑熊		147.906464	89.126434	27	-1	1000	-1	-1	1	0	-1	-1	-1	-1	-1	-1	13	0	
49	11475000	576	-1	21	黑熊		160.735931	95.180328	27	-1	1000	-1	-1	1	0	-1	-1	-1	-1	-1	-1	13	0	
50	11475002	576	-1	21	黑熊		121.320946	104.936409	27	-1	1000	-1	-1	1	0	-1	-1	-1	-1	-1	-1	13	0	
51	11475005	576	-1	21	黑熊		151.279373	101.647568	16	-1	1000	-1	-1	1	0	-1	-1	-1	-1	-1	-1	13	0	
52	13007093	576	-1	21	黑熊		146.865082	116.854790	27	-1	1000	-1	-1	1	0	-1	-1	-1	-1	-1	-1	13	0	
53	13007103	576	-1	21	黑熊		145.437531	108.439140	27	-1	1000	-1	-1	1	0	-1	-1	-1	-1	-1	-1	13	0	
54	13007104	576	-1	21	黑熊		130.443512	109.279678	16	-1	1000	-1	-1	1	0	-1	-1	-1	-1	-1	-1	13	0	
55	13007105	576	-1	21	黑熊		115.998726	93.024078	27	-1	1000	-1	-1	1	0	-1	-1	-1	-1	-1	-1	13	0	
56	13007114	576	-1	21	黑熊		143.852203	100.006561	27	-1	1000	-1	-1	1	0	-1	-1	-1	-1	-1	-1	13	0	
57	13007128	576	-1	21	黑熊		124.152512	95.697929	27	-1	1000	-1	-1	1	0	-1	-1	-1	-1	-1	-1	13	0	
58	13007132	576	-1	21	黑熊		118.930344	112.716766	3	-1	1000	-1	-1	1	0	-1	-1	-1	-1	-1	-1	13	0	
59	13007133	576	-1	21	黑熊		108.526810	100.329590	27	-1	1000	-1	-1	1	0	-1	-1	-1	-1	-1	-1	13	0	
60	13007134	576	-1	21	黑熊		140.669632	92.125298	16	-1	1000	-1	-1	1	0	-1	-1	-1	-1	-1	-1	13	0	
61	13007136	576	-1	21	黑熊		142.369827	111.146729	9	-1	1000	-1	-1	1	0	-1	-1	-1	-1	-1	-1	13	0	
62	13007139	576	-1	21	黑熊		135.054642	92.815788	27	-1	1000	-1	-1	1	0	-1	-1	-1	-1	-1	-1	13	0	
63	11474914	576	-1	21	黑熊		131.615509	115.784851	27	-1	1000	-1	-1	1	0	-1	-1	-1	-1	-1	-1	13	0	
64	11474951	576	-1	21	黑熊		140.717148	104.558136	27	-1	1000	-1	-1	1	0	-1	-1	-1	-1	-1	-1	13	0	
65	11474958	576	-1	21	黑熊		133.360336	96.226723	27	-1	1000	-1	-1	1	0	-1	-1	-1	-1	-1	-1	13	0	
66	11474960	576	-1	21	黑熊		152.270294	92.332611	27	-1	1000	-1	-1	1	0	-1	-1	-1	-1	-1	-1	13	0	
67	11474962	576	-1	21	黑熊		103.324081	111.325478	27	-1	1000	-1	-1	1	0	-1	-1	-1	-1	-1	-1	13	0	
68	11474983	576	-1	21	黑熊		113.466187	99.375832	27	-1	1000	-1	-1	1	0	-1	-1	-1	-1	-1	-1	13	0	
69	11474985	576	-1	21	黑熊		158.145599	104.519096	16	-1	1000	-1	-1	1	0	-1	-1	-1	-1	-1	-1	13	0	
70	11474987	576	-1	21	黑熊		153.105377	115.365517	27	-1	1000	-1	-1	1	0	-1	-1	-1	-1	-1	-1	13	0	
71	11474989	576	-1	21	黑熊		109.151443	111.959984	16	-1	1000	-1	-1	1	0	-1	-1	-1	-1	-1	-1	13	0	
72	11474990	576	-1	21	黑熊		114.719162	106.732025	16	-1	1000	-1	-1	1	0	-1	-1	-1	-1	-1	-1	13	0	
73	11474992	576	-1	21	黑熊		127.214401	114.761269	27	-1	1000	-1	-1	1	0	-1	-1	-1	-1	-1	-1	13	0	
74	11474997	576	-1	21	黑熊		146.336655	89.906960	27	-1	1000	-1	-1	1	0	-1	-1	-1	-1	-1	-1	13	0	
75	11475000	576	-1	21	黑熊		158.785034	95.423592	27	-1	1000	-1	-1	1	0	-1	-1	-1	-1	-1	-1	13	0	
76	11475002	576	-1	21	黑熊		119.973358	107.410561	27	-1	1000	-1	-1	1	0	-1	-1	-1	-1	-1	-1	13	0	
77	11475005	576	-1	21	黑熊		149.768433	102.068527	27	-1	1000	-1	-1	1	0	-1	-1	-1	-1	-1	-1	13	0	
78	11688488	577	-1	21	银狐		183.617996	73.409157	27	-1	1000	-1	-1	1	0	-1	-1	-1	-1	-1	-1	12	0	
79	11688523	577	-1	21	银狐		176.768570	76.116829	27	-1	1000	-1	-1	1	0	-1	-1	-1	-1	-1	-1	12	0	
80	11688525	577	-1	21	银狐		177.291672	82.772072	27	-1	1000	-1	-1	1	0	-1	-1	-1	-1	-1	-1	12	0	
81	11688527	577	-1	21	银狐		206.373138	81.538231	27	-1	1000	-1	-1	1	0	-1	-1	-1	-1	-1	-1	12	0	
82	11688531	577	-1	21	银狐		201.918732	84.467926	27	-1	1000	-1	-1	1	0	-1	-1	-1	-1	-1	-1	12	0	
83	11688535	577	-1	21	银狐		200.011536	80.090134	27	-1	1000	-1	-1	1	0	-1	-1	-1	-1	-1	-1	12	0	
84	11688537	577	-1	21	银狐		187.143112	86.377953	27	-1	1000	-1	-1	1	0	-1	-1	-1	-1	-1	-1	12	0	
85	11688539	577	-1	21	银狐		175.657013	70.607689	27	-1	1000	-1	-1	1	0	-1	-1	-1	-1	-1	-1	12	0	
86	11688540	577	-1	21	银狐		205.257889	76.660652	27	-1	1000	-1	-1	1	0	-1	-1	-1	-1	-1	-1	12	0	
87	11688542	577	-1	21	银狐		172.678146	76.616776	27	-1	1000	-1	-1	1	0	-1	-1	-1	-1	-1	-1	12	0	
88	11688547	577	-1	21	银狐		204.508194	94.426064	27	-1	1000	-1	-1	1	0	-1	-1	-1	-1	-1	-1	12	0	
89	11688549	577	-1	21	银狐		203.960098	88.653679	27	-1	1000	-1	-1	1	0	-1	-1	-1	-1	-1	-1	12	0	
90	11688556	577	-1	21	银狐		210.382584	82.025589	27	-1	1000	-1	-1	1	0	-1	-1	-1	-1	-1	-1	12	0	
91	11688559	577	-1	21	银狐		179.417297	79.120178	27	-1	1000	-1	-1	1	0	-1	-1	-1	-1	-1	-1	12	0	
92	11688560	577	-1	21	银狐		180.526749	89.818230	27	-1	1000	-1	-1	1	0	-1	-1	-1	-1	-1	-1	12	0	
93	11688561	577	-1	21	银狐		182.404297	84.670654	27	-1	1000	-1	-1	1	0	-1	-1	-1	-1	-1	-1	12	0	
94	11688562	577	-1	21	银狐		185.703552	79.441849	27	-1	1000	-1	-1	1	0	-1	-1	-1	-1	-1	-1	12	0	
95	11688565	577	-1	21	银狐		194.541306	68.586739	27	-1	1000	-1	-1	1	0	-1	-1	-1	-1	-1	-1	12	0	
96	11688566	577	-1	21	银狐		195.139008	62.253307	27	-1	1000	-1	-1	1	0	-1	-1	-1	-1	-1	-1	12	0	
97	11688568	577	-1	21	银狐		186.147461	56.684235	27	-1	1000	-1	-1	1	0	-1	-1	-1	-1	-1	-1	12	0	
98	11688570	577	-1	21	银狐		179.886292	54.394268	27	-1	1000	-1	-1	1	0	-1	-1	-1	-1	-1	-1	12	0	
99	11688571	577	-1	21	银狐		181.337601	53.691006	27	-1	1000	-1	-1	1	0	-1	-1	-1	-1	-1	-1	12	0	
100	11688572	577	-1	21	银狐		182.220108	41.729191	27	-1	1000	-1	-1	1	0	-1	-1	-1	-1	-1	-1	12	0	
101	11688584	577	-1	21	银狐		192.236832	72.529655	27	-1	1000	-1	-1	1	0	-1	-1	-1	-1	-1	-1	12	0	
102	11688585	577	-1	21	银狐		186.034332	62.850643	27	-1	1000	-1	-1	1	0	-1	-1	-1	-1	-1	-1	12	0	
103	11688587	577	-1	21	银狐		191.331314	44.450321	27	-1	1000	-1	-1	1	0	-1	-1	-1	-1	-1	-1	12	0	
104	11688588	577	-1	21	银狐		215.443436	56.771164	27	-1	1000	-1	-1	1	0	-1	-1	-1	-1	-1	-1	12	0	
105	11688589	577	-1	21	银狐		194.792404	52.920635	27	-1	1000	-1	-1	1	0	-1	-1	-1	-1	-1	-1	12	0	
106	11688591	577	-1	21	银狐		210.894928	42.710499	27	-1	1000	-1	-1	1	0	-1	-1	-1	-1	-1	-1	12	0	
107	11688592	577	-1	21	银狐		192.294556	42.199406	27	-1	1000	-1	-1	1	0	-1	-1	-1	-1	-1	-1	12	0	
108	11688594	577	-1	21	银狐		196.451294	48.726875	27	-1	1000	-1	-1	1	0	-1	-1	-1	-1	-1	-1	12	0	
109	11688595	577	-1	21	银狐		214.476486	70.160889	27	-1	1000	-1	-1	1	0	-1	-1	-1	-1	-1	-1	12	0	
110	11688605	577	-1	21	银狐		222.058624	46.886795	27	-1	1000	-1	-1	1	0	-1	-1	-1	-1	-1	-1	12	0	
111	11688608	577	-1	21	银狐		199.129486	37.647293	27	-1	1000	-1	-1	1	0	-1	-1	-1	-1	-1	-1	12	0	
112	11688609	577	-1	21	银狐		202.684921	57.763424	27	-1	1000	-1	-1	1	0	-1	-1	-1	-1	-1	-1	12	0	
113	11688611	577	-1	21	银狐		207.871048	52.563564	27	-1	1000	-1	-1	1	0	-1	-1	-1	-1	-1	-1	12	0	
114	11688612	577	-1	21	银狐		212.260956	69.887039	27	-1	1000	-1	-1	1	0	-1	-1	-1	-1	-1	-1	12	0	
115	11688614	577	-1	21	银狐		213.182205	62.416294	27	-1	1000	-1	-1	1	0	-1	-1	-1	-1	-1	-1	12	0	
116	11688615	577	-1	21	银狐		208.748611	86.202011	27	-1	1000	-1	-1	1	0	-1	-1	-1	-1	-1	-1	12	0	
117	11688616	577	-1	21	银狐		213.454224	90.604172	27	-1	1000	-1	-1	1	0	-1	-1	-1	-1	-1	-1	12	0	
118	11688618	577	-1	21	银狐		209.026642	92.150635	27	-1	1000	-1	-1	1	0	-1	-1	-1	-1	-1	-1	12	0	
119	11688619	577	-1	21	银狐		209.632538	61.278351	27	-1	1000	-1	-1	1	0	-1	-1	-1	-1	-1	-1	12	0	
120	11688622	577	-1	21	银狐		213.504105	71.324753	27	-1	1000	-1	-1	1	0	-1	-1	-1	-1	-1	-1	12	0	
121	11688623	577	-1	21	银狐		209.026855	89.360878	27	-1	1000	-1	-1	1	0	-1	-1	-1	-1	-1	-1	12	0	
122	11688642	577	-1	21	银狐		201.265427	53.687679	27	-1	1000	-1	-1	1	0	-1	-1	-1	-1	-1	-1	12	0	
123	11688644	577	-1	21	银狐		213.569809	87.043282	27	-1	1000	-1	-1	1	0	-1	-1	-1	-1	-1	-1	12	0	
124	11688702	577	-1	21	银狐		192.266235	68.286385	27	-1	1000	-1	-1	1	0	-1	-1	-1	-1	-1	-1	12	0	
125	11688704	577	-1	21	银狐		213.051758	56.598637	27	-1	1000	-1	-1	1	0	-1	-1	-1	-1	-1	-1	12	0	
126	11688729	577	-1	21	银狐		206.738846	38.235363	27	-1	1000	-1	-1	1	0	-1	-1	-1	-1	-1	-1	12	0	
127	11688730	577	-1	21	银狐		214.654617	40.847412	27	-1	1000	-1	-1	1	0	-1	-1	-1	-1	-1	-1	12	0	
128	11688658	578	-1	21	蔑里岂头领	贪婪者	50.495518	62.173851	27	-1	1000	-1	-1	1	0	-1	-1	-1	-1	-1	-1	15	0	
129	11688659	578	-1	21	蔑里岂头领	贪婪者	61.316460	61.199696	27	-1	1000	-1	-1	1	0	-1	-1	-1	-1	-1	-1	15	0	
130	11688660	578	-1	21	蔑里岂头领	贪婪者	53.236519	67.595955	27	-1	1000	-1	-1	1	0	-1	-1	-1	-1	-1	-1	15	0	
131	11700462	579	-1	21	蔑里岂士兵		48.403652	71.906158	27	-1	1000	-1	-1	1	0	-1	-1	-1	-1	-1	-1	13	0	
132	11700463	579	-1	21	蔑里岂士兵		60.597012	93.281219	27	-1	1000	-1	-1	1	0	-1	-1	-1	-1	-1	-1	13	0	
133	11700468	579	-1	21	蔑里岂士兵		67.802162	83.272499	27	-1	1000	-1	-1	1	0	-1	-1	-1	-1	-1	-1	13	0	
134	11700469	579	-1	21	蔑里岂士兵		54.216183	71.972992	27	-1	1000	-1	-1	1	0	-1	-1	-1	-1	-1	-1	13	0	
135	11700470	579	-1	21	蔑里岂士兵		57.238960	63.666378	27	-1	1000	-1	-1	1	0	-1	-1	-1	-1	-1	-1	13	0	
136	11700487	579	-1	21	蔑里岂士兵		48.097149	51.311005	27	-1	1000	-1	-1	1	0	-1	-1	-1	-1	-1	-1	13	0	
137	11700489	579	-1	21	蔑里岂士兵		60.839027	57.218121	27	-1	1000	-1	-1	1	0	-1	-1	-1	-1	-1	-1	13	0	
138	11700490	579	-1	21	蔑里岂士兵		68.973045	71.244446	27	-1	1000	-1	-1	1	0	-1	-1	-1	-1	-1	-1	13	0	
139	11700493	579	-1	21	蔑里岂士兵		71.723335	66.184425	27	-1	1000	-1	-1	1	0	-1	-1	-1	-1	-1	-1	13	0	
140	11700495	579	-1	21	蔑里岂士兵		70.583466	50.494488	27	-1	1000	-1	-1	1	0	-1	-1	-1	-1	-1	-1	13	0	
141	11700496	579	-1	21	蔑里岂士兵		60.421089	76.616219	27	-1	1000	-1	-1	1	0	-1	-1	-1	-1	-1	-1	13	0	
142	11700498	579	-1	21	蔑里岂士兵		66.872948	58.741035	27	-1	1000	-1	-1	1	0	-1	-1	-1	-1	-1	-1	13	0	
143	11700500	579	-1	21	蔑里岂士兵		72.753090	56.082607	27	-1	1000	-1	-1	1	0	-1	-1	-1	-1	-1	-1	13	0	
144	11700504	579	-1	21	蔑里岂士兵		41.463310	61.944313	27	-1	1000	-1	-1	1	0	-1	-1	-1	-1	-1	-1	13	0	
145	11700505	579	-1	21	蔑里岂士兵		40.683136	71.406311	27	-1	1000	-1	-1	1	0	-1	-1	-1	-1	-1	-1	13	0	
146	11700507	579	-1	21	蔑里岂士兵		38.002647	88.914444	27	-1	1000	-1	-1	1	0	-1	-1	-1	-1	-1	-1	13	0	
147	11700511	579	-1	21	蔑里岂士兵		53.694176	76.453369	27	-1	1000	-1	-1	1	0	-1	-1	-1	-1	-1	-1	13	0	
148	11700513	579	-1	21	蔑里岂士兵		47.772896	105.835854	27	-1	1000	-1	-1	1	0	-1	-1	-1	-1	-1	-1	13	0	
149	11688659	578	-1	21	蔑里岂头领	贪婪者	61.316460	61.199696	27	-1	1000	-1	-1	1	0	-1	-1	-1	-1	-1	-1	15	0	
150	11688660	578	-1	21	蔑里岂头领	贪婪者	53.236519	67.595955	27	-1	1000	-1	-1	1	0	-1	-1	-1	-1	-1	-1	15	0	
151	11700462	579	-1	21	蔑里岂士兵		48.403652	71.906158	27	-1	1000	-1	-1	1	0	-1	-1	-1	-1	-1	-1	13	0	
152	11700463	579	-1	21	蔑里岂士兵		60.597012	93.281219	27	-1	1000	-1	-1	1	0	-1	-1	-1	-1	-1	-1	13	0	
153	11700468	579	-1	21	蔑里岂士兵		67.802162	83.272499	27	-1	1000	-1	-1	1	0	-1	-1	-1	-1	-1	-1	13	0	
154	11700469	579	-1	21	蔑里岂士兵		54.216183	71.972992	27	-1	1000	-1	-1	1	0	-1	-1	-1	-1	-1	-1	13	0	
155	11700470	579	-1	21	蔑里岂士兵		57.238960	63.666378	27	-1	1000	-1	-1	1	0	-1	-1	-1	-1	-1	-1	13	0	
156	11700487	579	-1	21	蔑里岂士兵		48.097149	51.311005	27	-1	1000	-1	-1	1	0	-1	-1	-1	-1	-1	-1	13	0	
157	11700489	579	-1	21	蔑里岂士兵		60.839027	57.218121	27	-1	1000	-1	-1	1	0	-1	-1	-1	-1	-1	-1	13	0	
158	11700490	579	-1	21	蔑里岂士兵		68.973045	71.244446	27	-1	1000	-1	-1	1	0	-1	-1	-1	-1	-1	-1	13	0	
159	11700493	579	-1	21	蔑里岂士兵		71.723335	66.184425	27	-1	1000	-1	-1	1	0	-1	-1	-1	-1	-1	-1	13	0	
160	11700495	579	-1	21	蔑里岂士兵		70.583466	50.494488	27	-1	1000	-1	-1	1	0	-1	-1	-1	-1	-1	-1	13	0	
161	11700496	579	-1	21	蔑里岂士兵		60.421089	76.616219	27	-1	1000	-1	-1	1	0	-1	-1	-1	-1	-1	-1	13	0	
162	11700498	579	-1	21	蔑里岂士兵		66.872948	58.741035	27	-1	1000	-1	-1	1	0	-1	-1	-1	-1	-1	-1	13	0	
163	11700500	579	-1	21	蔑里岂士兵		72.753090	56.082607	27	-1	1000	-1	-1	1	0	-1	-1	-1	-1	-1	-1	13	0	
164	11700504	579	-1	21	蔑里岂士兵		41.463310	61.944313	27	-1	1000	-1	-1	1	0	-1	-1	-1	-1	-1	-1	13	0	
165	11700505	579	-1	21	蔑里岂士兵		40.683136	71.406311	27	-1	1000	-1	-1	1	0	-1	-1	-1	-1	-1	-1	13	0	
166	11700507	579	-1	21	蔑里岂士兵		38.002647	88.914444	27	-1	1000	-1	-1	1	0	-1	-1	-1	-1	-1	-1	13	0	
167	11700511	579	-1	21	蔑里岂士兵		53.694176	76.453369	27	-1	1000	-1	-1	1	0	-1	-1	-1	-1	-1	-1	13	0	
168	11700513	579	-1	21	蔑里岂士兵		47.772896	105.835854	27	-1	1000	-1	-1	1	0	-1	-1	-1	-1	-1	-1	13	0	
169	11700516	579	-1	21	蔑里岂士兵		60.717484	112.986244	27	-1	1000	-1	-1	1	0	-1	-1	-1	-1	-1	-1	13	0	
170	11469795	579	-1	21	蔑里岂士兵		61.400440	106.137337	31	-1	1000	-1	-1	1	0	-1	-1	-1	-1	-1	-1	13	0	
171	11469805	579	-1	21	蔑里岂士兵		55.157032	102.497139	15	-1	1000	-1	-1	1	0	-1	-1	-1	-1	-1	-1	13	0	
172	11469844	579	-1	21	蔑里岂士兵		70.858063	92.536980	15	-1	1000	-1	-1	1	0	-1	-1	-1	-1	-1	-1	13	0	
173	11469846	579	-1	21	蔑里岂士兵		69.860992	103.108627	15	-1	1000	-1	-1	1	0	-1	-1	-1	-1	-1	-1	13	0	
174	11469892	579	-1	21	蔑里岂士兵		44.324970	95.567047	29	-1	1000	-1	-1	1	0	-1	-1	-1	-1	-1	-1	13	0	
175	11469897	579	-1	21	蔑里岂士兵		51.084385	90.576363	0	-1	1000	-1	-1	1	0	-1	-1	-1	-1	-1	-1	13	0	
176	11700525	621	-1	21	托尔歹	托尔歹三兄弟	178.014725	188.854309	19	-1	1000	-1	-1	1	0	-1	-1	-1	-1	-1	-1	11	0	
177	11700527	621	-1	21	托多歹	托尔歹三兄弟	174.416382	185.310623	27	-1	1000	-1	-1	1	0	-1	-1	-1	-1	-1	-1	11	0	
178	11700528	621	-1	21	托恶歹	托尔歹三兄弟	174.365540	192.981110	11	-1	1000	-1	-1	1	0	-1	-1	-1	-1	-1	-1	11	0	
179	14700250	575	-1	21	马贼		153.053925	210.411331	4	-1	1000	-1	-1	1	0	-1	-1	-1	-1	-1	-1	10	0	
180	14700251	575	-1	21	马贼		184.469284	197.091675	4	-1	1000	-1	-1	1	0	-1	-1	-1	-1	-1	-1	10	0	
181	14700252	575	-1	21	马贼		179.742584	195.177490	12	-1	1000	-1	-1	1	0	-1	-1	-1	-1	-1	-1	10	0	
182	14700253	575	-1	21	马贼		180.797546	209.214890	4	-1	1000	-1	-1	1	0	-1	-1	-1	-1	-1	-1	10	0	
183	14700254	575	-1	21	马贼		178.317368	200.889328	4	-1	1000	-1	-1	1	0	-1	-1	-1	-1	-1	-1	10	0	
184	14700255	575	-1	21	马贼		154.450043	213.781937	4	-1	1000	-1	-1	1	0	-1	-1	-1	-1	-1	-1	10	0	
185	14700256	575	-1	21	马贼		195.514740	183.074219	4	-1	1000	-1	-1	1	0	-1	-1	-1	-1	-1	-1	10	0	
186	14700257	575	-1	21	马贼		200.853348	198.022736	4	-1	1000	-1	-1	1	0	-1	-1	-1	-1	-1	-1	10	0	
187	14700258	575	-1	21	马贼		181.649796	180.591248	20	-1	1000	-1	-1	1	0	-1	-1	-1	-1	-1	-1	10	0	
188	14700259	575	-1	21	马贼		198.522736	186.613174	4	-1	1000	-1	-1	1	0	-1	-1	-1	-1	-1	-1	10	0	
189	14700260	575	-1	21	马贼		197.769226	192.630569	4	-1	1000	-1	-1	1	0	-1	-1	-1	-1	-1	-1	10	0	
190	14700261	575	-1	21	马贼		154.392609	203.997894	4	-1	1000	-1	-1	1	0	-1	-1	-1	-1	-1	-1	10	0	
191	11700187	575	-1	21	马贼		113.986053	207.603378	6	-1	1000	-1	-1	1	0	-1	-1	-1	-1	-1	-1	10	0	
192	11700207	575	-1	21	马贼		113.040222	201.772568	11	-1	1000	-1	-1	1	0	-1	-1	-1	-1	-1	-1	10	0	
193	11700224	575	-1	21	马贼		183.568848	206.131424	4	-1	1000	-1	-1	1	0	-1	-1	-1	-1	-1	-1	10	0	
194	11700233	575	-1	21	马贼		174.567383	199.947845	4	-1	1000	-1	-1	1	0	-1	-1	-1	-1	-1	-1	10	0	
195	11700250	575	-1	21	马贼		140.978790	207.864426	4	-1	1000	-1	-1	1	0	-1	-1	-1	-1	-1	-1	10	0	
196	11700251	575	-1	21	马贼		155.750366	209.463104	4	-1	1000	-1	-1	1	0	-1	-1	-1	-1	-1	-1	10	0	
197	11700253	575	-1	21	马贼		131.567688	201.827866	4	-1	1000	-1	-1	1	0	-1	-1	-1	-1	-1	-1	10	0	
198	11700254	575	-1	21	马贼		177.818390	177.764297	4	-1	1000	-1	-1	1	0	-1	-1	-1	-1	-1	-1	10	0	
199	11700256	575	-1	21	马贼		183.796829	200.704254	4	-1	1000	-1	-1	1	0	-1	-1	-1	-1	-1	-1	10	0	
200	11700260	575	-1	21	马贼		195.178207	189.602097	4	-1	1000	-1	-1	1	0	-1	-1	-1	-1	-1	-1	10	0	
201	11700261	575	-1	21	马贼		197.646896	195.342636	4	-1	1000	-1	-1	1	0	-1	-1	-1	-1	-1	-1	10	0	
202	11700263	575	-1	21	马贼		170.022675	194.154114	4	-1	1000	-1	-1	1	0	-1	-1	-1	-1	-1	-1	10	0	
203	11700265	575	-1	21	马贼		152.249985	206.947464	4	-1	1000	-1	-1	1	0	-1	-1	-1	-1	-1	-1	10	0	
204	11700267	575	-1	21	马贼		171.079056	199.798920	4	-1	1000	-1	-1	1	0	-1	-1	-1	-1	-1	-1	10	0	
205	11700268	575	-1	21	马贼		164.471542	196.022659	4	-1	1000	-1	-1	1	0	-1	-1	-1	-1	-1	-1	10	0	
206	11700269	575	-1	21	马贼		165.429276	191.255920	4	-1	1000	-1	-1	1	0	-1	-1	-1	-1	-1	-1	10	0	
207	11700271	575	-1	21	马贼		158.797974	206.794708	11	-1	1000	-1	-1	1	0	-1	-1	-1	-1	-1	-1	10	0	
208	11695569	575	-1	21	马贼		159.065643	211.094955	27	-1	1000	-1	-1	1	0	-1	-1	-1	-1	-1	-1	10	0	
209	14700262	575	-1	21	马贼		199.222900	181.300644	0	0	1000	-1	-1	1	0	-1	-1	-1	-1	-1	-1	10	0	
210	14700263	575	-1	21	马贼		183.000641	185.370865	20	0	1000	-1	-1	1	0	-1	-1	-1	-1	-1	-1	10	0	
211	14700264	575	-1	21	马贼		183.166321	190.798218	20	0	1000	-1	-1	1	0	-1	-1	-1	-1	-1	-1	10	0	
212	14700265	575	-1	21	马贼		125.448715	199.968887	0	0	1000	-1	-1	1	0	-1	-1	-1	-1	-1	-1	10	0	
213	14700266	575	-1	21	马贼		123.337280	202.414810	0	0	1000	-1	-1	1	0	-1	-1	-1	-1	-1	-1	10	0	
214	14700267	575	-1	21	马贼		168.577896	178.671631	0	0	1000	-1	-1	1	0	-1	-1	-1	-1	-1	-1	10	0	
215	14700268	575	-1	21	马贼		120.945869	206.394485	0	0	1000	-1	-1	1	0	-1	-1	-1	-1	-1	-1	10	0	
216	14700269	575	-1	21	马贼		133.236069	189.708359	0	0	1000	-1	-1	1	0	-1	-1	-1	-1	-1	-1	10	0	
217	14700270	575	-1	21	马贼		110.072342	205.565353	0	0	1000	-1	-1	1	0	-1	-1	-1	-1	-1	-1	10	0	
218	14700271	575	-1	21	马贼		121.346474	192.530334	0	0	1000	-1	-1	1	0	-1	-1	-1	-1	-1	-1	10	0	
219	14700272	575	-1	21	马贼		116.705292	203.022644	0	0	1000	-1	-1	1	0	-1	-1	-1	-1	-1	-1	10	0	
220	14700273	575	-1	21	马贼		172.910721	177.581711	8	0	1000	-1	-1	1	0	-1	-1	-1	-1	-1	-1	10	0	
221	14700274	575	-1	21	马贼		130.991531	183.731171	0	0	1000	-1	-1	1	0	-1	-1	-1	-1	-1	-1	10	0	
222	14700275	575	-1	21	马贼		133.654617	184.530807	0	0	1000	-1	-1	1	0	-1	-1	-1	-1	-1	-1	10	0	
223	14700276	575	-1	21	马贼		123.063576	190.508240	0	0	1000	-1	-1	1	0	-1	-1	-1	-1	-1	-1	10	0	
224	14700277	575	-1	21	马贼		132.839905	181.887665	0	0	1000	-1	-1	1	0	-1	-1	-1	-1	-1	-1	10	0	
225	14700278	575	-1	21	马贼		127.218925	192.766373	0	0	1000	-1	-1	1	0	-1	-1	-1	-1	-1	-1	10	0	
226	14700279	575	-1	21	马贼		116.598206	206.158920	0	0	1000	-1	-1	1	0	-1	-1	-1	-1	-1	-1	10	0	
227	14700280	575	-1	21	马贼		130.985779	193.993332	0	0	1000	-1	-1	1	0	-1	-1	-1	-1	-1	-1	10	0	
228	14700281	575	-1	21	马贼		114.156494	205.356659	0	0	1000	-1	-1	1	0	-1	-1	-1	-1	-1	-1	10	0	
229	14700282	575	-1	21	马贼		123.929420	193.684586	0	0	1000	-1	-1	1	0	-1	-1	-1	-1	-1	-1	10	0	
230	14700283	575	-1	21	马贼		159.491913	196.347839	0	0	1000	-1	-1	1	0	-1	-1	-1	-1	-1	-1	10	0	
231	14700284	575	-1	21	马贼		156.793961	196.337479	0	0	1000	-1	-1	1	0	-1	-1	-1	-1	-1	-1	10	0	
232	14700285	575	-1	21	马贼		135.799103	181.939636	0	0	1000	-1	-1	1	0	-1	-1	-1	-1	-1	-1	10	0	
233	14700286	575	-1	21	马贼		122.610291	198.458603	0	0	1000	-1	-1	1	0	-1	-1	-1	-1	-1	-1	10	0	
234	14700287	575	-1	21	马贼		126.910469	197.034332	0	0	1000	-1	-1	1	0	-1	-1	-1	-1	-1	-1	10	0	
235	14700288	575	-1	21	马贼		143.740768	208.496780	0	0	1000	-1	-1	1	0	-1	-1	-1	-1	-1	-1	10	0	
236	14700289	575	-1	21	马贼		131.321869	204.112656	0	0	1000	-1	-1	1	0	-1	-1	-1	-1	-1	-1	10	0	
237	14700290	575	-1	21	马贼		130.115799	206.611618	0	0	1000	-1	-1	1	0	-1	-1	-1	-1	-1	-1	10	0	
238	14700291	575	-1	21	马贼		133.316467	206.934753	0	0	1000	-1	-1	1	0	-1	-1	-1	-1	-1	-1	10	0	
239	14700292	575	-1	21	马贼		137.608780	181.344971	0	0	1000	-1	-1	1	0	-1	-1	-1	-1	-1	-1	10	0	
240	14700293	575	-1	21	马贼		109.992584	201.719208	0	0	1000	-1	-1	1	0	-1	-1	-1	-1	-1	-1	10	0	
241	14700294	575	-1	21	马贼		128.318771	203.890808	0	0	1000	-1	-1	1	0	-1	-1	-1	-1	-1	-1	10	0	
