NUM	NUM	NUM	NUM	NUM	TEXT	TEXT	FLOAT	FLOAT	NUM	NUM	NUM	NUM	NUM	NUM	NUM	NUM	NUM	NUM	NUM	NUM	NUM	NUM	NUM
БрКХ	ЫцЛњБрКХ	attrБрКХ	ТпМ­БэБрКХ	еѓгЊБрКХ	УћГЦ	ГЦКХ	xжсзјБъ	zжсзјБъ	ГЏЯђ	НХБОБрКХ	жиЩњЪБМф	ЗжзщБрКХ	ЖгЮщБрКХ	ЛљДЁAI	AIЮФМў	бВТпТЗОЖ	ЩЬЕъ0	ЩЬЕъ1	ЩЬЕъ2	ЩЬЕъ3	УћгўID	ЕШМЖ	ОЕЯёзщ
0	1	6965	-1	21	гФЗйжЎГн		55.490494	101.201118	0	300640	10000	-1	-1	1	0	-1	-1	-1	-1	-1	-1	55	0	
1	2	6965	-1	21	гФЗйжЎГн		60.609921	102.457474	0	300640	10000	-1	-1	1	0	-1	-1	-1	-1	-1	-1	55	0	
2	3	6965	-1	21	гФЗйжЎГн		48.827335	150.316635	0	300640	10000	-1	-1	1	0	-1	-1	-1	-1	-1	-1	55	0	
3	4	6965	-1	21	гФЗйжЎГн		72.720955	131.275818	0	300640	10000	-1	-1	1	0	-1	-1	-1	-1	-1	-1	55	0	
4	5	6965	-1	21	гФЗйжЎГн		57.210339	192.67807	0	300640	10000	-1	-1	1	0	-1	-1	-1	-1	-1	-1	55	0	
5	6	6965	-1	21	гФЗйжЎГн		150.99115	189.315704	0	300640	10000	-1	-1	1	0	-1	-1	-1	-1	-1	-1	55	0	
6	7	6965	-1	21	гФЗйжЎГн		109.886642	208.300323	0	300640	10000	-1	-1	1	0	-1	-1	-1	-1	-1	-1	55	0	
7	8	6965	-1	21	гФЗйжЎГн		109.425476	152.614014	0	300640	10000	-1	-1	1	0	-1	-1	-1	-1	-1	-1	55	0	
8	9	6965	-1	21	гФЗйжЎГн		107.832497	150.107361	0	300640	10000	-1	-1	1	0	-1	-1	-1	-1	-1	-1	55	0	
9	10	6965	-1	21	гФЗйжЎГн		108.814598	100.762154	0	300640	10000	-1	-1	1	0	-1	-1	-1	-1	-1	-1	55	0	
10	13	6964	-1	21	гФАЕжЎЭЋ		189.135468	59.158859	0	300640	10000	-1	-1	1	0	-1	-1	-1	-1	-1	-1	50	0	
11	14	6964	-1	21	гФАЕжЎЭЋ		172.150085	108.254616	0	300640	10000	-1	-1	1	0	-1	-1	-1	-1	-1	-1	50	0	
12	15	6964	-1	21	гФАЕжЎЭЋ		196.727722	126.725945	0	300640	10000	-1	-1	1	0	-1	-1	-1	-1	-1	-1	50	0	
13	16	6964	-1	21	гФАЕжЎЭЋ		172.628235	149.635101	0	300640	10000	-1	-1	1	0	-1	-1	-1	-1	-1	-1	50	0	
14	17	6964	-1	21	гФАЕжЎЭЋ		186.297104	194.260178	0	300640	10000	-1	-1	1	0	-1	-1	-1	-1	-1	-1	50	0	
15	4	6965	-1	21	гФЗйжЎГн		72.027718	132.695602	0	300640	10000	-1	-1	1	0	-1	-1	-1	-1	-1	-1	55	0	
16	5	6965	-1	21	гФЗйжЎГн		56.207745	191.115768	0	300640	10000	-1	-1	1	0	-1	-1	-1	-1	-1	-1	55	0	
17	6	6965	-1	21	гФЗйжЎГн		148.657578	188.739655	0	300640	10000	-1	-1	1	0	-1	-1	-1	-1	-1	-1	55	0	
18	7	6965	-1	21	гФЗйжЎГн		110.432724	209.824188	0	300640	10000	-1	-1	1	0	-1	-1	-1	-1	-1	-1	55	0	
19	8	6965	-1	21	гФЗйжЎГн		108.439423	148.319305	0	300640	10000	-1	-1	1	0	-1	-1	-1	-1	-1	-1	55	0	
20	9	6965	-1	21	гФЗйжЎГн		146.345627	154.119034	0	300640	10000	-1	-1	1	0	-1	-1	-1	-1	-1	-1	55	0	
21	10	6965	-1	21	гФЗйжЎГн		108.745537	102.137108	0	300640	10000	-1	-1	1	0	-1	-1	-1	-1	-1	-1	55	0	
22	12	6964	-1	21	гФАЕжЎЭЋ		149.117386	60.704746	0	300640	10000	-1	-1	1	0	-1	-1	-1	-1	-1	-1	50	0	
23	13	6964	-1	21	гФАЕжЎЭЋ		189.301147	60.12685	0	300640	10000	-1	-1	1	0	-1	-1	-1	-1	-1	-1	50	0	
24	14	6964	-1	21	гФАЕжЎЭЋ		170.654831	106.281639	0	300640	10000	-1	-1	1	0	-1	-1	-1	-1	-1	-1	50	0	
25	15	6964	-1	21	гФАЕжЎЭЋ		195.825317	127.637634	0	300640	10000	-1	-1	1	0	-1	-1	-1	-1	-1	-1	50	0	
26	16	6964	-1	21	гФАЕжЎЭЋ		172.624344	148.40538	0	300640	10000	-1	-1	1	0	-1	-1	-1	-1	-1	-1	50	0	
27	17	6964	-1	21	гФАЕжЎЭЋ		187.285263	195.576385	0	300640	10000	-1	-1	1	0	-1	-1	-1	-1	-1	-1	50	0	
28	2	6965	-1	21	гФЗйжЎГн		57.260788	100.566727	0	300640	10000	-1	-1	1	0	-1	-1	-1	-1	-1	-1	55	0	
29	3	6965	-1	21	гФЗйжЎГн		56.03146	102.605965	0	300640	10000	-1	-1	1	0	-1	-1	-1	-1	-1	-1	55	0	
30	4	6965	-1	21	гФЗйжЎГн		70.605125	130.202911	0	300640	10000	-1	-1	1	0	-1	-1	-1	-1	-1	-1	55	0	
31	5	6965	-1	21	гФЗйжЎГн		57.663277	191.827789	0	300640	10000	-1	-1	1	0	-1	-1	-1	-1	-1	-1	55	0	
32	6	6965	-1	21	гФЗйжЎГн		152.539703	187.952972	0	300640	10000	-1	-1	1	0	-1	-1	-1	-1	-1	-1	55	0	
33	7	6965	-1	21	гФЗйжЎГн		108.941048	209.847168	0	300640	10000	-1	-1	1	0	-1	-1	-1	-1	-1	-1	55	0	
34	8	6965	-1	21	гФЗйжЎГн		108.580223	150.425522	0	300640	10000	-1	-1	1	0	-1	-1	-1	-1	-1	-1	55	0	
35	9	6965	-1	21	гФЗйжЎГн		146.45163	153.139771	0	300640	10000	-1	-1	1	0	-1	-1	-1	-1	-1	-1	55	0	
36	10	6965	-1	21	гФЗйжЎГн		106.912346	99.458855	0	300640	10000	-1	-1	1	0	-1	-1	-1	-1	-1	-1	55	0	
37	12	6964	-1	21	гФАЕжЎЭЋ		150.288742	62.189003	0	300640	10000	-1	-1	1	0	-1	-1	-1	-1	-1	-1	50	0	
38	13	6964	-1	21	гФАЕжЎЭЋ		187.923416	58.031296	0	300640	10000	-1	-1	1	0	-1	-1	-1	-1	-1	-1	50	0	
39	14	6964	-1	21	гФАЕжЎЭЋ		172.713058	107.05294	0	300640	10000	-1	-1	1	0	-1	-1	-1	-1	-1	-1	50	0	
40	15	6964	-1	21	гФАЕжЎЭЋ		197.283035	125.88533	0	300640	10000	-1	-1	1	0	-1	-1	-1	-1	-1	-1	50	0	
41	16	6964	-1	21	гФАЕжЎЭЋ		172.902863	147.565857	0	300640	10000	-1	-1	1	0	-1	-1	-1	-1	-1	-1	50	0	
42	17	6964	-1	21	гФАЕжЎЭЋ		185.18576	195.762283	0	300640	10000	-1	-1	1	0	-1	-1	-1	-1	-1	-1	50	0	
43	2	6965	-1	21	гФЗйжЎГн		59.587997	104.706177	0	300640	10000	-1	-1	1	0	-1	-1	-1	-1	-1	-1	55	0	
44	4	6965	-1	21	гФЗйжЎГн		70.123016	128.588028	0	300640	10000	-1	-1	1	0	-1	-1	-1	-1	-1	-1	55	0	
45	5	6965	-1	21	гФЗйжЎГн		57.113911	189.216644	0	300640	10000	-1	-1	1	0	-1	-1	-1	-1	-1	-1	55	0	
46	6	6965	-1	21	гФЗйжЎГн		152.219406	189.332092	0	300640	10000	-1	-1	1	0	-1	-1	-1	-1	-1	-1	55	0	
47	7	6965	-1	21	гФЗйжЎГн		110.468781	210.228714	0	300640	10000	-1	-1	1	0	-1	-1	-1	-1	-1	-1	55	0	
48	8	6965	-1	21	гФЗйжЎГн		110.472145	149.20079	0	300640	10000	-1	-1	1	0	-1	-1	-1	-1	-1	-1	55	0	
49	9	6965	-1	21	гФЗйжЎГн		144.949432	148.577911	0	300640	10000	-1	-1	1	0	-1	-1	-1	-1	-1	-1	55	0	
50	10	6965	-1	21	гФЗйжЎГн		105.529709	102.067383	0	300640	10000	-1	-1	1	0	-1	-1	-1	-1	-1	-1	55	0	
51	12	6964	-1	21	гФАЕжЎЭЋ		150.026596	61.153778	0	300640	10000	-1	-1	1	0	-1	-1	-1	-1	-1	-1	50	0	
52	13	6964	-1	21	гФАЕжЎЭЋ		187.932388	61.101871	0	300640	10000	-1	-1	1	0	-1	-1	-1	-1	-1	-1	50	0	
53	14	6964	-1	21	гФАЕжЎЭЋ		169.666611	108.122452	0	300640	10000	-1	-1	1	0	-1	-1	-1	-1	-1	-1	50	0	
54	15	6964	-1	21	гФАЕжЎЭЋ		195.33313	126.377396	0	300640	10000	-1	-1	1	0	-1	-1	-1	-1	-1	-1	50	0	
55	16	6964	-1	21	гФАЕжЎЭЋ		173.917618	149.125351	0	300640	10000	-1	-1	1	0	-1	-1	-1	-1	-1	-1	50	0	
56	17	6964	-1	21	гФАЕжЎЭЋ		186.577682	197.00238	0	300640	10000	-1	-1	1	0	-1	-1	-1	-1	-1	-1	50	0	
57	4	6965	-1	21	гФЗйжЎГн		73.649147	129.400955	0	300640	10000	-1	-1	1	0	-1	-1	-1	-1	-1	-1	55	0	
58	5	6965	-1	21	гФЗйжЎГн		59.274273	193.593262	0	300640	10000	-1	-1	1	0	-1	-1	-1	-1	-1	-1	55	0	
59	6	6965	-1	21	гФЗйжЎГн		149.075699	189.896179	0	300640	10000	-1	-1	1	0	-1	-1	-1	-1	-1	-1	55	0	
60	7	6965	-1	21	гФЗйжЎГн		114.569565	211.097946	0	300640	10000	-1	-1	1	0	-1	-1	-1	-1	-1	-1	55	0	
61	8	6965	-1	21	гФЗйжЎГн		111.514893	151.392197	0	300640	10000	-1	-1	1	0	-1	-1	-1	-1	-1	-1	55	0	
62	9	6965	-1	21	гФЗйжЎГн		145.63501	150.842514	0	300640	10000	-1	-1	1	0	-1	-1	-1	-1	-1	-1	55	0	
63	10	6965	-1	21	гФЗйжЎГн		109.537964	98.591537	0	300640	10000	-1	-1	1	0	-1	-1	-1	-1	-1	-1	55	0	
64	13	6964	-1	21	гФАЕжЎЭЋ		186.395966	59.97599	0	300640	10000	-1	-1	1	0	-1	-1	-1	-1	-1	-1	50	0	
65	14	6964	-1	21	гФАЕжЎЭЋ		172.00058	105.85453	0	300640	10000	-1	-1	1	0	-1	-1	-1	-1	-1	-1	50	0	
66	15	6964	-1	21	гФАЕжЎЭЋ		196.305618	125.466003	0	300640	10000	-1	-1	1	0	-1	-1	-1	-1	-1	-1	50	0	
67	16	6964	-1	21	гФАЕжЎЭЋ		173.91452	148.064392	0	300640	10000	-1	-1	1	0	-1	-1	-1	-1	-1	-1	50	0	
68	17	6964	-1	21	гФАЕжЎЭЋ		185.460022	193.477997	0	300640	10000	-1	-1	1	0	-1	-1	-1	-1	-1	-1	50	0	
69	1	6965	-1	21	гФЗйжЎГн		58.010845	102.015961	0	300640	10000	-1	-1	1	0	-1	-1	-1	-1	-1	-1	55	0	
70	2	6965	-1	21	гФЗйжЎГн		55.974648	104.402702	0	300640	10000	-1	-1	1	0	-1	-1	-1	-1	-1	-1	55	0	
71	4	6965	-1	21	гФЗйжЎГн		69.765892	132.06308	0	300640	10000	-1	-1	1	0	-1	-1	-1	-1	-1	-1	55	0	
72	5	6965	-1	21	гФЗйжЎГн		57.912193	189.863647	0	300640	10000	-1	-1	1	0	-1	-1	-1	-1	-1	-1	55	0	
73	6	6965	-1	21	гФЗйжЎГн		152.634537	190.170715	0	300640	10000	-1	-1	1	0	-1	-1	-1	-1	-1	-1	55	0	
74	7	6965	-1	21	гФЗйжЎГн		111.907486	211.639526	0	300640	10000	-1	-1	1	0	-1	-1	-1	-1	-1	-1	55	0	
75	8	6965	-1	21	гФЗйжЎГн		107.446251	150.143585	0	300640	10000	-1	-1	1	0	-1	-1	-1	-1	-1	-1	55	0	
76	9	6965	-1	21	гФЗйжЎГн		145.403412	151.672516	0	300640	10000	-1	-1	1	0	-1	-1	-1	-1	-1	-1	55	0	
77	10	6965	-1	21	гФЗйжЎГн		108.240135	104.01931	0	300640	10000	-1	-1	1	0	-1	-1	-1	-1	-1	-1	55	0	
78	11	6964	-1	21	гФАЕжЎЭЋ		97.956459	56.866543	0	300640	10000	-1	-1	1	0	-1	-1	-1	-1	-1	-1	50	0	
79	12	6964	-1	21	гФАЕжЎЭЋ		150.349091	60.504581	0	300640	10000	-1	-1	1	0	-1	-1	-1	-1	-1	-1	50	0	
80	13	6964	-1	21	гФАЕжЎЭЋ		186.631607	57.792023	0	300640	10000	-1	-1	1	0	-1	-1	-1	-1	-1	-1	50	0	
81	14	6964	-1	21	гФАЕжЎЭЋ		170.592606	109.249657	0	300640	10000	-1	-1	1	0	-1	-1	-1	-1	-1	-1	50	0	
82	15	6964	-1	21	гФАЕжЎЭЋ		197.149506	127.775459	0	300640	10000	-1	-1	1	0	-1	-1	-1	-1	-1	-1	50	0	
83	16	6964	-1	21	гФАЕжЎЭЋ		172.50795	147.008652	0	300640	10000	-1	-1	1	0	-1	-1	-1	-1	-1	-1	50	0	
84	17	6964	-1	21	гФАЕжЎЭЋ		185.631104	194.74559	0	300640	10000	-1	-1	1	0	-1	-1	-1	-1	-1	-1	50	0	
85	2	6965	-1	21	гФЗйжЎГн		55.470421	105.30014	0	300640	10000	-1	-1	1	0	-1	-1	-1	-1	-1	-1	55	0	
86	4	6965	-1	21	гФЗйжЎГн		75.096931	132.205582	0	300640	10000	-1	-1	1	0	-1	-1	-1	-1	-1	-1	55	0	
87	5	6965	-1	21	гФЗйжЎГн		60.851933	190.299301	0	300640	10000	-1	-1	1	0	-1	-1	-1	-1	-1	-1	55	0	
88	6	6965	-1	21	гФЗйжЎГн		152.731476	191.85376	0	300640	10000	-1	-1	1	0	-1	-1	-1	-1	-1	-1	55	0	
89	7	6965	-1	21	гФЗйжЎГн		110.516907	211.321518	0	300640	10000	-1	-1	1	0	-1	-1	-1	-1	-1	-1	55	0	
90	8	6965	-1	21	гФЗйжЎГн		108.6399	151.273148	0	300640	10000	-1	-1	1	0	-1	-1	-1	-1	-1	-1	55	0	
91	9	6965	-1	21	гФЗйжЎГн		144.270523	152.656219	0	300640	10000	-1	-1	1	0	-1	-1	-1	-1	-1	-1	55	0	
92	10	6965	-1	21	гФЗйжЎГн		109.769356	103.076538	0	300640	10000	-1	-1	1	0	-1	-1	-1	-1	-1	-1	55	0	
93	14	6964	-1	21	гФАЕжЎЭЋ		171.939438	109.314964	0	300640	10000	-1	-1	1	0	-1	-1	-1	-1	-1	-1	50	0	
94	15	6964	-1	21	гФАЕжЎЭЋ		198.259552	126.584167	0	300640	10000	-1	-1	1	0	-1	-1	-1	-1	-1	-1	50	0	
95	16	6964	-1	21	гФАЕжЎЭЋ		173.864548	150.019485	0	300640	10000	-1	-1	1	0	-1	-1	-1	-1	-1	-1	50	0	
96	17	6964	-1	21	гФАЕжЎЭЋ		187.176208	194.103821	0	300640	10000	-1	-1	1	0	-1	-1	-1	-1	-1	-1	50	0	
97	2	6965	-1	21	гФЗйжЎГн		58.759308	103.253548	0	300640	10000	-1	-1	1	0	-1	-1	-1	-1	-1	-1	55	0	
98	4	6965	-1	21	гФЗйжЎГн		70.267242	127.40313	0	300640	10000	-1	-1	1	0	-1	-1	-1	-1	-1	-1	55	0	
99	5	6965	-1	21	гФЗйжЎГн		61.275192	192.473572	0	300640	10000	-1	-1	1	0	-1	-1	-1	-1	-1	-1	55	0	
100	6	6965	-1	21	гФЗйжЎГн		151.429443	191.71022	0	300640	10000	-1	-1	1	0	-1	-1	-1	-1	-1	-1	55	0	
101	7	6965	-1	21	гФЗйжЎГн		113.924652	209.37793	0	300640	10000	-1	-1	1	0	-1	-1	-1	-1	-1	-1	55	0	
102	8	6965	-1	21	гФЗйжЎГн		110.306511	151.306473	0	300640	10000	-1	-1	1	0	-1	-1	-1	-1	-1	-1	55	0	
103	9	6965	-1	21	гФЗйжЎГн		143.39534	150.102005	0	300640	10000	-1	-1	1	0	-1	-1	-1	-1	-1	-1	55	0	
104	10	6965	-1	21	гФЗйжЎГн		106.192032	103.298767	0	300640	10000	-1	-1	1	0	-1	-1	-1	-1	-1	-1	55	0	
105	11	6964	-1	21	гФАЕжЎЭЋ		122.8153	56.457199	0	300640	10000	-1	-1	1	0	-1	-1	-1	-1	-1	-1	50	0	
106	12	6964	-1	21	гФАЕжЎЭЋ		152.004486	61.761177	0	300640	10000	-1	-1	1	0	-1	-1	-1	-1	-1	-1	50	0	
107	13	6964	-1	21	гФАЕжЎЭЋ		187.991074	60.07394	0	300640	10000	-1	-1	1	0	-1	-1	-1	-1	-1	-1	50	0	
108	14	6964	-1	21	гФАЕжЎЭЋ		170.869659	107.199371	0	300640	10000	-1	-1	1	0	-1	-1	-1	-1	-1	-1	50	0	
109	15	6964	-1	21	гФАЕжЎЭЋ		194.357773	127.009262	0	300640	10000	-1	-1	1	0	-1	-1	-1	-1	-1	-1	50	0	
110	16	6964	-1	21	гФАЕжЎЭЋ		171.162537	148.46817	0	300640	10000	-1	-1	1	0	-1	-1	-1	-1	-1	-1	50	0	
111	17	6964	-1	21	гФАЕжЎЭЋ		187.083572	193.234467	0	300640	10000	-1	-1	1	0	-1	-1	-1	-1	-1	-1	50	0	
112	1	6965	-1	21	гФЗйжЎГн		59.101463	99.906578	0	300640	10000	-1	-1	1	0	-1	-1	-1	-1	-1	-1	55	0	
113	2	6965	-1	21	гФЗйжЎГн		71.608887	129.295029	0	300640	10000	-1	-1	1	0	-1	-1	-1	-1	-1	-1	55	0	
114	4	6965	-1	21	гФЗйжЎГн		69.447556	131.18338	0	300640	10000	-1	-1	1	0	-1	-1	-1	-1	-1	-1	55	0	
115	5	6965	-1	21	гФЗйжЎГн		60.608532	193.133545	0	300640	10000	-1	-1	1	0	-1	-1	-1	-1	-1	-1	55	0	
116	6	6965	-1	21	гФЗйжЎГн		151.144257	189.205322	0	300640	10000	-1	-1	1	0	-1	-1	-1	-1	-1	-1	55	0	
117	7	6965	-1	21	гФЗйжЎГн		113.081528	208.266006	0	300640	10000	-1	-1	1	0	-1	-1	-1	-1	-1	-1	55	0	
118	8	6965	-1	21	гФЗйжЎГн		109.136055	148.554916	0	300640	10000	-1	-1	1	0	-1	-1	-1	-1	-1	-1	55	0	
119	9	6965	-1	21	гФЗйжЎГн		145.052536	150.105896	0	300640	10000	-1	-1	1	0	-1	-1	-1	-1	-1	-1	55	0	
120	10	6965	-1	21	гФЗйжЎГн		110.346779	101.123344	0	300640	10000	-1	-1	1	0	-1	-1	-1	-1	-1	-1	55	0	
121	12	6964	-1	21	гФАЕжЎЭЋ		152.298569	60.66563	0	300640	10000	-1	-1	1	0	-1	-1	-1	-1	-1	-1	50	0	
122	13	6964	-1	21	гФАЕжЎЭЋ		186.346146	61.07058	0	300640	10000	-1	-1	1	0	-1	-1	-1	-1	-1	-1	50	0	
123	14	6964	-1	21	гФАЕжЎЭЋ		171.001053	108.044121	0	300640	10000	-1	-1	1	0	-1	-1	-1	-1	-1	-1	50	0	
124	15	6964	-1	21	гФАЕжЎЭЋ		194.146378	126.168266	0	300640	10000	-1	-1	1	0	-1	-1	-1	-1	-1	-1	50	0	
125	16	6964	-1	21	гФАЕжЎЭЋ		175.42894	148.225006	0	300640	10000	-1	-1	1	0	-1	-1	-1	-1	-1	-1	50	0	
126	17	6964	-1	21	гФАЕжЎЭЋ		185.39798	196.091843	0	300640	10000	-1	-1	1	0	-1	-1	-1	-1	-1	-1	50	0	
127	1	6965	-1	21	гФЗйжЎГн		56.848488	103.905342	0	300640	10000	-1	-1	1	0	-1	-1	-1	-1	-1	-1	55	0	
128	2	6965	-1	21	гФЗйжЎГн		73.321503	128.144287	0	300640	10000	-1	-1	1	0	-1	-1	-1	-1	-1	-1	55	0	
129	7	6965	-1	21	гФЗйжЎГн		113.166985	207.240677	0	300640	10000	-1	-1	1	0	-1	-1	-1	-1	-1	-1	55	0	
130	8	6965	-1	21	гФЗйжЎГн		107.850677	148.582886	0	300640	10000	-1	-1	1	0	-1	-1	-1	-1	-1	-1	55	0	
131	9	6965	-1	21	гФЗйжЎГн		146.582901	150.829224	0	300640	10000	-1	-1	1	0	-1	-1	-1	-1	-1	-1	55	0	
132	10	6965	-1	21	гФЗйжЎГн		106.563934	100.655266	0	300640	10000	-1	-1	1	0	-1	-1	-1	-1	-1	-1	55	0	
133	14	6964	-1	21	гФАЕжЎЭЋ		169.423401	106.427719	0	300640	10000	-1	-1	1	0	-1	-1	-1	-1	-1	-1	50	0	
134	15	6964	-1	21	гФАЕжЎЭЋ		195.827255	128.688278	0	300640	10000	-1	-1	1	0	-1	-1	-1	-1	-1	-1	50	0	
135	16	6964	-1	21	гФАЕжЎЭЋ		174.527695	146.777405	0	300640	10000	-1	-1	1	0	-1	-1	-1	-1	-1	-1	50	0	
136	17	6964	-1	21	гФАЕжЎЭЋ		183.994476	194.319229	0	300640	10000	-1	-1	1	0	-1	-1	-1	-1	-1	-1	50	0	
137	7191855	3858	400058	20			67	103	32	0	2000	-1	-1	5	0	0	-1	-1	-1	-1	-1	50	0	
138	7191856	3859	400059	20			108	188	32	0	2000	-1	-1	5	0	1	-1	-1	-1	-1	-1	50	0	
139	7191859	3862	400062	20			105	155	32	0	2000	-1	-1	5	0	2	-1	-1	-1	-1	-1	55	0	
140	7191860	3863	400063	20			175	158	32	0	2000	-1	-1	5	0	3	-1	-1	-1	-1	-1	55	0	
141	7191861	6965	-1	21	гФЗйжЎГн		48.84119	152.102097	0	300640	10000	-1	-1	1	0	-1	-1	-1	-1	-1	-1	55	0	
142	7191862	6965	-1	21	гФЗйжЎГн		47.622246	153.607788	0	300640	10000	-1	-1	1	0	-1	-1	-1	-1	-1	-1	55	0	
143	7191863	6965	-1	21	гФЗйжЎГн		46.495758	148.497604	0	300640	10000	-1	-1	1	0	-1	-1	-1	-1	-1	-1	55	0	
144	7191864	6965	-1	21	гФЗйжЎГн		46.527252	151.907776	0	300640	10000	-1	-1	1	0	-1	-1	-1	-1	-1	-1	55	0	
145	7191865	6965	-1	21	гФЗйжЎГн		45.741955	152.411499	0	300640	10000	-1	-1	1	0	-1	-1	-1	-1	-1	-1	55	0	
146	7191866	6965	-1	21	гФЗйжЎГн		44.929951	149.726929	0	300640	10000	-1	-1	1	0	-1	-1	-1	-1	-1	-1	55	0	
147	7191867	6965	-1	21	гФЗйжЎГн		44.445145	151.21907	0	300640	10000	-1	-1	1	0	-1	-1	-1	-1	-1	-1	55	0	
148	7191868	6965	-1	21	гФЗйжЎГн		49.631313	150.950806	0	300640	10000	-1	-1	1	0	-1	-1	-1	-1	-1	-1	55	0	
149	7191869	6965	-1	21	гФЗйжЎГн		49.10461	149.170349	0	300640	10000	-1	-1	1	0	-1	-1	-1	-1	-1	-1	55	0	
150	7191870	6965	-1	21	гФЗйжЎГн		46.646698	149.135437	0	300640	10000	-1	-1	1	0	-1	-1	-1	-1	-1	-1	55	0	
151	7191871	6965	-1	21	гФЗйжЎГн		47.307392	150.548538	0	300640	10000	-1	-1	1	0	-1	-1	-1	-1	-1	-1	55	0	
152	7191872	6965	-1	21	гФЗйжЎГн		57.350761	193.788818	0	300640	10000	-1	-1	1	0	-1	-1	-1	-1	-1	-1	55	0	
153	7191873	6965	-1	21	гФЗйжЎГн		60.927902	191.353027	0	300640	10000	-1	-1	1	0	-1	-1	-1	-1	-1	-1	55	0	
154	7191874	6965	-1	21	гФЗйжЎГн		59.902084	189.188843	0	300640	10000	-1	-1	1	0	-1	-1	-1	-1	-1	-1	55	0	
155	7191875	6965	-1	21	гФЗйжЎГн		59.988663	191.095474	0	300640	10000	-1	-1	1	0	-1	-1	-1	-1	-1	-1	55	0	
156	7191876	6965	-1	21	гФЗйжЎГн		113.566002	212.530396	0	300640	10000	-1	-1	1	0	-1	-1	-1	-1	-1	-1	55	0	
157	7191877	6965	-1	21	гФЗйжЎГн		110.56015	211.0466	0	300640	10000	-1	-1	1	0	-1	-1	-1	-1	-1	-1	55	0	
158	7191878	6965	-1	21	гФЗйжЎГн		110.249237	208.98761	0	300640	10000	-1	-1	1	0	-1	-1	-1	-1	-1	-1	55	0	
159	7191879	6965	-1	21	гФЗйжЎГн		112.758629	209.838943	0	300640	10000	-1	-1	1	0	-1	-1	-1	-1	-1	-1	55	0	
160	7191880	6965	-1	21	гФЗйжЎГн		110.487427	208.918823	0	300640	10000	-1	-1	1	0	-1	-1	-1	-1	-1	-1	55	0	
161	7191881	6965	-1	21	гФЗйжЎГн		151.007538	189.706314	0	300640	10000	-1	-1	1	0	-1	-1	-1	-1	-1	-1	55	0	
162	7191882	6965	-1	21	гФЗйжЎГн		150.697449	191.322006	0	300640	10000	-1	-1	1	0	-1	-1	-1	-1	-1	-1	55	0	
163	7191883	6965	-1	21	гФЗйжЎГн		148.969742	191.267349	0	300640	10000	-1	-1	1	0	-1	-1	-1	-1	-1	-1	55	0	
164	7191884	6965	-1	21	гФЗйжЎГн		146.557877	148.887909	0	300640	10000	-1	-1	1	0	-1	-1	-1	-1	-1	-1	55	0	
165	7191885	6965	-1	21	гФЗйжЎГн		146.720551	149.615799	0	300640	10000	-1	-1	1	0	-1	-1	-1	-1	-1	-1	55	0	
166	7191886	6965	-1	21	гФЗйжЎГн		146.720551	149.615799	0	300640	10000	-1	-1	1	0	-1	-1	-1	-1	-1	-1	55	0	
167	7191887	6965	-1	21	гФЗйжЎГн		107.343697	97.069359	0	300640	10000	-1	-1	1	0	-1	-1	-1	-1	-1	-1	55	0	
168	7191888	6965	-1	21	гФЗйжЎГн		141.828995	100.952354	0	300640	10000	-1	-1	1	0	-1	-1	-1	-1	-1	-1	55	0	
169	7191889	6965	-1	21	гФЗйжЎГн		105.445778	98.443726	0	300640	10000	-1	-1	1	0	-1	-1	-1	-1	-1	-1	55	0	
170	7191890	6965	-1	21	гФЗйжЎГн		141.33577	103.317787	0	300640	10000	-1	-1	1	0	-1	-1	-1	-1	-1	-1	55	0	
171	7191891	6965	-1	21	гФЗйжЎГн		144.262772	103.660599	0	300640	10000	-1	-1	1	0	-1	-1	-1	-1	-1	-1	55	0	
172	7191892	6965	-1	21	гФЗйжЎГн		144.111816	100.728996	0	300640	10000	-1	-1	1	0	-1	-1	-1	-1	-1	-1	55	0	
173	7191893	6965	-1	21	гФЗйжЎГн		144.330551	102.444405	0	300640	10000	-1	-1	1	0	-1	-1	-1	-1	-1	-1	55	0	
174	7191894	6965	-1	21	гФЗйжЎГн		139.397659	100.962112	0	300640	10000	-1	-1	1	0	-1	-1	-1	-1	-1	-1	55	0	
175	7191895	6965	-1	21	гФЗйжЎГн		141.627838	105.464226	0	300640	10000	-1	-1	1	0	-1	-1	-1	-1	-1	-1	55	0	
176	7191896	6965	-1	21	гФЗйжЎГн		138.043228	103.26226	0	300640	10000	-1	-1	1	0	-1	-1	-1	-1	-1	-1	55	0	
177	7191897	6965	-1	21	гФЗйжЎГн		139.624649	105.18985	0	300640	10000	-1	-1	1	0	-1	-1	-1	-1	-1	-1	55	0	
178	7191898	6965	-1	21	гФЗйжЎГн		139.186554	102.252838	0	300640	10000	-1	-1	1	0	-1	-1	-1	-1	-1	-1	55	0	
179	7191899	6965	-1	21	гФЗйжЎГн		143.981598	105.02137	0	300640	10000	-1	-1	1	0	-1	-1	-1	-1	-1	-1	55	0	
180	7191900	6965	-1	21	гФЗйжЎГн		142.616623	101.736687	0	300640	10000	-1	-1	1	0	-1	-1	-1	-1	-1	-1	55	0	
181	7191902	6964	-1	21	гФАЕжЎЭЋ		125.121674	58.699112	0	300640	10000	-1	-1	1	0	-1	-1	-1	-1	-1	-1	50	0	
182	7191903	6964	-1	21	гФАЕжЎЭЋ		149.726471	58.829472	0	300640	10000	-1	-1	1	0	-1	-1	-1	-1	-1	-1	50	0	
183	7191904	6964	-1	21	гФАЕжЎЭЋ		151.32106	58.823956	0	300640	10000	-1	-1	1	0	-1	-1	-1	-1	-1	-1	50	0	
184	7191905	6964	-1	21	гФАЕжЎЭЋ		152.02066	59.768356	0	300640	10000	-1	-1	1	0	-1	-1	-1	-1	-1	-1	50	0	
185	7191906	6964	-1	21	гФАЕжЎЭЋ		187.196442	59.151798	0	300640	10000	-1	-1	1	0	-1	-1	-1	-1	-1	-1	50	0	
186	7191907	6964	-1	21	гФАЕжЎЭЋ		189.963898	59.605026	0	300640	10000	-1	-1	1	0	-1	-1	-1	-1	-1	-1	50	0	
187	7191908	6964	-1	21	гФАЕжЎЭЋ		188.250931	58.951004	0	300640	10000	-1	-1	1	0	-1	-1	-1	-1	-1	-1	50	0	
188	7191909	6964	-1	21	гФАЕжЎЭЋ		174.527695	146.777405	0	300640	10000	-1	-1	1	0	-1	-1	-1	-1	-1	-1	50	0	
189	7191910	6964	-1	21	гФАЕжЎЭЋ		187.224304	193.431946	0	300640	10000	-1	-1	1	0	-1	-1	-1	-1	-1	-1	50	0	
190	7191911	6964	-1	21	гФАЕжЎЭЋ		185.364944	197.297318	0	300640	10000	-1	-1	1	0	-1	-1	-1	-1	-1	-1	50	0	
191	7191912	6964	-1	21	гФАЕжЎЭЋ		121.844139	59.08009	0	300640	10000	-1	-1	1	0	-1	-1	-1	-1	-1	-1	50	0	
192	7191913	6964	-1	21	гФАЕжЎЭЋ		123.988258	59.229736	0	300640	10000	-1	-1	1	0	-1	-1	-1	-1	-1	-1	50	0	
193	7191914	6964	-1	21	гФАЕжЎЭЋ		122.194252	57.529938	0	300640	10000	-1	-1	1	0	-1	-1	-1	-1	-1	-1	50	0	
194	7191915	6964	-1	21	гФАЕжЎЭЋ		124.469658	57.221764	0	300640	10000	-1	-1	1	0	-1	-1	-1	-1	-1	-1	50	0	
195	7191916	6964	-1	21	гФАЕжЎЭЋ		123.157364	58.150185	0	300640	10000	-1	-1	1	0	-1	-1	-1	-1	-1	-1	50	0	
196	7191917	6964	-1	21	гФАЕжЎЭЋ		123.157364	58.150185	0	300640	10000	-1	-1	1	0	-1	-1	-1	-1	-1	-1	50	0	
197	7191918	6964	-1	21	гФАЕжЎЭЋ		123.157364	58.150185	0	300640	10000	-1	-1	1	0	-1	-1	-1	-1	-1	-1	50	0	
198	7191919	6964	-1	21	гФАЕжЎЭЋ		123.157364	58.150185	0	300640	10000	-1	-1	1	0	-1	-1	-1	-1	-1	-1	50	0	
199	7191920	6964	-1	21	гФАЕжЎЭЋ		123.157364	58.150185	0	300640	10000	-1	-1	1	0	-1	-1	-1	-1	-1	-1	50	0	
200	7191921	6964	-1	21	гФАЕжЎЭЋ		123.157364	58.150185	0	300640	10000	-1	-1	1	0	-1	-1	-1	-1	-1	-1	50	0	
201	7191922	6964	-1	21	гФАЕжЎЭЋ		98.737549	59.832348	0	300640	10000	-1	-1	1	0	-1	-1	-1	-1	-1	-1	50	0	
202	7191923	6964	-1	21	гФАЕжЎЭЋ		97.08448	59.2421	0	300640	10000	-1	-1	1	0	-1	-1	-1	-1	-1	-1	50	0	
203	7191924	6964	-1	21	гФАЕжЎЭЋ		100.079895	58.391022	0	300640	10000	-1	-1	1	0	-1	-1	-1	-1	-1	-1	50	0	
204	7191925	6964	-1	21	гФАЕжЎЭЋ		97.978897	59.915874	0	300640	10000	-1	-1	1	0	-1	-1	-1	-1	-1	-1	50	0	
205	7191926	6964	-1	21	гФАЕжЎЭЋ		96.760208	57.674706	0	300640	10000	-1	-1	1	0	-1	-1	-1	-1	-1	-1	50	0	
206	7191927	6964	-1	21	гФАЕжЎЭЋ		99.742218	56.942413	0	300640	10000	-1	-1	1	0	-1	-1	-1	-1	-1	-1	50	0	
207	7191928	6964	-1	21	гФАЕжЎЭЋ		98.900063	58.858482	0	300640	10000	-1	-1	1	0	-1	-1	-1	-1	-1	-1	50	0	
208	7191929	6964	-1	21	гФАЕжЎЭЋ		97.950966	58.181053	0	300640	10000	-1	-1	1	0	-1	-1	-1	-1	-1	-1	50	0	
209	7191930	6964	-1	21	гФАЕжЎЭЋ		97.950966	58.181053	0	300640	10000	-1	-1	1	0	-1	-1	-1	-1	-1	-1	50	0	
210	7191931	6964	-1	21	гФАЕжЎЭЋ		97.950966	58.181053	0	300640	10000	-1	-1	1	0	-1	-1	-1	-1	-1	-1	50	0	
211	7191932	6965	-1	21	гФЗйжЎГн		48.827301	150.317001	0	300640	10000	-1	-1	1	0	-1	-1	-1	-1	-1	-1	55	0	
212	7191933	1320	101526	-1	ЧАЭљЗяЯшИЎКЭБпШћ	ЭѕЙњУдЙЌДЋЫЭ	106	127	0	0	10000	-1	-1	3	0	-1	-1	-1	-1	-1	-1	60	0	
213	7336799	4295	101676	-1	зщЖгжИв§ШЫ		201	184	27	-1	1000	-1	-1	3	0	-1	-1	-1	-1	-1	-1	100	0	
214	7336799	2603	101176	-1	УдЙЌШ§Ву	УдЙЌДЋЫЭШЫ	174	202	0	-1	1000	-1	-1	3	0	-1	-1	-1	-1	-1	-1	100	0	
