NUM	NUM	NUM	NUM	NUM	TEXT	TEXT	FLOAT	FLOAT	NUM	NUM	NUM	NUM	NUM	NUM	NUM	NUM	NUM	NUM	NUM	NUM	NUM	NUM	NUM
编号	随机编号	attr编号	逻辑表编号	阵营编号	名称	称号	x轴坐标	z轴坐标	朝向	脚本编号	重生时间	分组编号	队伍编号	基础AI	AI文件	巡逻路径	商店0	商店1	商店2	商店3	名誉ID	等级	镜像组
0	2	19101	-1	21	冰灵		32.170982	73.925392	0	300640	10000	-1	-1	0	0	-1	-1	-1	-1	-1	-1	110	0	
1	3	19101	-1	21	冰灵		37.161316	72.794426	0	300640	10000	-1	-1	0	0	-1	-1	-1	-1	-1	-1	110	0	
2	5	19101	-1	21	冰灵		31.264849	76.5392	0	300640	10000	-1	-1	0	0	-1	-1	-1	-1	-1	-1	110	0	
3	6	19101	-1	21	冰灵		23.574265	76.835617	0	300640	10000	-1	-1	0	0	-1	-1	-1	-1	-1	-1	110	0	
4	8	19101	-1	21	冰灵		22.734663	80.295166	0	300640	10000	-1	-1	0	0	-1	-1	-1	-1	-1	-1	110	0	
5	9	19101	-1	21	冰灵		30.565529	78.750824	0	300640	10000	-1	-1	0	0	-1	-1	-1	-1	-1	-1	110	0	
6	10	19101	-1	21	冰灵		36.281185	77.480202	0	300640	10000	-1	-1	0	0	-1	-1	-1	-1	-1	-1	110	0	
7	11	19101	-1	21	冰灵		27.283514	81.525658	0	300640	10000	-1	-1	0	0	-1	-1	-1	-1	-1	-1	110	0	
8	12	19101	-1	21	冰灵		33.038643	80.497681	0	300640	10000	-1	-1	0	0	-1	-1	-1	-1	-1	-1	110	0	
9	13	19101	-1	21	冰灵		28.24332	86.120888	0	300640	10000	-1	-1	0	0	-1	-1	-1	-1	-1	-1	110	0	
10	14	19101	-1	21	冰灵		37.52858	82.934998	0	300640	10000	-1	-1	0	0	-1	-1	-1	-1	-1	-1	110	0	
11	15	19101	-1	21	冰灵		33.168358	83.52066	0	300640	10000	-1	-1	0	0	-1	-1	-1	-1	-1	-1	110	0	
12	16	19101	-1	21	冰灵		24.504156	42.65147	0	300640	10000	-1	-1	0	0	-1	-1	-1	-1	-1	-1	110	0	
13	17	19101	-1	21	冰灵		31.851727	37.69051	0	300640	10000	-1	-1	0	0	-1	-1	-1	-1	-1	-1	110	0	
14	18	19101	-1	21	冰灵		33.056198	40.6973	0	300640	10000	-1	-1	0	0	-1	-1	-1	-1	-1	-1	110	0	
15	19	19101	-1	21	冰灵		31.106462	45.81213	0	300640	10000	-1	-1	0	0	-1	-1	-1	-1	-1	-1	110	0	
16	20	19101	-1	21	冰灵		26.756258	50.215054	0	300640	10000	-1	-1	0	0	-1	-1	-1	-1	-1	-1	110	0	
17	21	19101	-1	21	冰灵		24.299515	53.539097	0	300640	10000	-1	-1	0	0	-1	-1	-1	-1	-1	-1	110	0	
18	22	19101	-1	21	冰灵		29.770201	58.377335	0	300640	10000	-1	-1	0	0	-1	-1	-1	-1	-1	-1	110	0	
19	24	19101	-1	21	冰灵		26.694023	65.219109	0	300640	10000	-1	-1	0	0	-1	-1	-1	-1	-1	-1	110	0	
20	26	19106	-1	21	风灵		87.486755	34.438522	0	300640	10000	-1	-1	0	0	-1	-1	-1	-1	-1	-1	115	0	
21	27	19106	-1	21	风灵		92.539223	32.460403	0	300640	10000	-1	-1	0	0	-1	-1	-1	-1	-1	-1	115	0	
22	28	19106	-1	21	风灵		98.639503	31.7987	0	300640	10000	-1	-1	0	0	-1	-1	-1	-1	-1	-1	115	0	
23	29	19106	-1	21	风灵		102.956192	31.80941	0	300640	10000	-1	-1	0	0	-1	-1	-1	-1	-1	-1	115	0	
24	30	19106	-1	21	风灵		81.103287	35.49683	0	300640	10000	-1	-1	0	0	-1	-1	-1	-1	-1	-1	115	0	
25	31	19106	-1	21	风灵		86.2705	37.848282	0	300640	10000	-1	-1	0	0	-1	-1	-1	-1	-1	-1	115	0	
26	32	19106	-1	21	风灵		91.138695	35.584286	0	300640	10000	-1	-1	0	0	-1	-1	-1	-1	-1	-1	115	0	
27	33	19106	-1	21	风灵		97.205666	33.623512	0	300640	10000	-1	-1	0	0	-1	-1	-1	-1	-1	-1	115	0	
28	34	19106	-1	21	风灵		104.24044	37.331615	0	300640	10000	-1	-1	0	0	-1	-1	-1	-1	-1	-1	115	0	
29	36	19106	-1	21	风灵		93.597168	40.925144	0	300640	10000	-1	-1	0	0	-1	-1	-1	-1	-1	-1	115	0	
30	38	19106	-1	21	风灵		101.458694	41.571236	0	300640	10000	-1	-1	0	0	-1	-1	-1	-1	-1	-1	115	0	
31	40	19106	-1	21	风灵		91.715973	47.759815	0	300640	10000	-1	-1	0	0	-1	-1	-1	-1	-1	-1	115	0	
32	42	19106	-1	21	风灵		94.125404	47.854076	0	300640	10000	-1	-1	0	0	-1	-1	-1	-1	-1	-1	115	0	
33	44	19106	-1	21	风灵		86.475403	54.686565	0	300640	10000	-1	-1	0	0	-1	-1	-1	-1	-1	-1	115	0	
34	46	19106	-1	21	风灵		87.289337	62.102158	0	300640	10000	-1	-1	0	0	-1	-1	-1	-1	-1	-1	115	0	
35	48	19106	-1	21	风灵		91.306686	69.010185	0	300640	10000	-1	-1	0	0	-1	-1	-1	-1	-1	-1	115	0	
36	50	19106	-1	21	风灵		91.928871	78.247665	0	300640	10000	-1	-1	0	0	-1	-1	-1	-1	-1	-1	115	0	
37	52	19106	-1	21	风灵		91.883034	86.718826	0	300640	10000	-1	-1	0	0	-1	-1	-1	-1	-1	-1	115	0	
38	54	19106	-1	21	风灵		78.296295	91.711304	0	300640	10000	-1	-1	0	0	-1	-1	-1	-1	-1	-1	115	0	
39	56	19106	-1	21	风灵		67.162903	95.916481	0	300640	10000	-1	-1	0	0	-1	-1	-1	-1	-1	-1	115	0	
40	57	19001	-1	21	清道夫		24.515959	64.722092	0	0	10000	-1	-1	0	0	-1	-1	-1	-1	-1	-1	110	0	
41	58	19101	-1	21	冰灵		30.538662	53.70874	0	300640	10000	-1	-1	0	0	-1	-1	-1	-1	-1	-1	110	0	
42	59	19101	-1	21	冰灵		33.357132	53.873646	0	300640	10000	-1	-1	0	0	-1	-1	-1	-1	-1	-1	110	0	
43	60	19101	-1	21	冰灵		34.257713	49.737297	0	300640	10000	-1	-1	0	0	-1	-1	-1	-1	-1	-1	110	0	
44	61	19101	-1	21	冰灵		34.077293	46.970669	0	300640	10000	-1	-1	0	0	-1	-1	-1	-1	-1	-1	110	0	
45	62	19101	-1	21	冰灵		28.564674	50.293156	0	300640	10000	-1	-1	0	0	-1	-1	-1	-1	-1	-1	110	0	
46	63	19101	-1	21	冰灵		26.55958	45.495426	0	300640	10000	-1	-1	0	0	-1	-1	-1	-1	-1	-1	110	0	
47	64	19101	-1	21	冰灵		26.949429	77.349075	0	300640	10000	-1	-1	0	0	-1	-1	-1	-1	-1	-1	110	0	
48	65	19101	-1	21	冰灵		28.097971	75.199516	0	300640	10000	-1	-1	0	0	-1	-1	-1	-1	-1	-1	110	0	
49	66	19101	-1	21	冰灵		29.713442	85.192596	0	300640	10000	-1	-1	0	0	-1	-1	-1	-1	-1	-1	110	0	
50	67	19101	-1	21	冰灵		25.925632	88.651237	0	300640	10000	-1	-1	0	0	-1	-1	-1	-1	-1	-1	110	0	
51	68	19101	-1	21	冰灵		32.97937	89.133575	0	300640	10000	-1	-1	0	0	-1	-1	-1	-1	-1	-1	110	0	
52	69	19101	-1	21	冰灵		33.680164	86.53183	0	300640	10000	-1	-1	0	0	-1	-1	-1	-1	-1	-1	110	0	
53	70	19101	-1	21	冰灵		35.956432	80.499146	0	300640	10000	-1	-1	0	0	-1	-1	-1	-1	-1	-1	110	0	
54	71	19101	-1	21	冰灵		33.919395	71.438904	0	300640	10000	-1	-1	0	0	-1	-1	-1	-1	-1	-1	110	0	
55	72	19101	-1	21	冰灵		33.351437	65.223976	0	300640	10000	-1	-1	0	0	-1	-1	-1	-1	-1	-1	110	0	
56	73	19101	-1	21	冰灵		33.69973	61.86005	0	300640	10000	-1	-1	0	0	-1	-1	-1	-1	-1	-1	110	0	
57	74	19101	-1	21	冰灵		33.309509	56.53257	0	300640	10000	-1	-1	0	0	-1	-1	-1	-1	-1	-1	110	0	
58	75	19101	-1	21	冰灵		30.227764	48.37191	0	300640	10000	-1	-1	0	0	-1	-1	-1	-1	-1	-1	110	0	
59	76	19101	-1	21	冰灵		25.646858	57.076981	0	300640	10000	-1	-1	0	0	-1	-1	-1	-1	-1	-1	110	0	
60	77	19101	-1	21	冰灵		26.678844	53.896393	0	300640	10000	-1	-1	0	0	-1	-1	-1	-1	-1	-1	110	0	
61	78	19106	-1	21	风灵		84.759613	45.741402	0	300640	10000	-1	-1	0	0	-1	-1	-1	-1	-1	-1	115	0	
62	79	19106	-1	21	风灵		82.337288	41.557388	0	300640	10000	-1	-1	0	0	-1	-1	-1	-1	-1	-1	115	0	
63	80	19106	-1	21	风灵		88.329712	42.293358	0	300640	10000	-1	-1	0	0	-1	-1	-1	-1	-1	-1	115	0	
64	81	19106	-1	21	风灵		93.925766	57.109257	0	300640	10000	-1	-1	0	0	-1	-1	-1	-1	-1	-1	115	0	
65	82	19106	-1	21	风灵		91.948563	65.075218	0	300640	10000	-1	-1	0	0	-1	-1	-1	-1	-1	-1	115	0	
66	83	19106	-1	21	风灵		84.012917	73.729515	0	300640	10000	-1	-1	0	0	-1	-1	-1	-1	-1	-1	115	0	
67	84	19106	-1	21	风灵		85.906708	83.11438	0	300640	10000	-1	-1	0	0	-1	-1	-1	-1	-1	-1	115	0	
68	85	19106	-1	21	风灵		89.710983	73.889671	0	300640	10000	-1	-1	0	0	-1	-1	-1	-1	-1	-1	115	0	
69	86	19106	-1	21	风灵		93.515312	81.948563	0	300640	10000	-1	-1	0	0	-1	-1	-1	-1	-1	-1	115	0	
70	87	19106	-1	21	风灵		86.719872	91.212532	0	300640	10000	-1	-1	0	0	-1	-1	-1	-1	-1	-1	115	0	
71	88	19106	-1	21	风灵		92.488083	92.187706	0	300640	10000	-1	-1	0	0	-1	-1	-1	-1	-1	-1	115	0	
72	89	19106	-1	21	风灵		82.396736	80.46418	0	300640	10000	-1	-1	0	0	-1	-1	-1	-1	-1	-1	115	0	
73	90	19106	-1	21	风灵		87.624702	77.817764	0	300640	10000	-1	-1	0	0	-1	-1	-1	-1	-1	-1	115	0	
74	91	19106	-1	21	风灵		96.031807	71.966537	0	300640	10000	-1	-1	0	0	-1	-1	-1	-1	-1	-1	115	0	
75	92	19106	-1	21	风灵		75.931091	84.801514	0	300640	10000	-1	-1	0	0	-1	-1	-1	-1	-1	-1	115	0	
76	93	19106	-1	21	风灵		82.000778	88.345192	0	300640	10000	-1	-1	0	0	-1	-1	-1	-1	-1	-1	115	0	
77	94	19106	-1	21	风灵		89.748001	51.91217	0	300640	10000	-1	-1	0	0	-1	-1	-1	-1	-1	-1	115	0	
78	95	19106	-1	21	风灵		98.015579	46.38768	0	300640	10000	-1	-1	0	0	-1	-1	-1	-1	-1	-1	115	0	
79	96	19106	-1	21	风灵		94.844284	29.114243	0	300640	10000	-1	-1	0	0	-1	-1	-1	-1	-1	-1	115	0	
80	97	19106	-1	21	风灵		97.269867	40.218502	0	300640	10000	-1	-1	0	0	-1	-1	-1	-1	-1	-1	115	0	
