NUM	NUM	NUM	NUM	NUM	TEXT	TEXT	FLOAT	FLOAT	NUM	NUM	NUM	NUM	NUM	NUM	NUM	NUM	NUM	NUM	NUM	NUM	NUM	NUM	NUM
БрКХ	ЫцЛњБрКХ	attrБрКХ	ТпМ­БэБрКХ	еѓгЊБрКХ	УћГЦ	ГЦКХ	xжсзјБъ	zжсзјБъ	ГЏЯђ	НХБОБрКХ	жиЩњЪБМф	ЗжзщБрКХ	ЖгЮщБрКХ	ЛљДЁAI	AIЮФМў	бВТпТЗОЖ	ЩЬЕъ0	ЩЬЕъ1	ЩЬЕъ2	ЩЬЕъ3	УћгўID	ЕШМЖ	ОЕЯёзщ
0	677445	443	112000	-1	ГЩМЊЫМКЙ		127.662857	85.355896	27	-1	1000	-1	-1	3	0	-1	-1	-1	-1	-1	-1	70	0	
1	677466	1167	112001	-1	вЎТЩГўВФ		124.626205	86.72551	31	-1	1000	-1	-1	3	0	-1	-1	-1	-1	-1	-1	70	0	
2	15486644	1690	112002	-1	вЎТЩКщЮѕЛЄЮР		193.56601	56.813766	18	-1	1000	-1	-1	3	0	-1	-1	-1	-1	-1	-1	70	0	
3	15486648	55	112003	-1	вЎТЩКщЮѕ		191.57637	55.571777	18	-1	1000	-1	-1	3	0	-1	-1	-1	-1	-1	-1	70	0	
4	677782	153	112004	-1	аёСвиЃ	ЭЯРзжЎзг	196.267029	85.047302	12	-1	1000	-1	-1	3	0	-1	-1	-1	-1	-1	-1	70	0	
5	678302	331	112005	-1	ЙљБІгё	ЙљОИжЎзг	181.492172	138.437424	30	-1	1000	-1	-1	3	0	-1	-1	-1	-1	-1	-1	70	0	
6	15487362	1157	112006	-1	ФНШннК		186.979889	156.40834	33	-1	1000	-1	-1	3	0	-1	-1	-1	-1	-1	-1	70	0	
7	15487362	1152	112007	-1	дПГзРЯШЫ		139.478333	116.14386	16	-1	1000	-1	-1	3	0	-1	-1	-1	-1	-1	-1	70	0	
8	679259	1939	112008	-1	АЂинЖЁ	ФТЫЙСжГЄРЯ	21.786602	55.711739	34	-1	1000	-1	-1	3	0	-1	-1	-1	-1	-1	-1	70	0	
9	679352	1914	112009	-1	вЎТЩЭёШн		221.598785	160.90123	22	-1	1000	-1	-1	3	0	-1	-1	-1	-1	-1	-1	70	0	
10	15480788	153	112010	-1	ЙѓгЩ	ЮбРЋЬЈжЎзг	42.888092	66.985519	17	-1	1000	-1	-1	3	0	-1	-1	-1	-1	-1	-1	70	0	
11	15488769	153	112013	-1	УЩИч	ЭЯРзжЎзг	131.509369	89.743874	18	-1	1000	-1	-1	3	0	-1	-1	-1	-1	-1	-1	70	0	
12	15566568	153	112014	-1	АЮЖМ	ЪѕГржЎзг	123.50441	89.730858	0	-1	1000	-1	-1	3	0	-1	-1	-1	-1	-1	-1	70	0	
13	15487380	1939	112015	-1	ЭиАЯєЩ	ЛєЩНДЬПЭДѓЪзСь	201.218033	209.415817	9	-1	1000	-1	-1	3	0	-1	-1	-1	-1	-1	-1	70	0	
14	679185	1629	112016	-1	ЮїСЩФТЫЙСж		23.21299	58.60434	15	-1	1000	-1	-1	3	0	-1	-1	-1	-1	-1	-1	70	0	
15	679191	1629	112017	-1	ЮїСЩФТЫЙСж		111.930832	163.010864	9	-1	1000	-1	-1	3	0	-1	-1	-1	-1	-1	-1	70	0	
16	679200	1909	112018	-1	ЮїСЩФТЫЙСж		21.845547	52.989891	26	-1	1000	-1	-1	3	0	-1	-1	-1	-1	-1	-1	70	0	
17	679218	1909	112019	-1	ЮїСЩФТЫЙСж		109.540268	161.951355	4	-1	1000	-1	-1	3	0	-1	-1	-1	-1	-1	-1	70	0	
18	679229	1629	112020	-1	ЮїСЩФТЫЙСж		25.075245	55.293137	22	-1	1000	-1	-1	3	0	-1	-1	-1	-1	-1	-1	70	0	
19	690561	1629	112023	-1	ЮїСЩАйае		139.359329	103.554993	27	-1	1000	-1	-1	3	0	-1	-1	-1	-1	-1	-1	70	0	
20	690570	1911	112024	-1	ЮїСЩАйае		120.438385	159.191208	7	-1	1000	-1	-1	3	0	-1	-1	-1	-1	-1	-1	70	0	
21	690583	1629	112026	-1	ЮїСЩАйае		114.934052	103.728821	29	-1	1000	-1	-1	3	0	-1	-1	-1	-1	-1	-1	70	0	
22	690590	1911	112027	-1	ЮїСЩАйае		145.317184	161.466095	17	-1	1000	-1	-1	3	0	-1	-1	-1	-1	-1	-1	70	0	
23	690595	1629	112028	-1	ЮїСЩАйае		146.401428	158.043503	23	-1	1000	-1	-1	3	0	-1	-1	-1	-1	-1	-1	70	0	
24	690599	1629	112034	-1	ХЗбєЗц	ЮїСЩАйае	143.060043	157.107971	29	-1	1000	-1	-1	3	0	-1	-1	-1	-1	-1	-1	70	0	
25	690626	1912	112031	-1	ЮїСЩАйае		149.453827	106.091507	18	-1	1000	-1	-1	3	0	-1	-1	-1	-1	-1	-1	70	0	
26	15482680	770	112035	-1	УЩЙХЪПБј		122.541977	98.286499	0	-1	1000	-1	-1	3	0	-1	-1	-1	-1	-1	-1	70	0	
27	677795	770	112039	-1	УЩЙХЪПБј		194.871521	88.92141	12	-1	1000	-1	-1	3	0	-1	-1	-1	-1	-1	-1	70	0	
28	677805	770	112040	-1	УЩЙХЪПБј		200.367935	86.115234	12	-1	1000	-1	-1	3	0	-1	-1	-1	-1	-1	-1	70	0	
29	678316	770	112041	-1	УЩЙХЪПБј		179.323792	137.009628	32	-1	1000	-1	-1	3	0	-1	-1	-1	-1	-1	-1	70	0	
30	678322	770	112042	-1	УЩЙХЪПБј		183.723846	136.205566	24	-1	1000	-1	-1	3	0	-1	-1	-1	-1	-1	-1	70	0	
31	15482880	770	112045	-1	УЩЙХЪПБј		34.12748	68.634491	7	-1	1000	-1	-1	3	0	-1	-1	-1	-1	-1	-1	70	0	
32	15482883	770	112046	-1	УЩЙХЪПБј		31.702492	67.907303	7	-1	1000	-1	-1	3	0	-1	-1	-1	-1	-1	-1	70	0	
33	15482890	770	112047	-1	УЩЙХЪПБј		40.440704	70.758575	7	-1	1000	-1	-1	3	0	-1	-1	-1	-1	-1	-1	70	0	
34	15482893	770	112048	-1	УЩЙХЪПБј		36.844299	69.610153	7	-1	1000	-1	-1	3	0	-1	-1	-1	-1	-1	-1	70	0	
35	15482912	770	112051	-1	УЩЙХЪПБј		132.53299	98.320114	18	-1	1000	-1	-1	3	0	-1	-1	-1	-1	-1	-1	70	0	
36	15482920	770	112052	-1	УЩЙХЪПБј		133.406372	107.667542	27	-1	1000	-1	-1	3	0	-1	-1	-1	-1	-1	-1	70	0	
37	15486448	770	112054	-1	УЩЙХЪПБј		121.950211	107.728577	27	-1	1000	-1	-1	3	0	-1	-1	-1	-1	-1	-1	70	0	
38	15486456	770	112055	-1	УЩЙХЪПБј		45.253372	64.572617	17	-1	1000	-1	-1	3	0	-1	-1	-1	-1	-1	-1	70	0	
39	15486459	770	112056	-1	УЩЙХЪПБј		44.311172	70.575447	17	-1	1000	-1	-1	3	0	-1	-1	-1	-1	-1	-1	70	0	
40	15487168	770	112057	-1	УЩЙХЪПБј		219.862671	88.895927	18	-1	1000	-1	-1	3	0	-1	-1	-1	-1	-1	-1	70	0	
41	15487173	770	112058	-1	УЩЙХЪПБј		218.310776	109.750671	0	-1	1000	-1	-1	3	0	-1	-1	-1	-1	-1	-1	70	0	
42	15487204	770	112060	-1	УЩЙХЪПБј		121.40239	156.501663	27	-1	1000	-1	-1	3	0	-1	-1	-1	-1	-1	-1	70	0	
43	15487223	770	112062	-1	УЩЙХЪПБј		223.894379	108.942566	20	-1	1000	-1	-1	3	0	-1	-1	-1	-1	-1	-1	70	0	
44	15487266	770	112063	-1	УЩЙХЪПБј		122.211792	84.756798	27	-1	1000	-1	-1	3	0	-1	-1	-1	-1	-1	-1	70	0	
45	15487270	770	112064	-1	УЩЙХЪПБј		133.106262	84.741287	27	-1	1000	-1	-1	3	0	-1	-1	-1	-1	-1	-1	70	0	
46	15487293	770	112067	-1	УЩЙХЪПБј		129.837799	156.585388	27	-1	1000	-1	-1	3	0	-1	-1	-1	-1	-1	-1	70	0	
47	15558313	1682	-1	21	ЭЛиЪЯШЗцОќ		87.685448	181.992874	7	-1	1000	-1	-1	6	0	-1	-1	-1	-1	-1	-1	70	0	
48	15558314	1682	-1	21	ЭЛиЪЯШЗцОќ		76.85717	197.012421	7	-1	1000	-1	-1	6	0	-1	-1	-1	-1	-1	-1	70	0	
49	15558316	1682	-1	21	ЭЛиЪЯШЗцОќ		83.743156	201.913513	7	-1	1000	-1	-1	6	0	-1	-1	-1	-1	-1	-1	70	0	
50	15558324	1682	-1	21	ЭЛиЪЯШЗцОќ		98.587463	189.975372	7	-1	1000	-1	-1	6	0	-1	-1	-1	-1	-1	-1	70	0	
51	15558330	1682	-1	21	ЭЛиЪЯШЗцОќ		96.652924	192.90715	7	-1	1000	-1	-1	6	0	-1	-1	-1	-1	-1	-1	70	0	
52	15558331	1682	-1	21	ЭЛиЪЯШЗцОќ		85.973274	198.7668	7	-1	1000	-1	-1	6	0	-1	-1	-1	-1	-1	-1	70	0	
53	15558351	1682	-1	21	ЭЛиЪЯШЗцОќ		94.2817	186.947525	7	-1	1000	-1	-1	6	0	-1	-1	-1	-1	-1	-1	70	0	
54	15558354	1682	-1	21	ЭЛиЪЯШЗцОќ		72.59864	194.037186	7	-1	1000	-1	-1	6	0	-1	-1	-1	-1	-1	-1	70	0	
55	15558387	1682	-1	21	ЭЛиЪЯШЗцОќ		83.904495	179.221558	7	-1	1000	-1	-1	6	0	-1	-1	-1	-1	-1	-1	70	0	
56	15558388	1682	-1	21	ЭЛиЪЯШЗцОќ		75.119011	190.714447	7	-1	1000	-1	-1	6	0	-1	-1	-1	-1	-1	-1	70	0	
57	15558392	1682	-1	21	ЭЛиЪЯШЗцОќ		85.878586	184.290237	7	-1	1000	-1	-1	6	0	-1	-1	-1	-1	-1	-1	70	0	
58	15558394	1682	-1	21	ЭЛиЪЯШЗцОќ		79.285919	193.79039	7	-1	1000	-1	-1	6	0	-1	-1	-1	-1	-1	-1	70	0	
59	15558396	1682	-1	21	ЭЛиЪЯШЗцОќ		81.680374	181.707748	7	-1	1000	-1	-1	6	0	-1	-1	-1	-1	-1	-1	70	0	
60	15558400	1682	-1	21	ЭЛиЪЯШЗцОќ		92.33802	189.727249	7	-1	1000	-1	-1	6	0	-1	-1	-1	-1	-1	-1	70	0	
61	15558406	1682	-1	21	ЭЛиЪЯШЗцОќ		87.419037	204.4505	7	-1	1000	-1	-1	6	0	-1	-1	-1	-1	-1	-1	70	0	
62	15558412	1682	-1	21	ЭЛиЪЯШЗцОќ		89.84053	201.620956	7	-1	1000	-1	-1	6	0	-1	-1	-1	-1	-1	-1	70	0	
63	15562658	1686	-1	21	ЛєЩНХЎДЬПЭ		215.041916	168.499588	2	-1	1000	-1	-1	1	0	-1	-1	-1	-1	-1	-1	70	0	
64	15562663	1686	-1	21	ЛєЩНХЎДЬПЭ		228.947723	172.738144	16	-1	1000	-1	-1	1	0	-1	-1	-1	-1	-1	-1	70	0	
65	15562667	1686	-1	21	ЛєЩНХЎДЬПЭ		218.78891	168.955765	12	-1	1000	-1	-1	1	0	-1	-1	-1	-1	-1	-1	70	0	
66	15562679	1686	-1	21	ЛєЩНХЎДЬПЭ		205.106567	170.732574	36	-1	1000	-1	-1	1	0	-1	-1	-1	-1	-1	-1	70	0	
67	15562683	1686	-1	21	ЛєЩНХЎДЬПЭ		215.268509	183.604996	4	-1	1000	-1	-1	1	0	-1	-1	-1	-1	-1	-1	70	0	
68	15562693	1686	-1	21	ЛєЩНХЎДЬПЭ		220.486557	174.394714	32	-1	1000	-1	-1	1	0	-1	-1	-1	-1	-1	-1	70	0	
69	15562697	1686	-1	21	ЛєЩНХЎДЬПЭ		217.701874	159.832382	28	-1	1000	-1	-1	1	0	-1	-1	-1	-1	-1	-1	70	0	
70	15562699	1686	-1	21	ЛєЩНХЎДЬПЭ		220.667038	171.913712	32	-1	1000	-1	-1	1	0	-1	-1	-1	-1	-1	-1	70	0	
71	15562702	1686	-1	21	ЛєЩНХЎДЬПЭ		213.825668	171.018265	32	-1	1000	-1	-1	1	0	-1	-1	-1	-1	-1	-1	70	0	
72	15562706	1686	-1	21	ЛєЩНХЎДЬПЭ		214.918228	173.82225	32	-1	1000	-1	-1	1	0	-1	-1	-1	-1	-1	-1	70	0	
73	15562708	1686	-1	21	ЛєЩНХЎДЬПЭ		217.38475	176.07518	32	-1	1000	-1	-1	1	0	-1	-1	-1	-1	-1	-1	70	0	
74	686166	1691	-1	21	ЭЛиЪЖОаЋ		38.09803	34.966667	27	-1	1000	-1	-1	1	0	-1	-1	-1	-1	-1	-1	70	0	
75	686169	1691	-1	21	ЭЛиЪЖОаЋ		47.173088	34.560028	27	-1	1000	-1	-1	1	0	-1	-1	-1	-1	-1	-1	70	0	
76	686170	1691	-1	21	ЭЛиЪЖОаЋ		46.358719	29.705849	27	-1	1000	-1	-1	1	0	-1	-1	-1	-1	-1	-1	70	0	
77	686174	1691	-1	21	ЭЛиЪЖОаЋ		52.407303	29.468769	27	-1	1000	-1	-1	1	0	-1	-1	-1	-1	-1	-1	70	0	
78	686175	1691	-1	21	ЭЛиЪЖОаЋ		37.620094	42.274101	27	-1	1000	-1	-1	1	0	-1	-1	-1	-1	-1	-1	70	0	
79	686177	1691	-1	21	ЭЛиЪЖОаЋ		57.22789	35.506325	27	-1	1000	-1	-1	1	0	-1	-1	-1	-1	-1	-1	70	0	
80	686179	1691	-1	21	ЭЛиЪЖОаЋ		41.980087	37.529678	27	-1	1000	-1	-1	1	0	-1	-1	-1	-1	-1	-1	70	0	
81	686182	1691	-1	21	ЭЛиЪЖОаЋ		51.733124	38.493141	27	-1	1000	-1	-1	1	0	-1	-1	-1	-1	-1	-1	70	0	
82	686183	1691	-1	21	ЭЛиЪЖОаЋ		41.215355	47.604507	27	-1	1000	-1	-1	1	0	-1	-1	-1	-1	-1	-1	70	0	
83	686185	1691	-1	21	ЭЛиЪЖОаЋ		50.204201	48.087395	27	-1	1000	-1	-1	1	0	-1	-1	-1	-1	-1	-1	70	0	
84	686189	1691	-1	21	ЭЛиЪЖОаЋ		54.462448	42.32254	27	-1	1000	-1	-1	1	0	-1	-1	-1	-1	-1	-1	70	0	
85	686198	1691	-1	21	ЭЛиЪЖОаЋ		46.449455	41.381523	27	-1	1000	-1	-1	1	0	-1	-1	-1	-1	-1	-1	70	0	
86	686242	1688	-1	21	ЭЛиЪЖОжы		77.933746	64.390488	27	-1	1000	-1	-1	1	0	-1	-1	-1	-1	-1	-1	70	0	
87	686245	1688	-1	21	ЭЛиЪЖОжы		70.009277	84.120087	27	-1	1000	-1	-1	1	0	-1	-1	-1	-1	-1	-1	70	0	
88	686246	1688	-1	21	ЭЛиЪЖОжы		89.508553	61.016525	27	-1	1000	-1	-1	1	0	-1	-1	-1	-1	-1	-1	70	0	
89	686249	1688	-1	21	ЭЛиЪЖОжы		92.579384	69.086472	27	-1	1000	-1	-1	1	0	-1	-1	-1	-1	-1	-1	70	0	
90	686252	1688	-1	21	ЭЛиЪЖОжы		86.858925	64.763046	27	-1	1000	-1	-1	1	0	-1	-1	-1	-1	-1	-1	70	0	
91	686253	1688	-1	21	ЭЛиЪЖОжы		87.756348	68.63961	27	-1	1000	-1	-1	1	0	-1	-1	-1	-1	-1	-1	70	0	
92	686255	1688	-1	21	ЭЛиЪЖОжы		63.830742	67.824928	27	-1	1000	-1	-1	1	0	-1	-1	-1	-1	-1	-1	70	0	
93	686257	1688	-1	21	ЭЛиЪЖОжы		59.703499	73.677116	27	-1	1000	-1	-1	1	0	-1	-1	-1	-1	-1	-1	70	0	
94	686259	1688	-1	21	ЭЛиЪЖОжы		76.546349	69.103767	27	-1	1000	-1	-1	1	0	-1	-1	-1	-1	-1	-1	70	0	
95	686260	1688	-1	21	ЭЛиЪЖОжы		82.121857	77.101486	27	-1	1000	-1	-1	1	0	-1	-1	-1	-1	-1	-1	70	0	
96	686262	1688	-1	21	ЭЛиЪЖОжы		62.64077	74.095856	27	-1	1000	-1	-1	1	0	-1	-1	-1	-1	-1	-1	70	0	
97	686264	1688	-1	21	ЭЛиЪЖОжы		70.550537	63.734795	27	-1	1000	-1	-1	1	0	-1	-1	-1	-1	-1	-1	70	0	
98	686265	1688	-1	21	ЭЛиЪЖОжы		74.640038	91.181854	27	-1	1000	-1	-1	1	0	-1	-1	-1	-1	-1	-1	70	0	
99	686267	1688	-1	21	ЭЛиЪЖОжы		76.287506	78.230812	27	-1	1000	-1	-1	1	0	-1	-1	-1	-1	-1	-1	70	0	
100	686268	1688	-1	21	ЭЛиЪЖОжы		63.830391	85.817894	27	-1	1000	-1	-1	1	0	-1	-1	-1	-1	-1	-1	70	0	
101	686270	1688	-1	21	ЭЛиЪЖОжы		63.368446	79.597389	27	-1	1000	-1	-1	1	0	-1	-1	-1	-1	-1	-1	70	0	
102	686272	1688	-1	21	ЭЛиЪЖОжы		83.126671	71.447113	27	-1	1000	-1	-1	1	0	-1	-1	-1	-1	-1	-1	70	0	
103	686274	1688	-1	21	ЭЛиЪЖОжы		76.807953	82.652611	27	-1	1000	-1	-1	1	0	-1	-1	-1	-1	-1	-1	70	0	
104	686278	1688	-1	21	ЭЛиЪЖОжы		67.624641	69.067078	27	-1	1000	-1	-1	1	0	-1	-1	-1	-1	-1	-1	70	0	
105	686320	1680	-1	21	ЛєЩНДЬПЭ		205.819351	200.539124	27	-1	1000	-1	-1	1	0	-1	-1	-1	-1	-1	-1	70	0	
106	686329	1680	-1	21	ЛєЩНДЬПЭ		198.555237	198.989441	27	-1	1000	-1	-1	1	0	-1	-1	-1	-1	-1	-1	70	0	
107	686331	1680	-1	21	ЛєЩНДЬПЭ		193.033951	181.911316	27	-1	1000	-1	-1	1	0	-1	-1	-1	-1	-1	-1	70	0	
108	686333	1680	-1	21	ЛєЩНДЬПЭ		205.316345	184.502808	27	-1	1000	-1	-1	1	0	-1	-1	-1	-1	-1	-1	70	0	
109	686334	1680	-1	21	ЛєЩНДЬПЭ		198.242691	185.149765	27	-1	1000	-1	-1	1	0	-1	-1	-1	-1	-1	-1	70	0	
110	686336	1680	-1	21	ЛєЩНДЬПЭ		201.942535	188.470398	27	-1	1000	-1	-1	1	0	-1	-1	-1	-1	-1	-1	70	0	
111	686339	1680	-1	21	ЛєЩНДЬПЭ		209.20929	188.286087	27	-1	1000	-1	-1	1	0	-1	-1	-1	-1	-1	-1	70	0	
112	686340	1680	-1	21	ЛєЩНДЬПЭ		193.992386	187.516876	27	-1	1000	-1	-1	1	0	-1	-1	-1	-1	-1	-1	70	0	
113	686342	1680	-1	21	ЛєЩНДЬПЭ		194.086975	193.221603	27	-1	1000	-1	-1	1	0	-1	-1	-1	-1	-1	-1	70	0	
114	686343	1680	-1	21	ЛєЩНДЬПЭ		201.918991	192.256348	27	-1	1000	-1	-1	1	0	-1	-1	-1	-1	-1	-1	70	0	
115	686345	1680	-1	21	ЛєЩНДЬПЭ		201.855652	196.914566	27	-1	1000	-1	-1	1	0	-1	-1	-1	-1	-1	-1	70	0	
116	686351	1680	-1	21	ЛєЩНДЬПЭ		209.193649	192.754807	27	-1	1000	-1	-1	1	0	-1	-1	-1	-1	-1	-1	70	0	
117	686355	1680	-1	21	ЛєЩНДЬПЭ		209.85112	199.916245	27	-1	1000	-1	-1	1	0	-1	-1	-1	-1	-1	-1	70	0	
118	686358	1680	-1	21	ЛєЩНДЬПЭ		193.843826	198.425354	27	-1	1000	-1	-1	1	0	-1	-1	-1	-1	-1	-1	70	0	
119	688707	1684	-1	21	ЭЛиЪУмЬН		118.494232	218.846481	27	-1	1000	-1	-1	1	0	-1	-1	-1	-1	-1	-1	70	0	
120	688715	1684	-1	21	ЭЛиЪУмЬН		107.782104	225.325012	27	-1	1000	-1	-1	1	0	-1	-1	-1	-1	-1	-1	70	0	
121	688770	1684	-1	21	ЭЛиЪУмЬН		122.722702	224.746002	6	-1	1000	-1	-1	1	0	-1	-1	-1	-1	-1	-1	70	0	
122	688776	1684	-1	21	ЭЛиЪУмЬН		114.29718	207.363541	33	-1	1000	-1	-1	1	0	-1	-1	-1	-1	-1	-1	70	0	
123	688783	1684	-1	21	ЭЛиЪУмЬН		122.069748	210.945587	33	-1	1000	-1	-1	1	0	-1	-1	-1	-1	-1	-1	70	0	
124	688789	1684	-1	21	ЭЛиЪЪЬЮР		168.401154	184.490662	0	-1	1000	-1	-1	1	0	-1	-1	-1	-1	-1	-1	70	0	
125	688797	1684	-1	21	ЭЛиЪЪЬЮР		174.049332	186.648239	9	-1	1000	-1	-1	1	0	-1	-1	-1	-1	-1	-1	70	0	
126	688817	1684	-1	21	ЭЛиЪУмЬН		125.205414	231.476471	27	-1	1000	-1	-1	1	0	-1	-1	-1	-1	-1	-1	70	0	
127	688825	1684	-1	21	ЭЛиЪЪЬЮР		175.789398	183.049957	2	-1	1000	-1	-1	1	0	-1	-1	-1	-1	-1	-1	70	0	
128	688836	1684	-1	21	ЭЛиЪУмЬН		130.300903	218.42157	29	-1	1000	-1	-1	1	0	-1	-1	-1	-1	-1	-1	70	0	
129	688847	1684	-1	21	ЭЛиЪУмЬН		114.752365	228.369476	27	-1	1000	-1	-1	1	0	-1	-1	-1	-1	-1	-1	70	0	
130	688852	1684	-1	21	ЭЛиЪЪЬЮР		171.699646	182.637619	14	-1	1000	-1	-1	1	0	-1	-1	-1	-1	-1	-1	70	0	
131	688886	1684	-1	21	ЭЛиЪЪЬЮР		166.518188	188.494812	27	-1	1000	-1	-1	1	0	-1	-1	-1	-1	-1	-1	70	0	
132	688889	1684	-1	21	ЭЛиЪЪЬЮР		164.491287	183.961716	27	-1	1000	-1	-1	1	0	-1	-1	-1	-1	-1	-1	70	0	
133	688898	1684	-1	21	ЭЛиЪУмЬН		110.689484	214.631653	18	-1	1000	-1	-1	1	0	-1	-1	-1	-1	-1	-1	70	0	
134	688923	1689	-1	21	АЂПЫШиМЇ		170.534927	188.90451	11	-1	1000	-1	-1	6	0	-1	-1	-1	-1	-1	-1	70	0	
135	690367	1685	-1	21	МЂЖіЕФРЧ		162.939026	62.983505	27	-1	1000	-1	-1	1	0	-1	-1	-1	-1	-1	-1	70	0	
136	690369	1685	-1	21	МЂЖіЕФРЧ		182.564224	25.513992	27	-1	1000	-1	-1	1	0	-1	-1	-1	-1	-1	-1	70	0	
137	690373	1685	-1	21	МЂЖіЕФРЧ		156.928268	40.94326	27	-1	1000	-1	-1	1	0	-1	-1	-1	-1	-1	-1	70	0	
138	690375	1685	-1	21	МЂЖіЕФРЧ		171.122543	45.589783	27	-1	1000	-1	-1	1	0	-1	-1	-1	-1	-1	-1	70	0	
139	690377	1685	-1	21	МЂЖіЕФРЧ		179.041412	36.235687	27	-1	1000	-1	-1	1	0	-1	-1	-1	-1	-1	-1	70	0	
140	690380	1685	-1	21	МЂЖіЕФРЧ		153.965912	59.918419	27	-1	1000	-1	-1	1	0	-1	-1	-1	-1	-1	-1	70	0	
141	690382	1685	-1	21	МЂЖіЕФРЧ		147.596252	51.897003	27	-1	1000	-1	-1	1	0	-1	-1	-1	-1	-1	-1	70	0	
142	690384	1685	-1	21	МЂЖіЕФРЧ		158.682419	29.389385	27	-1	1000	-1	-1	1	0	-1	-1	-1	-1	-1	-1	70	0	
143	690385	1685	-1	21	МЂЖіЕФРЧ		175.212173	30.102463	27	-1	1000	-1	-1	1	0	-1	-1	-1	-1	-1	-1	70	0	
144	690389	1685	-1	21	МЂЖіЕФРЧ		146.657898	58.600143	27	-1	1000	-1	-1	1	0	-1	-1	-1	-1	-1	-1	70	0	
145	690390	1685	-1	21	МЂЖіЕФРЧ		168.216858	36.13723	27	-1	1000	-1	-1	1	0	-1	-1	-1	-1	-1	-1	70	0	
146	690395	1685	-1	21	МЂЖіЕФРЧ		165.036194	54.583961	27	-1	1000	-1	-1	1	0	-1	-1	-1	-1	-1	-1	70	0	
147	690398	1685	-1	21	МЂЖіЕФРЧ		163.817505	44.737106	27	-1	1000	-1	-1	1	0	-1	-1	-1	-1	-1	-1	70	0	
148	690400	1685	-1	21	МЂЖіЕФРЧ		175.600815	56.141388	27	-1	1000	-1	-1	1	0	-1	-1	-1	-1	-1	-1	70	0	
149	690398	1685	-1	21	МЂЖіЕФРЧ		167	32	27	-1	1000	-1	-1	1	0	-1	-1	-1	-1	-1	-1	70	0	
150	690400	1685	-1	21	МЂЖіЕФРЧ		158	34	27	-1	1000	-1	-1	1	0	-1	-1	-1	-1	-1	-1	70	0	
151	690482	1692	-1	21	ЭЛиЪЖОЭм		140.979294	208.875687	27	-1	1000	-1	-1	1	0	-1	-1	-1	-1	-1	-1	70	0	
152	690485	1692	-1	21	ЭЛиЪЖОЭм		141.529907	196.66188	27	-1	1000	-1	-1	1	0	-1	-1	-1	-1	-1	-1	70	0	
153	690486	1692	-1	21	ЭЛиЪЖОЭм		143.018753	202.547729	27	-1	1000	-1	-1	1	0	-1	-1	-1	-1	-1	-1	70	0	
154	690490	1692	-1	21	ЭЛиЪЖОЭм		158.207504	195.802811	27	-1	1000	-1	-1	1	0	-1	-1	-1	-1	-1	-1	70	0	
155	690493	1692	-1	21	ЭЛиЪЖОЭм		151.543884	206.804688	27	-1	1000	-1	-1	1	0	-1	-1	-1	-1	-1	-1	70	0	
156	690494	1692	-1	21	ЭЛиЪЖОЭм		150.845154	202.259964	27	-1	1000	-1	-1	1	0	-1	-1	-1	-1	-1	-1	70	0	
157	690496	1692	-1	21	ЭЛиЪЖОЭм		148.091675	198.878235	27	-1	1000	-1	-1	1	0	-1	-1	-1	-1	-1	-1	70	0	
158	690499	1692	-1	21	ЭЛиЪЖОЭм		152.527145	196.208755	27	-1	1000	-1	-1	1	0	-1	-1	-1	-1	-1	-1	70	0	
159	690501	1692	-1	21	ЭЛиЪЖОЭм		144.050644	212.654984	27	-1	1000	-1	-1	1	0	-1	-1	-1	-1	-1	-1	70	0	
160	690504	1692	-1	21	ЭЛиЪЖОЭм		147.926895	206.62764	27	-1	1000	-1	-1	1	0	-1	-1	-1	-1	-1	-1	70	0	
161	690507	1692	-1	21	ЭЛиЪЖОЭм		155.167557	200.463577	27	-1	1000	-1	-1	1	0	-1	-1	-1	-1	-1	-1	70	0	
162	690509	1692	-1	21	ЭЛиЪЖОЭм		149.640076	212.98465	27	-1	1000	-1	-1	1	0	-1	-1	-1	-1	-1	-1	70	0	
163	690512	1692	-1	21	ЭЛиЪЖОЭм		152.398285	209.764526	27	-1	1000	-1	-1	1	0	-1	-1	-1	-1	-1	-1	70	0	
164	15566569	1630	112022	-1	ЮїСЩАйае		119.650146	157.9189	5	0	1000	-1	-1	3	0	-1	-1	-1	-1	-1	-1	70	0	
165	15566570	1630	112030	-1	ЮїСЩАйае		111.55925	160.337479	27	0	1000	-1	-1	3	0	-1	-1	-1	-1	-1	-1	70	0	
166	15566571	1629	112031	-1	ЮїСЩАйае		101.432083	112.361618	0	0	1000	-1	-1	3	0	-1	-1	-1	-1	-1	-1	70	0	
167	15566572	1628	112035	-1	ХЗбєПЫ	ЮїСЩАйае	141.133041	158.244888	0	0	1000	-1	-1	3	0	-1	-1	-1	-1	-1	-1	70	0	
168	15566572	918	112033	-1	дњРМЖЁ		74.607521	212.913757	5	0	1000	-1	-1	3	0	-1	-1	-1	-1	-1	-1	70	0	
169	15566573	1682	-1	21	ЭЛиЪЯШЗцОќ		76.572464	218.659485	5	0	1000	-1	-1	6	0	-1	-1	-1	-1	-1	-1	70	0	
170	15566574	1682	-1	21	ЭЛиЪЯШЗцОќ		69.198517	210.327499	5	0	1000	-1	-1	6	0	-1	-1	-1	-1	-1	-1	70	0	
171	15566575	1682	-1	21	ЭЛиЪЯШЗцОќ		71.10305	212.453613	5	0	1000	-1	-1	6	6	-1	-1	-1	-1	-1	-1	70	0	
172	15566576	1682	-1	21	ЭЛиЪЯШЗцОќ		74.547424	216.205872	5	0	1000	-1	-1	6	0	-1	-1	-1	-1	-1	-1	70	0	
173	690512	828	-1	-1	   		28	138	27	-1	1000	-1	-1	3	0	-1	-1	-1	-1	-1	-1	70	0	
174	688825	1684	-1	21	ЧќГіТЩЪЬЮР		33	141	2	-1	1000	-1	-1	1	0	-1	-1	-1	-1	-1	-1	70	0	
175	688836	1684	-1	21	ЧќГіТЩЪЬЮР		36	137	29	-1	1000	-1	-1	1	0	-1	-1	-1	-1	-1	-1	70	0	
