NUM	NUM	NUM	NUM	NUM	TEXT	TEXT	FLOAT	FLOAT	NUM	NUM	NUM	NUM	NUM	NUM	NUM	NUM	NUM	NUM	NUM	NUM	NUM	NUM	NUM
编号	随机编号	attr编号	逻辑表编号	阵营编号	名称	称号	x轴坐标	z轴坐标	朝向	脚本编号	重生时间	分组编号	队伍编号	基础AI	AI文件	巡逻路径	商店0	商店1	商店2	商店3	名誉ID	等级	镜像组
0	1	65343	-1	21	南海海贼		205	70	0	300640	10000	-1	-1	1	0	-1	-1	-1	-1	-1	-1	130	0
1	2	65343	-1	21	南海海贼		205	70	0	300640	10000	-1	-1	1	0	-1	-1	-1	-1	-1	-1	130	0
2	3	65343	-1	21	南海海贼		205	70	0	300640	10000	-1	-1	1	0	-1	-1	-1	-1	-1	-1	130	0
3	4	65343	-1	21	南海海贼		205	70	0	300640	10000	-1	-1	1	0	-1	-1	-1	-1	-1	-1	130	0
4	5	65343	-1	21	南海海贼		205	70	0	300640	10000	-1	-1	1	0	-1	-1	-1	-1	-1	-1	130	0
5	6	65343	-1	21	南海海贼		205	70	0	300640	10000	-1	-1	1	0	-1	-1	-1	-1	-1	-1	130	0
6	7	65343	-1	21	南海海贼		205	70	0	300640	10000	-1	-1	1	0	-1	-1	-1	-1	-1	-1	130	0
7	8	65343	-1	21	南海海贼		205	70	0	300640	10000	-1	-1	1	0	-1	-1	-1	-1	-1	-1	130	0
8	9	65343	-1	21	南海海贼		205	70	0	300640	10000	-1	-1	1	0	-1	-1	-1	-1	-1	-1	130	0
9	10	65343	-1	21	南海海贼		205	70	0	300640	10000	-1	-1	1	0	-1	-1	-1	-1	-1	-1	130	0
10	11	65343	-1	21	南海海贼		205	70	0	300640	10000	-1	-1	1	0	-1	-1	-1	-1	-1	-1	130	0
11	12	65343	-1	21	南海海贼		205	70	0	300640	10000	-1	-1	1	0	-1	-1	-1	-1	-1	-1	130	0
12	13	65343	-1	21	南海海贼		235	70	0	300640	10000	-1	-1	1	0	-1	-1	-1	-1	-1	-1	130	0
13	14	65343	-1	21	南海海贼		235	70	0	300640	10000	-1	-1	1	0	-1	-1	-1	-1	-1	-1	130	0
14	15	65343	-1	21	南海海贼		235	70	0	300640	10000	-1	-1	1	0	-1	-1	-1	-1	-1	-1	130	0
15	16	65343	-1	21	南海海贼		235	70	0	300640	10000	-1	-1	1	0	-1	-1	-1	-1	-1	-1	130	0
16	17	65343	-1	21	南海海贼		235	70	0	300640	10000	-1	-1	1	0	-1	-1	-1	-1	-1	-1	130	0
17	18	65343	-1	21	南海海贼		235	70	0	300640	10000	-1	-1	1	0	-1	-1	-1	-1	-1	-1	130	0
18	19	65343	-1	21	南海海贼		235	70	0	300640	10000	-1	-1	1	0	-1	-1	-1	-1	-1	-1	130	0
19	20	65343	-1	21	南海海贼		235	70	0	300640	10000	-1	-1	1	0	-1	-1	-1	-1	-1	-1	130	0
20	21	65343	-1	21	南海海贼		235	70	0	300640	10000	-1	-1	1	0	-1	-1	-1	-1	-1	-1	130	0
21	22	65343	-1	21	南海海贼		235	70	0	300640	10000	-1	-1	1	0	-1	-1	-1	-1	-1	-1	130	0
22	23	65343	-1	21	南海海贼		235	70	0	300640	10000	-1	-1	1	0	-1	-1	-1	-1	-1	-1	130	0
23	24	65343	-1	21	南海海贼		235	70	0	300640	10000	-1	-1	1	0	-1	-1	-1	-1	-1	-1	130	0
24	25	65343	-1	21	南海海贼		235	104	0	300640	10000	-1	-1	1	0	-1	-1	-1	-1	-1	-1	130	0
25	26	65343	-1	21	南海海贼		235	104	0	300640	10000	-1	-1	1	0	-1	-1	-1	-1	-1	-1	130	0
26	27	65343	-1	21	南海海贼		235	104	0	300640	10000	-1	-1	1	0	-1	-1	-1	-1	-1	-1	130	0
27	28	65343	-1	21	南海海贼		235	104	0	300640	10000	-1	-1	1	0	-1	-1	-1	-1	-1	-1	130	0
28	29	65343	-1	21	南海海贼		235	104	0	300640	10000	-1	-1	1	0	-1	-1	-1	-1	-1	-1	130	0
29	30	65343	-1	21	南海海贼		235	104	0	300640	10000	-1	-1	1	0	-1	-1	-1	-1	-1	-1	130	0
30	31	65343	-1	21	南海海贼		235	104	0	300640	10000	-1	-1	1	0	-1	-1	-1	-1	-1	-1	130	0
31	32	65343	-1	21	南海海贼		235	104	0	300640	10000	-1	-1	1	0	-1	-1	-1	-1	-1	-1	130	0
32	33	65343	-1	21	南海海贼		235	104	0	300640	10000	-1	-1	1	0	-1	-1	-1	-1	-1	-1	130	0
33	34	65343	-1	21	南海海贼		235	104	0	300640	10000	-1	-1	1	0	-1	-1	-1	-1	-1	-1	130	0
34	35	65343	-1	21	南海海贼		235	104	0	300640	10000	-1	-1	1	0	-1	-1	-1	-1	-1	-1	130	0
35	36	65343	-1	21	南海海贼		235	104	0	300640	10000	-1	-1	1	0	-1	-1	-1	-1	-1	-1	130	0
36	37	65343	-1	21	南海海贼		235	137	0	300640	10000	-1	-1	1	0	-1	-1	-1	-1	-1	-1	130	0
37	38	65343	-1	21	南海海贼		235	137	0	300640	10000	-1	-1	1	0	-1	-1	-1	-1	-1	-1	130	0
38	39	65343	-1	21	南海海贼		235	137	0	300640	10000	-1	-1	1	0	-1	-1	-1	-1	-1	-1	130	0
39	40	65343	-1	21	南海海贼		235	137	0	300640	10000	-1	-1	1	0	-1	-1	-1	-1	-1	-1	130	0
40	41	65343	-1	21	南海海贼		235	137	0	300640	10000	-1	-1	1	0	-1	-1	-1	-1	-1	-1	130	0
41	42	65343	-1	21	南海海贼		235	137	0	300640	10000	-1	-1	1	0	-1	-1	-1	-1	-1	-1	130	0
42	43	65343	-1	21	南海海贼		235	137	0	300640	10000	-1	-1	1	0	-1	-1	-1	-1	-1	-1	130	0
43	44	65343	-1	21	南海海贼		235	137	0	300640	10000	-1	-1	1	0	-1	-1	-1	-1	-1	-1	130	0
44	45	65343	-1	21	南海海贼		235	137	0	300640	10000	-1	-1	1	0	-1	-1	-1	-1	-1	-1	130	0
45	46	65343	-1	21	南海海贼		235	137	0	300640	10000	-1	-1	1	0	-1	-1	-1	-1	-1	-1	130	0
46	47	65343	-1	21	南海海贼		235	137	0	300640	10000	-1	-1	1	0	-1	-1	-1	-1	-1	-1	130	0
47	48	65343	-1	21	南海海贼		235	137	0	300640	10000	-1	-1	1	0	-1	-1	-1	-1	-1	-1	130	0
48	49	65343	-1	21	南海海贼		187	125	0	300640	10000	-1	-1	1	0	-1	-1	-1	-1	-1	-1	130	0
49	50	65343	-1	21	南海海贼		187	125	0	300640	10000	-1	-1	1	0	-1	-1	-1	-1	-1	-1	130	0
50	51	65343	-1	21	南海海贼		187	125	0	300640	10000	-1	-1	1	0	-1	-1	-1	-1	-1	-1	130	0
51	52	65343	-1	21	南海海贼		187	125	0	300640	10000	-1	-1	1	0	-1	-1	-1	-1	-1	-1	130	0
52	53	65343	-1	21	南海海贼		187	125	0	300640	10000	-1	-1	1	0	-1	-1	-1	-1	-1	-1	130	0
53	54	65343	-1	21	南海海贼		187	125	0	300640	10000	-1	-1	1	0	-1	-1	-1	-1	-1	-1	130	0
54	55	65343	-1	21	南海海贼		187	125	0	300640	10000	-1	-1	1	0	-1	-1	-1	-1	-1	-1	130	0
55	56	65343	-1	21	南海海贼		187	125	0	300640	10000	-1	-1	1	0	-1	-1	-1	-1	-1	-1	130	0
56	57	65343	-1	21	南海海贼		187	125	0	300640	10000	-1	-1	1	0	-1	-1	-1	-1	-1	-1	130	0
57	58	65343	-1	21	南海海贼		187	108	0	300640	10000	-1	-1	1	0	-1	-1	-1	-1	-1	-1	130	0
58	59	65343	-1	21	南海海贼		187	108	0	300640	10000	-1	-1	1	0	-1	-1	-1	-1	-1	-1	130	0
59	60	65343	-1	21	南海海贼		187	108	0	300640	10000	-1	-1	1	0	-1	-1	-1	-1	-1	-1	130	0
60	61	65343	-1	21	南海海贼		187	108	0	300640	10000	-1	-1	1	0	-1	-1	-1	-1	-1	-1	130	0
61	62	65343	-1	21	南海海贼		187	108	0	300640	10000	-1	-1	1	0	-1	-1	-1	-1	-1	-1	130	0
62	63	65343	-1	21	南海海贼		187	108	0	300640	10000	-1	-1	1	0	-1	-1	-1	-1	-1	-1	130	0
63	64	65343	-1	21	南海海贼		187	108	0	300640	10000	-1	-1	1	0	-1	-1	-1	-1	-1	-1	130	0
64	65	65343	-1	21	南海海贼		187	108	0	300640	10000	-1	-1	1	0	-1	-1	-1	-1	-1	-1	130	0
65	66	65343	-1	21	南海海贼		187	108	0	300640	10000	-1	-1	1	0	-1	-1	-1	-1	-1	-1	130	0
66	67	65343	-1	21	南海海贼		200	108	0	300640	10000	-1	-1	1	0	-1	-1	-1	-1	-1	-1	130	0
67	68	65343	-1	21	南海海贼		200	108	0	300640	10000	-1	-1	1	0	-1	-1	-1	-1	-1	-1	130	0
68	69	65343	-1	21	南海海贼		200	108	0	300640	10000	-1	-1	1	0	-1	-1	-1	-1	-1	-1	130	0
69	70	65343	-1	21	南海海贼		200	108	0	300640	10000	-1	-1	1	0	-1	-1	-1	-1	-1	-1	130	0
70	71	65343	-1	21	南海海贼		200	108	0	300640	10000	-1	-1	1	0	-1	-1	-1	-1	-1	-1	130	0
71	72	65343	-1	21	南海海贼		200	108	0	300640	10000	-1	-1	1	0	-1	-1	-1	-1	-1	-1	130	0
72	73	65343	-1	21	南海海贼		200	108	0	300640	10000	-1	-1	1	0	-1	-1	-1	-1	-1	-1	130	0
73	74	65343	-1	21	南海海贼		200	108	0	300640	10000	-1	-1	1	0	-1	-1	-1	-1	-1	-1	130	0
74	75	65343	-1	21	南海海贼		200	108	0	300640	10000	-1	-1	1	0	-1	-1	-1	-1	-1	-1	130	0
75	76	65343	-1	21	南海海贼		200	125	0	300640	10000	-1	-1	1	0	-1	-1	-1	-1	-1	-1	130	0
76	77	65343	-1	21	南海海贼		200	125	0	300640	10000	-1	-1	1	0	-1	-1	-1	-1	-1	-1	130	0
77	78	65343	-1	21	南海海贼		200	125	0	300640	10000	-1	-1	1	0	-1	-1	-1	-1	-1	-1	130	0
78	79	65343	-1	21	南海海贼		200	125	0	300640	10000	-1	-1	1	0	-1	-1	-1	-1	-1	-1	130	0
79	80	65343	-1	21	南海海贼		200	125	0	300640	10000	-1	-1	1	0	-1	-1	-1	-1	-1	-1	130	0
80	81	65343	-1	21	南海海贼		200	125	0	300640	10000	-1	-1	1	0	-1	-1	-1	-1	-1	-1	130	0
81	82	65343	-1	21	南海海贼		200	125	0	300640	10000	-1	-1	1	0	-1	-1	-1	-1	-1	-1	130	0
82	83	65343	-1	21	南海海贼		200	125	0	300640	10000	-1	-1	1	0	-1	-1	-1	-1	-1	-1	130	0
83	84	65343	-1	21	南海海贼		200	125	0	300640	10000	-1	-1	1	0	-1	-1	-1	-1	-1	-1	130	0
84	85	65343	-1	21	南海海贼		235	144	0	300640	10000	-1	-1	1	0	-1	-1	-1	-1	-1	-1	130	0
85	86	65343	-1	21	南海海贼		235	144	0	300640	10000	-1	-1	1	0	-1	-1	-1	-1	-1	-1	130	0
86	87	65343	-1	21	南海海贼		235	144	0	300640	10000	-1	-1	1	0	-1	-1	-1	-1	-1	-1	130	0
87	88	65343	-1	21	南海海贼		235	144	0	300640	10000	-1	-1	1	0	-1	-1	-1	-1	-1	-1	130	0
88	89	65343	-1	21	南海海贼		235	144	0	300640	10000	-1	-1	1	0	-1	-1	-1	-1	-1	-1	130	0
89	90	65343	-1	21	南海海贼		235	144	0	300640	10000	-1	-1	1	0	-1	-1	-1	-1	-1	-1	130	0
90	91	65343	-1	21	南海海贼		235	144	0	300640	10000	-1	-1	1	0	-1	-1	-1	-1	-1	-1	130	0
91	92	65343	-1	21	南海海贼		235	144	0	300640	10000	-1	-1	1	0	-1	-1	-1	-1	-1	-1	130	0
92	93	65343	-1	21	南海海贼		235	144	0	300640	10000	-1	-1	1	0	-1	-1	-1	-1	-1	-1	130	0
93	94	65343	-1	21	南海海贼		235	144	0	300640	10000	-1	-1	1	0	-1	-1	-1	-1	-1	-1	130	0
94	95	65343	-1	21	南海海贼		235	144	0	300640	10000	-1	-1	1	0	-1	-1	-1	-1	-1	-1	130	0
95	96	65343	-1	21	南海海贼		235	144	0	300640	10000	-1	-1	1	0	-1	-1	-1	-1	-1	-1	130	0
96	97	65343	-1	21	南海海贼		235	165	0	300640	10000	-1	-1	1	0	-1	-1	-1	-1	-1	-1	130	0
97	98	65343	-1	21	南海海贼		235	165	0	300640	10000	-1	-1	1	0	-1	-1	-1	-1	-1	-1	130	0
98	99	65343	-1	21	南海海贼		235	165	0	300640	10000	-1	-1	1	0	-1	-1	-1	-1	-1	-1	130	0
99	100	65343	-1	21	南海海贼		235	165	0	300640	10000	-1	-1	1	0	-1	-1	-1	-1	-1	-1	130	0
100	101	65343	-1	21	南海海贼		235	165	0	300640	10000	-1	-1	1	0	-1	-1	-1	-1	-1	-1	130	0
101	102	65343	-1	21	南海海贼		235	165	0	300640	10000	-1	-1	1	0	-1	-1	-1	-1	-1	-1	130	0
102	103	65343	-1	21	南海海贼		235	165	0	300640	10000	-1	-1	1	0	-1	-1	-1	-1	-1	-1	130	0
103	104	65343	-1	21	南海海贼		235	165	0	300640	10000	-1	-1	1	0	-1	-1	-1	-1	-1	-1	130	0
104	105	65343	-1	21	南海海贼		235	165	0	300640	10000	-1	-1	1	0	-1	-1	-1	-1	-1	-1	130	0
105	106	65343	-1	21	南海海贼		235	165	0	300640	10000	-1	-1	1	0	-1	-1	-1	-1	-1	-1	130	0
106	107	65343	-1	21	南海海贼		235	165	0	300640	10000	-1	-1	1	0	-1	-1	-1	-1	-1	-1	130	0
107	108	65343	-1	21	南海海贼		235	165	0	300640	10000	-1	-1	1	0	-1	-1	-1	-1	-1	-1	130	0
108	109	65343	-1	21	南海海贼		217	165	0	300640	10000	-1	-1	1	0	-1	-1	-1	-1	-1	-1	130	0
109	110	65343	-1	21	南海海贼		217	165	0	300640	10000	-1	-1	1	0	-1	-1	-1	-1	-1	-1	130	0
110	111	65343	-1	21	南海海贼		217	165	0	300640	10000	-1	-1	1	0	-1	-1	-1	-1	-1	-1	130	0
111	112	65343	-1	21	南海海贼		217	165	0	300640	10000	-1	-1	1	0	-1	-1	-1	-1	-1	-1	130	0
112	113	65343	-1	21	南海海贼		217	165	0	300640	10000	-1	-1	1	0	-1	-1	-1	-1	-1	-1	130	0
113	114	65343	-1	21	南海海贼		217	165	0	300640	10000	-1	-1	1	0	-1	-1	-1	-1	-1	-1	130	0
114	115	65343	-1	21	南海海贼		217	165	0	300640	10000	-1	-1	1	0	-1	-1	-1	-1	-1	-1	130	0
115	116	65343	-1	21	南海海贼		217	165	0	300640	10000	-1	-1	1	0	-1	-1	-1	-1	-1	-1	130	0
116	117	65343	-1	21	南海海贼		217	165	0	300640	10000	-1	-1	1	0	-1	-1	-1	-1	-1	-1	130	0
117	118	65343	-1	21	南海海贼		217	165	0	300640	10000	-1	-1	1	0	-1	-1	-1	-1	-1	-1	130	0
118	119	65343	-1	21	南海海贼		217	165	0	300640	10000	-1	-1	1	0	-1	-1	-1	-1	-1	-1	130	0
119	120	65343	-1	21	南海海贼		217	165	0	300640	10000	-1	-1	1	0	-1	-1	-1	-1	-1	-1	130	0
120	121	65343	-1	21	南海海贼		200	165	0	300640	10000	-1	-1	1	0	-1	-1	-1	-1	-1	-1	130	0
121	122	65343	-1	21	南海海贼		200	165	0	300640	10000	-1	-1	1	0	-1	-1	-1	-1	-1	-1	130	0
122	123	65343	-1	21	南海海贼		200	165	0	300640	10000	-1	-1	1	0	-1	-1	-1	-1	-1	-1	130	0
123	124	65343	-1	21	南海海贼		200	165	0	300640	10000	-1	-1	1	0	-1	-1	-1	-1	-1	-1	130	0
124	125	65343	-1	21	南海海贼		200	165	0	300640	10000	-1	-1	1	0	-1	-1	-1	-1	-1	-1	130	0
125	126	65343	-1	21	南海海贼		200	165	0	300640	10000	-1	-1	1	0	-1	-1	-1	-1	-1	-1	130	0
126	127	65343	-1	21	南海海贼		200	165	0	300640	10000	-1	-1	1	0	-1	-1	-1	-1	-1	-1	130	0
127	128	65343	-1	21	南海海贼		200	165	0	300640	10000	-1	-1	1	0	-1	-1	-1	-1	-1	-1	130	0
128	129	65343	-1	21	南海海贼		200	165	0	300640	10000	-1	-1	1	0	-1	-1	-1	-1	-1	-1	130	0
129	130	65343	-1	21	南海海贼		200	165	0	300640	10000	-1	-1	1	0	-1	-1	-1	-1	-1	-1	130	0
130	131	65343	-1	21	南海海贼		200	165	0	300640	10000	-1	-1	1	0	-1	-1	-1	-1	-1	-1	130	0
131	132	65343	-1	21	南海海贼		200	165	0	300640	10000	-1	-1	1	0	-1	-1	-1	-1	-1	-1	130	0
132	133	65343	-1	21	南海海贼		179	183	0	300640	10000	-1	-1	1	0	-1	-1	-1	-1	-1	-1	130	0
133	134	65343	-1	21	南海海贼		179	183	0	300640	10000	-1	-1	1	0	-1	-1	-1	-1	-1	-1	130	0
134	135	65343	-1	21	南海海贼		179	183	0	300640	10000	-1	-1	1	0	-1	-1	-1	-1	-1	-1	130	0
135	136	65343	-1	21	南海海贼		179	183	0	300640	10000	-1	-1	1	0	-1	-1	-1	-1	-1	-1	130	0
136	137	65343	-1	21	南海海贼		179	183	0	300640	10000	-1	-1	1	0	-1	-1	-1	-1	-1	-1	130	0
137	138	65343	-1	21	南海海贼		179	183	0	300640	10000	-1	-1	1	0	-1	-1	-1	-1	-1	-1	130	0
138	139	65343	-1	21	南海海贼		179	183	0	300640	10000	-1	-1	1	0	-1	-1	-1	-1	-1	-1	130	0
139	140	65343	-1	21	南海海贼		179	183	0	300640	10000	-1	-1	1	0	-1	-1	-1	-1	-1	-1	130	0
140	141	65343	-1	21	南海海贼		179	183	0	300640	10000	-1	-1	1	0	-1	-1	-1	-1	-1	-1	130	0
141	142	65343	-1	21	南海海贼		179	183	0	300640	10000	-1	-1	1	0	-1	-1	-1	-1	-1	-1	130	0
142	143	65343	-1	21	南海海贼		179	183	0	300640	10000	-1	-1	1	0	-1	-1	-1	-1	-1	-1	130	0
143	144	65343	-1	21	南海海贼		179	183	0	300640	10000	-1	-1	1	0	-1	-1	-1	-1	-1	-1	130	0
144	145	65343	-1	21	南海海贼		179	210	0	300640	10000	-1	-1	1	0	-1	-1	-1	-1	-1	-1	130	0
145	146	65343	-1	21	南海海贼		179	210	0	300640	10000	-1	-1	1	0	-1	-1	-1	-1	-1	-1	130	0
146	147	65343	-1	21	南海海贼		179	210	0	300640	10000	-1	-1	1	0	-1	-1	-1	-1	-1	-1	130	0
147	148	65343	-1	21	南海海贼		179	210	0	300640	10000	-1	-1	1	0	-1	-1	-1	-1	-1	-1	130	0
148	149	65343	-1	21	南海海贼		179	210	0	300640	10000	-1	-1	1	0	-1	-1	-1	-1	-1	-1	130	0
149	150	65343	-1	21	南海海贼		179	210	0	300640	10000	-1	-1	1	0	-1	-1	-1	-1	-1	-1	130	0
150	151	65343	-1	21	南海海贼		179	210	0	300640	10000	-1	-1	1	0	-1	-1	-1	-1	-1	-1	130	0
151	152	65343	-1	21	南海海贼		179	210	0	300640	10000	-1	-1	1	0	-1	-1	-1	-1	-1	-1	130	0
152	153	65343	-1	21	南海海贼		179	210	0	300640	10000	-1	-1	1	0	-1	-1	-1	-1	-1	-1	130	0
153	154	65343	-1	21	南海海贼		179	210	0	300640	10000	-1	-1	1	0	-1	-1	-1	-1	-1	-1	130	0
154	155	65343	-1	21	南海海贼		179	210	0	300640	10000	-1	-1	1	0	-1	-1	-1	-1	-1	-1	130	0
155	156	65343	-1	21	南海海贼		179	210	0	300640	10000	-1	-1	1	0	-1	-1	-1	-1	-1	-1	130	0
156	157	65343	-1	21	南海海贼		228	202	0	300640	10000	-1	-1	1	0	-1	-1	-1	-1	-1	-1	130	0
157	158	65343	-1	21	南海海贼		228	202	0	300640	10000	-1	-1	1	0	-1	-1	-1	-1	-1	-1	130	0
158	159	65343	-1	21	南海海贼		228	202	0	300640	10000	-1	-1	1	0	-1	-1	-1	-1	-1	-1	130	0
159	160	65343	-1	21	南海海贼		228	202	0	300640	10000	-1	-1	1	0	-1	-1	-1	-1	-1	-1	130	0
160	161	65343	-1	21	南海海贼		228	202	0	300640	10000	-1	-1	1	0	-1	-1	-1	-1	-1	-1	130	0
161	162	65343	-1	21	南海海贼		228	202	0	300640	10000	-1	-1	1	0	-1	-1	-1	-1	-1	-1	130	0
162	163	65343	-1	21	南海海贼		228	202	0	300640	10000	-1	-1	1	0	-1	-1	-1	-1	-1	-1	130	0
163	164	65343	-1	21	南海海贼		228	202	0	300640	10000	-1	-1	1	0	-1	-1	-1	-1	-1	-1	130	0
164	165	65343	-1	21	南海海贼		228	202	0	300640	10000	-1	-1	1	0	-1	-1	-1	-1	-1	-1	130	0
165	166	65343	-1	21	南海海贼		228	218	0	300640	10000	-1	-1	1	0	-1	-1	-1	-1	-1	-1	130	0
166	167	65343	-1	21	南海海贼		228	218	0	300640	10000	-1	-1	1	0	-1	-1	-1	-1	-1	-1	130	0
167	168	65343	-1	21	南海海贼		228	218	0	300640	10000	-1	-1	1	0	-1	-1	-1	-1	-1	-1	130	0
168	169	65343	-1	21	南海海贼		228	218	0	300640	10000	-1	-1	1	0	-1	-1	-1	-1	-1	-1	130	0
169	170	65343	-1	21	南海海贼		228	218	0	300640	10000	-1	-1	1	0	-1	-1	-1	-1	-1	-1	130	0
170	171	65343	-1	21	南海海贼		228	218	0	300640	10000	-1	-1	1	0	-1	-1	-1	-1	-1	-1	130	0
171	172	65343	-1	21	南海海贼		228	218	0	300640	10000	-1	-1	1	0	-1	-1	-1	-1	-1	-1	130	0
172	173	65343	-1	21	南海海贼		228	218	0	300640	10000	-1	-1	1	0	-1	-1	-1	-1	-1	-1	130	0
173	174	65343	-1	21	南海海贼		228	218	0	300640	10000	-1	-1	1	0	-1	-1	-1	-1	-1	-1	130	0
174	175	65343	-1	21	南海海贼		210	202	0	300640	10000	-1	-1	1	0	-1	-1	-1	-1	-1	-1	130	0
175	176	65343	-1	21	南海海贼		210	202	0	300640	10000	-1	-1	1	0	-1	-1	-1	-1	-1	-1	130	0
176	177	65343	-1	21	南海海贼		210	202	0	300640	10000	-1	-1	1	0	-1	-1	-1	-1	-1	-1	130	0
177	178	65343	-1	21	南海海贼		210	202	0	300640	10000	-1	-1	1	0	-1	-1	-1	-1	-1	-1	130	0
178	179	65343	-1	21	南海海贼		210	202	0	300640	10000	-1	-1	1	0	-1	-1	-1	-1	-1	-1	130	0
179	180	65343	-1	21	南海海贼		210	202	0	300640	10000	-1	-1	1	0	-1	-1	-1	-1	-1	-1	130	0
180	181	65343	-1	21	南海海贼		210	202	0	300640	10000	-1	-1	1	0	-1	-1	-1	-1	-1	-1	130	0
181	182	65343	-1	21	南海海贼		210	202	0	300640	10000	-1	-1	1	0	-1	-1	-1	-1	-1	-1	130	0
182	183	65343	-1	21	南海海贼		210	202	0	300640	10000	-1	-1	1	0	-1	-1	-1	-1	-1	-1	130	0
183	184	65343	-1	21	南海海贼		210	218	0	300640	10000	-1	-1	1	0	-1	-1	-1	-1	-1	-1	130	0
184	185	65343	-1	21	南海海贼		210	218	0	300640	10000	-1	-1	1	0	-1	-1	-1	-1	-1	-1	130	0
185	186	65343	-1	21	南海海贼		210	218	0	300640	10000	-1	-1	1	0	-1	-1	-1	-1	-1	-1	130	0
186	187	65343	-1	21	南海海贼		210	218	0	300640	10000	-1	-1	1	0	-1	-1	-1	-1	-1	-1	130	0
187	188	65343	-1	21	南海海贼		210	218	0	300640	10000	-1	-1	1	0	-1	-1	-1	-1	-1	-1	130	0
188	189	65343	-1	21	南海海贼		210	218	0	300640	10000	-1	-1	1	0	-1	-1	-1	-1	-1	-1	130	0
189	190	65343	-1	21	南海海贼		210	218	0	300640	10000	-1	-1	1	0	-1	-1	-1	-1	-1	-1	130	0
190	191	65343	-1	21	南海海贼		210	218	0	300640	10000	-1	-1	1	0	-1	-1	-1	-1	-1	-1	130	0
191	192	65343	-1	21	南海海贼		210	218	0	300640	10000	-1	-1	1	0	-1	-1	-1	-1	-1	-1	130	0
192	193	65343	-1	21	南海海贼		178	233	0	300640	10000	-1	-1	1	0	-1	-1	-1	-1	-1	-1	130	0
193	194	65343	-1	21	南海海贼		178	233	0	300640	10000	-1	-1	1	0	-1	-1	-1	-1	-1	-1	130	0
194	195	65343	-1	21	南海海贼		178	233	0	300640	10000	-1	-1	1	0	-1	-1	-1	-1	-1	-1	130	0
195	196	65343	-1	21	南海海贼		178	233	0	300640	10000	-1	-1	1	0	-1	-1	-1	-1	-1	-1	130	0
196	197	65343	-1	21	南海海贼		178	233	0	300640	10000	-1	-1	1	0	-1	-1	-1	-1	-1	-1	130	0
197	198	65343	-1	21	南海海贼		178	233	0	300640	10000	-1	-1	1	0	-1	-1	-1	-1	-1	-1	130	0
198	199	65343	-1	21	南海海贼		178	233	0	300640	10000	-1	-1	1	0	-1	-1	-1	-1	-1	-1	130	0
199	200	65343	-1	21	南海海贼		178	233	0	300640	10000	-1	-1	1	0	-1	-1	-1	-1	-1	-1	130	0
200	201	65343	-1	21	南海海贼		178	233	0	300640	10000	-1	-1	1	0	-1	-1	-1	-1	-1	-1	130	0
201	202	65343	-1	21	南海海贼		178	233	0	300640	10000	-1	-1	1	0	-1	-1	-1	-1	-1	-1	130	0
202	203	65343	-1	21	南海海贼		178	233	0	300640	10000	-1	-1	1	0	-1	-1	-1	-1	-1	-1	130	0
203	204	65343	-1	21	南海海贼		178	233	0	300640	10000	-1	-1	1	0	-1	-1	-1	-1	-1	-1	130	0
204	205	65343	-1	21	南海海贼		156	233	0	300640	10000	-1	-1	1	0	-1	-1	-1	-1	-1	-1	130	0
205	206	65343	-1	21	南海海贼		156	233	0	300640	10000	-1	-1	1	0	-1	-1	-1	-1	-1	-1	130	0
206	207	65343	-1	21	南海海贼		156	233	0	300640	10000	-1	-1	1	0	-1	-1	-1	-1	-1	-1	130	0
207	208	65343	-1	21	南海海贼		156	233	0	300640	10000	-1	-1	1	0	-1	-1	-1	-1	-1	-1	130	0
208	209	65343	-1	21	南海海贼		156	233	0	300640	10000	-1	-1	1	0	-1	-1	-1	-1	-1	-1	130	0
209	210	65343	-1	21	南海海贼		156	233	0	300640	10000	-1	-1	1	0	-1	-1	-1	-1	-1	-1	130	0
210	211	65343	-1	21	南海海贼		156	233	0	300640	10000	-1	-1	1	0	-1	-1	-1	-1	-1	-1	130	0
211	212	65343	-1	21	南海海贼		156	233	0	300640	10000	-1	-1	1	0	-1	-1	-1	-1	-1	-1	130	0
212	213	65343	-1	21	南海海贼		156	233	0	300640	10000	-1	-1	1	0	-1	-1	-1	-1	-1	-1	130	0
213	214	65343	-1	21	南海海贼		156	233	0	300640	10000	-1	-1	1	0	-1	-1	-1	-1	-1	-1	130	0
214	215	65343	-1	21	南海海贼		156	233	0	300640	10000	-1	-1	1	0	-1	-1	-1	-1	-1	-1	130	0
215	216	65343	-1	21	南海海贼		156	233	0	300640	10000	-1	-1	1	0	-1	-1	-1	-1	-1	-1	130	0
216	217	65343	-1	21	南海海贼		128	127	0	300640	10000	-1	-1	1	0	-1	-1	-1	-1	-1	-1	130	0
217	218	65343	-1	21	南海海贼		128	127	0	300640	10000	-1	-1	1	0	-1	-1	-1	-1	-1	-1	130	0
218	219	65343	-1	21	南海海贼		128	127	0	300640	10000	-1	-1	1	0	-1	-1	-1	-1	-1	-1	130	0
219	220	65343	-1	21	南海海贼		128	127	0	300640	10000	-1	-1	1	0	-1	-1	-1	-1	-1	-1	130	0
220	221	65343	-1	21	南海海贼		128	127	0	300640	10000	-1	-1	1	0	-1	-1	-1	-1	-1	-1	130	0
221	222	65343	-1	21	南海海贼		128	127	0	300640	10000	-1	-1	1	0	-1	-1	-1	-1	-1	-1	130	0
222	223	65343	-1	21	南海海贼		128	127	0	300640	10000	-1	-1	1	0	-1	-1	-1	-1	-1	-1	130	0
223	224	65343	-1	21	南海海贼		128	127	0	300640	10000	-1	-1	1	0	-1	-1	-1	-1	-1	-1	130	0
224	225	65343	-1	21	南海海贼		128	127	0	300640	10000	-1	-1	1	0	-1	-1	-1	-1	-1	-1	130	0
225	226	65343	-1	21	南海海贼		128	127	0	300640	10000	-1	-1	1	0	-1	-1	-1	-1	-1	-1	130	0
226	227	65343	-1	21	南海海贼		128	127	0	300640	10000	-1	-1	1	0	-1	-1	-1	-1	-1	-1	130	0
227	228	65343	-1	21	南海海贼		128	127	0	300640	10000	-1	-1	1	0	-1	-1	-1	-1	-1	-1	130	0
228	229	65343	-1	21	南海海贼		128	204	0	300640	10000	-1	-1	1	0	-1	-1	-1	-1	-1	-1	130	0
229	230	65343	-1	21	南海海贼		128	204	0	300640	10000	-1	-1	1	0	-1	-1	-1	-1	-1	-1	130	0
230	231	65343	-1	21	南海海贼		128	204	0	300640	10000	-1	-1	1	0	-1	-1	-1	-1	-1	-1	130	0
231	232	65343	-1	21	南海海贼		128	204	0	300640	10000	-1	-1	1	0	-1	-1	-1	-1	-1	-1	130	0
232	233	65343	-1	21	南海海贼		128	204	0	300640	10000	-1	-1	1	0	-1	-1	-1	-1	-1	-1	130	0
233	234	65343	-1	21	南海海贼		128	204	0	300640	10000	-1	-1	1	0	-1	-1	-1	-1	-1	-1	130	0
234	235	65343	-1	21	南海海贼		128	204	0	300640	10000	-1	-1	1	0	-1	-1	-1	-1	-1	-1	130	0
235	236	65343	-1	21	南海海贼		128	204	0	300640	10000	-1	-1	1	0	-1	-1	-1	-1	-1	-1	130	0
236	237	65343	-1	21	南海海贼		128	204	0	300640	10000	-1	-1	1	0	-1	-1	-1	-1	-1	-1	130	0
237	238	65343	-1	21	南海海贼		128	204	0	300640	10000	-1	-1	1	0	-1	-1	-1	-1	-1	-1	130	0
238	239	65343	-1	21	南海海贼		128	204	0	300640	10000	-1	-1	1	0	-1	-1	-1	-1	-1	-1	130	0
239	240	65343	-1	21	南海海贼		128	204	0	300640	10000	-1	-1	1	0	-1	-1	-1	-1	-1	-1	130	0
240	241	65343	-1	21	南海海贼		128	184	0	300640	10000	-1	-1	1	0	-1	-1	-1	-1	-1	-1	130	0
241	242	65343	-1	21	南海海贼		128	184	0	300640	10000	-1	-1	1	0	-1	-1	-1	-1	-1	-1	130	0
242	243	65343	-1	21	南海海贼		128	184	0	300640	10000	-1	-1	1	0	-1	-1	-1	-1	-1	-1	130	0
243	244	65343	-1	21	南海海贼		128	184	0	300640	10000	-1	-1	1	0	-1	-1	-1	-1	-1	-1	130	0
244	245	65343	-1	21	南海海贼		128	184	0	300640	10000	-1	-1	1	0	-1	-1	-1	-1	-1	-1	130	0
245	246	65343	-1	21	南海海贼		128	184	0	300640	10000	-1	-1	1	0	-1	-1	-1	-1	-1	-1	130	0
246	247	65343	-1	21	南海海贼		128	184	0	300640	10000	-1	-1	1	0	-1	-1	-1	-1	-1	-1	130	0
247	248	65343	-1	21	南海海贼		128	184	0	300640	10000	-1	-1	1	0	-1	-1	-1	-1	-1	-1	130	0
248	249	65343	-1	21	南海海贼		128	184	0	300640	10000	-1	-1	1	0	-1	-1	-1	-1	-1	-1	130	0
249	250	65343	-1	21	南海海贼		128	184	0	300640	10000	-1	-1	1	0	-1	-1	-1	-1	-1	-1	130	0
250	251	65343	-1	21	南海海贼		128	184	0	300640	10000	-1	-1	1	0	-1	-1	-1	-1	-1	-1	130	0
251	252	65343	-1	21	南海海贼		128	184	0	300640	10000	-1	-1	1	0	-1	-1	-1	-1	-1	-1	130	0
252	253	65343	-1	21	南海海贼		120	137	0	300640	10000	-1	-1	1	0	-1	-1	-1	-1	-1	-1	130	0
253	254	65343	-1	21	南海海贼		120	137	0	300640	10000	-1	-1	1	0	-1	-1	-1	-1	-1	-1	130	0
254	255	65343	-1	21	南海海贼		120	137	0	300640	10000	-1	-1	1	0	-1	-1	-1	-1	-1	-1	130	0
255	256	65343	-1	21	南海海贼		120	137	0	300640	10000	-1	-1	1	0	-1	-1	-1	-1	-1	-1	130	0
256	257	65343	-1	21	南海海贼		120	137	0	300640	10000	-1	-1	1	0	-1	-1	-1	-1	-1	-1	130	0
257	258	65343	-1	21	南海海贼		120	137	0	300640	10000	-1	-1	1	0	-1	-1	-1	-1	-1	-1	130	0
258	259	65343	-1	21	南海海贼		120	137	0	300640	10000	-1	-1	1	0	-1	-1	-1	-1	-1	-1	130	0
259	260	65343	-1	21	南海海贼		120	137	0	300640	10000	-1	-1	1	0	-1	-1	-1	-1	-1	-1	130	0
260	261	65343	-1	21	南海海贼		120	137	0	300640	10000	-1	-1	1	0	-1	-1	-1	-1	-1	-1	130	0
261	262	65343	-1	21	南海海贼		134	137	0	300640	10000	-1	-1	1	0	-1	-1	-1	-1	-1	-1	130	0
262	263	65343	-1	21	南海海贼		134	137	0	300640	10000	-1	-1	1	0	-1	-1	-1	-1	-1	-1	130	0
263	264	65343	-1	21	南海海贼		134	137	0	300640	10000	-1	-1	1	0	-1	-1	-1	-1	-1	-1	130	0
264	265	65343	-1	21	南海海贼		134	137	0	300640	10000	-1	-1	1	0	-1	-1	-1	-1	-1	-1	130	0
265	266	65343	-1	21	南海海贼		134	137	0	300640	10000	-1	-1	1	0	-1	-1	-1	-1	-1	-1	130	0
266	267	65343	-1	21	南海海贼		134	137	0	300640	10000	-1	-1	1	0	-1	-1	-1	-1	-1	-1	130	0
267	268	65343	-1	21	南海海贼		134	137	0	300640	10000	-1	-1	1	0	-1	-1	-1	-1	-1	-1	130	0
268	269	65343	-1	21	南海海贼		134	137	0	300640	10000	-1	-1	1	0	-1	-1	-1	-1	-1	-1	130	0
269	270	65343	-1	21	南海海贼		134	137	0	300640	10000	-1	-1	1	0	-1	-1	-1	-1	-1	-1	130	0
270	271	65343	-1	21	南海海贼		120	149	0	300640	10000	-1	-1	1	0	-1	-1	-1	-1	-1	-1	130	0
271	272	65343	-1	21	南海海贼		120	149	0	300640	10000	-1	-1	1	0	-1	-1	-1	-1	-1	-1	130	0
272	273	65343	-1	21	南海海贼		120	149	0	300640	10000	-1	-1	1	0	-1	-1	-1	-1	-1	-1	130	0
273	274	65343	-1	21	南海海贼		120	149	0	300640	10000	-1	-1	1	0	-1	-1	-1	-1	-1	-1	130	0
274	275	65343	-1	21	南海海贼		120	149	0	300640	10000	-1	-1	1	0	-1	-1	-1	-1	-1	-1	130	0
275	276	65343	-1	21	南海海贼		120	149	0	300640	10000	-1	-1	1	0	-1	-1	-1	-1	-1	-1	130	0
276	277	65343	-1	21	南海海贼		120	149	0	300640	10000	-1	-1	1	0	-1	-1	-1	-1	-1	-1	130	0
277	278	65343	-1	21	南海海贼		120	149	0	300640	10000	-1	-1	1	0	-1	-1	-1	-1	-1	-1	130	0
278	279	65343	-1	21	南海海贼		120	149	0	300640	10000	-1	-1	1	0	-1	-1	-1	-1	-1	-1	130	0
279	280	65343	-1	21	南海海贼		134	149	0	300640	10000	-1	-1	1	0	-1	-1	-1	-1	-1	-1	130	0
280	281	65343	-1	21	南海海贼		134	149	0	300640	10000	-1	-1	1	0	-1	-1	-1	-1	-1	-1	130	0
281	282	65343	-1	21	南海海贼		134	149	0	300640	10000	-1	-1	1	0	-1	-1	-1	-1	-1	-1	130	0
282	283	65343	-1	21	南海海贼		134	149	0	300640	10000	-1	-1	1	0	-1	-1	-1	-1	-1	-1	130	0
283	284	65343	-1	21	南海海贼		134	149	0	300640	10000	-1	-1	1	0	-1	-1	-1	-1	-1	-1	130	0
284	285	65343	-1	21	南海海贼		134	149	0	300640	10000	-1	-1	1	0	-1	-1	-1	-1	-1	-1	130	0
285	286	65343	-1	21	南海海贼		134	149	0	300640	10000	-1	-1	1	0	-1	-1	-1	-1	-1	-1	130	0
286	287	65343	-1	21	南海海贼		134	149	0	300640	10000	-1	-1	1	0	-1	-1	-1	-1	-1	-1	130	0
287	288	65343	-1	21	南海海贼		134	149	0	300640	10000	-1	-1	1	0	-1	-1	-1	-1	-1	-1	130	0
288	289	65343	-1	21	南海海贼		81	180	0	300640	10000	-1	-1	1	0	-1	-1	-1	-1	-1	-1	130	0
289	290	65343	-1	21	南海海贼		81	180	0	300640	10000	-1	-1	1	0	-1	-1	-1	-1	-1	-1	130	0
290	291	65343	-1	21	南海海贼		81	180	0	300640	10000	-1	-1	1	0	-1	-1	-1	-1	-1	-1	130	0
291	292	65343	-1	21	南海海贼		81	180	0	300640	10000	-1	-1	1	0	-1	-1	-1	-1	-1	-1	130	0
292	293	65343	-1	21	南海海贼		81	180	0	300640	10000	-1	-1	1	0	-1	-1	-1	-1	-1	-1	130	0
293	294	65343	-1	21	南海海贼		81	180	0	300640	10000	-1	-1	1	0	-1	-1	-1	-1	-1	-1	130	0
294	295	65343	-1	21	南海海贼		81	180	0	300640	10000	-1	-1	1	0	-1	-1	-1	-1	-1	-1	130	0
295	296	65343	-1	21	南海海贼		81	180	0	300640	10000	-1	-1	1	0	-1	-1	-1	-1	-1	-1	130	0
296	297	65343	-1	21	南海海贼		81	180	0	300640	10000	-1	-1	1	0	-1	-1	-1	-1	-1	-1	130	0
297	298	65343	-1	21	南海海贼		81	180	0	300640	10000	-1	-1	1	0	-1	-1	-1	-1	-1	-1	130	0
298	299	65343	-1	21	南海海贼		81	180	0	300640	10000	-1	-1	1	0	-1	-1	-1	-1	-1	-1	130	0
299	300	65343	-1	21	南海海贼		81	180	0	300640	10000	-1	-1	1	0	-1	-1	-1	-1	-1	-1	130	0
300	301	65343	-1	21	南海海贼		79	154	0	300640	10000	-1	-1	1	0	-1	-1	-1	-1	-1	-1	130	0
301	302	65343	-1	21	南海海贼		79	154	0	300640	10000	-1	-1	1	0	-1	-1	-1	-1	-1	-1	130	0
302	303	65343	-1	21	南海海贼		79	154	0	300640	10000	-1	-1	1	0	-1	-1	-1	-1	-1	-1	130	0
303	304	65343	-1	21	南海海贼		79	154	0	300640	10000	-1	-1	1	0	-1	-1	-1	-1	-1	-1	130	0
304	305	65343	-1	21	南海海贼		79	154	0	300640	10000	-1	-1	1	0	-1	-1	-1	-1	-1	-1	130	0
305	306	65343	-1	21	南海海贼		79	154	0	300640	10000	-1	-1	1	0	-1	-1	-1	-1	-1	-1	130	0
306	307	65343	-1	21	南海海贼		79	154	0	300640	10000	-1	-1	1	0	-1	-1	-1	-1	-1	-1	130	0
307	308	65343	-1	21	南海海贼		79	154	0	300640	10000	-1	-1	1	0	-1	-1	-1	-1	-1	-1	130	0
308	309	65343	-1	21	南海海贼		79	154	0	300640	10000	-1	-1	1	0	-1	-1	-1	-1	-1	-1	130	0
309	310	65343	-1	21	南海海贼		79	154	0	300640	10000	-1	-1	1	0	-1	-1	-1	-1	-1	-1	130	0
310	311	65343	-1	21	南海海贼		79	154	0	300640	10000	-1	-1	1	0	-1	-1	-1	-1	-1	-1	130	0
311	312	65343	-1	21	南海海贼		79	154	0	300640	10000	-1	-1	1	0	-1	-1	-1	-1	-1	-1	130	0
312	313	65343	-1	21	南海海贼		79	123	0	300640	10000	-1	-1	1	0	-1	-1	-1	-1	-1	-1	130	0
313	314	65343	-1	21	南海海贼		79	123	0	300640	10000	-1	-1	1	0	-1	-1	-1	-1	-1	-1	130	0
314	315	65343	-1	21	南海海贼		79	123	0	300640	10000	-1	-1	1	0	-1	-1	-1	-1	-1	-1	130	0
315	316	65343	-1	21	南海海贼		79	123	0	300640	10000	-1	-1	1	0	-1	-1	-1	-1	-1	-1	130	0
316	317	65343	-1	21	南海海贼		79	123	0	300640	10000	-1	-1	1	0	-1	-1	-1	-1	-1	-1	130	0
317	318	65343	-1	21	南海海贼		79	123	0	300640	10000	-1	-1	1	0	-1	-1	-1	-1	-1	-1	130	0
318	319	65343	-1	21	南海海贼		79	123	0	300640	10000	-1	-1	1	0	-1	-1	-1	-1	-1	-1	130	0
319	320	65343	-1	21	南海海贼		79	123	0	300640	10000	-1	-1	1	0	-1	-1	-1	-1	-1	-1	130	0
320	321	65343	-1	21	南海海贼		79	123	0	300640	10000	-1	-1	1	0	-1	-1	-1	-1	-1	-1	130	0
321	322	65343	-1	21	南海海贼		79	123	0	300640	10000	-1	-1	1	0	-1	-1	-1	-1	-1	-1	130	0
322	323	65343	-1	21	南海海贼		79	123	0	300640	10000	-1	-1	1	0	-1	-1	-1	-1	-1	-1	130	0
323	324	65343	-1	21	南海海贼		79	123	0	300640	10000	-1	-1	1	0	-1	-1	-1	-1	-1	-1	130	0
324	325	65343	-1	21	南海海贼		30	138	0	300640	10000	-1	-1	1	0	-1	-1	-1	-1	-1	-1	130	0
325	326	65343	-1	21	南海海贼		30	138	0	300640	10000	-1	-1	1	0	-1	-1	-1	-1	-1	-1	130	0
326	327	65343	-1	21	南海海贼		30	138	0	300640	10000	-1	-1	1	0	-1	-1	-1	-1	-1	-1	130	0
327	328	65343	-1	21	南海海贼		30	138	0	300640	10000	-1	-1	1	0	-1	-1	-1	-1	-1	-1	130	0
328	329	65343	-1	21	南海海贼		30	138	0	300640	10000	-1	-1	1	0	-1	-1	-1	-1	-1	-1	130	0
329	330	65343	-1	21	南海海贼		30	138	0	300640	10000	-1	-1	1	0	-1	-1	-1	-1	-1	-1	130	0
330	331	65343	-1	21	南海海贼		30	138	0	300640	10000	-1	-1	1	0	-1	-1	-1	-1	-1	-1	130	0
331	332	65343	-1	21	南海海贼		30	138	0	300640	10000	-1	-1	1	0	-1	-1	-1	-1	-1	-1	130	0
332	333	65343	-1	21	南海海贼		30	138	0	300640	10000	-1	-1	1	0	-1	-1	-1	-1	-1	-1	130	0
333	334	65343	-1	21	南海海贼		30	138	0	300640	10000	-1	-1	1	0	-1	-1	-1	-1	-1	-1	130	0
334	335	65343	-1	21	南海海贼		30	138	0	300640	10000	-1	-1	1	0	-1	-1	-1	-1	-1	-1	130	0
335	336	65343	-1	21	南海海贼		30	138	0	300640	10000	-1	-1	1	0	-1	-1	-1	-1	-1	-1	130	0
336	337	65343	-1	21	南海海贼		30	138	0	300640	10000	-1	-1	1	0	-1	-1	-1	-1	-1	-1	130	0
337	338	65343	-1	21	南海海贼		30	138	0	300640	10000	-1	-1	1	0	-1	-1	-1	-1	-1	-1	130	0
338	339	65343	-1	21	南海海贼		30	138	0	300640	10000	-1	-1	1	0	-1	-1	-1	-1	-1	-1	130	0
339	340	65343	-1	21	南海海贼		30	138	0	300640	10000	-1	-1	1	0	-1	-1	-1	-1	-1	-1	130	0
340	341	65343	-1	21	南海海贼		30	213	0	300640	10000	-1	-1	1	0	-1	-1	-1	-1	-1	-1	130	0
341	342	65343	-1	21	南海海贼		30	213	0	300640	10000	-1	-1	1	0	-1	-1	-1	-1	-1	-1	130	0
342	343	65343	-1	21	南海海贼		30	213	0	300640	10000	-1	-1	1	0	-1	-1	-1	-1	-1	-1	130	0
343	344	65343	-1	21	南海海贼		30	213	0	300640	10000	-1	-1	1	0	-1	-1	-1	-1	-1	-1	130	0
344	345	65343	-1	21	南海海贼		30	213	0	300640	10000	-1	-1	1	0	-1	-1	-1	-1	-1	-1	130	0
345	346	65343	-1	21	南海海贼		30	213	0	300640	10000	-1	-1	1	0	-1	-1	-1	-1	-1	-1	130	0
346	347	65343	-1	21	南海海贼		30	213	0	300640	10000	-1	-1	1	0	-1	-1	-1	-1	-1	-1	130	0
347	348	65343	-1	21	南海海贼		30	213	0	300640	10000	-1	-1	1	0	-1	-1	-1	-1	-1	-1	130	0
348	349	65343	-1	21	南海海贼		30	213	0	300640	10000	-1	-1	1	0	-1	-1	-1	-1	-1	-1	130	0
349	350	65343	-1	21	南海海贼		30	213	0	300640	10000	-1	-1	1	0	-1	-1	-1	-1	-1	-1	130	0
350	351	65343	-1	21	南海海贼		30	213	0	300640	10000	-1	-1	1	0	-1	-1	-1	-1	-1	-1	130	0
351	352	65343	-1	21	南海海贼		30	213	0	300640	10000	-1	-1	1	0	-1	-1	-1	-1	-1	-1	130	0
352	353	65343	-1	21	南海海贼		30	213	0	300640	10000	-1	-1	1	0	-1	-1	-1	-1	-1	-1	130	0
353	354	65343	-1	21	南海海贼		30	213	0	300640	10000	-1	-1	1	0	-1	-1	-1	-1	-1	-1	130	0
354	355	65343	-1	21	南海海贼		30	213	0	300640	10000	-1	-1	1	0	-1	-1	-1	-1	-1	-1	130	0
355	356	65343	-1	21	南海海贼		30	213	0	300640	10000	-1	-1	1	0	-1	-1	-1	-1	-1	-1	130	0
356	357	65343	-1	21	南海海贼		61	219	0	300640	10000	-1	-1	1	0	-1	-1	-1	-1	-1	-1	130	0
357	358	65343	-1	21	南海海贼		61	219	0	300640	10000	-1	-1	1	0	-1	-1	-1	-1	-1	-1	130	0
358	359	65343	-1	21	南海海贼		61	219	0	300640	10000	-1	-1	1	0	-1	-1	-1	-1	-1	-1	130	0
359	360	65343	-1	21	南海海贼		61	219	0	300640	10000	-1	-1	1	0	-1	-1	-1	-1	-1	-1	130	0
360	361	65343	-1	21	南海海贼		61	219	0	300640	10000	-1	-1	1	0	-1	-1	-1	-1	-1	-1	130	0
361	362	65343	-1	21	南海海贼		61	219	0	300640	10000	-1	-1	1	0	-1	-1	-1	-1	-1	-1	130	0
362	363	65343	-1	21	南海海贼		61	219	0	300640	10000	-1	-1	1	0	-1	-1	-1	-1	-1	-1	130	0
363	364	65343	-1	21	南海海贼		61	219	0	300640	10000	-1	-1	1	0	-1	-1	-1	-1	-1	-1	130	0
364	365	65343	-1	21	南海海贼		61	219	0	300640	10000	-1	-1	1	0	-1	-1	-1	-1	-1	-1	130	0
365	366	65343	-1	21	南海海贼		61	219	0	300640	10000	-1	-1	1	0	-1	-1	-1	-1	-1	-1	130	0
366	367	65343	-1	21	南海海贼		61	219	0	300640	10000	-1	-1	1	0	-1	-1	-1	-1	-1	-1	130	0
367	368	65343	-1	21	南海海贼		61	219	0	300640	10000	-1	-1	1	0	-1	-1	-1	-1	-1	-1	130	0
368	369	65343	-1	21	南海海贼		61	219	0	300640	10000	-1	-1	1	0	-1	-1	-1	-1	-1	-1	130	0
369	370	65343	-1	21	南海海贼		61	219	0	300640	10000	-1	-1	1	0	-1	-1	-1	-1	-1	-1	130	0
370	371	65343	-1	21	南海海贼		61	219	0	300640	10000	-1	-1	1	0	-1	-1	-1	-1	-1	-1	130	0
371	372	65343	-1	21	南海海贼		61	219	0	300640	10000	-1	-1	1	0	-1	-1	-1	-1	-1	-1	130	0
372	373	65343	-1	21	南海海贼		111	91	0	300640	10000	-1	-1	1	0	-1	-1	-1	-1	-1	-1	130	0
373	374	65343	-1	21	南海海贼		111	91	0	300640	10000	-1	-1	1	0	-1	-1	-1	-1	-1	-1	130	0
374	375	65343	-1	21	南海海贼		111	91	0	300640	10000	-1	-1	1	0	-1	-1	-1	-1	-1	-1	130	0
375	376	65343	-1	21	南海海贼		111	91	0	300640	10000	-1	-1	1	0	-1	-1	-1	-1	-1	-1	130	0
376	377	65343	-1	21	南海海贼		111	91	0	300640	10000	-1	-1	1	0	-1	-1	-1	-1	-1	-1	130	0
377	378	65343	-1	21	南海海贼		111	91	0	300640	10000	-1	-1	1	0	-1	-1	-1	-1	-1	-1	130	0
378	379	65343	-1	21	南海海贼		111	91	0	300640	10000	-1	-1	1	0	-1	-1	-1	-1	-1	-1	130	0
379	380	65343	-1	21	南海海贼		111	91	0	300640	10000	-1	-1	1	0	-1	-1	-1	-1	-1	-1	130	0
380	381	65343	-1	21	南海海贼		111	91	0	300640	10000	-1	-1	1	0	-1	-1	-1	-1	-1	-1	130	0
381	382	65343	-1	21	南海海贼		111	91	0	300640	10000	-1	-1	1	0	-1	-1	-1	-1	-1	-1	130	0
382	383	65343	-1	21	南海海贼		111	91	0	300640	10000	-1	-1	1	0	-1	-1	-1	-1	-1	-1	130	0
383	384	65343	-1	21	南海海贼		111	91	0	300640	10000	-1	-1	1	0	-1	-1	-1	-1	-1	-1	130	0
384	385	65343	-1	21	南海海贼		111	91	0	300640	10000	-1	-1	1	0	-1	-1	-1	-1	-1	-1	130	0
385	386	65343	-1	21	南海海贼		111	91	0	300640	10000	-1	-1	1	0	-1	-1	-1	-1	-1	-1	130	0
386	387	65343	-1	21	南海海贼		111	91	0	300640	10000	-1	-1	1	0	-1	-1	-1	-1	-1	-1	130	0
387	388	65343	-1	21	南海海贼		111	91	0	300640	10000	-1	-1	1	0	-1	-1	-1	-1	-1	-1	130	0
388	389	65343	-1	21	南海海贼		133	41	0	300640	10000	-1	-1	1	0	-1	-1	-1	-1	-1	-1	130	0
389	390	65343	-1	21	南海海贼		133	41	0	300640	10000	-1	-1	1	0	-1	-1	-1	-1	-1	-1	130	0
390	391	65343	-1	21	南海海贼		133	41	0	300640	10000	-1	-1	1	0	-1	-1	-1	-1	-1	-1	130	0
391	392	65343	-1	21	南海海贼		133	41	0	300640	10000	-1	-1	1	0	-1	-1	-1	-1	-1	-1	130	0
392	393	65343	-1	21	南海海贼		133	41	0	300640	10000	-1	-1	1	0	-1	-1	-1	-1	-1	-1	130	0
393	394	65343	-1	21	南海海贼		133	41	0	300640	10000	-1	-1	1	0	-1	-1	-1	-1	-1	-1	130	0
394	395	65343	-1	21	南海海贼		133	41	0	300640	10000	-1	-1	1	0	-1	-1	-1	-1	-1	-1	130	0
395	396	65343	-1	21	南海海贼		133	41	0	300640	10000	-1	-1	1	0	-1	-1	-1	-1	-1	-1	130	0
396	397	65343	-1	21	南海海贼		133	41	0	300640	10000	-1	-1	1	0	-1	-1	-1	-1	-1	-1	130	0
397	398	65343	-1	21	南海海贼		133	41	0	300640	10000	-1	-1	1	0	-1	-1	-1	-1	-1	-1	130	0
398	399	65343	-1	21	南海海贼		133	41	0	300640	10000	-1	-1	1	0	-1	-1	-1	-1	-1	-1	130	0
399	400	65343	-1	21	南海海贼		133	41	0	300640	10000	-1	-1	1	0	-1	-1	-1	-1	-1	-1	130	0
400	401	65343	-1	21	南海海贼		133	41	0	300640	10000	-1	-1	1	0	-1	-1	-1	-1	-1	-1	130	0
401	402	65343	-1	21	南海海贼		133	41	0	300640	10000	-1	-1	1	0	-1	-1	-1	-1	-1	-1	130	0
402	403	65343	-1	21	南海海贼		133	41	0	300640	10000	-1	-1	1	0	-1	-1	-1	-1	-1	-1	130	0
403	404	65343	-1	21	南海海贼		133	41	0	300640	10000	-1	-1	1	0	-1	-1	-1	-1	-1	-1	130	0
404	405	65317	141404	20	麦哲伦		205	23	27	0	10000	-1	-1	3	0	-1	-1	-1	-1	-1	-1	100	0
