NUM	NUM	NUM	NUM	NUM	TEXT	TEXT	FLOAT	FLOAT	NUM	NUM	NUM	NUM	NUM	NUM	NUM	NUM	NUM	NUM	NUM	NUM	NUM	NUM	NUM
编号	随机编号	attr编号	逻辑表编号	阵营编号	名称	称号	x轴坐标	z轴坐标	朝向	脚本编号	重生时间	分组编号	队伍编号	基础AI	AI文件	巡逻路径	商店0	商店1	商店2	商店3	名誉ID	等级	镜像组
0	1	65341	-1	21	东南亚战士		205	70	0	0	10000	-1	-1	1	0	-1	-1	-1	-1	-1	-1	110	0
1	2	65341	-1	21	东南亚战士		205	70	0	0	10000	-1	-1	1	0	-1	-1	-1	-1	-1	-1	110	0
2	3	65341	-1	21	东南亚战士		205	70	0	0	10000	-1	-1	1	0	-1	-1	-1	-1	-1	-1	110	0
3	4	65341	-1	21	东南亚战士		205	70	0	0	10000	-1	-1	1	0	-1	-1	-1	-1	-1	-1	110	0
4	5	65341	-1	21	东南亚战士		205	70	0	0	10000	-1	-1	1	0	-1	-1	-1	-1	-1	-1	110	0
5	6	65341	-1	21	东南亚战士		205	70	0	0	10000	-1	-1	1	0	-1	-1	-1	-1	-1	-1	110	0
6	7	65341	-1	21	东南亚战士		205	70	0	0	10000	-1	-1	1	0	-1	-1	-1	-1	-1	-1	110	0
7	8	65341	-1	21	东南亚战士		205	70	0	0	10000	-1	-1	1	0	-1	-1	-1	-1	-1	-1	110	0
8	9	65341	-1	21	东南亚战士		205	70	0	0	10000	-1	-1	1	0	-1	-1	-1	-1	-1	-1	110	0
9	10	65341	-1	21	东南亚战士		205	70	0	0	10000	-1	-1	1	0	-1	-1	-1	-1	-1	-1	110	0
10	11	65341	-1	21	东南亚战士		205	70	0	0	10000	-1	-1	1	0	-1	-1	-1	-1	-1	-1	110	0
11	12	65341	-1	21	东南亚战士		205	70	0	0	10000	-1	-1	1	0	-1	-1	-1	-1	-1	-1	110	0
12	13	65341	-1	21	东南亚战士		235	70	0	0	10000	-1	-1	1	0	-1	-1	-1	-1	-1	-1	110	0
13	14	65341	-1	21	东南亚战士		235	70	0	0	10000	-1	-1	1	0	-1	-1	-1	-1	-1	-1	110	0
14	15	65341	-1	21	东南亚战士		235	70	0	0	10000	-1	-1	1	0	-1	-1	-1	-1	-1	-1	110	0
15	16	65341	-1	21	东南亚战士		235	70	0	0	10000	-1	-1	1	0	-1	-1	-1	-1	-1	-1	110	0
16	17	65341	-1	21	东南亚战士		235	70	0	0	10000	-1	-1	1	0	-1	-1	-1	-1	-1	-1	110	0
17	18	65341	-1	21	东南亚战士		235	70	0	0	10000	-1	-1	1	0	-1	-1	-1	-1	-1	-1	110	0
18	19	65341	-1	21	东南亚战士		235	70	0	0	10000	-1	-1	1	0	-1	-1	-1	-1	-1	-1	110	0
19	20	65341	-1	21	东南亚战士		235	70	0	0	10000	-1	-1	1	0	-1	-1	-1	-1	-1	-1	110	0
20	21	65341	-1	21	东南亚战士		235	70	0	0	10000	-1	-1	1	0	-1	-1	-1	-1	-1	-1	110	0
21	22	65341	-1	21	东南亚战士		235	70	0	0	10000	-1	-1	1	0	-1	-1	-1	-1	-1	-1	110	0
22	23	65341	-1	21	东南亚战士		235	70	0	0	10000	-1	-1	1	0	-1	-1	-1	-1	-1	-1	110	0
23	24	65341	-1	21	东南亚战士		235	70	0	0	10000	-1	-1	1	0	-1	-1	-1	-1	-1	-1	110	0
24	25	65341	-1	21	东南亚战士		235	104	0	0	10000	-1	-1	1	0	-1	-1	-1	-1	-1	-1	110	0
25	26	65341	-1	21	东南亚战士		235	104	0	0	10000	-1	-1	1	0	-1	-1	-1	-1	-1	-1	110	0
26	27	65341	-1	21	东南亚战士		235	104	0	0	10000	-1	-1	1	0	-1	-1	-1	-1	-1	-1	110	0
27	28	65341	-1	21	东南亚战士		235	104	0	0	10000	-1	-1	1	0	-1	-1	-1	-1	-1	-1	110	0
28	29	65341	-1	21	东南亚战士		235	104	0	0	10000	-1	-1	1	0	-1	-1	-1	-1	-1	-1	110	0
29	30	65341	-1	21	东南亚战士		235	104	0	0	10000	-1	-1	1	0	-1	-1	-1	-1	-1	-1	110	0
30	31	65341	-1	21	东南亚战士		235	104	0	0	10000	-1	-1	1	0	-1	-1	-1	-1	-1	-1	110	0
31	32	65341	-1	21	东南亚战士		235	104	0	0	10000	-1	-1	1	0	-1	-1	-1	-1	-1	-1	110	0
32	33	65341	-1	21	东南亚战士		235	104	0	0	10000	-1	-1	1	0	-1	-1	-1	-1	-1	-1	110	0
33	34	65341	-1	21	东南亚战士		235	104	0	0	10000	-1	-1	1	0	-1	-1	-1	-1	-1	-1	110	0
34	35	65341	-1	21	东南亚战士		235	104	0	0	10000	-1	-1	1	0	-1	-1	-1	-1	-1	-1	110	0
35	36	65341	-1	21	东南亚战士		235	104	0	0	10000	-1	-1	1	0	-1	-1	-1	-1	-1	-1	110	0
36	37	65341	-1	21	东南亚战士		235	137	0	0	10000	-1	-1	1	0	-1	-1	-1	-1	-1	-1	110	0
37	38	65341	-1	21	东南亚战士		235	137	0	0	10000	-1	-1	1	0	-1	-1	-1	-1	-1	-1	110	0
38	39	65341	-1	21	东南亚战士		235	137	0	0	10000	-1	-1	1	0	-1	-1	-1	-1	-1	-1	110	0
39	40	65341	-1	21	东南亚战士		235	137	0	0	10000	-1	-1	1	0	-1	-1	-1	-1	-1	-1	110	0
40	41	65341	-1	21	东南亚战士		235	137	0	0	10000	-1	-1	1	0	-1	-1	-1	-1	-1	-1	110	0
41	42	65341	-1	21	东南亚战士		235	137	0	0	10000	-1	-1	1	0	-1	-1	-1	-1	-1	-1	110	0
42	43	65341	-1	21	东南亚战士		235	137	0	0	10000	-1	-1	1	0	-1	-1	-1	-1	-1	-1	110	0
43	44	65341	-1	21	东南亚战士		235	137	0	0	10000	-1	-1	1	0	-1	-1	-1	-1	-1	-1	110	0
44	45	65341	-1	21	东南亚战士		235	137	0	0	10000	-1	-1	1	0	-1	-1	-1	-1	-1	-1	110	0
45	46	65341	-1	21	东南亚战士		235	137	0	0	10000	-1	-1	1	0	-1	-1	-1	-1	-1	-1	110	0
46	47	65341	-1	21	东南亚战士		235	137	0	0	10000	-1	-1	1	0	-1	-1	-1	-1	-1	-1	110	0
47	48	65341	-1	21	东南亚战士		235	137	0	0	10000	-1	-1	1	0	-1	-1	-1	-1	-1	-1	110	0
48	49	65341	-1	21	东南亚战士		187	125	0	0	10000	-1	-1	1	0	-1	-1	-1	-1	-1	-1	110	0
49	50	65341	-1	21	东南亚战士		187	125	0	0	10000	-1	-1	1	0	-1	-1	-1	-1	-1	-1	110	0
50	51	65341	-1	21	东南亚战士		187	125	0	0	10000	-1	-1	1	0	-1	-1	-1	-1	-1	-1	110	0
51	52	65341	-1	21	东南亚战士		187	125	0	0	10000	-1	-1	1	0	-1	-1	-1	-1	-1	-1	110	0
52	53	65341	-1	21	东南亚战士		187	125	0	0	10000	-1	-1	1	0	-1	-1	-1	-1	-1	-1	110	0
53	54	65341	-1	21	东南亚战士		187	125	0	0	10000	-1	-1	1	0	-1	-1	-1	-1	-1	-1	110	0
54	55	65341	-1	21	东南亚战士		187	125	0	0	10000	-1	-1	1	0	-1	-1	-1	-1	-1	-1	110	0
55	56	65341	-1	21	东南亚战士		187	125	0	0	10000	-1	-1	1	0	-1	-1	-1	-1	-1	-1	110	0
56	57	65341	-1	21	东南亚战士		187	125	0	0	10000	-1	-1	1	0	-1	-1	-1	-1	-1	-1	110	0
57	58	65341	-1	21	东南亚战士		187	108	0	0	10000	-1	-1	1	0	-1	-1	-1	-1	-1	-1	110	0
58	59	65341	-1	21	东南亚战士		187	108	0	0	10000	-1	-1	1	0	-1	-1	-1	-1	-1	-1	110	0
59	60	65341	-1	21	东南亚战士		187	108	0	0	10000	-1	-1	1	0	-1	-1	-1	-1	-1	-1	110	0
60	61	65341	-1	21	东南亚战士		187	108	0	0	10000	-1	-1	1	0	-1	-1	-1	-1	-1	-1	110	0
61	62	65341	-1	21	东南亚战士		187	108	0	0	10000	-1	-1	1	0	-1	-1	-1	-1	-1	-1	110	0
62	63	65341	-1	21	东南亚战士		187	108	0	0	10000	-1	-1	1	0	-1	-1	-1	-1	-1	-1	110	0
63	64	65341	-1	21	东南亚战士		187	108	0	0	10000	-1	-1	1	0	-1	-1	-1	-1	-1	-1	110	0
64	65	65341	-1	21	东南亚战士		187	108	0	0	10000	-1	-1	1	0	-1	-1	-1	-1	-1	-1	110	0
65	66	65341	-1	21	东南亚战士		187	108	0	0	10000	-1	-1	1	0	-1	-1	-1	-1	-1	-1	110	0
66	67	65341	-1	21	东南亚战士		200	108	0	0	10000	-1	-1	1	0	-1	-1	-1	-1	-1	-1	110	0
67	68	65341	-1	21	东南亚战士		200	108	0	0	10000	-1	-1	1	0	-1	-1	-1	-1	-1	-1	110	0
68	69	65341	-1	21	东南亚战士		200	108	0	0	10000	-1	-1	1	0	-1	-1	-1	-1	-1	-1	110	0
69	70	65341	-1	21	东南亚战士		200	108	0	0	10000	-1	-1	1	0	-1	-1	-1	-1	-1	-1	110	0
70	71	65341	-1	21	东南亚战士		200	108	0	0	10000	-1	-1	1	0	-1	-1	-1	-1	-1	-1	110	0
71	72	65341	-1	21	东南亚战士		200	108	0	0	10000	-1	-1	1	0	-1	-1	-1	-1	-1	-1	110	0
72	73	65341	-1	21	东南亚战士		200	108	0	0	10000	-1	-1	1	0	-1	-1	-1	-1	-1	-1	110	0
73	74	65341	-1	21	东南亚战士		200	108	0	0	10000	-1	-1	1	0	-1	-1	-1	-1	-1	-1	110	0
74	75	65341	-1	21	东南亚战士		200	108	0	0	10000	-1	-1	1	0	-1	-1	-1	-1	-1	-1	110	0
75	76	65341	-1	21	东南亚战士		200	125	0	0	10000	-1	-1	1	0	-1	-1	-1	-1	-1	-1	110	0
76	77	65341	-1	21	东南亚战士		200	125	0	0	10000	-1	-1	1	0	-1	-1	-1	-1	-1	-1	110	0
77	78	65341	-1	21	东南亚战士		200	125	0	0	10000	-1	-1	1	0	-1	-1	-1	-1	-1	-1	110	0
78	79	65341	-1	21	东南亚战士		200	125	0	0	10000	-1	-1	1	0	-1	-1	-1	-1	-1	-1	110	0
79	80	65341	-1	21	东南亚战士		200	125	0	0	10000	-1	-1	1	0	-1	-1	-1	-1	-1	-1	110	0
80	81	65341	-1	21	东南亚战士		200	125	0	0	10000	-1	-1	1	0	-1	-1	-1	-1	-1	-1	110	0
81	82	65341	-1	21	东南亚战士		200	125	0	0	10000	-1	-1	1	0	-1	-1	-1	-1	-1	-1	110	0
82	83	65341	-1	21	东南亚战士		200	125	0	0	10000	-1	-1	1	0	-1	-1	-1	-1	-1	-1	110	0
83	84	65341	-1	21	东南亚战士		200	125	0	0	10000	-1	-1	1	0	-1	-1	-1	-1	-1	-1	110	0
84	85	65341	-1	21	东南亚战士		235	144	0	0	10000	-1	-1	1	0	-1	-1	-1	-1	-1	-1	110	0
85	86	65341	-1	21	东南亚战士		235	144	0	0	10000	-1	-1	1	0	-1	-1	-1	-1	-1	-1	110	0
86	87	65341	-1	21	东南亚战士		235	144	0	0	10000	-1	-1	1	0	-1	-1	-1	-1	-1	-1	110	0
87	88	65341	-1	21	东南亚战士		235	144	0	0	10000	-1	-1	1	0	-1	-1	-1	-1	-1	-1	110	0
88	89	65341	-1	21	东南亚战士		235	144	0	0	10000	-1	-1	1	0	-1	-1	-1	-1	-1	-1	110	0
89	90	65341	-1	21	东南亚战士		235	144	0	0	10000	-1	-1	1	0	-1	-1	-1	-1	-1	-1	110	0
90	91	65341	-1	21	东南亚战士		235	144	0	0	10000	-1	-1	1	0	-1	-1	-1	-1	-1	-1	110	0
91	92	65341	-1	21	东南亚战士		235	144	0	0	10000	-1	-1	1	0	-1	-1	-1	-1	-1	-1	110	0
92	93	65341	-1	21	东南亚战士		235	144	0	0	10000	-1	-1	1	0	-1	-1	-1	-1	-1	-1	110	0
93	94	65341	-1	21	东南亚战士		235	144	0	0	10000	-1	-1	1	0	-1	-1	-1	-1	-1	-1	110	0
94	95	65341	-1	21	东南亚战士		235	144	0	0	10000	-1	-1	1	0	-1	-1	-1	-1	-1	-1	110	0
95	96	65341	-1	21	东南亚战士		235	144	0	0	10000	-1	-1	1	0	-1	-1	-1	-1	-1	-1	110	0
96	97	65341	-1	21	东南亚战士		235	165	0	0	10000	-1	-1	1	0	-1	-1	-1	-1	-1	-1	110	0
97	98	65341	-1	21	东南亚战士		235	165	0	0	10000	-1	-1	1	0	-1	-1	-1	-1	-1	-1	110	0
98	99	65341	-1	21	东南亚战士		235	165	0	0	10000	-1	-1	1	0	-1	-1	-1	-1	-1	-1	110	0
99	100	65341	-1	21	东南亚战士		235	165	0	0	10000	-1	-1	1	0	-1	-1	-1	-1	-1	-1	110	0
100	101	65341	-1	21	东南亚战士		235	165	0	0	10000	-1	-1	1	0	-1	-1	-1	-1	-1	-1	110	0
101	102	65341	-1	21	东南亚战士		235	165	0	0	10000	-1	-1	1	0	-1	-1	-1	-1	-1	-1	110	0
102	103	65341	-1	21	东南亚战士		235	165	0	0	10000	-1	-1	1	0	-1	-1	-1	-1	-1	-1	110	0
103	104	65341	-1	21	东南亚战士		235	165	0	0	10000	-1	-1	1	0	-1	-1	-1	-1	-1	-1	110	0
104	105	65341	-1	21	东南亚战士		235	165	0	0	10000	-1	-1	1	0	-1	-1	-1	-1	-1	-1	110	0
105	106	65341	-1	21	东南亚战士		235	165	0	0	10000	-1	-1	1	0	-1	-1	-1	-1	-1	-1	110	0
106	107	65341	-1	21	东南亚战士		235	165	0	0	10000	-1	-1	1	0	-1	-1	-1	-1	-1	-1	110	0
107	108	65341	-1	21	东南亚战士		235	165	0	0	10000	-1	-1	1	0	-1	-1	-1	-1	-1	-1	110	0
108	109	65341	-1	21	东南亚战士		217	165	0	0	10000	-1	-1	1	0	-1	-1	-1	-1	-1	-1	110	0
109	110	65341	-1	21	东南亚战士		217	165	0	0	10000	-1	-1	1	0	-1	-1	-1	-1	-1	-1	110	0
110	111	65341	-1	21	东南亚战士		217	165	0	0	10000	-1	-1	1	0	-1	-1	-1	-1	-1	-1	110	0
111	112	65341	-1	21	东南亚战士		217	165	0	0	10000	-1	-1	1	0	-1	-1	-1	-1	-1	-1	110	0
112	113	65341	-1	21	东南亚战士		217	165	0	0	10000	-1	-1	1	0	-1	-1	-1	-1	-1	-1	110	0
113	114	65341	-1	21	东南亚战士		217	165	0	0	10000	-1	-1	1	0	-1	-1	-1	-1	-1	-1	110	0
114	115	65341	-1	21	东南亚战士		217	165	0	0	10000	-1	-1	1	0	-1	-1	-1	-1	-1	-1	110	0
115	116	65341	-1	21	东南亚战士		217	165	0	0	10000	-1	-1	1	0	-1	-1	-1	-1	-1	-1	110	0
116	117	65341	-1	21	东南亚战士		217	165	0	0	10000	-1	-1	1	0	-1	-1	-1	-1	-1	-1	110	0
117	118	65341	-1	21	东南亚战士		217	165	0	0	10000	-1	-1	1	0	-1	-1	-1	-1	-1	-1	110	0
118	119	65341	-1	21	东南亚战士		217	165	0	0	10000	-1	-1	1	0	-1	-1	-1	-1	-1	-1	110	0
119	120	65341	-1	21	东南亚战士		217	165	0	0	10000	-1	-1	1	0	-1	-1	-1	-1	-1	-1	110	0
120	121	65341	-1	21	东南亚战士		200	165	0	0	10000	-1	-1	1	0	-1	-1	-1	-1	-1	-1	110	0
121	122	65341	-1	21	东南亚战士		200	165	0	0	10000	-1	-1	1	0	-1	-1	-1	-1	-1	-1	110	0
122	123	65341	-1	21	东南亚战士		200	165	0	0	10000	-1	-1	1	0	-1	-1	-1	-1	-1	-1	110	0
123	124	65341	-1	21	东南亚战士		200	165	0	0	10000	-1	-1	1	0	-1	-1	-1	-1	-1	-1	110	0
124	125	65341	-1	21	东南亚战士		200	165	0	0	10000	-1	-1	1	0	-1	-1	-1	-1	-1	-1	110	0
125	126	65341	-1	21	东南亚战士		200	165	0	0	10000	-1	-1	1	0	-1	-1	-1	-1	-1	-1	110	0
126	127	65341	-1	21	东南亚战士		200	165	0	0	10000	-1	-1	1	0	-1	-1	-1	-1	-1	-1	110	0
127	128	65341	-1	21	东南亚战士		200	165	0	0	10000	-1	-1	1	0	-1	-1	-1	-1	-1	-1	110	0
128	129	65341	-1	21	东南亚战士		200	165	0	0	10000	-1	-1	1	0	-1	-1	-1	-1	-1	-1	110	0
129	130	65341	-1	21	东南亚战士		200	165	0	0	10000	-1	-1	1	0	-1	-1	-1	-1	-1	-1	110	0
130	131	65341	-1	21	东南亚战士		200	165	0	0	10000	-1	-1	1	0	-1	-1	-1	-1	-1	-1	110	0
131	132	65341	-1	21	东南亚战士		200	165	0	0	10000	-1	-1	1	0	-1	-1	-1	-1	-1	-1	110	0
132	133	65341	-1	21	东南亚战士		179	183	0	0	10000	-1	-1	1	0	-1	-1	-1	-1	-1	-1	110	0
133	134	65341	-1	21	东南亚战士		179	183	0	0	10000	-1	-1	1	0	-1	-1	-1	-1	-1	-1	110	0
134	135	65341	-1	21	东南亚战士		179	183	0	0	10000	-1	-1	1	0	-1	-1	-1	-1	-1	-1	110	0
135	136	65341	-1	21	东南亚战士		179	183	0	0	10000	-1	-1	1	0	-1	-1	-1	-1	-1	-1	110	0
136	137	65341	-1	21	东南亚战士		179	183	0	0	10000	-1	-1	1	0	-1	-1	-1	-1	-1	-1	110	0
137	138	65341	-1	21	东南亚战士		179	183	0	0	10000	-1	-1	1	0	-1	-1	-1	-1	-1	-1	110	0
138	139	65341	-1	21	东南亚战士		179	183	0	0	10000	-1	-1	1	0	-1	-1	-1	-1	-1	-1	110	0
139	140	65341	-1	21	东南亚战士		179	183	0	0	10000	-1	-1	1	0	-1	-1	-1	-1	-1	-1	110	0
140	141	65341	-1	21	东南亚战士		179	183	0	0	10000	-1	-1	1	0	-1	-1	-1	-1	-1	-1	110	0
141	142	65341	-1	21	东南亚战士		179	183	0	0	10000	-1	-1	1	0	-1	-1	-1	-1	-1	-1	110	0
142	143	65341	-1	21	东南亚战士		179	183	0	0	10000	-1	-1	1	0	-1	-1	-1	-1	-1	-1	110	0
143	144	65341	-1	21	东南亚战士		179	183	0	0	10000	-1	-1	1	0	-1	-1	-1	-1	-1	-1	110	0
144	145	65341	-1	21	东南亚战士		179	210	0	0	10000	-1	-1	1	0	-1	-1	-1	-1	-1	-1	110	0
145	146	65341	-1	21	东南亚战士		179	210	0	0	10000	-1	-1	1	0	-1	-1	-1	-1	-1	-1	110	0
146	147	65341	-1	21	东南亚战士		179	210	0	0	10000	-1	-1	1	0	-1	-1	-1	-1	-1	-1	110	0
147	148	65341	-1	21	东南亚战士		179	210	0	0	10000	-1	-1	1	0	-1	-1	-1	-1	-1	-1	110	0
148	149	65341	-1	21	东南亚战士		179	210	0	0	10000	-1	-1	1	0	-1	-1	-1	-1	-1	-1	110	0
149	150	65341	-1	21	东南亚战士		179	210	0	0	10000	-1	-1	1	0	-1	-1	-1	-1	-1	-1	110	0
150	151	65341	-1	21	东南亚战士		179	210	0	0	10000	-1	-1	1	0	-1	-1	-1	-1	-1	-1	110	0
151	152	65341	-1	21	东南亚战士		179	210	0	0	10000	-1	-1	1	0	-1	-1	-1	-1	-1	-1	110	0
152	153	65341	-1	21	东南亚战士		179	210	0	0	10000	-1	-1	1	0	-1	-1	-1	-1	-1	-1	110	0
153	154	65341	-1	21	东南亚战士		179	210	0	0	10000	-1	-1	1	0	-1	-1	-1	-1	-1	-1	110	0
154	155	65341	-1	21	东南亚战士		179	210	0	0	10000	-1	-1	1	0	-1	-1	-1	-1	-1	-1	110	0
155	156	65341	-1	21	东南亚战士		179	210	0	0	10000	-1	-1	1	0	-1	-1	-1	-1	-1	-1	110	0
156	157	65341	-1	21	东南亚战士		228	202	0	0	10000	-1	-1	1	0	-1	-1	-1	-1	-1	-1	110	0
157	158	65341	-1	21	东南亚战士		228	202	0	0	10000	-1	-1	1	0	-1	-1	-1	-1	-1	-1	110	0
158	159	65341	-1	21	东南亚战士		228	202	0	0	10000	-1	-1	1	0	-1	-1	-1	-1	-1	-1	110	0
159	160	65341	-1	21	东南亚战士		228	202	0	0	10000	-1	-1	1	0	-1	-1	-1	-1	-1	-1	110	0
160	161	65341	-1	21	东南亚战士		228	202	0	0	10000	-1	-1	1	0	-1	-1	-1	-1	-1	-1	110	0
161	162	65341	-1	21	东南亚战士		228	202	0	0	10000	-1	-1	1	0	-1	-1	-1	-1	-1	-1	110	0
162	163	65341	-1	21	东南亚战士		228	202	0	0	10000	-1	-1	1	0	-1	-1	-1	-1	-1	-1	110	0
163	164	65341	-1	21	东南亚战士		228	202	0	0	10000	-1	-1	1	0	-1	-1	-1	-1	-1	-1	110	0
164	165	65341	-1	21	东南亚战士		228	202	0	0	10000	-1	-1	1	0	-1	-1	-1	-1	-1	-1	110	0
165	166	65341	-1	21	东南亚战士		228	218	0	0	10000	-1	-1	1	0	-1	-1	-1	-1	-1	-1	110	0
166	167	65341	-1	21	东南亚战士		228	218	0	0	10000	-1	-1	1	0	-1	-1	-1	-1	-1	-1	110	0
167	168	65341	-1	21	东南亚战士		228	218	0	0	10000	-1	-1	1	0	-1	-1	-1	-1	-1	-1	110	0
168	169	65341	-1	21	东南亚战士		228	218	0	0	10000	-1	-1	1	0	-1	-1	-1	-1	-1	-1	110	0
169	170	65341	-1	21	东南亚战士		228	218	0	0	10000	-1	-1	1	0	-1	-1	-1	-1	-1	-1	110	0
170	171	65341	-1	21	东南亚战士		228	218	0	0	10000	-1	-1	1	0	-1	-1	-1	-1	-1	-1	110	0
171	172	65341	-1	21	东南亚战士		228	218	0	0	10000	-1	-1	1	0	-1	-1	-1	-1	-1	-1	110	0
172	173	65341	-1	21	东南亚战士		228	218	0	0	10000	-1	-1	1	0	-1	-1	-1	-1	-1	-1	110	0
173	174	65341	-1	21	东南亚战士		228	218	0	0	10000	-1	-1	1	0	-1	-1	-1	-1	-1	-1	110	0
174	175	65341	-1	21	东南亚战士		210	202	0	0	10000	-1	-1	1	0	-1	-1	-1	-1	-1	-1	110	0
175	176	65341	-1	21	东南亚战士		210	202	0	0	10000	-1	-1	1	0	-1	-1	-1	-1	-1	-1	110	0
176	177	65341	-1	21	东南亚战士		210	202	0	0	10000	-1	-1	1	0	-1	-1	-1	-1	-1	-1	110	0
177	178	65341	-1	21	东南亚战士		210	202	0	0	10000	-1	-1	1	0	-1	-1	-1	-1	-1	-1	110	0
178	179	65341	-1	21	东南亚战士		210	202	0	0	10000	-1	-1	1	0	-1	-1	-1	-1	-1	-1	110	0
179	180	65341	-1	21	东南亚战士		210	202	0	0	10000	-1	-1	1	0	-1	-1	-1	-1	-1	-1	110	0
180	181	65341	-1	21	东南亚战士		210	202	0	0	10000	-1	-1	1	0	-1	-1	-1	-1	-1	-1	110	0
181	182	65341	-1	21	东南亚战士		210	202	0	0	10000	-1	-1	1	0	-1	-1	-1	-1	-1	-1	110	0
182	183	65341	-1	21	东南亚战士		210	202	0	0	10000	-1	-1	1	0	-1	-1	-1	-1	-1	-1	110	0
183	184	65341	-1	21	东南亚战士		210	218	0	0	10000	-1	-1	1	0	-1	-1	-1	-1	-1	-1	110	0
184	185	65341	-1	21	东南亚战士		210	218	0	0	10000	-1	-1	1	0	-1	-1	-1	-1	-1	-1	110	0
185	186	65341	-1	21	东南亚战士		210	218	0	0	10000	-1	-1	1	0	-1	-1	-1	-1	-1	-1	110	0
186	187	65341	-1	21	东南亚战士		210	218	0	0	10000	-1	-1	1	0	-1	-1	-1	-1	-1	-1	110	0
187	188	65341	-1	21	东南亚战士		210	218	0	0	10000	-1	-1	1	0	-1	-1	-1	-1	-1	-1	110	0
188	189	65341	-1	21	东南亚战士		210	218	0	0	10000	-1	-1	1	0	-1	-1	-1	-1	-1	-1	110	0
189	190	65341	-1	21	东南亚战士		210	218	0	0	10000	-1	-1	1	0	-1	-1	-1	-1	-1	-1	110	0
190	191	65341	-1	21	东南亚战士		210	218	0	0	10000	-1	-1	1	0	-1	-1	-1	-1	-1	-1	110	0
191	192	65341	-1	21	东南亚战士		210	218	0	0	10000	-1	-1	1	0	-1	-1	-1	-1	-1	-1	110	0
192	193	65341	-1	21	东南亚战士		178	233	0	0	10000	-1	-1	1	0	-1	-1	-1	-1	-1	-1	110	0
193	194	65341	-1	21	东南亚战士		178	233	0	0	10000	-1	-1	1	0	-1	-1	-1	-1	-1	-1	110	0
194	195	65341	-1	21	东南亚战士		178	233	0	0	10000	-1	-1	1	0	-1	-1	-1	-1	-1	-1	110	0
195	196	65341	-1	21	东南亚战士		178	233	0	0	10000	-1	-1	1	0	-1	-1	-1	-1	-1	-1	110	0
196	197	65341	-1	21	东南亚战士		178	233	0	0	10000	-1	-1	1	0	-1	-1	-1	-1	-1	-1	110	0
197	198	65341	-1	21	东南亚战士		178	233	0	0	10000	-1	-1	1	0	-1	-1	-1	-1	-1	-1	110	0
198	199	65341	-1	21	东南亚战士		178	233	0	0	10000	-1	-1	1	0	-1	-1	-1	-1	-1	-1	110	0
199	200	65341	-1	21	东南亚战士		178	233	0	0	10000	-1	-1	1	0	-1	-1	-1	-1	-1	-1	110	0
200	201	65341	-1	21	东南亚战士		178	233	0	0	10000	-1	-1	1	0	-1	-1	-1	-1	-1	-1	110	0
201	202	65341	-1	21	东南亚战士		178	233	0	0	10000	-1	-1	1	0	-1	-1	-1	-1	-1	-1	110	0
202	203	65341	-1	21	东南亚战士		178	233	0	0	10000	-1	-1	1	0	-1	-1	-1	-1	-1	-1	110	0
203	204	65341	-1	21	东南亚战士		178	233	0	0	10000	-1	-1	1	0	-1	-1	-1	-1	-1	-1	110	0
204	205	65341	-1	21	东南亚战士		156	233	0	0	10000	-1	-1	1	0	-1	-1	-1	-1	-1	-1	110	0
205	206	65341	-1	21	东南亚战士		156	233	0	0	10000	-1	-1	1	0	-1	-1	-1	-1	-1	-1	110	0
206	207	65341	-1	21	东南亚战士		156	233	0	0	10000	-1	-1	1	0	-1	-1	-1	-1	-1	-1	110	0
207	208	65341	-1	21	东南亚战士		156	233	0	0	10000	-1	-1	1	0	-1	-1	-1	-1	-1	-1	110	0
208	209	65341	-1	21	东南亚战士		156	233	0	0	10000	-1	-1	1	0	-1	-1	-1	-1	-1	-1	110	0
209	210	65341	-1	21	东南亚战士		156	233	0	0	10000	-1	-1	1	0	-1	-1	-1	-1	-1	-1	110	0
210	211	65341	-1	21	东南亚战士		156	233	0	0	10000	-1	-1	1	0	-1	-1	-1	-1	-1	-1	110	0
211	212	65341	-1	21	东南亚战士		156	233	0	0	10000	-1	-1	1	0	-1	-1	-1	-1	-1	-1	110	0
212	213	65341	-1	21	东南亚战士		156	233	0	0	10000	-1	-1	1	0	-1	-1	-1	-1	-1	-1	110	0
213	214	65341	-1	21	东南亚战士		156	233	0	0	10000	-1	-1	1	0	-1	-1	-1	-1	-1	-1	110	0
214	215	65341	-1	21	东南亚战士		156	233	0	0	10000	-1	-1	1	0	-1	-1	-1	-1	-1	-1	110	0
215	216	65341	-1	21	东南亚战士		156	233	0	0	10000	-1	-1	1	0	-1	-1	-1	-1	-1	-1	110	0
216	217	65341	-1	21	东南亚战士		128	127	0	0	10000	-1	-1	1	0	-1	-1	-1	-1	-1	-1	110	0
217	218	65341	-1	21	东南亚战士		128	127	0	0	10000	-1	-1	1	0	-1	-1	-1	-1	-1	-1	110	0
218	219	65341	-1	21	东南亚战士		128	127	0	0	10000	-1	-1	1	0	-1	-1	-1	-1	-1	-1	110	0
219	220	65341	-1	21	东南亚战士		128	127	0	0	10000	-1	-1	1	0	-1	-1	-1	-1	-1	-1	110	0
220	221	65341	-1	21	东南亚战士		128	127	0	0	10000	-1	-1	1	0	-1	-1	-1	-1	-1	-1	110	0
221	222	65341	-1	21	东南亚战士		128	127	0	0	10000	-1	-1	1	0	-1	-1	-1	-1	-1	-1	110	0
222	223	65341	-1	21	东南亚战士		128	127	0	0	10000	-1	-1	1	0	-1	-1	-1	-1	-1	-1	110	0
223	224	65341	-1	21	东南亚战士		128	127	0	0	10000	-1	-1	1	0	-1	-1	-1	-1	-1	-1	110	0
224	225	65341	-1	21	东南亚战士		128	127	0	0	10000	-1	-1	1	0	-1	-1	-1	-1	-1	-1	110	0
225	226	65341	-1	21	东南亚战士		128	127	0	0	10000	-1	-1	1	0	-1	-1	-1	-1	-1	-1	110	0
226	227	65341	-1	21	东南亚战士		128	127	0	0	10000	-1	-1	1	0	-1	-1	-1	-1	-1	-1	110	0
227	228	65341	-1	21	东南亚战士		128	127	0	0	10000	-1	-1	1	0	-1	-1	-1	-1	-1	-1	110	0
228	229	65341	-1	21	东南亚战士		128	204	0	0	10000	-1	-1	1	0	-1	-1	-1	-1	-1	-1	110	0
229	230	65341	-1	21	东南亚战士		128	204	0	0	10000	-1	-1	1	0	-1	-1	-1	-1	-1	-1	110	0
230	231	65341	-1	21	东南亚战士		128	204	0	0	10000	-1	-1	1	0	-1	-1	-1	-1	-1	-1	110	0
231	232	65341	-1	21	东南亚战士		128	204	0	0	10000	-1	-1	1	0	-1	-1	-1	-1	-1	-1	110	0
232	233	65341	-1	21	东南亚战士		128	204	0	0	10000	-1	-1	1	0	-1	-1	-1	-1	-1	-1	110	0
233	234	65341	-1	21	东南亚战士		128	204	0	0	10000	-1	-1	1	0	-1	-1	-1	-1	-1	-1	110	0
234	235	65341	-1	21	东南亚战士		128	204	0	0	10000	-1	-1	1	0	-1	-1	-1	-1	-1	-1	110	0
235	236	65341	-1	21	东南亚战士		128	204	0	0	10000	-1	-1	1	0	-1	-1	-1	-1	-1	-1	110	0
236	237	65341	-1	21	东南亚战士		128	204	0	0	10000	-1	-1	1	0	-1	-1	-1	-1	-1	-1	110	0
237	238	65341	-1	21	东南亚战士		128	204	0	0	10000	-1	-1	1	0	-1	-1	-1	-1	-1	-1	110	0
238	239	65341	-1	21	东南亚战士		128	204	0	0	10000	-1	-1	1	0	-1	-1	-1	-1	-1	-1	110	0
239	240	65341	-1	21	东南亚战士		128	204	0	0	10000	-1	-1	1	0	-1	-1	-1	-1	-1	-1	110	0
240	241	65341	-1	21	东南亚战士		128	184	0	0	10000	-1	-1	1	0	-1	-1	-1	-1	-1	-1	110	0
241	242	65341	-1	21	东南亚战士		128	184	0	0	10000	-1	-1	1	0	-1	-1	-1	-1	-1	-1	110	0
242	243	65341	-1	21	东南亚战士		128	184	0	0	10000	-1	-1	1	0	-1	-1	-1	-1	-1	-1	110	0
243	244	65341	-1	21	东南亚战士		128	184	0	0	10000	-1	-1	1	0	-1	-1	-1	-1	-1	-1	110	0
244	245	65341	-1	21	东南亚战士		128	184	0	0	10000	-1	-1	1	0	-1	-1	-1	-1	-1	-1	110	0
245	246	65341	-1	21	东南亚战士		128	184	0	0	10000	-1	-1	1	0	-1	-1	-1	-1	-1	-1	110	0
246	247	65341	-1	21	东南亚战士		128	184	0	0	10000	-1	-1	1	0	-1	-1	-1	-1	-1	-1	110	0
247	248	65341	-1	21	东南亚战士		128	184	0	0	10000	-1	-1	1	0	-1	-1	-1	-1	-1	-1	110	0
248	249	65341	-1	21	东南亚战士		128	184	0	0	10000	-1	-1	1	0	-1	-1	-1	-1	-1	-1	110	0
249	250	65341	-1	21	东南亚战士		128	184	0	0	10000	-1	-1	1	0	-1	-1	-1	-1	-1	-1	110	0
250	251	65341	-1	21	东南亚战士		128	184	0	0	10000	-1	-1	1	0	-1	-1	-1	-1	-1	-1	110	0
251	252	65341	-1	21	东南亚战士		128	184	0	0	10000	-1	-1	1	0	-1	-1	-1	-1	-1	-1	110	0
252	253	65341	-1	21	东南亚战士		120	137	0	0	10000	-1	-1	1	0	-1	-1	-1	-1	-1	-1	110	0
253	254	65341	-1	21	东南亚战士		120	137	0	0	10000	-1	-1	1	0	-1	-1	-1	-1	-1	-1	110	0
254	255	65341	-1	21	东南亚战士		120	137	0	0	10000	-1	-1	1	0	-1	-1	-1	-1	-1	-1	110	0
255	256	65341	-1	21	东南亚战士		120	137	0	0	10000	-1	-1	1	0	-1	-1	-1	-1	-1	-1	110	0
256	257	65341	-1	21	东南亚战士		120	137	0	0	10000	-1	-1	1	0	-1	-1	-1	-1	-1	-1	110	0
257	258	65341	-1	21	东南亚战士		120	137	0	0	10000	-1	-1	1	0	-1	-1	-1	-1	-1	-1	110	0
258	259	65341	-1	21	东南亚战士		120	137	0	0	10000	-1	-1	1	0	-1	-1	-1	-1	-1	-1	110	0
259	260	65341	-1	21	东南亚战士		120	137	0	0	10000	-1	-1	1	0	-1	-1	-1	-1	-1	-1	110	0
260	261	65341	-1	21	东南亚战士		120	137	0	0	10000	-1	-1	1	0	-1	-1	-1	-1	-1	-1	110	0
261	262	65341	-1	21	东南亚战士		134	137	0	0	10000	-1	-1	1	0	-1	-1	-1	-1	-1	-1	110	0
262	263	65341	-1	21	东南亚战士		134	137	0	0	10000	-1	-1	1	0	-1	-1	-1	-1	-1	-1	110	0
263	264	65341	-1	21	东南亚战士		134	137	0	0	10000	-1	-1	1	0	-1	-1	-1	-1	-1	-1	110	0
264	265	65341	-1	21	东南亚战士		134	137	0	0	10000	-1	-1	1	0	-1	-1	-1	-1	-1	-1	110	0
265	266	65341	-1	21	东南亚战士		134	137	0	0	10000	-1	-1	1	0	-1	-1	-1	-1	-1	-1	110	0
266	267	65341	-1	21	东南亚战士		134	137	0	0	10000	-1	-1	1	0	-1	-1	-1	-1	-1	-1	110	0
267	268	65341	-1	21	东南亚战士		134	137	0	0	10000	-1	-1	1	0	-1	-1	-1	-1	-1	-1	110	0
268	269	65341	-1	21	东南亚战士		134	137	0	0	10000	-1	-1	1	0	-1	-1	-1	-1	-1	-1	110	0
269	270	65341	-1	21	东南亚战士		134	137	0	0	10000	-1	-1	1	0	-1	-1	-1	-1	-1	-1	110	0
270	271	65341	-1	21	东南亚战士		120	149	0	0	10000	-1	-1	1	0	-1	-1	-1	-1	-1	-1	110	0
271	272	65341	-1	21	东南亚战士		120	149	0	0	10000	-1	-1	1	0	-1	-1	-1	-1	-1	-1	110	0
272	273	65341	-1	21	东南亚战士		120	149	0	0	10000	-1	-1	1	0	-1	-1	-1	-1	-1	-1	110	0
273	274	65341	-1	21	东南亚战士		120	149	0	0	10000	-1	-1	1	0	-1	-1	-1	-1	-1	-1	110	0
274	275	65341	-1	21	东南亚战士		120	149	0	0	10000	-1	-1	1	0	-1	-1	-1	-1	-1	-1	110	0
275	276	65341	-1	21	东南亚战士		120	149	0	0	10000	-1	-1	1	0	-1	-1	-1	-1	-1	-1	110	0
276	277	65341	-1	21	东南亚战士		120	149	0	0	10000	-1	-1	1	0	-1	-1	-1	-1	-1	-1	110	0
277	278	65341	-1	21	东南亚战士		120	149	0	0	10000	-1	-1	1	0	-1	-1	-1	-1	-1	-1	110	0
278	279	65341	-1	21	东南亚战士		120	149	0	0	10000	-1	-1	1	0	-1	-1	-1	-1	-1	-1	110	0
279	280	65341	-1	21	东南亚战士		134	149	0	0	10000	-1	-1	1	0	-1	-1	-1	-1	-1	-1	110	0
280	281	65341	-1	21	东南亚战士		134	149	0	0	10000	-1	-1	1	0	-1	-1	-1	-1	-1	-1	110	0
281	282	65341	-1	21	东南亚战士		134	149	0	0	10000	-1	-1	1	0	-1	-1	-1	-1	-1	-1	110	0
282	283	65341	-1	21	东南亚战士		134	149	0	0	10000	-1	-1	1	0	-1	-1	-1	-1	-1	-1	110	0
283	284	65341	-1	21	东南亚战士		134	149	0	0	10000	-1	-1	1	0	-1	-1	-1	-1	-1	-1	110	0
284	285	65341	-1	21	东南亚战士		134	149	0	0	10000	-1	-1	1	0	-1	-1	-1	-1	-1	-1	110	0
285	286	65341	-1	21	东南亚战士		134	149	0	0	10000	-1	-1	1	0	-1	-1	-1	-1	-1	-1	110	0
286	287	65341	-1	21	东南亚战士		134	149	0	0	10000	-1	-1	1	0	-1	-1	-1	-1	-1	-1	110	0
287	288	65341	-1	21	东南亚战士		134	149	0	0	10000	-1	-1	1	0	-1	-1	-1	-1	-1	-1	110	0
288	289	65341	-1	21	东南亚战士		81	180	0	0	10000	-1	-1	1	0	-1	-1	-1	-1	-1	-1	110	0
289	290	65341	-1	21	东南亚战士		81	180	0	0	10000	-1	-1	1	0	-1	-1	-1	-1	-1	-1	110	0
290	291	65341	-1	21	东南亚战士		81	180	0	0	10000	-1	-1	1	0	-1	-1	-1	-1	-1	-1	110	0
291	292	65341	-1	21	东南亚战士		81	180	0	0	10000	-1	-1	1	0	-1	-1	-1	-1	-1	-1	110	0
292	293	65341	-1	21	东南亚战士		81	180	0	0	10000	-1	-1	1	0	-1	-1	-1	-1	-1	-1	110	0
293	294	65341	-1	21	东南亚战士		81	180	0	0	10000	-1	-1	1	0	-1	-1	-1	-1	-1	-1	110	0
294	295	65341	-1	21	东南亚战士		81	180	0	0	10000	-1	-1	1	0	-1	-1	-1	-1	-1	-1	110	0
295	296	65341	-1	21	东南亚战士		81	180	0	0	10000	-1	-1	1	0	-1	-1	-1	-1	-1	-1	110	0
296	297	65341	-1	21	东南亚战士		81	180	0	0	10000	-1	-1	1	0	-1	-1	-1	-1	-1	-1	110	0
297	298	65341	-1	21	东南亚战士		81	180	0	0	10000	-1	-1	1	0	-1	-1	-1	-1	-1	-1	110	0
298	299	65341	-1	21	东南亚战士		81	180	0	0	10000	-1	-1	1	0	-1	-1	-1	-1	-1	-1	110	0
299	300	65341	-1	21	东南亚战士		81	180	0	0	10000	-1	-1	1	0	-1	-1	-1	-1	-1	-1	110	0
300	301	65341	-1	21	东南亚战士		79	154	0	0	10000	-1	-1	1	0	-1	-1	-1	-1	-1	-1	110	0
301	302	65341	-1	21	东南亚战士		79	154	0	0	10000	-1	-1	1	0	-1	-1	-1	-1	-1	-1	110	0
302	303	65341	-1	21	东南亚战士		79	154	0	0	10000	-1	-1	1	0	-1	-1	-1	-1	-1	-1	110	0
303	304	65341	-1	21	东南亚战士		79	154	0	0	10000	-1	-1	1	0	-1	-1	-1	-1	-1	-1	110	0
304	305	65341	-1	21	东南亚战士		79	154	0	0	10000	-1	-1	1	0	-1	-1	-1	-1	-1	-1	110	0
305	306	65341	-1	21	东南亚战士		79	154	0	0	10000	-1	-1	1	0	-1	-1	-1	-1	-1	-1	110	0
306	307	65341	-1	21	东南亚战士		79	154	0	0	10000	-1	-1	1	0	-1	-1	-1	-1	-1	-1	110	0
307	308	65341	-1	21	东南亚战士		79	154	0	0	10000	-1	-1	1	0	-1	-1	-1	-1	-1	-1	110	0
308	309	65341	-1	21	东南亚战士		79	154	0	0	10000	-1	-1	1	0	-1	-1	-1	-1	-1	-1	110	0
309	310	65341	-1	21	东南亚战士		79	154	0	0	10000	-1	-1	1	0	-1	-1	-1	-1	-1	-1	110	0
310	311	65341	-1	21	东南亚战士		79	154	0	0	10000	-1	-1	1	0	-1	-1	-1	-1	-1	-1	110	0
311	312	65341	-1	21	东南亚战士		79	154	0	0	10000	-1	-1	1	0	-1	-1	-1	-1	-1	-1	110	0
312	313	65341	-1	21	东南亚战士		79	123	0	0	10000	-1	-1	1	0	-1	-1	-1	-1	-1	-1	110	0
313	314	65341	-1	21	东南亚战士		79	123	0	0	10000	-1	-1	1	0	-1	-1	-1	-1	-1	-1	110	0
314	315	65341	-1	21	东南亚战士		79	123	0	0	10000	-1	-1	1	0	-1	-1	-1	-1	-1	-1	110	0
315	316	65341	-1	21	东南亚战士		79	123	0	0	10000	-1	-1	1	0	-1	-1	-1	-1	-1	-1	110	0
316	317	65341	-1	21	东南亚战士		79	123	0	0	10000	-1	-1	1	0	-1	-1	-1	-1	-1	-1	110	0
317	318	65341	-1	21	东南亚战士		79	123	0	0	10000	-1	-1	1	0	-1	-1	-1	-1	-1	-1	110	0
318	319	65341	-1	21	东南亚战士		79	123	0	0	10000	-1	-1	1	0	-1	-1	-1	-1	-1	-1	110	0
319	320	65341	-1	21	东南亚战士		79	123	0	0	10000	-1	-1	1	0	-1	-1	-1	-1	-1	-1	110	0
320	321	65341	-1	21	东南亚战士		79	123	0	0	10000	-1	-1	1	0	-1	-1	-1	-1	-1	-1	110	0
321	322	65341	-1	21	东南亚战士		79	123	0	0	10000	-1	-1	1	0	-1	-1	-1	-1	-1	-1	110	0
322	323	65341	-1	21	东南亚战士		79	123	0	0	10000	-1	-1	1	0	-1	-1	-1	-1	-1	-1	110	0
323	324	65341	-1	21	东南亚战士		79	123	0	0	10000	-1	-1	1	0	-1	-1	-1	-1	-1	-1	110	0
324	325	65341	-1	21	东南亚战士		30	138	0	0	10000	-1	-1	1	0	-1	-1	-1	-1	-1	-1	110	0
325	326	65341	-1	21	东南亚战士		30	138	0	0	10000	-1	-1	1	0	-1	-1	-1	-1	-1	-1	110	0
326	327	65341	-1	21	东南亚战士		30	138	0	0	10000	-1	-1	1	0	-1	-1	-1	-1	-1	-1	110	0
327	328	65341	-1	21	东南亚战士		30	138	0	0	10000	-1	-1	1	0	-1	-1	-1	-1	-1	-1	110	0
328	329	65341	-1	21	东南亚战士		30	138	0	0	10000	-1	-1	1	0	-1	-1	-1	-1	-1	-1	110	0
329	330	65341	-1	21	东南亚战士		30	138	0	0	10000	-1	-1	1	0	-1	-1	-1	-1	-1	-1	110	0
330	331	65341	-1	21	东南亚战士		30	138	0	0	10000	-1	-1	1	0	-1	-1	-1	-1	-1	-1	110	0
331	332	65341	-1	21	东南亚战士		30	138	0	0	10000	-1	-1	1	0	-1	-1	-1	-1	-1	-1	110	0
332	333	65341	-1	21	东南亚战士		30	138	0	0	10000	-1	-1	1	0	-1	-1	-1	-1	-1	-1	110	0
333	334	65341	-1	21	东南亚战士		30	138	0	0	10000	-1	-1	1	0	-1	-1	-1	-1	-1	-1	110	0
334	335	65341	-1	21	东南亚战士		30	138	0	0	10000	-1	-1	1	0	-1	-1	-1	-1	-1	-1	110	0
335	336	65341	-1	21	东南亚战士		30	138	0	0	10000	-1	-1	1	0	-1	-1	-1	-1	-1	-1	110	0
336	337	65341	-1	21	东南亚战士		30	138	0	0	10000	-1	-1	1	0	-1	-1	-1	-1	-1	-1	110	0
337	338	65341	-1	21	东南亚战士		30	138	0	0	10000	-1	-1	1	0	-1	-1	-1	-1	-1	-1	110	0
338	339	65341	-1	21	东南亚战士		30	138	0	0	10000	-1	-1	1	0	-1	-1	-1	-1	-1	-1	110	0
339	340	65341	-1	21	东南亚战士		30	138	0	0	10000	-1	-1	1	0	-1	-1	-1	-1	-1	-1	110	0
340	341	65341	-1	21	东南亚战士		30	213	0	0	10000	-1	-1	1	0	-1	-1	-1	-1	-1	-1	110	0
341	342	65341	-1	21	东南亚战士		30	213	0	0	10000	-1	-1	1	0	-1	-1	-1	-1	-1	-1	110	0
342	343	65341	-1	21	东南亚战士		30	213	0	0	10000	-1	-1	1	0	-1	-1	-1	-1	-1	-1	110	0
343	344	65341	-1	21	东南亚战士		30	213	0	0	10000	-1	-1	1	0	-1	-1	-1	-1	-1	-1	110	0
344	345	65341	-1	21	东南亚战士		30	213	0	0	10000	-1	-1	1	0	-1	-1	-1	-1	-1	-1	110	0
345	346	65341	-1	21	东南亚战士		30	213	0	0	10000	-1	-1	1	0	-1	-1	-1	-1	-1	-1	110	0
346	347	65341	-1	21	东南亚战士		30	213	0	0	10000	-1	-1	1	0	-1	-1	-1	-1	-1	-1	110	0
347	348	65341	-1	21	东南亚战士		30	213	0	0	10000	-1	-1	1	0	-1	-1	-1	-1	-1	-1	110	0
348	349	65341	-1	21	东南亚战士		30	213	0	0	10000	-1	-1	1	0	-1	-1	-1	-1	-1	-1	110	0
349	350	65341	-1	21	东南亚战士		30	213	0	0	10000	-1	-1	1	0	-1	-1	-1	-1	-1	-1	110	0
350	351	65341	-1	21	东南亚战士		30	213	0	0	10000	-1	-1	1	0	-1	-1	-1	-1	-1	-1	110	0
351	352	65341	-1	21	东南亚战士		30	213	0	0	10000	-1	-1	1	0	-1	-1	-1	-1	-1	-1	110	0
352	353	65341	-1	21	东南亚战士		30	213	0	0	10000	-1	-1	1	0	-1	-1	-1	-1	-1	-1	110	0
353	354	65341	-1	21	东南亚战士		30	213	0	0	10000	-1	-1	1	0	-1	-1	-1	-1	-1	-1	110	0
354	355	65341	-1	21	东南亚战士		30	213	0	0	10000	-1	-1	1	0	-1	-1	-1	-1	-1	-1	110	0
355	356	65341	-1	21	东南亚战士		30	213	0	0	10000	-1	-1	1	0	-1	-1	-1	-1	-1	-1	110	0
356	357	65341	-1	21	东南亚战士		61	219	0	0	10000	-1	-1	1	0	-1	-1	-1	-1	-1	-1	110	0
357	358	65341	-1	21	东南亚战士		61	219	0	0	10000	-1	-1	1	0	-1	-1	-1	-1	-1	-1	110	0
358	359	65341	-1	21	东南亚战士		61	219	0	0	10000	-1	-1	1	0	-1	-1	-1	-1	-1	-1	110	0
359	360	65341	-1	21	东南亚战士		61	219	0	0	10000	-1	-1	1	0	-1	-1	-1	-1	-1	-1	110	0
360	361	65341	-1	21	东南亚战士		61	219	0	0	10000	-1	-1	1	0	-1	-1	-1	-1	-1	-1	110	0
361	362	65341	-1	21	东南亚战士		61	219	0	0	10000	-1	-1	1	0	-1	-1	-1	-1	-1	-1	110	0
362	363	65341	-1	21	东南亚战士		61	219	0	0	10000	-1	-1	1	0	-1	-1	-1	-1	-1	-1	110	0
363	364	65341	-1	21	东南亚战士		61	219	0	0	10000	-1	-1	1	0	-1	-1	-1	-1	-1	-1	110	0
364	365	65341	-1	21	东南亚战士		61	219	0	0	10000	-1	-1	1	0	-1	-1	-1	-1	-1	-1	110	0
365	366	65341	-1	21	东南亚战士		61	219	0	0	10000	-1	-1	1	0	-1	-1	-1	-1	-1	-1	110	0
366	367	65341	-1	21	东南亚战士		61	219	0	0	10000	-1	-1	1	0	-1	-1	-1	-1	-1	-1	110	0
367	368	65341	-1	21	东南亚战士		61	219	0	0	10000	-1	-1	1	0	-1	-1	-1	-1	-1	-1	110	0
368	369	65341	-1	21	东南亚战士		61	219	0	0	10000	-1	-1	1	0	-1	-1	-1	-1	-1	-1	110	0
369	370	65341	-1	21	东南亚战士		61	219	0	0	10000	-1	-1	1	0	-1	-1	-1	-1	-1	-1	110	0
370	371	65341	-1	21	东南亚战士		61	219	0	0	10000	-1	-1	1	0	-1	-1	-1	-1	-1	-1	110	0
371	372	65341	-1	21	东南亚战士		61	219	0	0	10000	-1	-1	1	0	-1	-1	-1	-1	-1	-1	110	0
372	373	65341	-1	21	东南亚战士		111	91	0	0	10000	-1	-1	1	0	-1	-1	-1	-1	-1	-1	110	0
373	374	65341	-1	21	东南亚战士		111	91	0	0	10000	-1	-1	1	0	-1	-1	-1	-1	-1	-1	110	0
374	375	65341	-1	21	东南亚战士		111	91	0	0	10000	-1	-1	1	0	-1	-1	-1	-1	-1	-1	110	0
375	376	65341	-1	21	东南亚战士		111	91	0	0	10000	-1	-1	1	0	-1	-1	-1	-1	-1	-1	110	0
376	377	65341	-1	21	东南亚战士		111	91	0	0	10000	-1	-1	1	0	-1	-1	-1	-1	-1	-1	110	0
377	378	65341	-1	21	东南亚战士		111	91	0	0	10000	-1	-1	1	0	-1	-1	-1	-1	-1	-1	110	0
378	379	65341	-1	21	东南亚战士		111	91	0	0	10000	-1	-1	1	0	-1	-1	-1	-1	-1	-1	110	0
379	380	65341	-1	21	东南亚战士		111	91	0	0	10000	-1	-1	1	0	-1	-1	-1	-1	-1	-1	110	0
380	381	65341	-1	21	东南亚战士		111	91	0	0	10000	-1	-1	1	0	-1	-1	-1	-1	-1	-1	110	0
381	382	65341	-1	21	东南亚战士		111	91	0	0	10000	-1	-1	1	0	-1	-1	-1	-1	-1	-1	110	0
382	383	65341	-1	21	东南亚战士		111	91	0	0	10000	-1	-1	1	0	-1	-1	-1	-1	-1	-1	110	0
383	384	65341	-1	21	东南亚战士		111	91	0	0	10000	-1	-1	1	0	-1	-1	-1	-1	-1	-1	110	0
384	385	65341	-1	21	东南亚战士		111	91	0	0	10000	-1	-1	1	0	-1	-1	-1	-1	-1	-1	110	0
385	386	65341	-1	21	东南亚战士		111	91	0	0	10000	-1	-1	1	0	-1	-1	-1	-1	-1	-1	110	0
386	387	65341	-1	21	东南亚战士		111	91	0	0	10000	-1	-1	1	0	-1	-1	-1	-1	-1	-1	110	0
387	388	65341	-1	21	东南亚战士		111	91	0	0	10000	-1	-1	1	0	-1	-1	-1	-1	-1	-1	110	0
388	389	65341	-1	21	东南亚战士		133	41	0	0	10000	-1	-1	1	0	-1	-1	-1	-1	-1	-1	110	0
389	390	65341	-1	21	东南亚战士		133	41	0	0	10000	-1	-1	1	0	-1	-1	-1	-1	-1	-1	110	0
390	391	65341	-1	21	东南亚战士		133	41	0	0	10000	-1	-1	1	0	-1	-1	-1	-1	-1	-1	110	0
391	392	65341	-1	21	东南亚战士		133	41	0	0	10000	-1	-1	1	0	-1	-1	-1	-1	-1	-1	110	0
392	393	65341	-1	21	东南亚战士		133	41	0	0	10000	-1	-1	1	0	-1	-1	-1	-1	-1	-1	110	0
393	394	65341	-1	21	东南亚战士		133	41	0	0	10000	-1	-1	1	0	-1	-1	-1	-1	-1	-1	110	0
394	395	65341	-1	21	东南亚战士		133	41	0	0	10000	-1	-1	1	0	-1	-1	-1	-1	-1	-1	110	0
395	396	65341	-1	21	东南亚战士		133	41	0	0	10000	-1	-1	1	0	-1	-1	-1	-1	-1	-1	110	0
396	397	65341	-1	21	东南亚战士		133	41	0	0	10000	-1	-1	1	0	-1	-1	-1	-1	-1	-1	110	0
397	398	65341	-1	21	东南亚战士		133	41	0	0	10000	-1	-1	1	0	-1	-1	-1	-1	-1	-1	110	0
398	399	65341	-1	21	东南亚战士		133	41	0	0	10000	-1	-1	1	0	-1	-1	-1	-1	-1	-1	110	0
399	400	65341	-1	21	东南亚战士		133	41	0	0	10000	-1	-1	1	0	-1	-1	-1	-1	-1	-1	110	0
400	401	65341	-1	21	东南亚战士		133	41	0	0	10000	-1	-1	1	0	-1	-1	-1	-1	-1	-1	110	0
401	402	65341	-1	21	东南亚战士		133	41	0	0	10000	-1	-1	1	0	-1	-1	-1	-1	-1	-1	110	0
402	403	65341	-1	21	东南亚战士		133	41	0	0	10000	-1	-1	1	0	-1	-1	-1	-1	-1	-1	110	0
403	404	65341	-1	21	东南亚战士		133	41	0	0	10000	-1	-1	1	0	-1	-1	-1	-1	-1	-1	110	0
404	405	65317	141404	20	麦哲伦		205	23	27	0	10000	-1	-1	3	0	-1	-1	-1	-1	-1	-1	100	0
