NUM	NUM	NUM	NUM	NUM	TEXT	TEXT	FLOAT	FLOAT	NUM	NUM	NUM	NUM	NUM	NUM	NUM	NUM	NUM	NUM	NUM	NUM	NUM	NUM	NUM
晤瘍	呴儂晤瘍	attr晤瘍	軀憮桶晤瘍	淝茠晤瘍	靡備	備瘍	x粣釴梓	z粣釴梓	陳砃	褐掛晤瘍	笭汜奀潔	煦郪晤瘍	勦斪晤瘍	價插AI	AI恅璃	挐軀繚噤	妀虛0	妀虛1	妀虛2	妀虛3	靡酐ID	脹撰	噩砉郪
0	15123695	9720	142600	16	蜂芞嫌	瞼擘抻鎮	187	71	27	-1	180000	-1	-1	2	0	-1	-1	-1	-1	-1	-1	100	0	
1	15123696	9720	142601	18	燠侗	壎贅抻鎮	195	186	27	-1	180000	-1	-1	2	0	-1	-1	-1	-1	-1	-1	100	0	
2	15123697	9720	142602	17	坰燴	應秮抻鎮	75	75	27	-1	180000	-1	-1	2	0	-1	-1	-1	-1	-1	-1	100	0	
3	15123698	9720	142603	19	樓票	嗟銓抻鎮	85	178	27	-1	180000	-1	-1	2	0	-1	-1	-1	-1	-1	-1	100	0	
4	9049302	9572	-1	21			70.006416	165.953598	27	-1	1000	-1	-1	16	0	-1	-1	-1	-1	-1	-1	75	0	
5	9049303	9572	-1	21			69.209106	165.169067	27	-1	1000	-1	-1	16	0	-1	-1	-1	-1	-1	-1	75	0	
6	9049305	9572	-1	21			70.745438	165.169174	27	-1	1000	-1	-1	16	0	-1	-1	-1	-1	-1	-1	75	0	
7	9049307	9572	-1	21			69.287292	166.202438	27	-1	1000	-1	-1	16	0	-1	-1	-1	-1	-1	-1	75	0	
8	9049308	9572	-1	21			70.75705	166.248444	27	-1	1000	-1	-1	16	0	-1	-1	-1	-1	-1	-1	75	0	
9	9049309	9572	-1	21			70.012589	164.279495	27	-1	1000	-1	-1	16	0	-1	-1	-1	-1	-1	-1	75	0	
10	9049310	9572	-1	21			69.93248	167.036987	27	-1	1000	-1	-1	16	0	-1	-1	-1	-1	-1	-1	75	0	
11	9049313	9572	-1	21			68.582153	165.573868	27	-1	1000	-1	-1	16	0	-1	-1	-1	-1	-1	-1	75	0	
12	9049315	9572	-1	21			71.552216	165.612732	27	-1	1000	-1	-1	16	0	-1	-1	-1	-1	-1	-1	75	0	
13	9049319	9572	-1	21			69.238304	166.881714	27	-1	1000	-1	-1	16	0	-1	-1	-1	-1	-1	-1	75	0	
14	9049321	9572	-1	21			70.856155	166.993286	27	-1	1000	-1	-1	16	0	-1	-1	-1	-1	-1	-1	75	0	
15	9049322	9572	-1	21			68.630348	166.062546	27	-1	1000	-1	-1	16	0	-1	-1	-1	-1	-1	-1	75	0	
16	9049324	9572	-1	21			71.349266	166.486588	27	-1	1000	-1	-1	16	0	-1	-1	-1	-1	-1	-1	75	0	
17	9049326	9572	-1	21			70.954742	164.404007	27	-1	1000	-1	-1	16	0	-1	-1	-1	-1	-1	-1	75	0	
18	9049330	9572	-1	21			69.047211	164.265015	27	-1	1000	-1	-1	16	0	-1	-1	-1	-1	-1	-1	75	0	
19	9049374	9572	-1	21			81.039841	191.114761	27	-1	1000	-1	-1	16	0	-1	-1	-1	-1	-1	-1	75	0	
20	9049376	9572	-1	21			80.047226	190.032944	27	-1	1000	-1	-1	16	0	-1	-1	-1	-1	-1	-1	75	0	
21	9049378	9572	-1	21			81.816467	190.138962	27	-1	1000	-1	-1	16	0	-1	-1	-1	-1	-1	-1	75	0	
22	9049380	9572	-1	21			80.110458	191.773972	27	-1	1000	-1	-1	16	0	-1	-1	-1	-1	-1	-1	75	0	
23	9049381	9572	-1	21			81.895195	191.904495	27	-1	1000	-1	-1	16	0	-1	-1	-1	-1	-1	-1	75	0	
24	9049383	9572	-1	21			80.992371	191.949295	27	-1	1000	-1	-1	16	0	-1	-1	-1	-1	-1	-1	75	0	
25	9049384	9572	-1	21			80.987747	189.875198	27	-1	1000	-1	-1	16	0	-1	-1	-1	-1	-1	-1	75	0	
26	9049386	9572	-1	21			82.158554	190.682053	27	-1	1000	-1	-1	16	0	-1	-1	-1	-1	-1	-1	75	0	
27	9049387	9572	-1	21			79.947151	190.569214	27	-1	1000	-1	-1	16	0	-1	-1	-1	-1	-1	-1	75	0	
28	9049389	9572	-1	21			80.568512	192.514954	27	-1	1000	-1	-1	16	0	-1	-1	-1	-1	-1	-1	75	0	
29	9049390	9572	-1	21			81.405792	192.67334	27	-1	1000	-1	-1	16	0	-1	-1	-1	-1	-1	-1	75	0	
30	9049392	9572	-1	21			82.791641	190.988556	27	-1	1000	-1	-1	16	0	-1	-1	-1	-1	-1	-1	75	0	
31	9049394	9572	-1	21			79.299438	191.002457	27	-1	1000	-1	-1	16	0	-1	-1	-1	-1	-1	-1	75	0	
32	9049396	9572	-1	21			79.587151	192.075211	27	-1	1000	-1	-1	16	0	-1	-1	-1	-1	-1	-1	75	0	
33	9049398	9572	-1	21			82.402168	192.158386	27	-1	1000	-1	-1	16	0	-1	-1	-1	-1	-1	-1	75	0	
34	9049689	9572	-1	21			54.970203	153.954453	27	-1	1000	-1	-1	16	0	-1	-1	-1	-1	-1	-1	75	0	
35	9049697	9572	-1	21			55.928314	154.919357	27	-1	1000	-1	-1	16	0	-1	-1	-1	-1	-1	-1	75	0	
36	9049699	9572	-1	21			54.076672	154.935684	27	-1	1000	-1	-1	16	0	-1	-1	-1	-1	-1	-1	75	0	
37	9049701	9572	-1	21			54.086136	153.999878	27	-1	1000	-1	-1	16	0	-1	-1	-1	-1	-1	-1	75	0	
38	9049703	9572	-1	21			55.888981	153.918884	27	-1	1000	-1	-1	16	0	-1	-1	-1	-1	-1	-1	75	0	
39	9049704	9572	-1	21			54.985329	154.77977	27	-1	1000	-1	-1	16	0	-1	-1	-1	-1	-1	-1	75	0	
40	9049706	9572	-1	21			55.024521	153.045181	27	-1	1000	-1	-1	16	0	-1	-1	-1	-1	-1	-1	75	0	
41	9049708	9572	-1	21			54.05402	152.229858	27	-1	1000	-1	-1	16	0	-1	-1	-1	-1	-1	-1	75	0	
42	9049709	9572	-1	21			55.944767	152.052155	27	-1	1000	-1	-1	16	0	-1	-1	-1	-1	-1	-1	75	0	
43	9049710	9572	-1	21			53.562096	152.87886	27	-1	1000	-1	-1	16	0	-1	-1	-1	-1	-1	-1	75	0	
44	9049712	9572	-1	21			56.164585	153.145905	27	-1	1000	-1	-1	16	0	-1	-1	-1	-1	-1	-1	75	0	
45	9049713	9572	-1	21			54.957577	151.88028	27	-1	1000	-1	-1	16	0	-1	-1	-1	-1	-1	-1	75	0	
46	9049714	9572	-1	21			53.327667	153.776245	27	-1	1000	-1	-1	16	0	-1	-1	-1	-1	-1	-1	75	0	
47	9049715	9572	-1	21			56.738087	154.008499	27	-1	1000	-1	-1	16	0	-1	-1	-1	-1	-1	-1	75	0	
48	9049717	9572	-1	21			54.962772	155.559052	27	-1	1000	-1	-1	16	0	-1	-1	-1	-1	-1	-1	75	0	
49	9049817	9572	-1	21			105.061501	184.92543	27	-1	1000	-1	-1	16	0	-1	-1	-1	-1	-1	-1	75	0	
50	9049825	9572	-1	21			104.219406	184.118744	27	-1	1000	-1	-1	16	0	-1	-1	-1	-1	-1	-1	75	0	
51	9049827	9572	-1	21			105.811676	183.972885	27	-1	1000	-1	-1	16	0	-1	-1	-1	-1	-1	-1	75	0	
52	9049828	9572	-1	21			105.049255	184.108307	27	-1	1000	-1	-1	16	0	-1	-1	-1	-1	-1	-1	75	0	
53	9049829	9572	-1	21			104.258781	184.922455	27	-1	1000	-1	-1	16	0	-1	-1	-1	-1	-1	-1	75	0	
54	9049831	9572	-1	21			105.760643	184.821854	27	-1	1000	-1	-1	16	0	-1	-1	-1	-1	-1	-1	75	0	
55	9049832	9572	-1	21			104.795769	185.314545	27	-1	1000	-1	-1	16	0	-1	-1	-1	-1	-1	-1	75	0	
56	9049833	9572	-1	21			105.463425	185.231674	27	-1	1000	-1	-1	16	0	-1	-1	-1	-1	-1	-1	75	0	
57	9049835	9572	-1	21			105.171585	185.775864	27	-1	1000	-1	-1	16	0	-1	-1	-1	-1	-1	-1	75	0	
58	9049836	9572	-1	21			104.730965	183.465103	27	-1	1000	-1	-1	16	0	-1	-1	-1	-1	-1	-1	75	0	
59	9049837	9572	-1	21			105.448372	183.347733	27	-1	1000	-1	-1	16	0	-1	-1	-1	-1	-1	-1	75	0	
60	9049839	9572	-1	21			103.600204	184.127579	27	-1	1000	-1	-1	16	0	-1	-1	-1	-1	-1	-1	75	0	
61	9049840	9572	-1	21			106.518692	184.249557	27	-1	1000	-1	-1	16	0	-1	-1	-1	-1	-1	-1	75	0	
62	9049842	9572	-1	21			105.037323	182.741302	27	-1	1000	-1	-1	16	0	-1	-1	-1	-1	-1	-1	75	0	
63	9049845	9572	-1	21			103.935898	183.387894	27	-1	1000	-1	-1	16	0	-1	-1	-1	-1	-1	-1	75	0	
64	9050031	9572	-1	21			46.03413	127.087341	27	-1	1000	-1	-1	16	0	-1	-1	-1	-1	-1	-1	75	0	
65	9050033	9572	-1	21			45.931034	127.828377	27	-1	1000	-1	-1	16	0	-1	-1	-1	-1	-1	-1	75	0	
66	9050049	9572	-1	21			46.83329	127.761612	27	-1	1000	-1	-1	16	0	-1	-1	-1	-1	-1	-1	75	0	
67	9050052	9572	-1	21			45.172733	127.769905	27	-1	1000	-1	-1	16	0	-1	-1	-1	-1	-1	-1	75	0	
68	9050053	9572	-1	21			46.978546	126.481201	27	-1	1000	-1	-1	16	0	-1	-1	-1	-1	-1	-1	75	0	
69	9050060	9572	-1	21			45.568691	126.406677	27	-1	1000	-1	-1	16	0	-1	-1	-1	-1	-1	-1	75	0	
70	9050064	9572	-1	21			45.983898	128.744431	27	-1	1000	-1	-1	16	0	-1	-1	-1	-1	-1	-1	75	0	
71	9050069	9572	-1	21			46.29171	125.996483	27	-1	1000	-1	-1	16	0	-1	-1	-1	-1	-1	-1	75	0	
72	9050073	9572	-1	21			45.175663	128.300247	27	-1	1000	-1	-1	16	0	-1	-1	-1	-1	-1	-1	75	0	
73	9050074	9572	-1	21			46.749161	128.678909	27	-1	1000	-1	-1	16	0	-1	-1	-1	-1	-1	-1	75	0	
74	9050076	9572	-1	21			44.88662	126.41803	27	-1	1000	-1	-1	16	0	-1	-1	-1	-1	-1	-1	75	0	
75	9050077	9572	-1	21			47.374474	127.32859	27	-1	1000	-1	-1	16	0	-1	-1	-1	-1	-1	-1	75	0	
76	9050084	9572	-1	21			44.516369	126.880447	27	-1	1000	-1	-1	16	0	-1	-1	-1	-1	-1	-1	75	0	
77	9050086	9572	-1	21			44.480762	127.455193	27	-1	1000	-1	-1	16	0	-1	-1	-1	-1	-1	-1	75	0	
78	9050088	9572	-1	21			44.743507	127.95668	27	-1	1000	-1	-1	16	0	-1	-1	-1	-1	-1	-1	75	0	
79	9050237	9572	-1	21			58.158497	92.002518	27	-1	1000	-1	-1	16	0	-1	-1	-1	-1	-1	-1	75	0	
80	9050245	9572	-1	21			57.223301	92.604942	27	-1	1000	-1	-1	16	0	-1	-1	-1	-1	-1	-1	75	0	
81	9050247	9572	-1	21			58.55838	92.763611	27	-1	1000	-1	-1	16	0	-1	-1	-1	-1	-1	-1	75	0	
82	9050248	9572	-1	21			57.334248	91.244392	27	-1	1000	-1	-1	16	0	-1	-1	-1	-1	-1	-1	75	0	
83	9050249	9572	-1	21			59.012939	91.488068	27	-1	1000	-1	-1	16	0	-1	-1	-1	-1	-1	-1	75	0	
84	9050251	9572	-1	21			58.275158	91.200134	27	-1	1000	-1	-1	16	0	-1	-1	-1	-1	-1	-1	75	0	
85	9050252	9572	-1	21			57.998905	92.80957	27	-1	1000	-1	-1	16	0	-1	-1	-1	-1	-1	-1	75	0	
86	9050253	9572	-1	21			57.209442	92.00412	27	-1	1000	-1	-1	16	0	-1	-1	-1	-1	-1	-1	75	0	
87	9050255	9572	-1	21			58.997066	92.367325	27	-1	1000	-1	-1	16	0	-1	-1	-1	-1	-1	-1	75	0	
88	9050257	9572	-1	21			57.733852	90.850723	27	-1	1000	-1	-1	16	0	-1	-1	-1	-1	-1	-1	75	0	
89	9050258	9572	-1	21			58.870777	91.086945	27	-1	1000	-1	-1	16	0	-1	-1	-1	-1	-1	-1	75	0	
90	9050259	9572	-1	21			58.423565	90.633568	27	-1	1000	-1	-1	16	0	-1	-1	-1	-1	-1	-1	75	0	
91	9050261	9572	-1	21			56.529884	91.838425	27	-1	1000	-1	-1	16	0	-1	-1	-1	-1	-1	-1	75	0	
92	9050263	9572	-1	21			59.671837	92.122948	27	-1	1000	-1	-1	16	0	-1	-1	-1	-1	-1	-1	75	0	
93	9050265	9572	-1	21			57.999313	93.267776	27	-1	1000	-1	-1	16	0	-1	-1	-1	-1	-1	-1	75	0	
94	9050461	9572	-1	21			36.060673	80.408333	27	-1	1000	-1	-1	16	0	-1	-1	-1	-1	-1	-1	75	0	
95	9050473	9572	-1	21			36.033905	80.952965	27	-1	1000	-1	-1	16	0	-1	-1	-1	-1	-1	-1	75	0	
96	9050476	9572	-1	21			36.318554	79.306892	27	-1	1000	-1	-1	16	0	-1	-1	-1	-1	-1	-1	75	0	
97	9050477	9572	-1	21			35.705528	79.090401	27	-1	1000	-1	-1	16	0	-1	-1	-1	-1	-1	-1	75	0	
98	9050480	9572	-1	21			37.12582	79.303322	27	-1	1000	-1	-1	16	0	-1	-1	-1	-1	-1	-1	75	0	
99	9050481	9572	-1	21			35.508377	79.583626	27	-1	1000	-1	-1	16	0	-1	-1	-1	-1	-1	-1	75	0	
100	9050483	9572	-1	21			36.941074	79.961395	27	-1	1000	-1	-1	16	0	-1	-1	-1	-1	-1	-1	75	0	
101	9050487	9572	-1	21			36.261074	79.738312	27	-1	1000	-1	-1	16	0	-1	-1	-1	-1	-1	-1	75	0	
102	9050489	9572	-1	21			35.385948	80.326614	27	-1	1000	-1	-1	16	0	-1	-1	-1	-1	-1	-1	75	0	
103	9050496	9572	-1	21			36.895107	80.688202	27	-1	1000	-1	-1	16	0	-1	-1	-1	-1	-1	-1	75	0	
104	9050501	9572	-1	21			34.862049	79.486061	27	-1	1000	-1	-1	16	0	-1	-1	-1	-1	-1	-1	75	0	
105	9050502	9572	-1	21			37.627453	80.402573	27	-1	1000	-1	-1	16	0	-1	-1	-1	-1	-1	-1	75	0	
106	9050504	9572	-1	21			34.590099	80.06617	27	-1	1000	-1	-1	16	0	-1	-1	-1	-1	-1	-1	75	0	
107	9050508	9572	-1	21			35.140724	81.101341	27	-1	1000	-1	-1	16	0	-1	-1	-1	-1	-1	-1	75	0	
108	9050512	9572	-1	21			36.782196	81.456467	27	-1	1000	-1	-1	16	0	-1	-1	-1	-1	-1	-1	75	0	
109	9050594	9572	-1	21			35.900478	102.874367	27	-1	1000	-1	-1	16	0	-1	-1	-1	-1	-1	-1	75	0	
110	9050600	9572	-1	21			35.438377	103.653282	27	-1	1000	-1	-1	16	0	-1	-1	-1	-1	-1	-1	75	0	
111	9050603	9572	-1	21			36.416504	103.705627	27	-1	1000	-1	-1	16	0	-1	-1	-1	-1	-1	-1	75	0	
112	9050604	9572	-1	21			36.593174	102.916153	27	-1	1000	-1	-1	16	0	-1	-1	-1	-1	-1	-1	75	0	
113	9050605	9572	-1	21			35.390594	102.759773	27	-1	1000	-1	-1	16	0	-1	-1	-1	-1	-1	-1	75	0	
114	9050607	9572	-1	21			36.016251	102.171417	27	-1	1000	-1	-1	16	0	-1	-1	-1	-1	-1	-1	75	0	
115	9050609	9572	-1	21			35.07785	102.345352	27	-1	1000	-1	-1	16	0	-1	-1	-1	-1	-1	-1	75	0	
116	9050610	9572	-1	21			36.591679	102.605255	27	-1	1000	-1	-1	16	0	-1	-1	-1	-1	-1	-1	75	0	
117	9050612	9572	-1	21			34.828556	103.272919	27	-1	1000	-1	-1	16	0	-1	-1	-1	-1	-1	-1	75	0	
118	9050613	9572	-1	21			37.101131	103.654999	27	-1	1000	-1	-1	16	0	-1	-1	-1	-1	-1	-1	75	0	
119	9050615	9572	-1	21			35.943447	104.104515	27	-1	1000	-1	-1	16	0	-1	-1	-1	-1	-1	-1	75	0	
120	9050616	9572	-1	21			34.950294	104.055641	27	-1	1000	-1	-1	16	0	-1	-1	-1	-1	-1	-1	75	0	
121	9050617	9572	-1	21			36.853703	104.413124	27	-1	1000	-1	-1	16	0	-1	-1	-1	-1	-1	-1	75	0	
122	9050620	9572	-1	21			35.394493	104.482773	27	-1	1000	-1	-1	16	0	-1	-1	-1	-1	-1	-1	75	0	
123	9050622	9572	-1	21			36.293827	104.621056	27	-1	1000	-1	-1	16	0	-1	-1	-1	-1	-1	-1	75	0	
124	9050624	9572	-1	21			35.874325	104.816582	27	-1	1000	-1	-1	16	0	-1	-1	-1	-1	-1	-1	75	0	
125	9050789	9572	-1	21			90.048691	150.18396	27	-1	1000	-1	-1	16	0	-1	-1	-1	-1	-1	-1	75	0	
126	9050791	9572	-1	21			89.340332	149.679459	27	-1	1000	-1	-1	16	0	-1	-1	-1	-1	-1	-1	75	0	
127	9050793	9572	-1	21			90.623474	149.722427	27	-1	1000	-1	-1	16	0	-1	-1	-1	-1	-1	-1	75	0	
128	9050794	9572	-1	21			89.26622	150.677826	27	-1	1000	-1	-1	16	0	-1	-1	-1	-1	-1	-1	75	0	
129	9050796	9572	-1	21			90.510498	150.782104	27	-1	1000	-1	-1	16	0	-1	-1	-1	-1	-1	-1	75	0	
130	9050797	9572	-1	21			90.012215	151.032654	27	-1	1000	-1	-1	16	0	-1	-1	-1	-1	-1	-1	75	0	
131	9050799	9572	-1	21			90.005447	149.546127	27	-1	1000	-1	-1	16	0	-1	-1	-1	-1	-1	-1	75	0	
132	9050800	9572	-1	21			88.690826	150.103149	27	-1	1000	-1	-1	16	0	-1	-1	-1	-1	-1	-1	75	0	
133	9050801	9572	-1	21			91.28183	150.077774	27	-1	1000	-1	-1	16	0	-1	-1	-1	-1	-1	-1	75	0	
134	9050803	9572	-1	21			89.498703	151.270554	27	-1	1000	-1	-1	16	0	-1	-1	-1	-1	-1	-1	75	0	
135	9050804	9572	-1	21			90.451965	151.235641	27	-1	1000	-1	-1	16	0	-1	-1	-1	-1	-1	-1	75	0	
136	9050806	9572	-1	21			91.310783	150.998688	27	-1	1000	-1	-1	16	0	-1	-1	-1	-1	-1	-1	75	0	
137	9050807	9572	-1	21			88.797638	150.715424	27	-1	1000	-1	-1	16	0	-1	-1	-1	-1	-1	-1	75	0	
138	9050809	9572	-1	21			89.026833	151.550034	27	-1	1000	-1	-1	16	0	-1	-1	-1	-1	-1	-1	75	0	
139	9050810	9572	-1	21			90.997536	151.918457	27	-1	1000	-1	-1	16	0	-1	-1	-1	-1	-1	-1	75	0	
140	9050986	9572	-1	21			80.089996	69.470291	27	-1	1000	-1	-1	16	0	-1	-1	-1	-1	-1	-1	75	0	
141	9050987	9572	-1	21			79.241692	68.682587	27	-1	1000	-1	-1	16	0	-1	-1	-1	-1	-1	-1	75	0	
142	9050988	9572	-1	21			80.753479	68.832458	27	-1	1000	-1	-1	16	0	-1	-1	-1	-1	-1	-1	75	0	
143	9050990	9572	-1	21			79.133636	69.80587	27	-1	1000	-1	-1	16	0	-1	-1	-1	-1	-1	-1	75	0	
144	9050991	9572	-1	21			81.011734	69.584221	27	-1	1000	-1	-1	16	0	-1	-1	-1	-1	-1	-1	75	0	
145	9050993	9572	-1	21			80.092621	67.168648	27	-1	1000	-1	-1	16	0	-1	-1	-1	-1	-1	-1	75	0	
146	9050995	9572	-1	21			80.041206	68.075523	27	-1	1000	-1	-1	16	0	-1	-1	-1	-1	-1	-1	75	0	
147	9050997	9572	-1	21			79.059822	67.492355	27	-1	1000	-1	-1	16	0	-1	-1	-1	-1	-1	-1	75	0	
148	9050998	9572	-1	21			81.025917	67.313118	27	-1	1000	-1	-1	16	0	-1	-1	-1	-1	-1	-1	75	0	
149	9051006	9572	-1	21			81.596115	68.084442	27	-1	1000	-1	-1	16	0	-1	-1	-1	-1	-1	-1	75	0	
150	9051007	9572	-1	21			78.337746	68.375847	27	-1	1000	-1	-1	16	0	-1	-1	-1	-1	-1	-1	75	0	
151	9051009	9572	-1	21			81.876823	69.2425	27	-1	1000	-1	-1	16	0	-1	-1	-1	-1	-1	-1	75	0	
152	9051011	9572	-1	21			80.871277	66.520309	27	-1	1000	-1	-1	16	0	-1	-1	-1	-1	-1	-1	75	0	
153	9051012	9572	-1	21			79.719521	66.435165	27	-1	1000	-1	-1	16	0	-1	-1	-1	-1	-1	-1	75	0	
154	9051013	9572	-1	21			80.355209	65.894531	27	-1	1000	-1	-1	16	0	-1	-1	-1	-1	-1	-1	75	0	
155	9051172	9572	-1	21			79.993271	129.861328	27	-1	1000	-1	-1	16	0	-1	-1	-1	-1	-1	-1	75	0	
156	9051181	9572	-1	21			79.505196	128.986862	27	-1	1000	-1	-1	16	0	-1	-1	-1	-1	-1	-1	75	0	
157	9051182	9572	-1	21			80.406456	129.225845	27	-1	1000	-1	-1	16	0	-1	-1	-1	-1	-1	-1	75	0	
158	9051183	9572	-1	21			79.416168	130.10498	27	-1	1000	-1	-1	16	0	-1	-1	-1	-1	-1	-1	75	0	
159	9051185	9572	-1	21			80.403214	130.202576	27	-1	1000	-1	-1	16	0	-1	-1	-1	-1	-1	-1	75	0	
160	9051186	9572	-1	21			80.882904	129.87384	27	-1	1000	-1	-1	16	0	-1	-1	-1	-1	-1	-1	75	0	
161	9051188	9572	-1	21			79.19516	129.812393	27	-1	1000	-1	-1	16	0	-1	-1	-1	-1	-1	-1	75	0	
162	9051190	9572	-1	21			80.062958	129.13562	27	-1	1000	-1	-1	16	0	-1	-1	-1	-1	-1	-1	75	0	
163	9051191	9572	-1	21			79.982643	130.55098	27	-1	1000	-1	-1	16	0	-1	-1	-1	-1	-1	-1	75	0	
164	9051194	9572	-1	21			79.078514	130.638855	27	-1	1000	-1	-1	16	0	-1	-1	-1	-1	-1	-1	75	0	
165	9051195	9572	-1	21			80.698509	130.79306	27	-1	1000	-1	-1	16	0	-1	-1	-1	-1	-1	-1	75	0	
166	9051197	9572	-1	21			80.471062	128.820511	27	-1	1000	-1	-1	16	0	-1	-1	-1	-1	-1	-1	75	0	
167	9051198	9572	-1	21			79.67897	128.781845	27	-1	1000	-1	-1	16	0	-1	-1	-1	-1	-1	-1	75	0	
168	9051199	9572	-1	21			80.056755	128.355286	27	-1	1000	-1	-1	16	0	-1	-1	-1	-1	-1	-1	75	0	
169	9051201	9572	-1	21			79.924606	131.064407	27	-1	1000	-1	-1	16	0	-1	-1	-1	-1	-1	-1	75	0	
170	9051405	9572	-1	21			178.871674	201.167267	27	-1	1000	-1	-1	16	0	-1	-1	-1	-1	-1	-1	75	0	
171	9051410	9572	-1	21			178.393707	200.460434	27	-1	1000	-1	-1	16	0	-1	-1	-1	-1	-1	-1	75	0	
172	9051412	9572	-1	21			179.530884	200.505981	27	-1	1000	-1	-1	16	0	-1	-1	-1	-1	-1	-1	75	0	
173	9051413	9572	-1	21			178.152405	201.506332	27	-1	1000	-1	-1	16	0	-1	-1	-1	-1	-1	-1	75	0	
174	9051414	9572	-1	21			179.631531	201.724976	27	-1	1000	-1	-1	16	0	-1	-1	-1	-1	-1	-1	75	0	
175	9051416	9572	-1	21			179.012894	200.096252	27	-1	1000	-1	-1	16	0	-1	-1	-1	-1	-1	-1	75	0	
176	9051417	9572	-1	21			178.884995	201.807693	27	-1	1000	-1	-1	16	0	-1	-1	-1	-1	-1	-1	75	0	
177	9051419	9572	-1	21			179.968979	201.027145	27	-1	1000	-1	-1	16	0	-1	-1	-1	-1	-1	-1	75	0	
178	9051420	9572	-1	21			177.818481	200.944809	27	-1	1000	-1	-1	16	0	-1	-1	-1	-1	-1	-1	75	0	
179	9051421	9572	-1	21			178.433121	202.390427	27	-1	1000	-1	-1	16	0	-1	-1	-1	-1	-1	-1	75	0	
180	9051423	9572	-1	21			179.472351	202.340866	27	-1	1000	-1	-1	16	0	-1	-1	-1	-1	-1	-1	75	0	
181	9051424	9572	-1	21			177.587173	201.694916	27	-1	1000	-1	-1	16	0	-1	-1	-1	-1	-1	-1	75	0	
182	9051425	9572	-1	21			180.228226	202.142776	27	-1	1000	-1	-1	16	0	-1	-1	-1	-1	-1	-1	75	0	
183	9051427	9572	-1	21			177.88475	202.643417	27	-1	1000	-1	-1	16	0	-1	-1	-1	-1	-1	-1	75	0	
184	9051429	9572	-1	21			179.866394	202.728867	27	-1	1000	-1	-1	16	0	-1	-1	-1	-1	-1	-1	75	0	
185	9051430	9572	-1	21			179.030228	202.718033	27	-1	1000	-1	-1	16	0	-1	-1	-1	-1	-1	-1	75	0	
186	9051441	9572	-1	21			184.906296	174.863556	27	-1	1000	-1	-1	16	0	-1	-1	-1	-1	-1	-1	75	0	
187	9051448	9572	-1	21			185.065292	175.2668	27	-1	1000	-1	-1	16	0	-1	-1	-1	-1	-1	-1	75	0	
188	9051450	9572	-1	21			184.350845	174.603714	27	-1	1000	-1	-1	16	0	-1	-1	-1	-1	-1	-1	75	0	
189	9051451	9572	-1	21			185.702728	174.453476	27	-1	1000	-1	-1	16	0	-1	-1	-1	-1	-1	-1	75	0	
190	9051453	9572	-1	21			184.929138	173.866577	27	-1	1000	-1	-1	16	0	-1	-1	-1	-1	-1	-1	75	0	
191	9051454	9572	-1	21			184.469086	175.766785	27	-1	1000	-1	-1	16	0	-1	-1	-1	-1	-1	-1	75	0	
192	9051456	9572	-1	21			185.789337	175.448868	27	-1	1000	-1	-1	16	0	-1	-1	-1	-1	-1	-1	75	0	
193	9051462	9572	-1	21			185.120789	176.455231	27	-1	1000	-1	-1	16	0	-1	-1	-1	-1	-1	-1	75	0	
194	9051463	9572	-1	21			184.061325	174.762344	27	-1	1000	-1	-1	16	0	-1	-1	-1	-1	-1	-1	75	0	
195	9051464	9572	-1	21			186.374786	174.819916	27	-1	1000	-1	-1	16	0	-1	-1	-1	-1	-1	-1	75	0	
196	9051466	9572	-1	21			183.926086	175.813049	27	-1	1000	-1	-1	16	0	-1	-1	-1	-1	-1	-1	75	0	
197	9051467	9572	-1	21			186.671249	175.904922	27	-1	1000	-1	-1	16	0	-1	-1	-1	-1	-1	-1	75	0	
198	9051469	9572	-1	21			184.504578	176.69426	27	-1	1000	-1	-1	16	0	-1	-1	-1	-1	-1	-1	75	0	
199	9051471	9572	-1	21			186.013596	176.376617	27	-1	1000	-1	-1	16	0	-1	-1	-1	-1	-1	-1	75	0	
200	9051473	9572	-1	21			185.365005	177.127991	27	-1	1000	-1	-1	16	0	-1	-1	-1	-1	-1	-1	75	0	
201	9051703	9572	-1	21			164.912964	155.23938	27	-1	1000	-1	-1	16	0	-1	-1	-1	-1	-1	-1	75	0	
202	9051712	9572	-1	21			164.039886	155.723587	27	-1	1000	-1	-1	16	0	-1	-1	-1	-1	-1	-1	75	0	
203	9051715	9572	-1	21			165.937912	156.002747	27	-1	1000	-1	-1	16	0	-1	-1	-1	-1	-1	-1	75	0	
204	9051717	9572	-1	21			164.982727	156.075378	27	-1	1000	-1	-1	16	0	-1	-1	-1	-1	-1	-1	75	0	
205	9051719	9572	-1	21			164.460983	156.205933	27	-1	1000	-1	-1	16	0	-1	-1	-1	-1	-1	-1	75	0	
206	9051721	9572	-1	21			165.551361	156.140396	27	-1	1000	-1	-1	16	0	-1	-1	-1	-1	-1	-1	75	0	
207	9051723	9572	-1	21			164.307495	154.418854	27	-1	1000	-1	-1	16	0	-1	-1	-1	-1	-1	-1	75	0	
208	9051726	9572	-1	21			165.636795	154.437363	27	-1	1000	-1	-1	16	0	-1	-1	-1	-1	-1	-1	75	0	
209	9051728	9572	-1	21			164.372437	154.997787	27	-1	1000	-1	-1	16	0	-1	-1	-1	-1	-1	-1	75	0	
210	9051734	9572	-1	21			165.598907	154.954956	27	-1	1000	-1	-1	16	0	-1	-1	-1	-1	-1	-1	75	0	
211	9051739	9572	-1	21			164.926208	154.114929	27	-1	1000	-1	-1	16	0	-1	-1	-1	-1	-1	-1	75	0	
212	9051741	9572	-1	21			163.38768	154.828308	27	-1	1000	-1	-1	16	0	-1	-1	-1	-1	-1	-1	75	0	
213	9051747	9572	-1	21			166.077225	154.772095	27	-1	1000	-1	-1	16	0	-1	-1	-1	-1	-1	-1	75	0	
214	9051749	9572	-1	21			163.689896	156.138321	27	-1	1000	-1	-1	16	0	-1	-1	-1	-1	-1	-1	75	0	
215	9051754	9572	-1	21			165.003281	156.794876	27	-1	1000	-1	-1	16	0	-1	-1	-1	-1	-1	-1	75	0	
216	9051868	9572	-1	21			94.023148	211.885162	27	-1	1000	-1	-1	16	0	-1	-1	-1	-1	-1	-1	75	0	
217	9051870	9572	-1	21			94.858109	209.219986	27	-1	1000	-1	-1	16	0	-1	-1	-1	-1	-1	-1	75	0	
218	9051877	9572	-1	21			96.015984	210.081833	27	-1	1000	-1	-1	16	0	-1	-1	-1	-1	-1	-1	75	0	
219	9051878	9572	-1	21			95.242302	210.204605	27	-1	1000	-1	-1	16	0	-1	-1	-1	-1	-1	-1	75	0	
220	9051880	9572	-1	21			94.989944	210.021713	27	-1	1000	-1	-1	16	0	-1	-1	-1	-1	-1	-1	75	0	
221	9051881	9572	-1	21			94.460075	209.796875	27	-1	1000	-1	-1	16	0	-1	-1	-1	-1	-1	-1	75	0	
222	9051883	9572	-1	21			94.007767	209.554108	27	-1	1000	-1	-1	16	0	-1	-1	-1	-1	-1	-1	75	0	
223	9051885	9572	-1	21			94.552711	211.292892	27	-1	1000	-1	-1	16	0	-1	-1	-1	-1	-1	-1	75	0	
224	9051886	9572	-1	21			95.027199	211.171295	27	-1	1000	-1	-1	16	0	-1	-1	-1	-1	-1	-1	75	0	
225	9051887	9572	-1	21			95.611443	211.267883	27	-1	1000	-1	-1	16	0	-1	-1	-1	-1	-1	-1	75	0	
226	9051891	9572	-1	21			94.754822	211.895233	27	-1	1000	-1	-1	16	0	-1	-1	-1	-1	-1	-1	75	0	
227	9051892	9572	-1	21			95.341682	211.864197	27	-1	1000	-1	-1	16	0	-1	-1	-1	-1	-1	-1	75	0	
228	9051895	9572	-1	21			93.665222	211.371796	27	-1	1000	-1	-1	16	0	-1	-1	-1	-1	-1	-1	75	0	
229	9051897	9572	-1	21			94.185173	211.11113	27	-1	1000	-1	-1	16	0	-1	-1	-1	-1	-1	-1	75	0	
230	9051900	9572	-1	21			93.777634	210.536758	27	-1	1000	-1	-1	16	0	-1	-1	-1	-1	-1	-1	75	0	
231	9052282	9572	-1	21			95.011955	114.074783	27	-1	1000	-1	-1	16	0	-1	-1	-1	-1	-1	-1	75	0	
232	9052284	9572	-1	21			94.470703	114.765671	27	-1	1000	-1	-1	16	0	-1	-1	-1	-1	-1	-1	75	0	
233	9052285	9572	-1	21			95.588478	114.864822	27	-1	1000	-1	-1	16	0	-1	-1	-1	-1	-1	-1	75	0	
234	9052287	9572	-1	21			94.550041	114.028053	27	-1	1000	-1	-1	16	0	-1	-1	-1	-1	-1	-1	75	0	
235	9052288	9572	-1	21			95.752625	114.217705	27	-1	1000	-1	-1	16	0	-1	-1	-1	-1	-1	-1	75	0	
236	9052289	9572	-1	21			95.037659	115.038422	27	-1	1000	-1	-1	16	0	-1	-1	-1	-1	-1	-1	75	0	
237	9052291	9572	-1	21			95.092148	113.368805	27	-1	1000	-1	-1	16	0	-1	-1	-1	-1	-1	-1	75	0	
238	9052292	9572	-1	21			94.331146	113.516541	27	-1	1000	-1	-1	16	0	-1	-1	-1	-1	-1	-1	75	0	
239	9052293	9572	-1	21			95.847107	113.823929	27	-1	1000	-1	-1	16	0	-1	-1	-1	-1	-1	-1	75	0	
240	9052294	9572	-1	21			93.928513	114.277283	27	-1	1000	-1	-1	16	0	-1	-1	-1	-1	-1	-1	75	0	
241	9052296	9572	-1	21			96.291855	114.499474	27	-1	1000	-1	-1	16	0	-1	-1	-1	-1	-1	-1	75	0	
242	9052298	9572	-1	21			94.264854	115.179405	27	-1	1000	-1	-1	16	0	-1	-1	-1	-1	-1	-1	75	0	
243	9052299	9572	-1	21			95.891922	115.309769	27	-1	1000	-1	-1	16	0	-1	-1	-1	-1	-1	-1	75	0	
244	9052301	9572	-1	21			95.087708	115.465271	27	-1	1000	-1	-1	16	0	-1	-1	-1	-1	-1	-1	75	0	
245	9052304	9572	-1	21			96.007805	113.56958	27	-1	1000	-1	-1	16	0	-1	-1	-1	-1	-1	-1	75	0	
246	9052463	9572	-1	21			127.960052	168.0177	27	-1	1000	-1	-1	16	0	-1	-1	-1	-1	-1	-1	75	0	
247	9052464	9572	-1	21			128.643402	166.843185	27	-1	1000	-1	-1	16	0	-1	-1	-1	-1	-1	-1	75	0	
248	9052465	9572	-1	21			127.516083	166.717194	27	-1	1000	-1	-1	16	0	-1	-1	-1	-1	-1	-1	75	0	
249	9052467	9572	-1	21			127.185974	168.102936	27	-1	1000	-1	-1	16	0	-1	-1	-1	-1	-1	-1	75	0	
250	9052468	9572	-1	21			128.997284	168.254608	27	-1	1000	-1	-1	16	0	-1	-1	-1	-1	-1	-1	75	0	
251	9052470	9572	-1	21			127.212158	167.357635	27	-1	1000	-1	-1	16	0	-1	-1	-1	-1	-1	-1	75	0	
252	9052471	9572	-1	21			128.828659	167.444077	27	-1	1000	-1	-1	16	0	-1	-1	-1	-1	-1	-1	75	0	
253	9052472	9572	-1	21			127.991058	168.90062	27	-1	1000	-1	-1	16	0	-1	-1	-1	-1	-1	-1	75	0	
254	9052474	9572	-1	21			127.963577	166.081955	27	-1	1000	-1	-1	16	0	-1	-1	-1	-1	-1	-1	75	0	
255	9052475	9572	-1	21			126.464142	166.526443	27	-1	1000	-1	-1	16	0	-1	-1	-1	-1	-1	-1	75	0	
256	9052477	9572	-1	21			129.707458	166.788635	27	-1	1000	-1	-1	16	0	-1	-1	-1	-1	-1	-1	75	0	
257	9052478	9572	-1	21			126.227676	167.429901	27	-1	1000	-1	-1	16	0	-1	-1	-1	-1	-1	-1	75	0	
258	9052480	9572	-1	21			129.732407	167.696625	27	-1	1000	-1	-1	16	0	-1	-1	-1	-1	-1	-1	75	0	
259	9052481	9572	-1	21			128.829407	165.755722	27	-1	1000	-1	-1	16	0	-1	-1	-1	-1	-1	-1	75	0	
260	9052483	9572	-1	21			127.055672	165.639633	27	-1	1000	-1	-1	16	0	-1	-1	-1	-1	-1	-1	75	0	
261	9052562	9572	-1	21			134.656265	205.559021	27	-1	1000	-1	-1	16	0	-1	-1	-1	-1	-1	-1	75	0	
262	9052564	9572	-1	21			134.743378	206.38028	27	-1	1000	-1	-1	16	0	-1	-1	-1	-1	-1	-1	75	0	
263	9052566	9572	-1	21			134.079865	206.208633	27	-1	1000	-1	-1	16	0	-1	-1	-1	-1	-1	-1	75	0	
264	9052567	9572	-1	21			135.308304	206.097473	27	-1	1000	-1	-1	16	0	-1	-1	-1	-1	-1	-1	75	0	
265	9052569	9572	-1	21			135.549469	205.615601	27	-1	1000	-1	-1	16	0	-1	-1	-1	-1	-1	-1	75	0	
266	9052571	9572	-1	21			133.87233	205.493576	27	-1	1000	-1	-1	16	0	-1	-1	-1	-1	-1	-1	75	0	
267	9052572	9572	-1	21			134.788849	204.870041	27	-1	1000	-1	-1	16	0	-1	-1	-1	-1	-1	-1	75	0	
268	9052574	9572	-1	21			134.664703	207.184021	27	-1	1000	-1	-1	16	0	-1	-1	-1	-1	-1	-1	75	0	
269	9052576	9572	-1	21			135.555145	206.909622	27	-1	1000	-1	-1	16	0	-1	-1	-1	-1	-1	-1	75	0	
270	9052577	9572	-1	21			136.143036	206.07373	27	-1	1000	-1	-1	16	0	-1	-1	-1	-1	-1	-1	75	0	
271	9052578	9572	-1	21			136.019516	205.083221	27	-1	1000	-1	-1	16	0	-1	-1	-1	-1	-1	-1	75	0	
272	9052581	9572	-1	21			133.525024	206.102036	27	-1	1000	-1	-1	16	0	-1	-1	-1	-1	-1	-1	75	0	
273	9052582	9572	-1	21			133.954407	206.89563	27	-1	1000	-1	-1	16	0	-1	-1	-1	-1	-1	-1	75	0	
274	9052584	9572	-1	21			135.402802	205.044342	27	-1	1000	-1	-1	16	0	-1	-1	-1	-1	-1	-1	75	0	
275	9052586	9572	-1	21			133.82608	204.973862	27	-1	1000	-1	-1	16	0	-1	-1	-1	-1	-1	-1	75	0	
276	9052642	9572	-1	21			169.004944	217.970917	27	-1	1000	-1	-1	16	0	-1	-1	-1	-1	-1	-1	75	0	
277	9052643	9572	-1	21			168.28241	217.157623	27	-1	1000	-1	-1	16	0	-1	-1	-1	-1	-1	-1	75	0	
278	9052645	9572	-1	21			169.588242	217.309647	27	-1	1000	-1	-1	16	0	-1	-1	-1	-1	-1	-1	75	0	
279	9052646	9572	-1	21			168.240234	218.063904	27	-1	1000	-1	-1	16	0	-1	-1	-1	-1	-1	-1	75	0	
280	9052647	9572	-1	21			169.739731	218.136642	27	-1	1000	-1	-1	16	0	-1	-1	-1	-1	-1	-1	75	0	
281	9052649	9572	-1	21			169.01918	217.301315	27	-1	1000	-1	-1	16	0	-1	-1	-1	-1	-1	-1	75	0	
282	9052650	9572	-1	21			168.971664	218.5186	27	-1	1000	-1	-1	16	0	-1	-1	-1	-1	-1	-1	75	0	
283	9052652	9572	-1	21			167.817108	217.842819	27	-1	1000	-1	-1	16	0	-1	-1	-1	-1	-1	-1	75	0	
284	9052653	9572	-1	21			170.082993	217.84816	27	-1	1000	-1	-1	16	0	-1	-1	-1	-1	-1	-1	75	0	
285	9052655	9572	-1	21			169.152069	216.882935	27	-1	1000	-1	-1	16	0	-1	-1	-1	-1	-1	-1	75	0	
286	9052656	9572	-1	21			168.884995	219.187027	27	-1	1000	-1	-1	16	0	-1	-1	-1	-1	-1	-1	75	0	
287	9052658	9572	-1	21			168.126801	218.661209	27	-1	1000	-1	-1	16	0	-1	-1	-1	-1	-1	-1	75	0	
288	9052659	9572	-1	21			169.678574	218.862717	27	-1	1000	-1	-1	16	0	-1	-1	-1	-1	-1	-1	75	0	
289	9052660	9572	-1	21			170.223495	217.391785	27	-1	1000	-1	-1	16	0	-1	-1	-1	-1	-1	-1	75	0	
290	9052662	9572	-1	21			167.608597	217.118164	27	-1	1000	-1	-1	16	0	-1	-1	-1	-1	-1	-1	75	0	
291	9052664	9572	-1	21			168.333084	216.76825	27	-1	1000	-1	-1	16	0	-1	-1	-1	-1	-1	-1	75	0	
292	9052813	9572	-1	21			205.141525	76.006104	27	-1	1000	-1	-1	16	0	-1	-1	-1	-1	-1	-1	75	0	
293	9052819	9572	-1	21			204.431839	75.914055	27	-1	1000	-1	-1	16	0	-1	-1	-1	-1	-1	-1	75	0	
294	9052820	9572	-1	21			205.807877	75.737381	27	-1	1000	-1	-1	16	0	-1	-1	-1	-1	-1	-1	75	0	
295	9052821	9572	-1	21			205.702286	76.61174	27	-1	1000	-1	-1	16	0	-1	-1	-1	-1	-1	-1	75	0	
296	9052823	9572	-1	21			204.529907	76.474045	27	-1	1000	-1	-1	16	0	-1	-1	-1	-1	-1	-1	75	0	
297	9052824	9572	-1	21			205.020157	76.814774	27	-1	1000	-1	-1	16	0	-1	-1	-1	-1	-1	-1	75	0	
298	9052826	9572	-1	21			205.184494	75.369576	27	-1	1000	-1	-1	16	0	-1	-1	-1	-1	-1	-1	75	0	
299	9052828	9572	-1	21			204.483887	75.034088	27	-1	1000	-1	-1	16	0	-1	-1	-1	-1	-1	-1	75	0	
300	9052829	9572	-1	21			205.8116	75.011894	27	-1	1000	-1	-1	16	0	-1	-1	-1	-1	-1	-1	75	0	
301	9052830	9572	-1	21			205.147522	74.688774	27	-1	1000	-1	-1	16	0	-1	-1	-1	-1	-1	-1	75	0	
302	9052832	9572	-1	21			206.375046	76.039032	27	-1	1000	-1	-1	16	0	-1	-1	-1	-1	-1	-1	75	0	
303	9052833	9572	-1	21			203.711151	76.103935	27	-1	1000	-1	-1	16	0	-1	-1	-1	-1	-1	-1	75	0	
304	9052835	9572	-1	21			204.00502	75.171745	27	-1	1000	-1	-1	16	0	-1	-1	-1	-1	-1	-1	75	0	
305	9052836	9572	-1	21			206.353729	75.045547	27	-1	1000	-1	-1	16	0	-1	-1	-1	-1	-1	-1	75	0	
306	9052839	9572	-1	21			205.267029	77.258751	27	-1	1000	-1	-1	16	0	-1	-1	-1	-1	-1	-1	75	0	
307	9052888	9572	-1	21			169.924576	49.817352	27	-1	1000	-1	-1	16	0	-1	-1	-1	-1	-1	-1	75	0	
308	9052890	9572	-1	21			170.008942	50.999271	27	-1	1000	-1	-1	16	0	-1	-1	-1	-1	-1	-1	75	0	
309	9052892	9572	-1	21			169.143967	50.871075	27	-1	1000	-1	-1	16	0	-1	-1	-1	-1	-1	-1	75	0	
310	9052894	9572	-1	21			170.535233	50.70314	27	-1	1000	-1	-1	16	0	-1	-1	-1	-1	-1	-1	75	0	
311	9052895	9572	-1	21			170.566284	49.842319	27	-1	1000	-1	-1	16	0	-1	-1	-1	-1	-1	-1	75	0	
312	9052896	9572	-1	21			169.188873	50.004498	27	-1	1000	-1	-1	16	0	-1	-1	-1	-1	-1	-1	75	0	
313	9052897	9572	-1	21			169.479431	51.285057	27	-1	1000	-1	-1	16	0	-1	-1	-1	-1	-1	-1	75	0	
314	9052899	9572	-1	21			170.529419	51.435123	27	-1	1000	-1	-1	16	0	-1	-1	-1	-1	-1	-1	75	0	
315	9052900	9572	-1	21			169.851715	51.756615	27	-1	1000	-1	-1	16	0	-1	-1	-1	-1	-1	-1	75	0	
316	9052902	9572	-1	21			168.957657	51.517178	27	-1	1000	-1	-1	16	0	-1	-1	-1	-1	-1	-1	75	0	
317	9052904	9572	-1	21			168.539261	50.617897	27	-1	1000	-1	-1	16	0	-1	-1	-1	-1	-1	-1	75	0	
318	9052905	9572	-1	21			169.470337	49.114624	27	-1	1000	-1	-1	16	0	-1	-1	-1	-1	-1	-1	75	0	
319	9052906	9572	-1	21			170.38414	48.914116	27	-1	1000	-1	-1	16	0	-1	-1	-1	-1	-1	-1	75	0	
320	9052907	9572	-1	21			168.629105	49.570911	27	-1	1000	-1	-1	16	0	-1	-1	-1	-1	-1	-1	75	0	
321	9052909	9572	-1	21			167.918106	50.243038	27	-1	1000	-1	-1	16	0	-1	-1	-1	-1	-1	-1	75	0	
322	9052952	9572	-1	21			165.019058	84.742302	27	-1	1000	-1	-1	16	0	-1	-1	-1	-1	-1	-1	75	0	
323	9052966	9572	-1	21			165.015533	85.953751	27	-1	1000	-1	-1	16	0	-1	-1	-1	-1	-1	-1	75	0	
324	9052969	9572	-1	21			164.536987	85.432999	27	-1	1000	-1	-1	16	0	-1	-1	-1	-1	-1	-1	75	0	
325	9052970	9572	-1	21			165.494995	85.378067	27	-1	1000	-1	-1	16	0	-1	-1	-1	-1	-1	-1	75	0	
326	9052972	9572	-1	21			165.870331	84.60141	27	-1	1000	-1	-1	16	0	-1	-1	-1	-1	-1	-1	75	0	
327	9052974	9572	-1	21			164.201309	84.650276	27	-1	1000	-1	-1	16	0	-1	-1	-1	-1	-1	-1	75	0	
328	9052975	9572	-1	21			164.71402	84.181862	27	-1	1000	-1	-1	16	0	-1	-1	-1	-1	-1	-1	75	0	
329	9052977	9572	-1	21			165.438217	84.237968	27	-1	1000	-1	-1	16	0	-1	-1	-1	-1	-1	-1	75	0	
330	9052978	9572	-1	21			165.038345	83.461601	27	-1	1000	-1	-1	16	0	-1	-1	-1	-1	-1	-1	75	0	
331	9052980	9572	-1	21			165.571198	86.281677	27	-1	1000	-1	-1	16	0	-1	-1	-1	-1	-1	-1	75	0	
332	9052982	9572	-1	21			166.146622	85.620781	27	-1	1000	-1	-1	16	0	-1	-1	-1	-1	-1	-1	75	0	
333	9052983	9572	-1	21			166.254486	84.336563	27	-1	1000	-1	-1	16	0	-1	-1	-1	-1	-1	-1	75	0	
334	9052984	9572	-1	21			165.896881	83.613983	27	-1	1000	-1	-1	16	0	-1	-1	-1	-1	-1	-1	75	0	
335	9052987	9572	-1	21			164.142731	83.203239	27	-1	1000	-1	-1	16	0	-1	-1	-1	-1	-1	-1	75	0	
336	9052988	9572	-1	21			164.005951	84.024834	27	-1	1000	-1	-1	16	0	-1	-1	-1	-1	-1	-1	75	0	
337	9052990	9572	-1	21			163.929291	85.468224	27	-1	1000	-1	-1	16	0	-1	-1	-1	-1	-1	-1	75	0	
338	9058532	9572	-1	21			92.04615	40.094982	27	-1	1000	-1	-1	16	0	-1	-1	-1	-1	-1	-1	75	0	
339	9058535	9572	-1	21			91.501801	40.265186	27	-1	1000	-1	-1	16	0	-1	-1	-1	-1	-1	-1	75	0	
340	9058539	9572	-1	21			92.054398	41.275379	27	-1	1000	-1	-1	16	0	-1	-1	-1	-1	-1	-1	75	0	
341	9058541	9572	-1	21			92.908615	40.125214	27	-1	1000	-1	-1	16	0	-1	-1	-1	-1	-1	-1	75	0	
342	9058542	9572	-1	21			91.397797	40.566875	27	-1	1000	-1	-1	16	0	-1	-1	-1	-1	-1	-1	75	0	
343	9058544	9572	-1	21			92.559349	41.594269	27	-1	1000	-1	-1	16	0	-1	-1	-1	-1	-1	-1	75	0	
344	9058545	9572	-1	21			91.214035	41.246414	27	-1	1000	-1	-1	16	0	-1	-1	-1	-1	-1	-1	75	0	
345	9058547	9572	-1	21			91.649551	41.876671	27	-1	1000	-1	-1	16	0	-1	-1	-1	-1	-1	-1	75	0	
346	9058548	9572	-1	21			92.37339	42.537121	27	-1	1000	-1	-1	16	0	-1	-1	-1	-1	-1	-1	75	0	
347	9058550	9572	-1	21			92.916534	39.751232	27	-1	1000	-1	-1	16	0	-1	-1	-1	-1	-1	-1	75	0	
348	9058551	9572	-1	21			93.009979	41.802803	27	-1	1000	-1	-1	16	0	-1	-1	-1	-1	-1	-1	75	0	
349	9058553	9572	-1	21			93.468048	40.268593	27	-1	1000	-1	-1	16	0	-1	-1	-1	-1	-1	-1	75	0	
350	9058558	9572	-1	21			92.573868	40.875412	27	-1	1000	-1	-1	16	0	-1	-1	-1	-1	-1	-1	75	0	
351	9058560	9572	-1	21			93.472694	41.664318	27	-1	1000	-1	-1	16	0	-1	-1	-1	-1	-1	-1	75	0	
352	9058562	9572	-1	21			94.049187	40.641895	27	-1	1000	-1	-1	16	0	-1	-1	-1	-1	-1	-1	75	0	
353	9058564	9572	-1	21			93.519836	41.478603	27	-1	1000	-1	-1	16	0	-1	-1	-1	-1	-1	-1	75	0	
354	9058612	9572	-1	21			109.590965	75.02816	27	-1	1000	-1	-1	16	0	-1	-1	-1	-1	-1	-1	75	0	
355	9058615	9572	-1	21			109.277863	74.717255	27	-1	1000	-1	-1	16	0	-1	-1	-1	-1	-1	-1	75	0	
356	9058618	9572	-1	21			110.13459	75.75782	27	-1	1000	-1	-1	16	0	-1	-1	-1	-1	-1	-1	75	0	
357	9058620	9572	-1	21			110.60154	75.06678	27	-1	1000	-1	-1	16	0	-1	-1	-1	-1	-1	-1	75	0	
358	9058621	9572	-1	21			110.18959	74.066833	27	-1	1000	-1	-1	16	0	-1	-1	-1	-1	-1	-1	75	0	
359	9058623	9572	-1	21			108.661682	74.199142	27	-1	1000	-1	-1	16	0	-1	-1	-1	-1	-1	-1	75	0	
360	9058625	9572	-1	21			108.700783	75.33696	27	-1	1000	-1	-1	16	0	-1	-1	-1	-1	-1	-1	75	0	
361	9058626	9572	-1	21			109.110573	76.424248	27	-1	1000	-1	-1	16	0	-1	-1	-1	-1	-1	-1	75	0	
362	9058627	9572	-1	21			110.567383	74.59301	27	-1	1000	-1	-1	16	0	-1	-1	-1	-1	-1	-1	75	0	
363	9058631	9572	-1	21			109.502136	73.641769	27	-1	1000	-1	-1	16	0	-1	-1	-1	-1	-1	-1	75	0	
364	9058633	9572	-1	21			110.772858	73.630547	27	-1	1000	-1	-1	16	0	-1	-1	-1	-1	-1	-1	75	0	
365	9058634	9572	-1	21			109.974442	73.17849	27	-1	1000	-1	-1	16	0	-1	-1	-1	-1	-1	-1	75	0	
366	9058636	9572	-1	21			108.666039	73.182167	27	-1	1000	-1	-1	16	0	-1	-1	-1	-1	-1	-1	75	0	
367	9058637	9572	-1	21			107.914139	74.178917	27	-1	1000	-1	-1	16	0	-1	-1	-1	-1	-1	-1	75	0	
368	9058639	9572	-1	21			108.073723	75.10006	27	-1	1000	-1	-1	16	0	-1	-1	-1	-1	-1	-1	75	0	
369	9058717	9572	-1	21			124.684143	49.922028	27	-1	1000	-1	-1	16	0	-1	-1	-1	-1	-1	-1	75	0	
370	9058720	9572	-1	21			124.69249	50.486542	27	-1	1000	-1	-1	16	0	-1	-1	-1	-1	-1	-1	75	0	
371	9058722	9572	-1	21			123.777596	50.322735	27	-1	1000	-1	-1	16	0	-1	-1	-1	-1	-1	-1	75	0	
372	9058724	9572	-1	21			124.298096	49.063107	27	-1	1000	-1	-1	16	0	-1	-1	-1	-1	-1	-1	75	0	
373	9058726	9572	-1	21			124.374329	51.215939	27	-1	1000	-1	-1	16	0	-1	-1	-1	-1	-1	-1	75	0	
374	9058727	9572	-1	21			123.482445	49.501083	27	-1	1000	-1	-1	16	0	-1	-1	-1	-1	-1	-1	75	0	
375	9058728	9572	-1	21			123.35054	51.126785	27	-1	1000	-1	-1	16	0	-1	-1	-1	-1	-1	-1	75	0	
376	9058761	9572	-1	21			122.905754	49.781914	27	-1	1000	-1	-1	16	0	-1	-1	-1	-1	-1	-1	75	0	
377	9058764	9572	-1	21			122.630707	50.971386	27	-1	1000	-1	-1	16	0	-1	-1	-1	-1	-1	-1	75	0	
378	9058766	9572	-1	21			122.821014	50.427853	27	-1	1000	-1	-1	16	0	-1	-1	-1	-1	-1	-1	75	0	
379	9058767	9572	-1	21			123.423958	48.409767	27	-1	1000	-1	-1	16	0	-1	-1	-1	-1	-1	-1	75	0	
380	9058772	9572	-1	21			122.781876	49.071239	27	-1	1000	-1	-1	16	0	-1	-1	-1	-1	-1	-1	75	0	
381	9058774	9572	-1	21			125.10112	48.740547	27	-1	1000	-1	-1	16	0	-1	-1	-1	-1	-1	-1	75	0	
382	9058775	9572	-1	21			125.191673	49.578781	27	-1	1000	-1	-1	16	0	-1	-1	-1	-1	-1	-1	75	0	
383	9058777	9572	-1	21			123.871338	51.642792	27	-1	1000	-1	-1	16	0	-1	-1	-1	-1	-1	-1	75	0	
384	10515451	9572	-1	21			209.791367	163.439178	27	-1	1000	-1	-1	16	0	-1	-1	-1	-1	-1	-1	75	0	
385	10515454	9572	-1	21			209.964706	164.306717	27	-1	1000	-1	-1	16	0	-1	-1	-1	-1	-1	-1	75	0	
386	10515456	9572	-1	21			209.481842	163.736282	27	-1	1000	-1	-1	16	0	-1	-1	-1	-1	-1	-1	75	0	
387	10515461	9572	-1	21			210.472427	163.955536	27	-1	1000	-1	-1	16	0	-1	-1	-1	-1	-1	-1	75	0	
388	10515464	9572	-1	21			210.298111	163.104523	27	-1	1000	-1	-1	16	0	-1	-1	-1	-1	-1	-1	75	0	
389	10515466	9572	-1	21			209.854431	163.803284	27	-1	1000	-1	-1	16	0	-1	-1	-1	-1	-1	-1	75	0	
390	10515468	9572	-1	21			209.234192	164.069641	27	-1	1000	-1	-1	16	0	-1	-1	-1	-1	-1	-1	75	0	
391	10515470	9572	-1	21			209.000732	163.441757	27	-1	1000	-1	-1	16	0	-1	-1	-1	-1	-1	-1	75	0	
392	10515473	9572	-1	21			209.633316	162.235275	27	-1	1000	-1	-1	16	0	-1	-1	-1	-1	-1	-1	75	0	
393	10515474	9572	-1	21			209.654495	162.796478	27	-1	1000	-1	-1	16	0	-1	-1	-1	-1	-1	-1	75	0	
394	10515477	9572	-1	21			209.06311	163.03949	27	-1	1000	-1	-1	16	0	-1	-1	-1	-1	-1	-1	75	0	
395	10515484	9572	-1	21			210.660263	162.626083	27	-1	1000	-1	-1	16	0	-1	-1	-1	-1	-1	-1	75	0	
396	10515486	9572	-1	21			210.330261	162.357391	27	-1	1000	-1	-1	16	0	-1	-1	-1	-1	-1	-1	75	0	
397	10515487	9572	-1	21			209.297821	162.432495	27	-1	1000	-1	-1	16	0	-1	-1	-1	-1	-1	-1	75	0	
398	10515490	9572	-1	21			208.967712	162.580948	27	-1	1000	-1	-1	16	0	-1	-1	-1	-1	-1	-1	75	0	
399	10515682	9572	-1	21			122.98172	147.149536	27	-1	1000	-1	-1	16	0	-1	-1	-1	-1	-1	-1	75	0	
400	10515685	9572	-1	21			122.97551	147.785339	27	-1	1000	-1	-1	16	0	-1	-1	-1	-1	-1	-1	75	0	
401	10515686	9572	-1	21			122.966476	146.743271	27	-1	1000	-1	-1	16	0	-1	-1	-1	-1	-1	-1	75	0	
402	10515688	9572	-1	21			122.459694	146.914337	27	-1	1000	-1	-1	16	0	-1	-1	-1	-1	-1	-1	75	0	
403	10515689	9572	-1	21			123.400482	146.912369	27	-1	1000	-1	-1	16	0	-1	-1	-1	-1	-1	-1	75	0	
404	10515691	9572	-1	21			122.194771	147.351547	27	-1	1000	-1	-1	16	0	-1	-1	-1	-1	-1	-1	75	0	
405	10515692	9572	-1	21			123.557816	147.464767	27	-1	1000	-1	-1	16	0	-1	-1	-1	-1	-1	-1	75	0	
406	10515694	9572	-1	21			122.338829	148.038803	27	-1	1000	-1	-1	16	0	-1	-1	-1	-1	-1	-1	75	0	
407	10515695	9572	-1	21			123.376656	148.040863	27	-1	1000	-1	-1	16	0	-1	-1	-1	-1	-1	-1	75	0	
408	10515696	9572	-1	21			123.000336	148.534302	27	-1	1000	-1	-1	16	0	-1	-1	-1	-1	-1	-1	75	0	
409	10515698	9572	-1	21			122.89093	146.282028	27	-1	1000	-1	-1	16	0	-1	-1	-1	-1	-1	-1	75	0	
410	10515700	9572	-1	21			122.137215	146.745514	27	-1	1000	-1	-1	16	0	-1	-1	-1	-1	-1	-1	75	0	
411	10515701	9572	-1	21			123.563812	146.666107	27	-1	1000	-1	-1	16	0	-1	-1	-1	-1	-1	-1	75	0	
412	10515703	9572	-1	21			123.892372	147.265686	27	-1	1000	-1	-1	16	0	-1	-1	-1	-1	-1	-1	75	0	
413	10515705	9572	-1	21			121.623734	147.288956	27	-1	1000	-1	-1	16	0	-1	-1	-1	-1	-1	-1	75	0	
414	10515730	9572	-1	21			155.049408	140.078278	27	-1	1000	-1	-1	16	0	-1	-1	-1	-1	-1	-1	75	0	
415	10515732	9572	-1	21			155.013641	139.779282	27	-1	1000	-1	-1	16	0	-1	-1	-1	-1	-1	-1	75	0	
416	10515733	9572	-1	21			154.605026	139.528412	27	-1	1000	-1	-1	16	0	-1	-1	-1	-1	-1	-1	75	0	
417	10515735	9572	-1	21			155.465225	139.390274	27	-1	1000	-1	-1	16	0	-1	-1	-1	-1	-1	-1	75	0	
418	10515737	9572	-1	21			155.605804	140.042114	27	-1	1000	-1	-1	16	0	-1	-1	-1	-1	-1	-1	75	0	
419	10515738	9572	-1	21			154.383392	140.075974	27	-1	1000	-1	-1	16	0	-1	-1	-1	-1	-1	-1	75	0	
420	10515740	9572	-1	21			155.130447	139.079422	27	-1	1000	-1	-1	16	0	-1	-1	-1	-1	-1	-1	75	0	
421	10515741	9572	-1	21			155.158386	140.833511	27	-1	1000	-1	-1	16	0	-1	-1	-1	-1	-1	-1	75	0	
422	10515743	9572	-1	21			154.010239	139.726822	27	-1	1000	-1	-1	16	0	-1	-1	-1	-1	-1	-1	75	0	
423	10515744	9572	-1	21			156.059906	139.607285	27	-1	1000	-1	-1	16	0	-1	-1	-1	-1	-1	-1	75	0	
424	10515746	9572	-1	21			155.921188	139.049698	27	-1	1000	-1	-1	16	0	-1	-1	-1	-1	-1	-1	75	0	
425	10515747	9572	-1	21			154.454544	139.13855	27	-1	1000	-1	-1	16	0	-1	-1	-1	-1	-1	-1	75	0	
426	10515749	9572	-1	21			154.794693	138.745804	27	-1	1000	-1	-1	16	0	-1	-1	-1	-1	-1	-1	75	0	
427	10515751	9572	-1	21			155.550598	138.725113	27	-1	1000	-1	-1	16	0	-1	-1	-1	-1	-1	-1	75	0	
428	10515753	9572	-1	21			155.177475	138.389069	27	-1	1000	-1	-1	16	0	-1	-1	-1	-1	-1	-1	75	0	
429	10515791	9572	-1	21			219.938065	120.501167	27	-1	1000	-1	-1	16	0	-1	-1	-1	-1	-1	-1	75	0	
430	10515793	9572	-1	21			219.927841	121.143715	27	-1	1000	-1	-1	16	0	-1	-1	-1	-1	-1	-1	75	0	
431	10515794	9572	-1	21			219.981049	119.925079	27	-1	1000	-1	-1	16	0	-1	-1	-1	-1	-1	-1	75	0	
432	10515795	9572	-1	21			219.424438	120.465363	27	-1	1000	-1	-1	16	0	-1	-1	-1	-1	-1	-1	75	0	
433	10515796	9572	-1	21			220.503433	120.069855	27	-1	1000	-1	-1	16	0	-1	-1	-1	-1	-1	-1	75	0	
434	10515798	9572	-1	21			220.488586	120.632874	27	-1	1000	-1	-1	16	0	-1	-1	-1	-1	-1	-1	75	0	
435	10515799	9572	-1	21			219.51416	121.061447	27	-1	1000	-1	-1	16	0	-1	-1	-1	-1	-1	-1	75	0	
436	10515800	9572	-1	21			219.758652	121.716278	27	-1	1000	-1	-1	16	0	-1	-1	-1	-1	-1	-1	75	0	
437	10515802	9572	-1	21			220.303818	121.50444	27	-1	1000	-1	-1	16	0	-1	-1	-1	-1	-1	-1	75	0	
438	10515803	9572	-1	21			218.880127	121.113083	27	-1	1000	-1	-1	16	0	-1	-1	-1	-1	-1	-1	75	0	
439	10515805	9572	-1	21			221.04892	120.530624	27	-1	1000	-1	-1	16	0	-1	-1	-1	-1	-1	-1	75	0	
440	10515806	9572	-1	21			220.961899	121.128548	27	-1	1000	-1	-1	16	0	-1	-1	-1	-1	-1	-1	75	0	
441	10515808	9572	-1	21			219.036331	121.719154	27	-1	1000	-1	-1	16	0	-1	-1	-1	-1	-1	-1	75	0	
442	10515809	9572	-1	21			219.469543	122.309998	27	-1	1000	-1	-1	16	0	-1	-1	-1	-1	-1	-1	75	0	
443	10515811	9572	-1	21			220.510895	122.083397	27	-1	1000	-1	-1	16	0	-1	-1	-1	-1	-1	-1	75	0	
444	10515827	9572	-1	21			200.020935	119.104813	27	-1	1000	-1	-1	16	0	-1	-1	-1	-1	-1	-1	75	0	
445	10515829	9572	-1	21			200.012634	118.617943	27	-1	1000	-1	-1	16	0	-1	-1	-1	-1	-1	-1	75	0	
446	10515830	9572	-1	21			200.006195	118.230118	27	-1	1000	-1	-1	16	0	-1	-1	-1	-1	-1	-1	75	0	
447	10515832	9572	-1	21			199.543228	117.832222	27	-1	1000	-1	-1	16	0	-1	-1	-1	-1	-1	-1	75	0	
448	10515834	9572	-1	21			200.426331	117.808777	27	-1	1000	-1	-1	16	0	-1	-1	-1	-1	-1	-1	75	0	
449	10515835	9572	-1	21			199.966095	117.550766	27	-1	1000	-1	-1	16	0	-1	-1	-1	-1	-1	-1	75	0	
450	10515837	9572	-1	21			199.27269	118.350571	27	-1	1000	-1	-1	16	0	-1	-1	-1	-1	-1	-1	75	0	
451	10515839	9572	-1	21			200.770828	118.461433	27	-1	1000	-1	-1	16	0	-1	-1	-1	-1	-1	-1	75	0	
452	10515840	9572	-1	21			200.689987	119.025154	27	-1	1000	-1	-1	16	0	-1	-1	-1	-1	-1	-1	75	0	
453	10515842	9572	-1	21			199.319611	119.013626	27	-1	1000	-1	-1	16	0	-1	-1	-1	-1	-1	-1	75	0	
454	10515843	9572	-1	21			199.669601	119.642441	27	-1	1000	-1	-1	16	0	-1	-1	-1	-1	-1	-1	75	0	
455	10515845	9572	-1	21			200.416855	119.626022	27	-1	1000	-1	-1	16	0	-1	-1	-1	-1	-1	-1	75	0	
456	10515846	9572	-1	21			198.765701	118.420029	27	-1	1000	-1	-1	16	0	-1	-1	-1	-1	-1	-1	75	0	
457	10515848	9572	-1	21			201.249069	118.674683	27	-1	1000	-1	-1	16	0	-1	-1	-1	-1	-1	-1	75	0	
458	10515850	9572	-1	21			200.14537	119.948341	27	-1	1000	-1	-1	16	0	-1	-1	-1	-1	-1	-1	75	0	
459	10515907	9572	-1	21			224.021194	89.464752	27	-1	1000	-1	-1	16	0	-1	-1	-1	-1	-1	-1	75	0	
460	10515910	9572	-1	21			224.096588	88.607552	27	-1	1000	-1	-1	16	0	-1	-1	-1	-1	-1	-1	75	0	
461	10515911	9572	-1	21			223.403687	88.859406	27	-1	1000	-1	-1	16	0	-1	-1	-1	-1	-1	-1	75	0	
462	10515912	9572	-1	21			224.770111	88.605637	27	-1	1000	-1	-1	16	0	-1	-1	-1	-1	-1	-1	75	0	
463	10515916	9572	-1	21			224.043137	89.038231	27	-1	1000	-1	-1	16	0	-1	-1	-1	-1	-1	-1	75	0	
464	10515917	9572	-1	21			223.365295	89.560326	27	-1	1000	-1	-1	16	0	-1	-1	-1	-1	-1	-1	75	0	
465	10515919	9572	-1	21			224.750534	89.470383	27	-1	1000	-1	-1	16	0	-1	-1	-1	-1	-1	-1	75	0	
466	10515920	9572	-1	21			224.69635	87.997635	27	-1	1000	-1	-1	16	0	-1	-1	-1	-1	-1	-1	75	0	
467	10515923	9572	-1	21			223.507828	88.159264	27	-1	1000	-1	-1	16	0	-1	-1	-1	-1	-1	-1	75	0	
468	10515924	9572	-1	21			224.107742	87.712761	27	-1	1000	-1	-1	16	0	-1	-1	-1	-1	-1	-1	75	0	
469	10515925	9572	-1	21			222.691406	88.447678	27	-1	1000	-1	-1	16	0	-1	-1	-1	-1	-1	-1	75	0	
470	10515927	9572	-1	21			222.574493	89.344627	27	-1	1000	-1	-1	16	0	-1	-1	-1	-1	-1	-1	75	0	
471	10515928	9572	-1	21			225.380905	88.32843	27	-1	1000	-1	-1	16	0	-1	-1	-1	-1	-1	-1	75	0	
472	10515929	9572	-1	21			225.224091	89.044342	27	-1	1000	-1	-1	16	0	-1	-1	-1	-1	-1	-1	75	0	
473	10515930	9572	-1	21			223.940933	89.950714	27	-1	1000	-1	-1	16	0	-1	-1	-1	-1	-1	-1	75	0	
474	10515966	9572	-1	21			139.834015	100.066177	27	-1	1000	-1	-1	16	0	-1	-1	-1	-1	-1	-1	75	0	
475	10515971	9572	-1	21			139.817154	99.479752	27	-1	1000	-1	-1	16	0	-1	-1	-1	-1	-1	-1	75	0	
476	10515972	9572	-1	21			140.410156	99.752106	27	-1	1000	-1	-1	16	0	-1	-1	-1	-1	-1	-1	75	0	
477	10515973	9572	-1	21			139.300125	99.766945	27	-1	1000	-1	-1	16	0	-1	-1	-1	-1	-1	-1	75	0	
478	10515975	9572	-1	21			139.388321	100.495819	27	-1	1000	-1	-1	16	0	-1	-1	-1	-1	-1	-1	75	0	
479	10515976	9572	-1	21			140.367661	100.485802	27	-1	1000	-1	-1	16	0	-1	-1	-1	-1	-1	-1	75	0	
480	10515977	9572	-1	21			139.951553	100.839478	27	-1	1000	-1	-1	16	0	-1	-1	-1	-1	-1	-1	75	0	
481	10515989	9572	-1	21			141.030487	100.164375	27	-1	1000	-1	-1	16	0	-1	-1	-1	-1	-1	-1	75	0	
482	10515991	9572	-1	21			138.809326	99.87989	27	-1	1000	-1	-1	16	0	-1	-1	-1	-1	-1	-1	75	0	
483	10515992	9572	-1	21			138.931885	100.600571	27	-1	1000	-1	-1	16	0	-1	-1	-1	-1	-1	-1	75	0	
484	10515994	9572	-1	21			140.923813	100.806961	27	-1	1000	-1	-1	16	0	-1	-1	-1	-1	-1	-1	75	0	
485	10515996	9572	-1	21			139.377228	101.011444	27	-1	1000	-1	-1	16	0	-1	-1	-1	-1	-1	-1	75	0	
486	10515997	9572	-1	21			140.533417	100.966713	27	-1	1000	-1	-1	16	0	-1	-1	-1	-1	-1	-1	75	0	
487	10516007	9572	-1	21			139.997711	101.362259	27	-1	1000	-1	-1	16	0	-1	-1	-1	-1	-1	-1	75	0	
488	10516009	9572	-1	21			138.466568	100.511475	27	-1	1000	-1	-1	16	0	-1	-1	-1	-1	-1	-1	75	0	
489	10516010	122	142680	17	應秮茠華緛逑	ち蹕粔換冞	62	53	27	-1	1000	-1	-1	3	0	-1	-1	-1	-1	-1	-1	75	0	
490	10516011	1211	142681	16	瞼擘茠華緛逑	ち蹕粔換冞	201	41	27	-1	1000	-1	-1	3	0	-1	-1	-1	-1	-1	-1	75	0	
491	10516012	141	142682	18	壎贅茠華緛逑	ち蹕粔換冞	219	196	18	-1	1000	-1	-1	3	0	-1	-1	-1	-1	-1	-1	75	0	
492	10516013	1212	142683	19	嗟銓茠華緛逑	ち蹕粔換冞	42	188	0	-1	1000	-1	-1	3	0	-1	-1	-1	-1	-1	-1	75	0	
493	10895790	1212	142604	19	嗟銓堈涽濂		49.294178	183.049286	29	-1	1000	-1	-1	3	0	-1	-1	-1	-1	-1	-1	75	0	
494	10895970	170	-1	-1	 		62.163631	203.595016	12	-1	1000	-1	-1	3	0	-1	-1	-1	-1	-1	-1	75	0	
495	10895982	170	-1	-1	 		55.306561	204.634277	12	-1	1000	-1	-1	3	0	-1	-1	-1	-1	-1	-1	75	0	
496	10896034	482	-1	-1	 		50.926731	182.310745	27	-1	1000	-1	-1	3	0	-1	-1	-1	-1	-1	-1	75	0	
497	10896071	1096	142605	19	沺禎	嗟銓堈涽濂苀鍰	51	193	4	-1	1000	-1	-1	3	0	-1	-1	-1	-1	-1	-1	75	0	
498	10896158	1212	142606	19	嗟銓堈涽濂		60.059887	203.426498	12	-1	1000	-1	-1	3	0	-1	-1	-1	-1	-1	-1	75	0	
499	10896204	1212	142607	19	嗟銓堈涽濂		53.025837	204.556641	11	-1	1000	-1	-1	3	0	-1	-1	-1	-1	-1	-1	75	0	
500	10896308	122	142608	17	應秮沺樅濂		53.478008	58.122295	33	-1	1000	-1	-1	3	0	-1	-1	-1	-1	-1	-1	75	0	
501	10896310	122	142609	17	應秮沺樅濂		52.031853	60.248581	33	-1	1000	-1	-1	3	0	-1	-1	-1	-1	-1	-1	75	0	
502	10896313	122	142610	17	應秮沺樅濂		50.699604	62.625057	0	-1	1000	-1	-1	3	0	-1	-1	-1	-1	-1	-1	75	0	
503	10896367	122	142611	17	應秮沺樅濂		54.695633	56.014595	33	-1	1000	-1	-1	3	0	-1	-1	-1	-1	-1	-1	75	0	
504	10896415	1213	142612	17	佴坢杻	沺樅蔚濂	55.987381	61.090477	16	-1	1000	-1	-1	3	0	-1	-1	-1	-1	-1	-1	75	0	
505	10896447	122	142613	17	應秮沺樅濂		54.912987	70.010643	33	-1	1000	-1	-1	3	0	-1	-1	-1	-1	-1	-1	75	0	
506	10896456	122	142614	17	應秮沺樅濂		65.07505	61.591553	33	-1	1000	-1	-1	3	0	-1	-1	-1	-1	-1	-1	75	0	
507	10896553	170	-1	-1	 		68.251785	52.284744	27	-1	1000	-1	-1	3	0	-1	-1	-1	-1	-1	-1	75	0	
508	10896560	170	-1	-1	 		65.639259	52.217644	27	-1	1000	-1	-1	3	0	-1	-1	-1	-1	-1	-1	75	0	
509	10896573	170	-1	-1	 		47.169331	71.341782	18	-1	1000	-1	-1	3	0	-1	-1	-1	-1	-1	-1	75	0	
510	10896670	1211	142618	16	瞼擘譴挕濂		212	39	29	-1	1000	-1	-1	3	0	-1	-1	-1	-1	-1	-1	75	0	
511	10896680	1211	142619	16	瞼擘譴挕濂		186.505203	54.882156	0	-1	1000	-1	-1	3	0	-1	-1	-1	-1	-1	-1	75	0	
512	10896715	1214	142620	16	陝糧藷	瞼擘蔚濂	193.542496	37.109688	27	-1	1000	-1	-1	3	0	-1	-1	-1	-1	-1	-1	75	0	
513	10896721	1211	142621	16	瞼擘譴挕濂		188.875931	40.278816	4	-1	1000	-1	-1	3	0	-1	-1	-1	-1	-1	-1	75	0	
515	10896783	484	-1	-1	 		184.042587	55.345028	27	-1	1000	-1	-1	3	0	-1	-1	-1	-1	-1	-1	75	0	
516	10896805	485	-1	-1	 		182.434158	59.723217	4	-1	1000	-1	-1	3	0	-1	-1	-1	-1	-1	-1	75	0	
517	10896888	1211	142625	16	瞼擘譴挕濂		217	45	29	-1	1000	-1	-1	3	0	-1	-1	-1	-1	-1	-1	75	0	
518	10896943	141	142626	18	壎贅堈涽濂		195.310852	205.119415	16	-1	1000	-1	-1	3	0	-1	-1	-1	-1	-1	-1	75	0	
519	10896954	141	142627	18	壎贅堈涽濂		195.730698	200.841171	23	-1	1000	-1	-1	3	0	-1	-1	-1	-1	-1	-1	75	0	
520	10896994	141	142628	18	壎贅堈涽濂		208.326752	180.90918	27	-1	1000	-1	-1	3	0	-1	-1	-1	-1	-1	-1	75	0	
521	10897038	1081	142629	18	挕哏堈	壎贅蔚濂	210.698868	184.740448	21	-1	1000	-1	-1	3	0	-1	-1	-1	-1	-1	-1	75	0	
522	10897082	481	-1	-1	 		216.75708	179.509003	27	-1	1000	-1	-1	3	0	-1	-1	-1	-1	-1	-1	75	0	
523	10897101	482	-1	-1	 		219.524292	186.50293	9	-1	1000	-1	-1	3	0	-1	-1	-1	-1	-1	-1	75	0	
