NUM	NUM	NUM	NUM	NUM	TEXT	TEXT	FLOAT	FLOAT	NUM	NUM	NUM	NUM	NUM	NUM	NUM	NUM	NUM	NUM	NUM	NUM	NUM	NUM	NUM
编号	随机编号	attr编号	逻辑表编号	阵营编号	名称	称号	x轴坐标	z轴坐标	朝向	脚本编号	重生时间	分组编号	队伍编号	基础AI	AI文件	巡逻路径	商店0	商店1	商店2	商店3	名誉ID	等级	镜像组
0	1	65344	-1	21	俄罗斯强盗		40	68	0	0	10000	-1	-1	1	0	-1	-1	-1	-1	-1	-1	140	0
1	2	65344	-1	21	俄罗斯强盗		40	68	0	0	10000	-1	-1	1	0	-1	-1	-1	-1	-1	-1	140	0
2	3	65344	-1	21	俄罗斯强盗		40	68	0	0	10000	-1	-1	1	0	-1	-1	-1	-1	-1	-1	140	0
3	4	65344	-1	21	俄罗斯强盗		40	68	0	0	10000	-1	-1	1	0	-1	-1	-1	-1	-1	-1	140	0
4	5	65344	-1	21	俄罗斯强盗		40	68	0	0	10000	-1	-1	1	0	-1	-1	-1	-1	-1	-1	140	0
5	6	65344	-1	21	俄罗斯强盗		40	68	0	0	10000	-1	-1	1	0	-1	-1	-1	-1	-1	-1	140	0
6	7	65344	-1	21	俄罗斯强盗		40	68	0	0	10000	-1	-1	1	0	-1	-1	-1	-1	-1	-1	140	0
7	8	65344	-1	21	俄罗斯强盗		40	68	0	0	10000	-1	-1	1	0	-1	-1	-1	-1	-1	-1	140	0
8	9	65344	-1	21	俄罗斯强盗		40	68	0	0	10000	-1	-1	1	0	-1	-1	-1	-1	-1	-1	140	0
9	10	65344	-1	21	俄罗斯强盗		40	68	0	0	10000	-1	-1	1	0	-1	-1	-1	-1	-1	-1	140	0
10	11	65344	-1	21	俄罗斯强盗		40	68	0	0	10000	-1	-1	1	0	-1	-1	-1	-1	-1	-1	140	0
11	12	65344	-1	21	俄罗斯强盗		40	68	0	0	10000	-1	-1	1	0	-1	-1	-1	-1	-1	-1	140	0
12	13	65344	-1	21	俄罗斯强盗		40	88	0	0	10000	-1	-1	1	0	-1	-1	-1	-1	-1	-1	140	0
13	14	65344	-1	21	俄罗斯强盗		40	88	0	0	10000	-1	-1	1	0	-1	-1	-1	-1	-1	-1	140	0
14	15	65344	-1	21	俄罗斯强盗		40	88	0	0	10000	-1	-1	1	0	-1	-1	-1	-1	-1	-1	140	0
15	16	65344	-1	21	俄罗斯强盗		40	88	0	0	10000	-1	-1	1	0	-1	-1	-1	-1	-1	-1	140	0
16	17	65344	-1	21	俄罗斯强盗		40	88	0	0	10000	-1	-1	1	0	-1	-1	-1	-1	-1	-1	140	0
17	18	65344	-1	21	俄罗斯强盗		40	88	0	0	10000	-1	-1	1	0	-1	-1	-1	-1	-1	-1	140	0
18	19	65344	-1	21	俄罗斯强盗		40	88	0	0	10000	-1	-1	1	0	-1	-1	-1	-1	-1	-1	140	0
19	20	65344	-1	21	俄罗斯强盗		40	88	0	0	10000	-1	-1	1	0	-1	-1	-1	-1	-1	-1	140	0
20	21	65344	-1	21	俄罗斯强盗		40	88	0	0	10000	-1	-1	1	0	-1	-1	-1	-1	-1	-1	140	0
21	22	65344	-1	21	俄罗斯强盗		40	88	0	0	10000	-1	-1	1	0	-1	-1	-1	-1	-1	-1	140	0
22	23	65344	-1	21	俄罗斯强盗		40	88	0	0	10000	-1	-1	1	0	-1	-1	-1	-1	-1	-1	140	0
23	24	65344	-1	21	俄罗斯强盗		40	88	0	0	10000	-1	-1	1	0	-1	-1	-1	-1	-1	-1	140	0
24	25	65344	-1	21	俄罗斯强盗		40	118	0	0	10000	-1	-1	1	0	-1	-1	-1	-1	-1	-1	140	0
25	26	65344	-1	21	俄罗斯强盗		40	118	0	0	10000	-1	-1	1	0	-1	-1	-1	-1	-1	-1	140	0
26	27	65344	-1	21	俄罗斯强盗		40	118	0	0	10000	-1	-1	1	0	-1	-1	-1	-1	-1	-1	140	0
27	28	65344	-1	21	俄罗斯强盗		40	118	0	0	10000	-1	-1	1	0	-1	-1	-1	-1	-1	-1	140	0
28	29	65344	-1	21	俄罗斯强盗		40	118	0	0	10000	-1	-1	1	0	-1	-1	-1	-1	-1	-1	140	0
29	30	65344	-1	21	俄罗斯强盗		40	118	0	0	10000	-1	-1	1	0	-1	-1	-1	-1	-1	-1	140	0
30	31	65344	-1	21	俄罗斯强盗		40	118	0	0	10000	-1	-1	1	0	-1	-1	-1	-1	-1	-1	140	0
31	32	65344	-1	21	俄罗斯强盗		40	118	0	0	10000	-1	-1	1	0	-1	-1	-1	-1	-1	-1	140	0
32	33	65344	-1	21	俄罗斯强盗		40	118	0	0	10000	-1	-1	1	0	-1	-1	-1	-1	-1	-1	140	0
33	34	65344	-1	21	俄罗斯强盗		40	118	0	0	10000	-1	-1	1	0	-1	-1	-1	-1	-1	-1	140	0
34	35	65344	-1	21	俄罗斯强盗		40	118	0	0	10000	-1	-1	1	0	-1	-1	-1	-1	-1	-1	140	0
35	36	65344	-1	21	俄罗斯强盗		40	118	0	0	10000	-1	-1	1	0	-1	-1	-1	-1	-1	-1	140	0
36	37	65344	-1	21	俄罗斯强盗		60	118	0	0	10000	-1	-1	1	0	-1	-1	-1	-1	-1	-1	140	0
37	38	65344	-1	21	俄罗斯强盗		60	118	0	0	10000	-1	-1	1	0	-1	-1	-1	-1	-1	-1	140	0
38	39	65344	-1	21	俄罗斯强盗		60	118	0	0	10000	-1	-1	1	0	-1	-1	-1	-1	-1	-1	140	0
39	40	65344	-1	21	俄罗斯强盗		60	118	0	0	10000	-1	-1	1	0	-1	-1	-1	-1	-1	-1	140	0
40	41	65344	-1	21	俄罗斯强盗		60	118	0	0	10000	-1	-1	1	0	-1	-1	-1	-1	-1	-1	140	0
41	42	65344	-1	21	俄罗斯强盗		60	118	0	0	10000	-1	-1	1	0	-1	-1	-1	-1	-1	-1	140	0
42	43	65344	-1	21	俄罗斯强盗		60	118	0	0	10000	-1	-1	1	0	-1	-1	-1	-1	-1	-1	140	0
43	44	65344	-1	21	俄罗斯强盗		60	118	0	0	10000	-1	-1	1	0	-1	-1	-1	-1	-1	-1	140	0
44	45	65344	-1	21	俄罗斯强盗		60	118	0	0	10000	-1	-1	1	0	-1	-1	-1	-1	-1	-1	140	0
45	46	65344	-1	21	俄罗斯强盗		60	118	0	0	10000	-1	-1	1	0	-1	-1	-1	-1	-1	-1	140	0
46	47	65344	-1	21	俄罗斯强盗		60	118	0	0	10000	-1	-1	1	0	-1	-1	-1	-1	-1	-1	140	0
47	48	65344	-1	21	俄罗斯强盗		60	118	0	0	10000	-1	-1	1	0	-1	-1	-1	-1	-1	-1	140	0
48	49	65344	-1	21	俄罗斯强盗		80	118	0	0	10000	-1	-1	1	0	-1	-1	-1	-1	-1	-1	140	0
49	50	65344	-1	21	俄罗斯强盗		80	118	0	0	10000	-1	-1	1	0	-1	-1	-1	-1	-1	-1	140	0
50	51	65344	-1	21	俄罗斯强盗		80	118	0	0	10000	-1	-1	1	0	-1	-1	-1	-1	-1	-1	140	0
51	52	65344	-1	21	俄罗斯强盗		80	118	0	0	10000	-1	-1	1	0	-1	-1	-1	-1	-1	-1	140	0
52	53	65344	-1	21	俄罗斯强盗		80	118	0	0	10000	-1	-1	1	0	-1	-1	-1	-1	-1	-1	140	0
53	54	65344	-1	21	俄罗斯强盗		80	118	0	0	10000	-1	-1	1	0	-1	-1	-1	-1	-1	-1	140	0
54	55	65344	-1	21	俄罗斯强盗		80	118	0	0	10000	-1	-1	1	0	-1	-1	-1	-1	-1	-1	140	0
55	56	65344	-1	21	俄罗斯强盗		80	118	0	0	10000	-1	-1	1	0	-1	-1	-1	-1	-1	-1	140	0
56	57	65344	-1	21	俄罗斯强盗		80	118	0	0	10000	-1	-1	1	0	-1	-1	-1	-1	-1	-1	140	0
57	58	65344	-1	21	俄罗斯强盗		80	118	0	0	10000	-1	-1	1	0	-1	-1	-1	-1	-1	-1	140	0
58	59	65344	-1	21	俄罗斯强盗		80	118	0	0	10000	-1	-1	1	0	-1	-1	-1	-1	-1	-1	140	0
59	60	65344	-1	21	俄罗斯强盗		80	118	0	0	10000	-1	-1	1	0	-1	-1	-1	-1	-1	-1	140	0
60	61	65344	-1	21	俄罗斯强盗		110	118	0	0	10000	-1	-1	1	0	-1	-1	-1	-1	-1	-1	140	0
61	62	65344	-1	21	俄罗斯强盗		110	118	0	0	10000	-1	-1	1	0	-1	-1	-1	-1	-1	-1	140	0
62	63	65344	-1	21	俄罗斯强盗		110	118	0	0	10000	-1	-1	1	0	-1	-1	-1	-1	-1	-1	140	0
63	64	65344	-1	21	俄罗斯强盗		110	118	0	0	10000	-1	-1	1	0	-1	-1	-1	-1	-1	-1	140	0
64	65	65344	-1	21	俄罗斯强盗		110	118	0	0	10000	-1	-1	1	0	-1	-1	-1	-1	-1	-1	140	0
65	66	65344	-1	21	俄罗斯强盗		110	118	0	0	10000	-1	-1	1	0	-1	-1	-1	-1	-1	-1	140	0
66	67	65344	-1	21	俄罗斯强盗		110	118	0	0	10000	-1	-1	1	0	-1	-1	-1	-1	-1	-1	140	0
67	68	65344	-1	21	俄罗斯强盗		110	118	0	0	10000	-1	-1	1	0	-1	-1	-1	-1	-1	-1	140	0
68	69	65344	-1	21	俄罗斯强盗		110	118	0	0	10000	-1	-1	1	0	-1	-1	-1	-1	-1	-1	140	0
69	70	65344	-1	21	俄罗斯强盗		110	118	0	0	10000	-1	-1	1	0	-1	-1	-1	-1	-1	-1	140	0
70	71	65344	-1	21	俄罗斯强盗		110	118	0	0	10000	-1	-1	1	0	-1	-1	-1	-1	-1	-1	140	0
71	72	65344	-1	21	俄罗斯强盗		110	118	0	0	10000	-1	-1	1	0	-1	-1	-1	-1	-1	-1	140	0
72	73	65344	-1	21	俄罗斯强盗		120	95	0	0	10000	-1	-1	1	0	-1	-1	-1	-1	-1	-1	140	0
73	74	65344	-1	21	俄罗斯强盗		120	95	0	0	10000	-1	-1	1	0	-1	-1	-1	-1	-1	-1	140	0
74	75	65344	-1	21	俄罗斯强盗		120	95	0	0	10000	-1	-1	1	0	-1	-1	-1	-1	-1	-1	140	0
75	76	65344	-1	21	俄罗斯强盗		120	95	0	0	10000	-1	-1	1	0	-1	-1	-1	-1	-1	-1	140	0
76	77	65344	-1	21	俄罗斯强盗		120	95	0	0	10000	-1	-1	1	0	-1	-1	-1	-1	-1	-1	140	0
77	78	65344	-1	21	俄罗斯强盗		120	95	0	0	10000	-1	-1	1	0	-1	-1	-1	-1	-1	-1	140	0
78	79	65344	-1	21	俄罗斯强盗		120	95	0	0	10000	-1	-1	1	0	-1	-1	-1	-1	-1	-1	140	0
79	80	65344	-1	21	俄罗斯强盗		120	95	0	0	10000	-1	-1	1	0	-1	-1	-1	-1	-1	-1	140	0
80	81	65344	-1	21	俄罗斯强盗		120	95	0	0	10000	-1	-1	1	0	-1	-1	-1	-1	-1	-1	140	0
81	82	65344	-1	21	俄罗斯强盗		120	95	0	0	10000	-1	-1	1	0	-1	-1	-1	-1	-1	-1	140	0
82	83	65344	-1	21	俄罗斯强盗		120	95	0	0	10000	-1	-1	1	0	-1	-1	-1	-1	-1	-1	140	0
83	84	65344	-1	21	俄罗斯强盗		120	95	0	0	10000	-1	-1	1	0	-1	-1	-1	-1	-1	-1	140	0
84	85	65344	-1	21	俄罗斯强盗		120	95	0	0	10000	-1	-1	1	0	-1	-1	-1	-1	-1	-1	140	0
85	86	65344	-1	21	俄罗斯强盗		120	95	0	0	10000	-1	-1	1	0	-1	-1	-1	-1	-1	-1	140	0
86	87	65344	-1	21	俄罗斯强盗		120	95	0	0	10000	-1	-1	1	0	-1	-1	-1	-1	-1	-1	140	0
87	88	65344	-1	21	俄罗斯强盗		120	95	0	0	10000	-1	-1	1	0	-1	-1	-1	-1	-1	-1	140	0
88	89	65344	-1	21	俄罗斯强盗		120	95	0	0	10000	-1	-1	1	0	-1	-1	-1	-1	-1	-1	140	0
89	90	65344	-1	21	俄罗斯强盗		120	95	0	0	10000	-1	-1	1	0	-1	-1	-1	-1	-1	-1	140	0
90	91	65344	-1	21	俄罗斯强盗		120	95	0	0	10000	-1	-1	1	0	-1	-1	-1	-1	-1	-1	140	0
91	92	65344	-1	21	俄罗斯强盗		120	95	0	0	10000	-1	-1	1	0	-1	-1	-1	-1	-1	-1	140	0
92	93	65344	-1	21	俄罗斯强盗		120	95	0	0	10000	-1	-1	1	0	-1	-1	-1	-1	-1	-1	140	0
93	94	65344	-1	21	俄罗斯强盗		120	95	0	0	10000	-1	-1	1	0	-1	-1	-1	-1	-1	-1	140	0
94	95	65344	-1	21	俄罗斯强盗		120	95	0	0	10000	-1	-1	1	0	-1	-1	-1	-1	-1	-1	140	0
95	96	65344	-1	21	俄罗斯强盗		120	95	0	0	10000	-1	-1	1	0	-1	-1	-1	-1	-1	-1	140	0
96	97	65344	-1	21	俄罗斯强盗		90	90	0	0	10000	-1	-1	1	0	-1	-1	-1	-1	-1	-1	140	0
97	98	65344	-1	21	俄罗斯强盗		90	90	0	0	10000	-1	-1	1	0	-1	-1	-1	-1	-1	-1	140	0
98	99	65344	-1	21	俄罗斯强盗		90	90	0	0	10000	-1	-1	1	0	-1	-1	-1	-1	-1	-1	140	0
99	100	65344	-1	21	俄罗斯强盗		90	90	0	0	10000	-1	-1	1	0	-1	-1	-1	-1	-1	-1	140	0
100	101	65344	-1	21	俄罗斯强盗		90	90	0	0	10000	-1	-1	1	0	-1	-1	-1	-1	-1	-1	140	0
101	102	65344	-1	21	俄罗斯强盗		90	90	0	0	10000	-1	-1	1	0	-1	-1	-1	-1	-1	-1	140	0
102	103	65344	-1	21	俄罗斯强盗		90	90	0	0	10000	-1	-1	1	0	-1	-1	-1	-1	-1	-1	140	0
103	104	65344	-1	21	俄罗斯强盗		90	90	0	0	10000	-1	-1	1	0	-1	-1	-1	-1	-1	-1	140	0
104	105	65344	-1	21	俄罗斯强盗		90	90	0	0	10000	-1	-1	1	0	-1	-1	-1	-1	-1	-1	140	0
105	106	65344	-1	21	俄罗斯强盗		90	90	0	0	10000	-1	-1	1	0	-1	-1	-1	-1	-1	-1	140	0
106	107	65344	-1	21	俄罗斯强盗		90	90	0	0	10000	-1	-1	1	0	-1	-1	-1	-1	-1	-1	140	0
107	108	65344	-1	21	俄罗斯强盗		90	90	0	0	10000	-1	-1	1	0	-1	-1	-1	-1	-1	-1	140	0
108	109	65344	-1	21	俄罗斯强盗		80	48	0	0	10000	-1	-1	1	0	-1	-1	-1	-1	-1	-1	140	0
109	110	65344	-1	21	俄罗斯强盗		80	48	0	0	10000	-1	-1	1	0	-1	-1	-1	-1	-1	-1	140	0
110	111	65344	-1	21	俄罗斯强盗		80	48	0	0	10000	-1	-1	1	0	-1	-1	-1	-1	-1	-1	140	0
111	112	65344	-1	21	俄罗斯强盗		80	48	0	0	10000	-1	-1	1	0	-1	-1	-1	-1	-1	-1	140	0
112	113	65344	-1	21	俄罗斯强盗		80	48	0	0	10000	-1	-1	1	0	-1	-1	-1	-1	-1	-1	140	0
113	114	65344	-1	21	俄罗斯强盗		80	48	0	0	10000	-1	-1	1	0	-1	-1	-1	-1	-1	-1	140	0
114	115	65344	-1	21	俄罗斯强盗		80	48	0	0	10000	-1	-1	1	0	-1	-1	-1	-1	-1	-1	140	0
115	116	65344	-1	21	俄罗斯强盗		80	48	0	0	10000	-1	-1	1	0	-1	-1	-1	-1	-1	-1	140	0
116	117	65344	-1	21	俄罗斯强盗		80	48	0	0	10000	-1	-1	1	0	-1	-1	-1	-1	-1	-1	140	0
117	118	65344	-1	21	俄罗斯强盗		80	48	0	0	10000	-1	-1	1	0	-1	-1	-1	-1	-1	-1	140	0
118	119	65344	-1	21	俄罗斯强盗		80	48	0	0	10000	-1	-1	1	0	-1	-1	-1	-1	-1	-1	140	0
119	120	65344	-1	21	俄罗斯强盗		80	48	0	0	10000	-1	-1	1	0	-1	-1	-1	-1	-1	-1	140	0
120	121	65344	-1	21	俄罗斯强盗		80	48	0	0	10000	-1	-1	1	0	-1	-1	-1	-1	-1	-1	140	0
121	122	65344	-1	21	俄罗斯强盗		80	48	0	0	10000	-1	-1	1	0	-1	-1	-1	-1	-1	-1	140	0
122	123	65344	-1	21	俄罗斯强盗		80	48	0	0	10000	-1	-1	1	0	-1	-1	-1	-1	-1	-1	140	0
123	124	65344	-1	21	俄罗斯强盗		80	48	0	0	10000	-1	-1	1	0	-1	-1	-1	-1	-1	-1	140	0
124	125	65344	-1	21	俄罗斯强盗		80	48	0	0	10000	-1	-1	1	0	-1	-1	-1	-1	-1	-1	140	0
125	126	65344	-1	21	俄罗斯强盗		80	48	0	0	10000	-1	-1	1	0	-1	-1	-1	-1	-1	-1	140	0
126	127	65344	-1	21	俄罗斯强盗		80	48	0	0	10000	-1	-1	1	0	-1	-1	-1	-1	-1	-1	140	0
127	128	65344	-1	21	俄罗斯强盗		80	48	0	0	10000	-1	-1	1	0	-1	-1	-1	-1	-1	-1	140	0
128	129	65344	-1	21	俄罗斯强盗		80	48	0	0	10000	-1	-1	1	0	-1	-1	-1	-1	-1	-1	140	0
129	130	65344	-1	21	俄罗斯强盗		80	48	0	0	10000	-1	-1	1	0	-1	-1	-1	-1	-1	-1	140	0
130	131	65344	-1	21	俄罗斯强盗		80	48	0	0	10000	-1	-1	1	0	-1	-1	-1	-1	-1	-1	140	0
131	132	65344	-1	21	俄罗斯强盗		80	48	0	0	10000	-1	-1	1	0	-1	-1	-1	-1	-1	-1	140	0
132	133	65344	-1	21	俄罗斯强盗		81	57	0	0	10000	-1	-1	1	0	-1	-1	-1	-1	-1	-1	140	0
133	134	65344	-1	21	俄罗斯强盗		81	57	0	0	10000	-1	-1	1	0	-1	-1	-1	-1	-1	-1	140	0
134	135	65344	-1	21	俄罗斯强盗		81	57	0	0	10000	-1	-1	1	0	-1	-1	-1	-1	-1	-1	140	0
135	136	65344	-1	21	俄罗斯强盗		81	57	0	0	10000	-1	-1	1	0	-1	-1	-1	-1	-1	-1	140	0
136	137	65344	-1	21	俄罗斯强盗		81	57	0	0	10000	-1	-1	1	0	-1	-1	-1	-1	-1	-1	140	0
137	138	65344	-1	21	俄罗斯强盗		81	57	0	0	10000	-1	-1	1	0	-1	-1	-1	-1	-1	-1	140	0
138	139	65344	-1	21	俄罗斯强盗		81	57	0	0	10000	-1	-1	1	0	-1	-1	-1	-1	-1	-1	140	0
139	140	65344	-1	21	俄罗斯强盗		81	57	0	0	10000	-1	-1	1	0	-1	-1	-1	-1	-1	-1	140	0
140	141	65344	-1	21	俄罗斯强盗		81	57	0	0	10000	-1	-1	1	0	-1	-1	-1	-1	-1	-1	140	0
141	142	65344	-1	21	俄罗斯强盗		81	57	0	0	10000	-1	-1	1	0	-1	-1	-1	-1	-1	-1	140	0
142	143	65344	-1	21	俄罗斯强盗		81	57	0	0	10000	-1	-1	1	0	-1	-1	-1	-1	-1	-1	140	0
143	144	65344	-1	21	俄罗斯强盗		81	57	0	0	10000	-1	-1	1	0	-1	-1	-1	-1	-1	-1	140	0
144	145	65344	-1	21	俄罗斯强盗		113	48	0	0	10000	-1	-1	1	0	-1	-1	-1	-1	-1	-1	140	0
145	146	65344	-1	21	俄罗斯强盗		113	48	0	0	10000	-1	-1	1	0	-1	-1	-1	-1	-1	-1	140	0
146	147	65344	-1	21	俄罗斯强盗		113	48	0	0	10000	-1	-1	1	0	-1	-1	-1	-1	-1	-1	140	0
147	148	65344	-1	21	俄罗斯强盗		113	48	0	0	10000	-1	-1	1	0	-1	-1	-1	-1	-1	-1	140	0
148	149	65344	-1	21	俄罗斯强盗		113	48	0	0	10000	-1	-1	1	0	-1	-1	-1	-1	-1	-1	140	0
149	150	65344	-1	21	俄罗斯强盗		113	48	0	0	10000	-1	-1	1	0	-1	-1	-1	-1	-1	-1	140	0
150	151	65344	-1	21	俄罗斯强盗		113	48	0	0	10000	-1	-1	1	0	-1	-1	-1	-1	-1	-1	140	0
151	152	65344	-1	21	俄罗斯强盗		113	48	0	0	10000	-1	-1	1	0	-1	-1	-1	-1	-1	-1	140	0
152	153	65344	-1	21	俄罗斯强盗		113	48	0	0	10000	-1	-1	1	0	-1	-1	-1	-1	-1	-1	140	0
153	154	65344	-1	21	俄罗斯强盗		113	48	0	0	10000	-1	-1	1	0	-1	-1	-1	-1	-1	-1	140	0
154	155	65344	-1	21	俄罗斯强盗		113	48	0	0	10000	-1	-1	1	0	-1	-1	-1	-1	-1	-1	140	0
155	156	65344	-1	21	俄罗斯强盗		113	48	0	0	10000	-1	-1	1	0	-1	-1	-1	-1	-1	-1	140	0
156	157	65344	-1	21	俄罗斯强盗		143	56	0	0	10000	-1	-1	1	0	-1	-1	-1	-1	-1	-1	140	0
157	158	65344	-1	21	俄罗斯强盗		143	56	0	0	10000	-1	-1	1	0	-1	-1	-1	-1	-1	-1	140	0
158	159	65344	-1	21	俄罗斯强盗		143	56	0	0	10000	-1	-1	1	0	-1	-1	-1	-1	-1	-1	140	0
159	160	65344	-1	21	俄罗斯强盗		143	56	0	0	10000	-1	-1	1	0	-1	-1	-1	-1	-1	-1	140	0
160	161	65344	-1	21	俄罗斯强盗		143	56	0	0	10000	-1	-1	1	0	-1	-1	-1	-1	-1	-1	140	0
161	162	65344	-1	21	俄罗斯强盗		143	56	0	0	10000	-1	-1	1	0	-1	-1	-1	-1	-1	-1	140	0
162	163	65344	-1	21	俄罗斯强盗		143	56	0	0	10000	-1	-1	1	0	-1	-1	-1	-1	-1	-1	140	0
163	164	65344	-1	21	俄罗斯强盗		143	56	0	0	10000	-1	-1	1	0	-1	-1	-1	-1	-1	-1	140	0
164	165	65344	-1	21	俄罗斯强盗		143	56	0	0	10000	-1	-1	1	0	-1	-1	-1	-1	-1	-1	140	0
165	166	65344	-1	21	俄罗斯强盗		143	56	0	0	10000	-1	-1	1	0	-1	-1	-1	-1	-1	-1	140	0
166	167	65344	-1	21	俄罗斯强盗		143	56	0	0	10000	-1	-1	1	0	-1	-1	-1	-1	-1	-1	140	0
167	168	65344	-1	21	俄罗斯强盗		143	56	0	0	10000	-1	-1	1	0	-1	-1	-1	-1	-1	-1	140	0
168	169	65344	-1	21	俄罗斯强盗		144	48	0	0	10000	-1	-1	1	0	-1	-1	-1	-1	-1	-1	140	0
169	170	65344	-1	21	俄罗斯强盗		144	48	0	0	10000	-1	-1	1	0	-1	-1	-1	-1	-1	-1	140	0
170	171	65344	-1	21	俄罗斯强盗		144	48	0	0	10000	-1	-1	1	0	-1	-1	-1	-1	-1	-1	140	0
171	172	65344	-1	21	俄罗斯强盗		144	48	0	0	10000	-1	-1	1	0	-1	-1	-1	-1	-1	-1	140	0
172	173	65344	-1	21	俄罗斯强盗		144	48	0	0	10000	-1	-1	1	0	-1	-1	-1	-1	-1	-1	140	0
173	174	65344	-1	21	俄罗斯强盗		144	48	0	0	10000	-1	-1	1	0	-1	-1	-1	-1	-1	-1	140	0
174	175	65344	-1	21	俄罗斯强盗		144	48	0	0	10000	-1	-1	1	0	-1	-1	-1	-1	-1	-1	140	0
175	176	65344	-1	21	俄罗斯强盗		144	48	0	0	10000	-1	-1	1	0	-1	-1	-1	-1	-1	-1	140	0
176	177	65344	-1	21	俄罗斯强盗		144	48	0	0	10000	-1	-1	1	0	-1	-1	-1	-1	-1	-1	140	0
177	178	65344	-1	21	俄罗斯强盗		144	48	0	0	10000	-1	-1	1	0	-1	-1	-1	-1	-1	-1	140	0
178	179	65344	-1	21	俄罗斯强盗		144	48	0	0	10000	-1	-1	1	0	-1	-1	-1	-1	-1	-1	140	0
179	180	65344	-1	21	俄罗斯强盗		144	48	0	0	10000	-1	-1	1	0	-1	-1	-1	-1	-1	-1	140	0
180	181	65344	-1	21	俄罗斯强盗		186	54	0	0	10000	-1	-1	1	0	-1	-1	-1	-1	-1	-1	140	0
181	182	65344	-1	21	俄罗斯强盗		186	54	0	0	10000	-1	-1	1	0	-1	-1	-1	-1	-1	-1	140	0
182	183	65344	-1	21	俄罗斯强盗		186	54	0	0	10000	-1	-1	1	0	-1	-1	-1	-1	-1	-1	140	0
183	184	65344	-1	21	俄罗斯强盗		186	54	0	0	10000	-1	-1	1	0	-1	-1	-1	-1	-1	-1	140	0
184	185	65344	-1	21	俄罗斯强盗		186	54	0	0	10000	-1	-1	1	0	-1	-1	-1	-1	-1	-1	140	0
185	186	65344	-1	21	俄罗斯强盗		186	54	0	0	10000	-1	-1	1	0	-1	-1	-1	-1	-1	-1	140	0
186	187	65344	-1	21	俄罗斯强盗		186	54	0	0	10000	-1	-1	1	0	-1	-1	-1	-1	-1	-1	140	0
187	188	65344	-1	21	俄罗斯强盗		186	54	0	0	10000	-1	-1	1	0	-1	-1	-1	-1	-1	-1	140	0
188	189	65344	-1	21	俄罗斯强盗		186	54	0	0	10000	-1	-1	1	0	-1	-1	-1	-1	-1	-1	140	0
189	190	65344	-1	21	俄罗斯强盗		186	54	0	0	10000	-1	-1	1	0	-1	-1	-1	-1	-1	-1	140	0
190	191	65344	-1	21	俄罗斯强盗		186	54	0	0	10000	-1	-1	1	0	-1	-1	-1	-1	-1	-1	140	0
191	192	65344	-1	21	俄罗斯强盗		186	54	0	0	10000	-1	-1	1	0	-1	-1	-1	-1	-1	-1	140	0
192	193	65344	-1	21	俄罗斯强盗		184	52	0	0	10000	-1	-1	1	0	-1	-1	-1	-1	-1	-1	140	0
193	194	65344	-1	21	俄罗斯强盗		184	52	0	0	10000	-1	-1	1	0	-1	-1	-1	-1	-1	-1	140	0
194	195	65344	-1	21	俄罗斯强盗		184	52	0	0	10000	-1	-1	1	0	-1	-1	-1	-1	-1	-1	140	0
195	196	65344	-1	21	俄罗斯强盗		184	52	0	0	10000	-1	-1	1	0	-1	-1	-1	-1	-1	-1	140	0
196	197	65344	-1	21	俄罗斯强盗		184	52	0	0	10000	-1	-1	1	0	-1	-1	-1	-1	-1	-1	140	0
197	198	65344	-1	21	俄罗斯强盗		184	52	0	0	10000	-1	-1	1	0	-1	-1	-1	-1	-1	-1	140	0
198	199	65344	-1	21	俄罗斯强盗		186	84	0	0	10000	-1	-1	1	0	-1	-1	-1	-1	-1	-1	140	0
199	200	65344	-1	21	俄罗斯强盗		186	84	0	0	10000	-1	-1	1	0	-1	-1	-1	-1	-1	-1	140	0
200	201	65344	-1	21	俄罗斯强盗		186	84	0	0	10000	-1	-1	1	0	-1	-1	-1	-1	-1	-1	140	0
201	202	65344	-1	21	俄罗斯强盗		186	84	0	0	10000	-1	-1	1	0	-1	-1	-1	-1	-1	-1	140	0
202	203	65344	-1	21	俄罗斯强盗		186	84	0	0	10000	-1	-1	1	0	-1	-1	-1	-1	-1	-1	140	0
203	204	65344	-1	21	俄罗斯强盗		186	84	0	0	10000	-1	-1	1	0	-1	-1	-1	-1	-1	-1	140	0
204	205	65344	-1	21	俄罗斯强盗		186	84	0	0	10000	-1	-1	1	0	-1	-1	-1	-1	-1	-1	140	0
205	206	65344	-1	21	俄罗斯强盗		186	84	0	0	10000	-1	-1	1	0	-1	-1	-1	-1	-1	-1	140	0
206	207	65344	-1	21	俄罗斯强盗		186	84	0	0	10000	-1	-1	1	0	-1	-1	-1	-1	-1	-1	140	0
207	208	65344	-1	21	俄罗斯强盗		186	84	0	0	10000	-1	-1	1	0	-1	-1	-1	-1	-1	-1	140	0
208	209	65344	-1	21	俄罗斯强盗		186	84	0	0	10000	-1	-1	1	0	-1	-1	-1	-1	-1	-1	140	0
209	210	65344	-1	21	俄罗斯强盗		186	84	0	0	10000	-1	-1	1	0	-1	-1	-1	-1	-1	-1	140	0
210	211	65344	-1	21	俄罗斯强盗		150	92	0	0	10000	-1	-1	1	0	-1	-1	-1	-1	-1	-1	140	0
211	212	65344	-1	21	俄罗斯强盗		150	92	0	0	10000	-1	-1	1	0	-1	-1	-1	-1	-1	-1	140	0
212	213	65344	-1	21	俄罗斯强盗		150	92	0	0	10000	-1	-1	1	0	-1	-1	-1	-1	-1	-1	140	0
213	214	65344	-1	21	俄罗斯强盗		150	92	0	0	10000	-1	-1	1	0	-1	-1	-1	-1	-1	-1	140	0
214	215	65344	-1	21	俄罗斯强盗		150	92	0	0	10000	-1	-1	1	0	-1	-1	-1	-1	-1	-1	140	0
215	216	65344	-1	21	俄罗斯强盗		150	92	0	0	10000	-1	-1	1	0	-1	-1	-1	-1	-1	-1	140	0
216	217	65344	-1	21	俄罗斯强盗		150	92	0	0	10000	-1	-1	1	0	-1	-1	-1	-1	-1	-1	140	0
217	218	65344	-1	21	俄罗斯强盗		150	92	0	0	10000	-1	-1	1	0	-1	-1	-1	-1	-1	-1	140	0
218	219	65344	-1	21	俄罗斯强盗		150	92	0	0	10000	-1	-1	1	0	-1	-1	-1	-1	-1	-1	140	0
219	220	65344	-1	21	俄罗斯强盗		150	92	0	0	10000	-1	-1	1	0	-1	-1	-1	-1	-1	-1	140	0
220	221	65344	-1	21	俄罗斯强盗		150	92	0	0	10000	-1	-1	1	0	-1	-1	-1	-1	-1	-1	140	0
221	222	65344	-1	21	俄罗斯强盗		150	92	0	0	10000	-1	-1	1	0	-1	-1	-1	-1	-1	-1	140	0
222	223	65344	-1	21	俄罗斯强盗		154	119	0	0	10000	-1	-1	1	0	-1	-1	-1	-1	-1	-1	140	0
223	224	65344	-1	21	俄罗斯强盗		154	119	0	0	10000	-1	-1	1	0	-1	-1	-1	-1	-1	-1	140	0
224	225	65344	-1	21	俄罗斯强盗		154	119	0	0	10000	-1	-1	1	0	-1	-1	-1	-1	-1	-1	140	0
225	226	65344	-1	21	俄罗斯强盗		154	119	0	0	10000	-1	-1	1	0	-1	-1	-1	-1	-1	-1	140	0
226	227	65344	-1	21	俄罗斯强盗		154	119	0	0	10000	-1	-1	1	0	-1	-1	-1	-1	-1	-1	140	0
227	228	65344	-1	21	俄罗斯强盗		154	119	0	0	10000	-1	-1	1	0	-1	-1	-1	-1	-1	-1	140	0
228	229	65344	-1	21	俄罗斯强盗		154	119	0	0	10000	-1	-1	1	0	-1	-1	-1	-1	-1	-1	140	0
229	230	65344	-1	21	俄罗斯强盗		154	119	0	0	10000	-1	-1	1	0	-1	-1	-1	-1	-1	-1	140	0
230	231	65344	-1	21	俄罗斯强盗		154	119	0	0	10000	-1	-1	1	0	-1	-1	-1	-1	-1	-1	140	0
231	232	65344	-1	21	俄罗斯强盗		154	119	0	0	10000	-1	-1	1	0	-1	-1	-1	-1	-1	-1	140	0
232	233	65344	-1	21	俄罗斯强盗		154	119	0	0	10000	-1	-1	1	0	-1	-1	-1	-1	-1	-1	140	0
233	234	65344	-1	21	俄罗斯强盗		154	119	0	0	10000	-1	-1	1	0	-1	-1	-1	-1	-1	-1	140	0
234	235	65344	-1	21	俄罗斯强盗		185	119	0	0	10000	-1	-1	1	0	-1	-1	-1	-1	-1	-1	140	0
235	236	65344	-1	21	俄罗斯强盗		185	119	0	0	10000	-1	-1	1	0	-1	-1	-1	-1	-1	-1	140	0
236	237	65344	-1	21	俄罗斯强盗		185	119	0	0	10000	-1	-1	1	0	-1	-1	-1	-1	-1	-1	140	0
237	238	65344	-1	21	俄罗斯强盗		185	119	0	0	10000	-1	-1	1	0	-1	-1	-1	-1	-1	-1	140	0
238	239	65344	-1	21	俄罗斯强盗		185	119	0	0	10000	-1	-1	1	0	-1	-1	-1	-1	-1	-1	140	0
239	240	65344	-1	21	俄罗斯强盗		185	119	0	0	10000	-1	-1	1	0	-1	-1	-1	-1	-1	-1	140	0
240	241	65344	-1	21	俄罗斯强盗		185	119	0	0	10000	-1	-1	1	0	-1	-1	-1	-1	-1	-1	140	0
241	242	65344	-1	21	俄罗斯强盗		185	119	0	0	10000	-1	-1	1	0	-1	-1	-1	-1	-1	-1	140	0
242	243	65344	-1	21	俄罗斯强盗		185	119	0	0	10000	-1	-1	1	0	-1	-1	-1	-1	-1	-1	140	0
243	244	65344	-1	21	俄罗斯强盗		185	119	0	0	10000	-1	-1	1	0	-1	-1	-1	-1	-1	-1	140	0
244	245	65344	-1	21	俄罗斯强盗		185	119	0	0	10000	-1	-1	1	0	-1	-1	-1	-1	-1	-1	140	0
245	246	65344	-1	21	俄罗斯强盗		185	119	0	0	10000	-1	-1	1	0	-1	-1	-1	-1	-1	-1	140	0
246	247	65344	-1	21	俄罗斯强盗		218	119	0	0	10000	-1	-1	1	0	-1	-1	-1	-1	-1	-1	140	0
247	248	65344	-1	21	俄罗斯强盗		218	119	0	0	10000	-1	-1	1	0	-1	-1	-1	-1	-1	-1	140	0
248	249	65344	-1	21	俄罗斯强盗		218	119	0	0	10000	-1	-1	1	0	-1	-1	-1	-1	-1	-1	140	0
249	250	65344	-1	21	俄罗斯强盗		218	119	0	0	10000	-1	-1	1	0	-1	-1	-1	-1	-1	-1	140	0
250	251	65344	-1	21	俄罗斯强盗		218	119	0	0	10000	-1	-1	1	0	-1	-1	-1	-1	-1	-1	140	0
251	252	65344	-1	21	俄罗斯强盗		218	119	0	0	10000	-1	-1	1	0	-1	-1	-1	-1	-1	-1	140	0
252	253	65344	-1	21	俄罗斯强盗		218	119	0	0	10000	-1	-1	1	0	-1	-1	-1	-1	-1	-1	140	0
253	254	65344	-1	21	俄罗斯强盗		218	119	0	0	10000	-1	-1	1	0	-1	-1	-1	-1	-1	-1	140	0
254	255	65344	-1	21	俄罗斯强盗		218	119	0	0	10000	-1	-1	1	0	-1	-1	-1	-1	-1	-1	140	0
255	256	65344	-1	21	俄罗斯强盗		218	119	0	0	10000	-1	-1	1	0	-1	-1	-1	-1	-1	-1	140	0
256	257	65344	-1	21	俄罗斯强盗		218	119	0	0	10000	-1	-1	1	0	-1	-1	-1	-1	-1	-1	140	0
257	258	65344	-1	21	俄罗斯强盗		218	119	0	0	10000	-1	-1	1	0	-1	-1	-1	-1	-1	-1	140	0
258	259	65344	-1	21	俄罗斯强盗		218	68	0	0	10000	-1	-1	1	0	-1	-1	-1	-1	-1	-1	140	0
259	260	65344	-1	21	俄罗斯强盗		218	68	0	0	10000	-1	-1	1	0	-1	-1	-1	-1	-1	-1	140	0
260	261	65344	-1	21	俄罗斯强盗		218	68	0	0	10000	-1	-1	1	0	-1	-1	-1	-1	-1	-1	140	0
261	262	65344	-1	21	俄罗斯强盗		218	68	0	0	10000	-1	-1	1	0	-1	-1	-1	-1	-1	-1	140	0
262	263	65344	-1	21	俄罗斯强盗		218	68	0	0	10000	-1	-1	1	0	-1	-1	-1	-1	-1	-1	140	0
263	264	65344	-1	21	俄罗斯强盗		218	68	0	0	10000	-1	-1	1	0	-1	-1	-1	-1	-1	-1	140	0
264	265	65344	-1	21	俄罗斯强盗		218	68	0	0	10000	-1	-1	1	0	-1	-1	-1	-1	-1	-1	140	0
265	266	65344	-1	21	俄罗斯强盗		218	68	0	0	10000	-1	-1	1	0	-1	-1	-1	-1	-1	-1	140	0
266	267	65344	-1	21	俄罗斯强盗		218	68	0	0	10000	-1	-1	1	0	-1	-1	-1	-1	-1	-1	140	0
267	268	65344	-1	21	俄罗斯强盗		218	68	0	0	10000	-1	-1	1	0	-1	-1	-1	-1	-1	-1	140	0
268	269	65344	-1	21	俄罗斯强盗		218	68	0	0	10000	-1	-1	1	0	-1	-1	-1	-1	-1	-1	140	0
269	270	65344	-1	21	俄罗斯强盗		218	68	0	0	10000	-1	-1	1	0	-1	-1	-1	-1	-1	-1	140	0
270	271	65344	-1	21	俄罗斯强盗		213	152	0	0	10000	-1	-1	1	0	-1	-1	-1	-1	-1	-1	140	0
271	272	65344	-1	21	俄罗斯强盗		213	152	0	0	10000	-1	-1	1	0	-1	-1	-1	-1	-1	-1	140	0
272	273	65344	-1	21	俄罗斯强盗		213	152	0	0	10000	-1	-1	1	0	-1	-1	-1	-1	-1	-1	140	0
273	274	65344	-1	21	俄罗斯强盗		213	152	0	0	10000	-1	-1	1	0	-1	-1	-1	-1	-1	-1	140	0
274	275	65344	-1	21	俄罗斯强盗		213	152	0	0	10000	-1	-1	1	0	-1	-1	-1	-1	-1	-1	140	0
275	276	65344	-1	21	俄罗斯强盗		213	152	0	0	10000	-1	-1	1	0	-1	-1	-1	-1	-1	-1	140	0
276	277	65344	-1	21	俄罗斯强盗		213	152	0	0	10000	-1	-1	1	0	-1	-1	-1	-1	-1	-1	140	0
277	278	65344	-1	21	俄罗斯强盗		213	152	0	0	10000	-1	-1	1	0	-1	-1	-1	-1	-1	-1	140	0
278	279	65344	-1	21	俄罗斯强盗		213	152	0	0	10000	-1	-1	1	0	-1	-1	-1	-1	-1	-1	140	0
279	280	65344	-1	21	俄罗斯强盗		225	152	0	0	10000	-1	-1	1	0	-1	-1	-1	-1	-1	-1	140	0
280	281	65344	-1	21	俄罗斯强盗		225	152	0	0	10000	-1	-1	1	0	-1	-1	-1	-1	-1	-1	140	0
281	282	65344	-1	21	俄罗斯强盗		225	152	0	0	10000	-1	-1	1	0	-1	-1	-1	-1	-1	-1	140	0
282	283	65344	-1	21	俄罗斯强盗		225	152	0	0	10000	-1	-1	1	0	-1	-1	-1	-1	-1	-1	140	0
283	284	65344	-1	21	俄罗斯强盗		225	152	0	0	10000	-1	-1	1	0	-1	-1	-1	-1	-1	-1	140	0
284	285	65344	-1	21	俄罗斯强盗		225	152	0	0	10000	-1	-1	1	0	-1	-1	-1	-1	-1	-1	140	0
285	286	65344	-1	21	俄罗斯强盗		225	152	0	0	10000	-1	-1	1	0	-1	-1	-1	-1	-1	-1	140	0
286	287	65344	-1	21	俄罗斯强盗		225	152	0	0	10000	-1	-1	1	0	-1	-1	-1	-1	-1	-1	140	0
287	288	65344	-1	21	俄罗斯强盗		225	152	0	0	10000	-1	-1	1	0	-1	-1	-1	-1	-1	-1	140	0
288	289	65344	-1	21	俄罗斯强盗		225	165	0	0	10000	-1	-1	1	0	-1	-1	-1	-1	-1	-1	140	0
289	290	65344	-1	21	俄罗斯强盗		225	165	0	0	10000	-1	-1	1	0	-1	-1	-1	-1	-1	-1	140	0
290	291	65344	-1	21	俄罗斯强盗		225	165	0	0	10000	-1	-1	1	0	-1	-1	-1	-1	-1	-1	140	0
291	292	65344	-1	21	俄罗斯强盗		225	165	0	0	10000	-1	-1	1	0	-1	-1	-1	-1	-1	-1	140	0
292	293	65344	-1	21	俄罗斯强盗		225	165	0	0	10000	-1	-1	1	0	-1	-1	-1	-1	-1	-1	140	0
293	294	65344	-1	21	俄罗斯强盗		225	165	0	0	10000	-1	-1	1	0	-1	-1	-1	-1	-1	-1	140	0
294	295	65344	-1	21	俄罗斯强盗		225	165	0	0	10000	-1	-1	1	0	-1	-1	-1	-1	-1	-1	140	0
295	296	65344	-1	21	俄罗斯强盗		225	165	0	0	10000	-1	-1	1	0	-1	-1	-1	-1	-1	-1	140	0
296	297	65344	-1	21	俄罗斯强盗		225	165	0	0	10000	-1	-1	1	0	-1	-1	-1	-1	-1	-1	140	0
297	298	65344	-1	21	俄罗斯强盗		213	165	0	0	10000	-1	-1	1	0	-1	-1	-1	-1	-1	-1	140	0
298	299	65344	-1	21	俄罗斯强盗		213	165	0	0	10000	-1	-1	1	0	-1	-1	-1	-1	-1	-1	140	0
299	300	65344	-1	21	俄罗斯强盗		213	165	0	0	10000	-1	-1	1	0	-1	-1	-1	-1	-1	-1	140	0
300	301	65344	-1	21	俄罗斯强盗		213	165	0	0	10000	-1	-1	1	0	-1	-1	-1	-1	-1	-1	140	0
301	302	65344	-1	21	俄罗斯强盗		213	165	0	0	10000	-1	-1	1	0	-1	-1	-1	-1	-1	-1	140	0
302	303	65344	-1	21	俄罗斯强盗		213	165	0	0	10000	-1	-1	1	0	-1	-1	-1	-1	-1	-1	140	0
303	304	65344	-1	21	俄罗斯强盗		213	165	0	0	10000	-1	-1	1	0	-1	-1	-1	-1	-1	-1	140	0
304	305	65344	-1	21	俄罗斯强盗		213	165	0	0	10000	-1	-1	1	0	-1	-1	-1	-1	-1	-1	140	0
305	306	65344	-1	21	俄罗斯强盗		213	165	0	0	10000	-1	-1	1	0	-1	-1	-1	-1	-1	-1	140	0
306	307	65344	-1	21	俄罗斯强盗		154	152	0	0	10000	-1	-1	1	0	-1	-1	-1	-1	-1	-1	140	0
307	308	65344	-1	21	俄罗斯强盗		154	152	0	0	10000	-1	-1	1	0	-1	-1	-1	-1	-1	-1	140	0
308	309	65344	-1	21	俄罗斯强盗		154	152	0	0	10000	-1	-1	1	0	-1	-1	-1	-1	-1	-1	140	0
309	310	65344	-1	21	俄罗斯强盗		154	152	0	0	10000	-1	-1	1	0	-1	-1	-1	-1	-1	-1	140	0
310	311	65344	-1	21	俄罗斯强盗		154	152	0	0	10000	-1	-1	1	0	-1	-1	-1	-1	-1	-1	140	0
311	312	65344	-1	21	俄罗斯强盗		154	152	0	0	10000	-1	-1	1	0	-1	-1	-1	-1	-1	-1	140	0
312	313	65344	-1	21	俄罗斯强盗		154	152	0	0	10000	-1	-1	1	0	-1	-1	-1	-1	-1	-1	140	0
313	314	65344	-1	21	俄罗斯强盗		154	152	0	0	10000	-1	-1	1	0	-1	-1	-1	-1	-1	-1	140	0
314	315	65344	-1	21	俄罗斯强盗		154	152	0	0	10000	-1	-1	1	0	-1	-1	-1	-1	-1	-1	140	0
315	316	65344	-1	21	俄罗斯强盗		166	152	0	0	10000	-1	-1	1	0	-1	-1	-1	-1	-1	-1	140	0
316	317	65344	-1	21	俄罗斯强盗		166	152	0	0	10000	-1	-1	1	0	-1	-1	-1	-1	-1	-1	140	0
317	318	65344	-1	21	俄罗斯强盗		166	152	0	0	10000	-1	-1	1	0	-1	-1	-1	-1	-1	-1	140	0
318	319	65344	-1	21	俄罗斯强盗		166	152	0	0	10000	-1	-1	1	0	-1	-1	-1	-1	-1	-1	140	0
319	320	65344	-1	21	俄罗斯强盗		166	152	0	0	10000	-1	-1	1	0	-1	-1	-1	-1	-1	-1	140	0
320	321	65344	-1	21	俄罗斯强盗		166	152	0	0	10000	-1	-1	1	0	-1	-1	-1	-1	-1	-1	140	0
321	322	65344	-1	21	俄罗斯强盗		166	152	0	0	10000	-1	-1	1	0	-1	-1	-1	-1	-1	-1	140	0
322	323	65344	-1	21	俄罗斯强盗		166	152	0	0	10000	-1	-1	1	0	-1	-1	-1	-1	-1	-1	140	0
323	324	65344	-1	21	俄罗斯强盗		166	152	0	0	10000	-1	-1	1	0	-1	-1	-1	-1	-1	-1	140	0
324	325	65344	-1	21	俄罗斯强盗		166	165	0	0	10000	-1	-1	1	0	-1	-1	-1	-1	-1	-1	140	0
325	326	65344	-1	21	俄罗斯强盗		166	165	0	0	10000	-1	-1	1	0	-1	-1	-1	-1	-1	-1	140	0
326	327	65344	-1	21	俄罗斯强盗		166	165	0	0	10000	-1	-1	1	0	-1	-1	-1	-1	-1	-1	140	0
327	328	65344	-1	21	俄罗斯强盗		166	165	0	0	10000	-1	-1	1	0	-1	-1	-1	-1	-1	-1	140	0
328	329	65344	-1	21	俄罗斯强盗		166	165	0	0	10000	-1	-1	1	0	-1	-1	-1	-1	-1	-1	140	0
329	330	65344	-1	21	俄罗斯强盗		166	165	0	0	10000	-1	-1	1	0	-1	-1	-1	-1	-1	-1	140	0
330	331	65344	-1	21	俄罗斯强盗		166	165	0	0	10000	-1	-1	1	0	-1	-1	-1	-1	-1	-1	140	0
331	332	65344	-1	21	俄罗斯强盗		166	165	0	0	10000	-1	-1	1	0	-1	-1	-1	-1	-1	-1	140	0
332	333	65344	-1	21	俄罗斯强盗		166	165	0	0	10000	-1	-1	1	0	-1	-1	-1	-1	-1	-1	140	0
333	334	65344	-1	21	俄罗斯强盗		95	165	0	0	10000	-1	-1	1	0	-1	-1	-1	-1	-1	-1	140	0
334	335	65344	-1	21	俄罗斯强盗		95	165	0	0	10000	-1	-1	1	0	-1	-1	-1	-1	-1	-1	140	0
335	336	65344	-1	21	俄罗斯强盗		95	165	0	0	10000	-1	-1	1	0	-1	-1	-1	-1	-1	-1	140	0
336	337	65344	-1	21	俄罗斯强盗		95	165	0	0	10000	-1	-1	1	0	-1	-1	-1	-1	-1	-1	140	0
337	338	65344	-1	21	俄罗斯强盗		95	165	0	0	10000	-1	-1	1	0	-1	-1	-1	-1	-1	-1	140	0
338	339	65344	-1	21	俄罗斯强盗		95	165	0	0	10000	-1	-1	1	0	-1	-1	-1	-1	-1	-1	140	0
339	340	65344	-1	21	俄罗斯强盗		95	165	0	0	10000	-1	-1	1	0	-1	-1	-1	-1	-1	-1	140	0
340	341	65344	-1	21	俄罗斯强盗		95	165	0	0	10000	-1	-1	1	0	-1	-1	-1	-1	-1	-1	140	0
341	342	65344	-1	21	俄罗斯强盗		95	165	0	0	10000	-1	-1	1	0	-1	-1	-1	-1	-1	-1	140	0
342	343	65344	-1	21	俄罗斯强盗		95	152	0	0	10000	-1	-1	1	0	-1	-1	-1	-1	-1	-1	140	0
343	344	65344	-1	21	俄罗斯强盗		95	152	0	0	10000	-1	-1	1	0	-1	-1	-1	-1	-1	-1	140	0
344	345	65344	-1	21	俄罗斯强盗		95	152	0	0	10000	-1	-1	1	0	-1	-1	-1	-1	-1	-1	140	0
345	346	65344	-1	21	俄罗斯强盗		95	152	0	0	10000	-1	-1	1	0	-1	-1	-1	-1	-1	-1	140	0
346	347	65344	-1	21	俄罗斯强盗		95	152	0	0	10000	-1	-1	1	0	-1	-1	-1	-1	-1	-1	140	0
347	348	65344	-1	21	俄罗斯强盗		95	152	0	0	10000	-1	-1	1	0	-1	-1	-1	-1	-1	-1	140	0
348	349	65344	-1	21	俄罗斯强盗		95	152	0	0	10000	-1	-1	1	0	-1	-1	-1	-1	-1	-1	140	0
349	350	65344	-1	21	俄罗斯强盗		95	152	0	0	10000	-1	-1	1	0	-1	-1	-1	-1	-1	-1	140	0
350	351	65344	-1	21	俄罗斯强盗		95	152	0	0	10000	-1	-1	1	0	-1	-1	-1	-1	-1	-1	140	0
351	352	65344	-1	21	俄罗斯强盗		107	152	0	0	10000	-1	-1	1	0	-1	-1	-1	-1	-1	-1	140	0
352	353	65344	-1	21	俄罗斯强盗		107	152	0	0	10000	-1	-1	1	0	-1	-1	-1	-1	-1	-1	140	0
353	354	65344	-1	21	俄罗斯强盗		107	152	0	0	10000	-1	-1	1	0	-1	-1	-1	-1	-1	-1	140	0
354	355	65344	-1	21	俄罗斯强盗		107	152	0	0	10000	-1	-1	1	0	-1	-1	-1	-1	-1	-1	140	0
355	356	65344	-1	21	俄罗斯强盗		107	152	0	0	10000	-1	-1	1	0	-1	-1	-1	-1	-1	-1	140	0
356	357	65344	-1	21	俄罗斯强盗		107	152	0	0	10000	-1	-1	1	0	-1	-1	-1	-1	-1	-1	140	0
357	358	65344	-1	21	俄罗斯强盗		107	152	0	0	10000	-1	-1	1	0	-1	-1	-1	-1	-1	-1	140	0
358	359	65344	-1	21	俄罗斯强盗		107	152	0	0	10000	-1	-1	1	0	-1	-1	-1	-1	-1	-1	140	0
359	360	65344	-1	21	俄罗斯强盗		107	152	0	0	10000	-1	-1	1	0	-1	-1	-1	-1	-1	-1	140	0
360	361	65344	-1	21	俄罗斯强盗		107	165	0	0	10000	-1	-1	1	0	-1	-1	-1	-1	-1	-1	140	0
361	362	65344	-1	21	俄罗斯强盗		107	165	0	0	10000	-1	-1	1	0	-1	-1	-1	-1	-1	-1	140	0
362	363	65344	-1	21	俄罗斯强盗		107	165	0	0	10000	-1	-1	1	0	-1	-1	-1	-1	-1	-1	140	0
363	364	65344	-1	21	俄罗斯强盗		107	165	0	0	10000	-1	-1	1	0	-1	-1	-1	-1	-1	-1	140	0
364	365	65344	-1	21	俄罗斯强盗		107	165	0	0	10000	-1	-1	1	0	-1	-1	-1	-1	-1	-1	140	0
365	366	65344	-1	21	俄罗斯强盗		107	165	0	0	10000	-1	-1	1	0	-1	-1	-1	-1	-1	-1	140	0
366	367	65344	-1	21	俄罗斯强盗		107	165	0	0	10000	-1	-1	1	0	-1	-1	-1	-1	-1	-1	140	0
367	368	65344	-1	21	俄罗斯强盗		107	165	0	0	10000	-1	-1	1	0	-1	-1	-1	-1	-1	-1	140	0
368	369	65344	-1	21	俄罗斯强盗		107	165	0	0	10000	-1	-1	1	0	-1	-1	-1	-1	-1	-1	140	0
369	370	65344	-1	21	俄罗斯强盗		95	165	0	0	10000	-1	-1	1	0	-1	-1	-1	-1	-1	-1	140	0
370	371	65344	-1	21	俄罗斯强盗		95	165	0	0	10000	-1	-1	1	0	-1	-1	-1	-1	-1	-1	140	0
371	372	65344	-1	21	俄罗斯强盗		95	165	0	0	10000	-1	-1	1	0	-1	-1	-1	-1	-1	-1	140	0
372	373	65344	-1	21	俄罗斯强盗		95	165	0	0	10000	-1	-1	1	0	-1	-1	-1	-1	-1	-1	140	0
373	374	65344	-1	21	俄罗斯强盗		95	165	0	0	10000	-1	-1	1	0	-1	-1	-1	-1	-1	-1	140	0
374	375	65344	-1	21	俄罗斯强盗		95	165	0	0	10000	-1	-1	1	0	-1	-1	-1	-1	-1	-1	140	0
375	376	65344	-1	21	俄罗斯强盗		95	165	0	0	10000	-1	-1	1	0	-1	-1	-1	-1	-1	-1	140	0
376	377	65344	-1	21	俄罗斯强盗		95	165	0	0	10000	-1	-1	1	0	-1	-1	-1	-1	-1	-1	140	0
377	378	65344	-1	21	俄罗斯强盗		95	165	0	0	10000	-1	-1	1	0	-1	-1	-1	-1	-1	-1	140	0
378	379	65344	-1	21	俄罗斯强盗		36	152	0	0	10000	-1	-1	1	0	-1	-1	-1	-1	-1	-1	140	0
379	380	65344	-1	21	俄罗斯强盗		36	152	0	0	10000	-1	-1	1	0	-1	-1	-1	-1	-1	-1	140	0
380	381	65344	-1	21	俄罗斯强盗		36	152	0	0	10000	-1	-1	1	0	-1	-1	-1	-1	-1	-1	140	0
381	382	65344	-1	21	俄罗斯强盗		36	152	0	0	10000	-1	-1	1	0	-1	-1	-1	-1	-1	-1	140	0
382	383	65344	-1	21	俄罗斯强盗		36	152	0	0	10000	-1	-1	1	0	-1	-1	-1	-1	-1	-1	140	0
383	384	65344	-1	21	俄罗斯强盗		36	152	0	0	10000	-1	-1	1	0	-1	-1	-1	-1	-1	-1	140	0
384	385	65344	-1	21	俄罗斯强盗		36	152	0	0	10000	-1	-1	1	0	-1	-1	-1	-1	-1	-1	140	0
385	386	65344	-1	21	俄罗斯强盗		36	152	0	0	10000	-1	-1	1	0	-1	-1	-1	-1	-1	-1	140	0
386	387	65344	-1	21	俄罗斯强盗		36	152	0	0	10000	-1	-1	1	0	-1	-1	-1	-1	-1	-1	140	0
387	388	65344	-1	21	俄罗斯强盗		48	152	0	0	10000	-1	-1	1	0	-1	-1	-1	-1	-1	-1	140	0
388	389	65344	-1	21	俄罗斯强盗		48	152	0	0	10000	-1	-1	1	0	-1	-1	-1	-1	-1	-1	140	0
389	390	65344	-1	21	俄罗斯强盗		48	152	0	0	10000	-1	-1	1	0	-1	-1	-1	-1	-1	-1	140	0
390	391	65344	-1	21	俄罗斯强盗		48	152	0	0	10000	-1	-1	1	0	-1	-1	-1	-1	-1	-1	140	0
391	392	65344	-1	21	俄罗斯强盗		48	152	0	0	10000	-1	-1	1	0	-1	-1	-1	-1	-1	-1	140	0
392	393	65344	-1	21	俄罗斯强盗		48	152	0	0	10000	-1	-1	1	0	-1	-1	-1	-1	-1	-1	140	0
393	394	65344	-1	21	俄罗斯强盗		48	152	0	0	10000	-1	-1	1	0	-1	-1	-1	-1	-1	-1	140	0
394	395	65344	-1	21	俄罗斯强盗		48	152	0	0	10000	-1	-1	1	0	-1	-1	-1	-1	-1	-1	140	0
395	396	65344	-1	21	俄罗斯强盗		48	152	0	0	10000	-1	-1	1	0	-1	-1	-1	-1	-1	-1	140	0
396	397	65344	-1	21	俄罗斯强盗		48	165	0	0	10000	-1	-1	1	0	-1	-1	-1	-1	-1	-1	140	0
397	398	65344	-1	21	俄罗斯强盗		48	165	0	0	10000	-1	-1	1	0	-1	-1	-1	-1	-1	-1	140	0
398	399	65344	-1	21	俄罗斯强盗		48	165	0	0	10000	-1	-1	1	0	-1	-1	-1	-1	-1	-1	140	0
399	400	65344	-1	21	俄罗斯强盗		48	165	0	0	10000	-1	-1	1	0	-1	-1	-1	-1	-1	-1	140	0
400	401	65344	-1	21	俄罗斯强盗		48	165	0	0	10000	-1	-1	1	0	-1	-1	-1	-1	-1	-1	140	0
401	402	65344	-1	21	俄罗斯强盗		48	165	0	0	10000	-1	-1	1	0	-1	-1	-1	-1	-1	-1	140	0
402	403	65344	-1	21	俄罗斯强盗		48	165	0	0	10000	-1	-1	1	0	-1	-1	-1	-1	-1	-1	140	0
403	404	65344	-1	21	俄罗斯强盗		48	165	0	0	10000	-1	-1	1	0	-1	-1	-1	-1	-1	-1	140	0
404	405	65344	-1	21	俄罗斯强盗		48	165	0	0	10000	-1	-1	1	0	-1	-1	-1	-1	-1	-1	140	0
405	406	65344	-1	21	俄罗斯强盗		36	165	0	0	10000	-1	-1	1	0	-1	-1	-1	-1	-1	-1	140	0
406	407	65344	-1	21	俄罗斯强盗		36	165	0	0	10000	-1	-1	1	0	-1	-1	-1	-1	-1	-1	140	0
407	408	65344	-1	21	俄罗斯强盗		36	165	0	0	10000	-1	-1	1	0	-1	-1	-1	-1	-1	-1	140	0
408	409	65344	-1	21	俄罗斯强盗		36	165	0	0	10000	-1	-1	1	0	-1	-1	-1	-1	-1	-1	140	0
409	410	65344	-1	21	俄罗斯强盗		36	165	0	0	10000	-1	-1	1	0	-1	-1	-1	-1	-1	-1	140	0
410	411	65344	-1	21	俄罗斯强盗		36	165	0	0	10000	-1	-1	1	0	-1	-1	-1	-1	-1	-1	140	0
411	412	65344	-1	21	俄罗斯强盗		36	165	0	0	10000	-1	-1	1	0	-1	-1	-1	-1	-1	-1	140	0
412	413	65344	-1	21	俄罗斯强盗		36	165	0	0	10000	-1	-1	1	0	-1	-1	-1	-1	-1	-1	140	0
413	414	65344	-1	21	俄罗斯强盗		36	165	0	0	10000	-1	-1	1	0	-1	-1	-1	-1	-1	-1	140	0
414	415	65344	-1	21	俄罗斯强盗		220	95	0	0	10000	-1	-1	1	0	-1	-1	-1	-1	-1	-1	140	0
415	416	65344	-1	21	俄罗斯强盗		220	95	0	0	10000	-1	-1	1	0	-1	-1	-1	-1	-1	-1	140	0
416	417	65344	-1	21	俄罗斯强盗		220	95	0	0	10000	-1	-1	1	0	-1	-1	-1	-1	-1	-1	140	0
417	418	65344	-1	21	俄罗斯强盗		220	95	0	0	10000	-1	-1	1	0	-1	-1	-1	-1	-1	-1	140	0
418	419	65344	-1	21	俄罗斯强盗		220	95	0	0	10000	-1	-1	1	0	-1	-1	-1	-1	-1	-1	140	0
419	420	65344	-1	21	俄罗斯强盗		220	95	0	0	10000	-1	-1	1	0	-1	-1	-1	-1	-1	-1	140	0
420	421	65344	-1	21	俄罗斯强盗		220	95	0	0	10000	-1	-1	1	0	-1	-1	-1	-1	-1	-1	140	0
421	422	65344	-1	21	俄罗斯强盗		220	95	0	0	10000	-1	-1	1	0	-1	-1	-1	-1	-1	-1	140	0
422	423	65344	-1	21	俄罗斯强盗		220	95	0	0	10000	-1	-1	1	0	-1	-1	-1	-1	-1	-1	140	0
423	424	65344	-1	21	俄罗斯强盗		220	95	0	0	10000	-1	-1	1	0	-1	-1	-1	-1	-1	-1	140	0
424	425	65344	-1	21	俄罗斯强盗		220	95	0	0	10000	-1	-1	1	0	-1	-1	-1	-1	-1	-1	140	0
425	426	65344	-1	21	俄罗斯强盗		220	95	0	0	10000	-1	-1	1	0	-1	-1	-1	-1	-1	-1	140	0
426	427	65344	-1	21	俄罗斯强盗		224	213	0	0	10000	-1	-1	1	0	-1	-1	-1	-1	-1	-1	140	0
427	428	65344	-1	21	俄罗斯强盗		224	213	0	0	10000	-1	-1	1	0	-1	-1	-1	-1	-1	-1	140	0
428	429	65344	-1	21	俄罗斯强盗		224	213	0	0	10000	-1	-1	1	0	-1	-1	-1	-1	-1	-1	140	0
429	430	65344	-1	21	俄罗斯强盗		224	213	0	0	10000	-1	-1	1	0	-1	-1	-1	-1	-1	-1	140	0
430	431	65344	-1	21	俄罗斯强盗		224	213	0	0	10000	-1	-1	1	0	-1	-1	-1	-1	-1	-1	140	0
431	432	65344	-1	21	俄罗斯强盗		224	213	0	0	10000	-1	-1	1	0	-1	-1	-1	-1	-1	-1	140	0
432	433	65344	-1	21	俄罗斯强盗		224	213	0	0	10000	-1	-1	1	0	-1	-1	-1	-1	-1	-1	140	0
433	434	65344	-1	21	俄罗斯强盗		224	213	0	0	10000	-1	-1	1	0	-1	-1	-1	-1	-1	-1	140	0
434	435	65344	-1	21	俄罗斯强盗		224	213	0	0	10000	-1	-1	1	0	-1	-1	-1	-1	-1	-1	140	0
435	436	65344	-1	21	俄罗斯强盗		224	213	0	0	10000	-1	-1	1	0	-1	-1	-1	-1	-1	-1	140	0
436	437	65344	-1	21	俄罗斯强盗		224	213	0	0	10000	-1	-1	1	0	-1	-1	-1	-1	-1	-1	140	0
437	438	65344	-1	21	俄罗斯强盗		224	213	0	0	10000	-1	-1	1	0	-1	-1	-1	-1	-1	-1	140	0
438	439	65344	-1	21	俄罗斯强盗		214	213	0	0	10000	-1	-1	1	0	-1	-1	-1	-1	-1	-1	140	0
439	440	65344	-1	21	俄罗斯强盗		214	213	0	0	10000	-1	-1	1	0	-1	-1	-1	-1	-1	-1	140	0
440	441	65344	-1	21	俄罗斯强盗		214	213	0	0	10000	-1	-1	1	0	-1	-1	-1	-1	-1	-1	140	0
441	442	65344	-1	21	俄罗斯强盗		214	213	0	0	10000	-1	-1	1	0	-1	-1	-1	-1	-1	-1	140	0
442	443	65344	-1	21	俄罗斯强盗		214	213	0	0	10000	-1	-1	1	0	-1	-1	-1	-1	-1	-1	140	0
443	444	65344	-1	21	俄罗斯强盗		214	213	0	0	10000	-1	-1	1	0	-1	-1	-1	-1	-1	-1	140	0
444	445	65344	-1	21	俄罗斯强盗		214	213	0	0	10000	-1	-1	1	0	-1	-1	-1	-1	-1	-1	140	0
445	446	65344	-1	21	俄罗斯强盗		214	213	0	0	10000	-1	-1	1	0	-1	-1	-1	-1	-1	-1	140	0
446	447	65344	-1	21	俄罗斯强盗		214	213	0	0	10000	-1	-1	1	0	-1	-1	-1	-1	-1	-1	140	0
447	448	65344	-1	21	俄罗斯强盗		214	213	0	0	10000	-1	-1	1	0	-1	-1	-1	-1	-1	-1	140	0
448	449	65344	-1	21	俄罗斯强盗		214	213	0	0	10000	-1	-1	1	0	-1	-1	-1	-1	-1	-1	140	0
449	450	65344	-1	21	俄罗斯强盗		214	213	0	0	10000	-1	-1	1	0	-1	-1	-1	-1	-1	-1	140	0
450	451	65344	-1	21	俄罗斯强盗		165	213	0	0	10000	-1	-1	1	0	-1	-1	-1	-1	-1	-1	140	0
451	452	65344	-1	21	俄罗斯强盗		165	213	0	0	10000	-1	-1	1	0	-1	-1	-1	-1	-1	-1	140	0
452	453	65344	-1	21	俄罗斯强盗		165	213	0	0	10000	-1	-1	1	0	-1	-1	-1	-1	-1	-1	140	0
453	454	65344	-1	21	俄罗斯强盗		165	213	0	0	10000	-1	-1	1	0	-1	-1	-1	-1	-1	-1	140	0
454	455	65344	-1	21	俄罗斯强盗		165	213	0	0	10000	-1	-1	1	0	-1	-1	-1	-1	-1	-1	140	0
455	456	65344	-1	21	俄罗斯强盗		165	213	0	0	10000	-1	-1	1	0	-1	-1	-1	-1	-1	-1	140	0
456	457	65344	-1	21	俄罗斯强盗		165	213	0	0	10000	-1	-1	1	0	-1	-1	-1	-1	-1	-1	140	0
457	458	65344	-1	21	俄罗斯强盗		165	213	0	0	10000	-1	-1	1	0	-1	-1	-1	-1	-1	-1	140	0
458	459	65344	-1	21	俄罗斯强盗		165	213	0	0	10000	-1	-1	1	0	-1	-1	-1	-1	-1	-1	140	0
459	460	65344	-1	21	俄罗斯强盗		165	213	0	0	10000	-1	-1	1	0	-1	-1	-1	-1	-1	-1	140	0
460	461	65344	-1	21	俄罗斯强盗		165	213	0	0	10000	-1	-1	1	0	-1	-1	-1	-1	-1	-1	140	0
461	462	65344	-1	21	俄罗斯强盗		165	213	0	0	10000	-1	-1	1	0	-1	-1	-1	-1	-1	-1	140	0
462	463	65344	-1	21	俄罗斯强盗		155	213	0	0	10000	-1	-1	1	0	-1	-1	-1	-1	-1	-1	140	0
463	464	65344	-1	21	俄罗斯强盗		155	213	0	0	10000	-1	-1	1	0	-1	-1	-1	-1	-1	-1	140	0
464	465	65344	-1	21	俄罗斯强盗		155	213	0	0	10000	-1	-1	1	0	-1	-1	-1	-1	-1	-1	140	0
465	466	65344	-1	21	俄罗斯强盗		155	213	0	0	10000	-1	-1	1	0	-1	-1	-1	-1	-1	-1	140	0
466	467	65344	-1	21	俄罗斯强盗		155	213	0	0	10000	-1	-1	1	0	-1	-1	-1	-1	-1	-1	140	0
467	468	65344	-1	21	俄罗斯强盗		155	213	0	0	10000	-1	-1	1	0	-1	-1	-1	-1	-1	-1	140	0
468	469	65344	-1	21	俄罗斯强盗		155	213	0	0	10000	-1	-1	1	0	-1	-1	-1	-1	-1	-1	140	0
469	470	65344	-1	21	俄罗斯强盗		155	213	0	0	10000	-1	-1	1	0	-1	-1	-1	-1	-1	-1	140	0
470	471	65344	-1	21	俄罗斯强盗		155	213	0	0	10000	-1	-1	1	0	-1	-1	-1	-1	-1	-1	140	0
471	472	65344	-1	21	俄罗斯强盗		155	213	0	0	10000	-1	-1	1	0	-1	-1	-1	-1	-1	-1	140	0
472	473	65344	-1	21	俄罗斯强盗		155	213	0	0	10000	-1	-1	1	0	-1	-1	-1	-1	-1	-1	140	0
473	474	65344	-1	21	俄罗斯强盗		155	213	0	0	10000	-1	-1	1	0	-1	-1	-1	-1	-1	-1	140	0
474	475	65344	-1	21	俄罗斯强盗		106	213	0	0	10000	-1	-1	1	0	-1	-1	-1	-1	-1	-1	140	0
475	476	65344	-1	21	俄罗斯强盗		106	213	0	0	10000	-1	-1	1	0	-1	-1	-1	-1	-1	-1	140	0
476	477	65344	-1	21	俄罗斯强盗		106	213	0	0	10000	-1	-1	1	0	-1	-1	-1	-1	-1	-1	140	0
477	478	65344	-1	21	俄罗斯强盗		106	213	0	0	10000	-1	-1	1	0	-1	-1	-1	-1	-1	-1	140	0
478	479	65344	-1	21	俄罗斯强盗		106	213	0	0	10000	-1	-1	1	0	-1	-1	-1	-1	-1	-1	140	0
479	480	65344	-1	21	俄罗斯强盗		106	213	0	0	10000	-1	-1	1	0	-1	-1	-1	-1	-1	-1	140	0
480	481	65344	-1	21	俄罗斯强盗		106	213	0	0	10000	-1	-1	1	0	-1	-1	-1	-1	-1	-1	140	0
481	482	65344	-1	21	俄罗斯强盗		106	213	0	0	10000	-1	-1	1	0	-1	-1	-1	-1	-1	-1	140	0
482	483	65344	-1	21	俄罗斯强盗		106	213	0	0	10000	-1	-1	1	0	-1	-1	-1	-1	-1	-1	140	0
483	484	65344	-1	21	俄罗斯强盗		106	213	0	0	10000	-1	-1	1	0	-1	-1	-1	-1	-1	-1	140	0
484	485	65344	-1	21	俄罗斯强盗		106	213	0	0	10000	-1	-1	1	0	-1	-1	-1	-1	-1	-1	140	0
485	486	65344	-1	21	俄罗斯强盗		106	213	0	0	10000	-1	-1	1	0	-1	-1	-1	-1	-1	-1	140	0
486	487	65344	-1	21	俄罗斯强盗		96	213	0	0	10000	-1	-1	1	0	-1	-1	-1	-1	-1	-1	140	0
487	488	65344	-1	21	俄罗斯强盗		96	213	0	0	10000	-1	-1	1	0	-1	-1	-1	-1	-1	-1	140	0
488	489	65344	-1	21	俄罗斯强盗		96	213	0	0	10000	-1	-1	1	0	-1	-1	-1	-1	-1	-1	140	0
489	490	65344	-1	21	俄罗斯强盗		96	213	0	0	10000	-1	-1	1	0	-1	-1	-1	-1	-1	-1	140	0
490	491	65344	-1	21	俄罗斯强盗		96	213	0	0	10000	-1	-1	1	0	-1	-1	-1	-1	-1	-1	140	0
491	492	65344	-1	21	俄罗斯强盗		96	213	0	0	10000	-1	-1	1	0	-1	-1	-1	-1	-1	-1	140	0
492	493	65344	-1	21	俄罗斯强盗		96	213	0	0	10000	-1	-1	1	0	-1	-1	-1	-1	-1	-1	140	0
493	494	65344	-1	21	俄罗斯强盗		96	213	0	0	10000	-1	-1	1	0	-1	-1	-1	-1	-1	-1	140	0
494	495	65344	-1	21	俄罗斯强盗		96	213	0	0	10000	-1	-1	1	0	-1	-1	-1	-1	-1	-1	140	0
495	496	65344	-1	21	俄罗斯强盗		96	213	0	0	10000	-1	-1	1	0	-1	-1	-1	-1	-1	-1	140	0
496	497	65344	-1	21	俄罗斯强盗		96	213	0	0	10000	-1	-1	1	0	-1	-1	-1	-1	-1	-1	140	0
497	498	65344	-1	21	俄罗斯强盗		96	213	0	0	10000	-1	-1	1	0	-1	-1	-1	-1	-1	-1	140	0
498	499	65344	-1	21	俄罗斯强盗		47	213	0	0	10000	-1	-1	1	0	-1	-1	-1	-1	-1	-1	140	0
499	500	65344	-1	21	俄罗斯强盗		47	213	0	0	10000	-1	-1	1	0	-1	-1	-1	-1	-1	-1	140	0
500	501	65344	-1	21	俄罗斯强盗		47	213	0	0	10000	-1	-1	1	0	-1	-1	-1	-1	-1	-1	140	0
501	502	65344	-1	21	俄罗斯强盗		47	213	0	0	10000	-1	-1	1	0	-1	-1	-1	-1	-1	-1	140	0
502	503	65344	-1	21	俄罗斯强盗		47	213	0	0	10000	-1	-1	1	0	-1	-1	-1	-1	-1	-1	140	0
503	504	65344	-1	21	俄罗斯强盗		47	213	0	0	10000	-1	-1	1	0	-1	-1	-1	-1	-1	-1	140	0
504	505	65344	-1	21	俄罗斯强盗		47	213	0	0	10000	-1	-1	1	0	-1	-1	-1	-1	-1	-1	140	0
505	506	65344	-1	21	俄罗斯强盗		47	213	0	0	10000	-1	-1	1	0	-1	-1	-1	-1	-1	-1	140	0
506	507	65344	-1	21	俄罗斯强盗		47	213	0	0	10000	-1	-1	1	0	-1	-1	-1	-1	-1	-1	140	0
507	508	65344	-1	21	俄罗斯强盗		47	213	0	0	10000	-1	-1	1	0	-1	-1	-1	-1	-1	-1	140	0
508	509	65344	-1	21	俄罗斯强盗		47	213	0	0	10000	-1	-1	1	0	-1	-1	-1	-1	-1	-1	140	0
509	510	65344	-1	21	俄罗斯强盗		47	213	0	0	10000	-1	-1	1	0	-1	-1	-1	-1	-1	-1	140	0
510	511	65344	-1	21	俄罗斯强盗		37	213	0	0	10000	-1	-1	1	0	-1	-1	-1	-1	-1	-1	140	0
511	512	65344	-1	21	俄罗斯强盗		37	213	0	0	10000	-1	-1	1	0	-1	-1	-1	-1	-1	-1	140	0
512	513	65344	-1	21	俄罗斯强盗		37	213	0	0	10000	-1	-1	1	0	-1	-1	-1	-1	-1	-1	140	0
513	514	65344	-1	21	俄罗斯强盗		37	213	0	0	10000	-1	-1	1	0	-1	-1	-1	-1	-1	-1	140	0
514	515	65344	-1	21	俄罗斯强盗		37	213	0	0	10000	-1	-1	1	0	-1	-1	-1	-1	-1	-1	140	0
515	516	65344	-1	21	俄罗斯强盗		37	213	0	0	10000	-1	-1	1	0	-1	-1	-1	-1	-1	-1	140	0
516	517	65344	-1	21	俄罗斯强盗		37	213	0	0	10000	-1	-1	1	0	-1	-1	-1	-1	-1	-1	140	0
517	518	65344	-1	21	俄罗斯强盗		37	213	0	0	10000	-1	-1	1	0	-1	-1	-1	-1	-1	-1	140	0
518	519	65344	-1	21	俄罗斯强盗		37	213	0	0	10000	-1	-1	1	0	-1	-1	-1	-1	-1	-1	140	0
519	520	65344	-1	21	俄罗斯强盗		37	213	0	0	10000	-1	-1	1	0	-1	-1	-1	-1	-1	-1	140	0
520	521	65344	-1	21	俄罗斯强盗		37	213	0	0	10000	-1	-1	1	0	-1	-1	-1	-1	-1	-1	140	0
521	522	65344	-1	21	俄罗斯强盗		37	213	0	0	10000	-1	-1	1	0	-1	-1	-1	-1	-1	-1	140	0
522	523	65344	-1	21	俄罗斯强盗		101	226	0	0	10000	-1	-1	1	0	-1	-1	-1	-1	-1	-1	140	0
523	524	65344	-1	21	俄罗斯强盗		101	226	0	0	10000	-1	-1	1	0	-1	-1	-1	-1	-1	-1	140	0
524	525	65344	-1	21	俄罗斯强盗		101	226	0	0	10000	-1	-1	1	0	-1	-1	-1	-1	-1	-1	140	0
525	526	65344	-1	21	俄罗斯强盗		101	226	0	0	10000	-1	-1	1	0	-1	-1	-1	-1	-1	-1	140	0
526	527	65344	-1	21	俄罗斯强盗		101	226	0	0	10000	-1	-1	1	0	-1	-1	-1	-1	-1	-1	140	0
527	528	65344	-1	21	俄罗斯强盗		101	226	0	0	10000	-1	-1	1	0	-1	-1	-1	-1	-1	-1	140	0
528	529	65344	-1	21	俄罗斯强盗		101	226	0	0	10000	-1	-1	1	0	-1	-1	-1	-1	-1	-1	140	0
529	530	65344	-1	21	俄罗斯强盗		101	226	0	0	10000	-1	-1	1	0	-1	-1	-1	-1	-1	-1	140	0
530	531	65344	-1	21	俄罗斯强盗		101	226	0	0	10000	-1	-1	1	0	-1	-1	-1	-1	-1	-1	140	0
531	532	65344	-1	21	俄罗斯强盗		101	226	0	0	10000	-1	-1	1	0	-1	-1	-1	-1	-1	-1	140	0
532	533	65344	-1	21	俄罗斯强盗		101	226	0	0	10000	-1	-1	1	0	-1	-1	-1	-1	-1	-1	140	0
533	534	65344	-1	21	俄罗斯强盗		101	226	0	0	10000	-1	-1	1	0	-1	-1	-1	-1	-1	-1	140	0
534	535	65344	-1	21	俄罗斯强盗		160	226	0	0	10000	-1	-1	1	0	-1	-1	-1	-1	-1	-1	140	0
535	536	65344	-1	21	俄罗斯强盗		160	226	0	0	10000	-1	-1	1	0	-1	-1	-1	-1	-1	-1	140	0
536	537	65344	-1	21	俄罗斯强盗		160	226	0	0	10000	-1	-1	1	0	-1	-1	-1	-1	-1	-1	140	0
537	538	65344	-1	21	俄罗斯强盗		160	226	0	0	10000	-1	-1	1	0	-1	-1	-1	-1	-1	-1	140	0
538	539	65344	-1	21	俄罗斯强盗		160	226	0	0	10000	-1	-1	1	0	-1	-1	-1	-1	-1	-1	140	0
539	540	65344	-1	21	俄罗斯强盗		160	226	0	0	10000	-1	-1	1	0	-1	-1	-1	-1	-1	-1	140	0
540	541	65344	-1	21	俄罗斯强盗		160	226	0	0	10000	-1	-1	1	0	-1	-1	-1	-1	-1	-1	140	0
541	542	65344	-1	21	俄罗斯强盗		160	226	0	0	10000	-1	-1	1	0	-1	-1	-1	-1	-1	-1	140	0
542	543	65344	-1	21	俄罗斯强盗		160	226	0	0	10000	-1	-1	1	0	-1	-1	-1	-1	-1	-1	140	0
543	544	65344	-1	21	俄罗斯强盗		160	226	0	0	10000	-1	-1	1	0	-1	-1	-1	-1	-1	-1	140	0
544	545	65344	-1	21	俄罗斯强盗		160	226	0	0	10000	-1	-1	1	0	-1	-1	-1	-1	-1	-1	140	0
545	546	65344	-1	21	俄罗斯强盗		160	226	0	0	10000	-1	-1	1	0	-1	-1	-1	-1	-1	-1	140	0
546	547	65344	-1	21	俄罗斯强盗		152	166	0	0	10000	-1	-1	1	0	-1	-1	-1	-1	-1	-1	140	0
547	548	65344	-1	21	俄罗斯强盗		152	166	0	0	10000	-1	-1	1	0	-1	-1	-1	-1	-1	-1	140	0
548	549	65344	-1	21	俄罗斯强盗		152	166	0	0	10000	-1	-1	1	0	-1	-1	-1	-1	-1	-1	140	0
549	550	65344	-1	21	俄罗斯强盗		152	166	0	0	10000	-1	-1	1	0	-1	-1	-1	-1	-1	-1	140	0
550	551	65344	-1	21	俄罗斯强盗		152	166	0	0	10000	-1	-1	1	0	-1	-1	-1	-1	-1	-1	140	0
551	552	65344	-1	21	俄罗斯强盗		152	166	0	0	10000	-1	-1	1	0	-1	-1	-1	-1	-1	-1	140	0
552	553	65344	-1	21	俄罗斯强盗		152	166	0	0	10000	-1	-1	1	0	-1	-1	-1	-1	-1	-1	140	0
553	554	65344	-1	21	俄罗斯强盗		152	166	0	0	10000	-1	-1	1	0	-1	-1	-1	-1	-1	-1	140	0
554	555	65344	-1	21	俄罗斯强盗		152	166	0	0	10000	-1	-1	1	0	-1	-1	-1	-1	-1	-1	140	0
555	556	65317	141404	20	麦哲伦		40	23	27	0	10000	-1	-1	3	0	-1	-1	-1	-1	-1	-1	100	0
556	557	65317	141404	20	麦哲伦		219	23	27	0	10000	-1	-1	3	0	-1	-1	-1	-1	-1	-1	100	0
