NUM	NUM	NUM	NUM	NUM	TEXT	TEXT	FLOAT	FLOAT	NUM	NUM	NUM	NUM	NUM	NUM	NUM	NUM	NUM	NUM	NUM	NUM	NUM	NUM	NUM
编号	随机编号	attr编号	逻辑表编号	阵营编号	名称	称号	x轴坐标	z轴坐标	朝向	脚本编号	重生时间	分组编号	队伍编号	基础AI	AI文件	巡逻路径	商店0	商店1	商店2	商店3	名誉ID	等级	镜像组
0	15052370	2601	128067	-1	天山猎场	天山王国传送人	57	71	29	-1	1000	-1	-1	3	0	-1	-1	-1	-1	-1	-1	20	0	
1	15052371	11992	128000	-1	雄鹰长老	天山先贤	50.70816	81.144043	35	-1	1000	-1	-1	3	0	-1	-1	-1	-1	-1	-1	20	0	
2	15052372	12000	128001	-1	智者哈达		60.278099	70.797203	25	-1	1000	-1	-1	3	0	-1	-1	-1	-1	-1	-1	20	0	
3	15052373	11980	128002	-1	刀之灵		90.363792	127.737991	16	-1	1000	-1	-1	3	0	-1	-1	-1	-1	-1	-1	20	0	
4	15052374	11981	128003	-1	剑之灵		95.320389	131.089905	16	-1	1000	-1	-1	3	0	-1	-1	-1	-1	-1	-1	20	0	
5	15052375	11982	128004	-1	枪之灵		101.180649	133.203766	20	-1	1000	-1	-1	3	0	-1	-1	-1	-1	-1	-1	20	0	
6	15052376	11983	128005	-1	弓之灵		107.79718	132.908005	20	-1	1000	-1	-1	3	0	-1	-1	-1	-1	-1	-1	20	0	
7	15052377	11984	128006	-1	槌之灵		113.57933	130.846344	20	-1	1000	-1	-1	3	0	-1	-1	-1	-1	-1	-1	20	0	
8	15052378	11985	128007	-1	杖之灵		117.720581	126.793564	24	-1	1000	-1	-1	3	0	-1	-1	-1	-1	-1	-1	20	0	
9	15052379	11986	128008	-1	矛之灵		117.696442	116.768616	24	-1	1000	-1	-1	3	0	-1	-1	-1	-1	-1	-1	20	0	
10	15052380	11987	128009	-1	令之灵		113.252609	114.167526	24	-1	1000	-1	-1	3	0	-1	-1	-1	-1	-1	-1	20	0	
11	15052381	11988	128010	-1	弩之灵		107.380066	112.78656	28	-1	1000	-1	-1	3	0	-1	-1	-1	-1	-1	-1	20	0	
12	15052382	11989	128011	-1	铳之灵		101.338013	112.785889	28	-1	1000	-1	-1	3	0	-1	-1	-1	-1	-1	-1	20	0	
13	15052383	11990	128012	-1	幡之灵		95.766716	114.811539	28	-1	1000	-1	-1	3	0	-1	-1	-1	-1	-1	-1	20	0	
14	15052384	11991	128013	-1	圣十字之灵		90.61097	117.428055	32	-1	1000	-1	-1	3	0	-1	-1	-1	-1	-1	-1	20	0	
15	15052385	11994	128014	-1	苍狼长老	天山先贤	94.309845	122.979584	15	-1	1000	-1	-1	3	0	-1	-1	-1	-1	-1	-1	20	0	
16	15052386	11995	128015	-1	木图	白鹿长老的随从	166.297226	87.94371	29	-1	1000	-1	-1	3	0	-1	-1	-1	-1	-1	-1	20	0	
17	15052387	11996	128016	-1	白鹿长老	天山先贤	180.481018	108.53183	8	-1	1000	-1	-1	3	0	-1	-1	-1	-1	-1	-1	20	0	
18	15052389	11960	128018	-1	铁武	新兵军需官	120	206	8	-1	1000	-1	-1	3	0	-1	-1	-1	-1	-1	-1	20	0	
19	15052391	11960	128026	-1	铁力	新兵教官	115	202	4	-1	1000	-1	-1	3	0	-1	-1	-1	-1	-1	-1	20	0	
20	8699010	11971	-1	21	草原狼		206.67012	63.48518	16	-1	1000	-1	-1	1	-1	-1	-1	-1	-1	-1	-1	6	0	
21	8699013	11971	-1	21	草原狼		104.344673	66.749901	16	-1	1000	-1	-1	1	-1	-1	-1	-1	-1	-1	-1	6	0	
22	8699014	11971	-1	21	草原狼		145.740295	42.888748	16	-1	1000	-1	-1	1	-1	-1	-1	-1	-1	-1	-1	6	0	
23	8699017	11971	-1	21	草原狼		119.102234	32.455597	18	-1	1000	-1	-1	1	0	-1	-1	-1	-1	-1	-1	6	0	
24	8699019	11971	-1	21	草原狼		190.744675	71.413078	18	-1	1000	-1	-1	1	-1	-1	-1	-1	-1	-1	-1	6	0	
25	8699024	11971	-1	21	草原狼		209.366058	45.665646	18	-1	1000	-1	-1	1	0	-1	-1	-1	-1	-1	-1	6	0	
26	8699028	11971	-1	21	草原狼		185.569183	54.364239	16	-1	1000	-1	-1	1	-1	-1	-1	-1	-1	-1	-1	6	0	
27	8699031	11971	-1	21	草原狼		131.277344	51.311928	16	-1	1000	-1	-1	1	-1	-1	-1	-1	-1	-1	-1	6	0	
28	8699032	11971	-1	21	草原狼		143.287064	29.854805	18	-1	1000	-1	-1	1	-1	-1	-1	-1	-1	-1	-1	6	0	
29	8699034	11971	-1	21	草原狼		158.601471	33.602783	16	-1	1000	-1	-1	1	-1	-1	-1	-1	-1	-1	-1	6	0	
30	8699037	11971	-1	21	草原狼		166.526886	47.055664	16	-1	1000	-1	-1	1	-1	-1	-1	-1	-1	-1	-1	6	0	
31	8699045	11971	-1	21	草原狼		115.691322	77.059509	16	-1	1000	-1	-1	1	-1	-1	-1	-1	-1	-1	-1	6	0	
32	8699049	11971	-1	21	草原狼		120.613991	75.484131	18	-1	1000	-1	-1	1	-1	-1	-1	-1	-1	-1	-1	6	0	
33	8699050	11971	-1	21	草原狼		193.288193	63.867306	18	-1	1000	-1	-1	1	-1	-1	-1	-1	-1	-1	-1	6	0	
34	8699052	11971	-1	21	草原狼		109.974632	63.762894	16	-1	1000	-1	-1	1	-1	-1	-1	-1	-1	-1	-1	6	0	
35	8699057	11971	-1	21	草原狼		120.042206	65.657082	18	-1	1000	-1	-1	1	-1	-1	-1	-1	-1	-1	-1	6	0	
36	8699062	11971	-1	21	草原狼		134.500824	82.256813	18	-1	1000	-1	-1	1	-1	-1	-1	-1	-1	-1	-1	6	0	
37	8699064	11971	-1	21	草原狼		96.649017	65.14254	16	-1	1000	-1	-1	1	0	-1	-1	-1	-1	-1	-1	6	0	
38	8699068	11971	-1	21	草原狼		138.123291	51.053532	18	-1	1000	-1	-1	1	-1	-1	-1	-1	-1	-1	-1	6	0	
39	8699070	11971	-1	21	草原狼		109.781883	27.03665	18	-1	1000	-1	-1	1	0	-1	-1	-1	-1	-1	-1	6	0	
40	8699075	11971	-1	21	草原狼		135.910324	34.195068	18	-1	1000	-1	-1	1	-1	-1	-1	-1	-1	-1	-1	6	0	
41	8699104	11971	-1	21	草原狼		119.285767	43.990265	18	-1	1000	-1	-1	1	-1	-1	-1	-1	-1	-1	-1	6	0	
42	8699109	11971	-1	21	草原狼		103.190498	57.955463	18	-1	1000	-1	-1	1	-1	-1	-1	-1	-1	-1	-1	6	0	
43	8699111	11971	-1	21	草原狼		155.067047	41.722206	18	-1	1000	-1	-1	1	0	-1	-1	-1	-1	-1	-1	6	0	
44	8699114	11971	-1	21	草原狼		142.858887	67.666237	16	-1	1000	-1	-1	1	-1	-1	-1	-1	-1	-1	-1	6	0	
45	8699115	11971	-1	21	草原狼		180.570679	65.905678	16	-1	1000	-1	-1	1	-1	-1	-1	-1	-1	-1	-1	6	0	
46	8699116	11971	-1	21	草原狼		211.801483	36.698586	18	-1	1000	-1	-1	1	-1	-1	-1	-1	-1	-1	-1	6	0	
47	8699144	11971	-1	21	草原狼		159.372269	48.182571	16	-1	1000	-1	-1	1	-1	-1	-1	-1	-1	-1	-1	6	0	
48	8699146	11971	-1	21	草原狼		128.852936	43.796398	16	-1	1000	-1	-1	1	-1	-1	-1	-1	-1	-1	-1	6	0	
49	8699151	11971	-1	21	草原狼		211.277145	29.507969	16	-1	1000	-1	-1	1	-1	-1	-1	-1	-1	-1	-1	6	0	
50	8699153	11971	-1	21	草原狼		107.593246	38.429237	18	-1	1000	-1	-1	1	-1	-1	-1	-1	-1	-1	-1	6	0	
51	8699155	11971	-1	21	草原狼		113.811325	59.954273	16	-1	1000	-1	-1	1	-1	-1	-1	-1	-1	-1	-1	6	0	
52	8699174	11971	-1	21	草原狼		155.930923	26.681211	18	-1	1000	-1	-1	1	-1	-1	-1	-1	-1	-1	-1	6	0	
53	8699187	11971	-1	21	草原狼		143.473083	36.739796	18	-1	1000	-1	-1	1	0	-1	-1	-1	-1	-1	-1	6	0	
54	8699189	11971	-1	21	草原狼		213.364304	63.821411	18	-1	1000	-1	-1	1	-1	-1	-1	-1	-1	-1	-1	6	0	
55	8699191	11971	-1	21	草原狼		149.372131	24.805927	18	-1	1000	-1	-1	1	-1	-1	-1	-1	-1	-1	-1	6	0	
56	8699194	11971	-1	21	草原狼		113.511368	40.865379	18	-1	1000	-1	-1	1	-1	-1	-1	-1	-1	-1	-1	6	0	
57	8699198	11971	-1	21	草原狼		121.891579	38.365822	18	-1	1000	-1	-1	1	-1	-1	-1	-1	-1	-1	-1	6	0	
58	8699201	11971	-1	21	草原狼		149.940735	35.39954	18	-1	1000	-1	-1	1	-1	-1	-1	-1	-1	-1	-1	6	0	
59	8699203	11971	-1	21	草原狼		223.497391	41.29491	18	-1	1000	-1	-1	1	-1	-1	-1	-1	-1	-1	-1	6	0	
60	8699205	11971	-1	21	草原狼		220.513916	35.538143	18	-1	1000	-1	-1	1	-1	-1	-1	-1	-1	-1	-1	6	0	
61	8699215	11971	-1	21	草原狼		216.42305	78.582298	18	-1	1000	-1	-1	1	-1	-1	-1	-1	-1	-1	-1	6	0	
62	15052545	11971	-1	21	草原狼		128.110641	35.509033	0	0	1000	-1	-1	1	-1	-1	-1	-1	-1	-1	-1	6	0	
63	15052546	11971	-1	21	草原狼		114.322762	33.774689	0	0	1000	-1	-1	1	-1	-1	-1	-1	-1	-1	-1	6	0	
64	15052547	11971	-1	21	草原狼		215.576477	41.278194	0	0	1000	-1	-1	1	-1	-1	-1	-1	-1	-1	-1	6	0	
65	15052548	11971	-1	21	草原狼		142.61647	87.335419	0	0	1000	-1	-1	1	-1	-1	-1	-1	-1	-1	-1	6	0	
66	15052549	11971	-1	21	草原狼		134.515549	89.516602	0	0	1000	-1	-1	1	-1	-1	-1	-1	-1	-1	-1	6	0	
67	15052550	11971	-1	21	草原狼		218.462204	27.824003	0	0	1000	-1	-1	1	-1	-1	-1	-1	-1	-1	-1	6	0	
68	15052551	11971	-1	21	草原狼		142.585907	92.398315	0	0	1000	-1	-1	1	-1	-1	-1	-1	-1	-1	-1	6	0	
69	15052552	11971	-1	21	草原狼		101.709915	75.980385	0	0	1000	-1	-1	1	0	-1	-1	-1	-1	-1	-1	6	0	
70	15052553	11971	-1	21	草原狼		127.939392	67.714325	0	0	1000	-1	-1	1	-1	-1	-1	-1	-1	-1	-1	6	0	
71	15052554	11971	-1	21	草原狼		125.786629	84.050117	0	0	1000	-1	-1	1	-1	-1	-1	-1	-1	-1	-1	6	0	
72	15052555	11971	-1	21	草原狼		222.131744	22.585274	0	0	1000	-1	-1	1	-1	-1	-1	-1	-1	-1	-1	6	0	
73	15052556	11971	-1	21	草原狼		224.674759	30.169287	0	0	1000	-1	-1	1	-1	-1	-1	-1	-1	-1	-1	6	0	
74	15052557	11971	-1	21	草原狼		173.433563	69.340546	0	0	1000	-1	-1	1	-1	-1	-1	-1	-1	-1	-1	6	0	
75	15052558	11971	-1	21	草原狼		217.809418	71.296204	0	0	1000	-1	-1	1	-1	-1	-1	-1	-1	-1	-1	6	0	
76	15052559	11971	-1	21	草原狼		167.099274	72.875343	0	0	1000	-1	-1	1	-1	-1	-1	-1	-1	-1	-1	6	0	
77	15052560	11971	-1	21	草原狼		129.60556	71.658356	0	0	1000	-1	-1	1	-1	-1	-1	-1	-1	-1	-1	6	0	
78	15052561	11971	-1	21	草原狼		172.230698	63.206741	0	0	1000	-1	-1	1	0	-1	-1	-1	-1	-1	-1	6	0	
79	15052562	11971	-1	21	草原狼		228.573959	25.285391	0	0	1000	-1	-1	1	-1	-1	-1	-1	-1	-1	-1	6	0	
80	15052563	11971	-1	21	草原狼		204.900208	74.242432	0	0	1000	-1	-1	1	-1	-1	-1	-1	-1	-1	-1	6	0	
81	15052564	11971	-1	21	草原狼		137.796066	41.636806	0	0	1000	-1	-1	1	-1	-1	-1	-1	-1	-1	-1	6	0	
82	15052565	11971	-1	21	草原狼		133.590424	74.860268	0	0	1000	-1	-1	1	-1	-1	-1	-1	-1	-1	-1	6	0	
83	15052566	11971	-1	21	草原狼		197.140945	58.972622	0	0	1000	-1	-1	1	-1	-1	-1	-1	-1	-1	-1	6	0	
84	15052567	11971	-1	21	草原狼		221.564011	75.659843	0	0	1000	-1	-1	1	-1	-1	-1	-1	-1	-1	-1	6	0	
85	15052568	11971	-1	21	草原狼		173.35025	47.879303	0	0	1000	-1	-1	1	-1	-1	-1	-1	-1	-1	-1	6	0	
86	15052569	11971	-1	21	草原狼		218.285782	46.772327	0	0	1000	-1	-1	1	-1	-1	-1	-1	-1	-1	-1	6	0	
87	15052570	11971	-1	21	草原狼		171.026642	57.876984	0	0	1000	-1	-1	1	-1	-1	-1	-1	-1	-1	-1	6	0	
88	15052571	11971	-1	21	草原狼		141.062439	73.804619	0	0	1000	-1	-1	1	-1	-1	-1	-1	-1	-1	-1	6	0	
89	15052572	11971	-1	21	草原狼		206.029053	41.121525	0	0	1000	-1	-1	1	-1	-1	-1	-1	-1	-1	-1	6	0	
90	15052573	11971	-1	21	草原狼		196.579926	76.945114	0	0	1000	-1	-1	1	-1	-1	-1	-1	-1	-1	-1	6	0	
91	15052574	11971	-1	21	草原狼		204.616852	32.879013	0	0	1000	-1	-1	1	-1	-1	-1	-1	-1	-1	-1	6	0	
92	15052575	11971	-1	21	草原狼		228.395111	35.000076	0	0	1000	-1	-1	1	-1	-1	-1	-1	-1	-1	-1	6	0	
93	15052577	11971	-1	21	草原狼		153.233093	57.971737	0	0	1000	-1	-1	1	-1	-1	-1	-1	-1	-1	-1	6	0	
94	15052578	11971	-1	21	草原狼		129.695328	79.483078	0	0	1000	-1	-1	1	-1	-1	-1	-1	-1	-1	-1	6	0	
95	15052579	11971	-1	21	草原狼		177.891876	54.184437	0	0	1000	-1	-1	1	-1	-1	-1	-1	-1	-1	-1	6	0	
96	15052580	11971	-1	21	草原狼		210.891922	70.988258	0	0	1000	-1	-1	1	-1	-1	-1	-1	-1	-1	-1	6	0	
97	15052581	11971	-1	21	草原狼		146.81636	74.436447	0	0	1000	-1	-1	1	-1	-1	-1	-1	-1	-1	-1	6	0	
98	15052582	11971	-1	21	草原狼		152.208801	70.223953	0	0	1000	-1	-1	1	-1	-1	-1	-1	-1	-1	-1	6	0	
99	15052583	11971	-1	21	草原狼		163.639282	40.472626	0	0	1000	-1	-1	1	-1	-1	-1	-1	-1	-1	-1	6	0	
100	15052584	11971	-1	21	草原狼		171.247345	37.925217	0	0	1000	-1	-1	1	-1	-1	-1	-1	-1	-1	-1	6	0	
101	15052585	11971	-1	21	草原狼		201.211487	67.524017	0	0	1000	-1	-1	1	-1	-1	-1	-1	-1	-1	-1	6	0	
102	15052586	11971	-1	21	草原狼		136.732315	61.468502	0	0	1000	-1	-1	1	0	-1	-1	-1	-1	-1	-1	6	0	
103	15052587	11971	-1	21	草原狼		148.519897	64.951767	0	0	1000	-1	-1	1	0	-1	-1	-1	-1	-1	-1	6	0	
104	15052588	11971	-1	21	草原狼		189.515045	59.753239	0	0	1000	-1	-1	1	0	-1	-1	-1	-1	-1	-1	6	0	
105	15052589	11971	-1	21	草原狼		179.326462	59.359669	0	0	1000	-1	-1	1	0	-1	-1	-1	-1	-1	-1	6	0	
106	15052590	11971	-1	21	草原狼		187.668701	66.370125	0	0	1000	-1	-1	1	0	-1	-1	-1	-1	-1	-1	6	0	
107	15052592	11971	-1	21	草原狼		192.796936	48.282772	0	0	1000	-1	-1	1	0	-1	-1	-1	-1	-1	-1	6	0	
108	15052593	11971	-1	21	草原狼		95.830605	72.178825	0	0	1000	-1	-1	1	0	-1	-1	-1	-1	-1	-1	6	0	
109	15052594	11971	-1	21	草原狼		100.327164	70.978104	0	0	1000	-1	-1	1	0	-1	-1	-1	-1	-1	-1	6	0	
110	15052606	11971	-1	21	草原狼		213.844696	51.426788	0	0	1000	-1	-1	1	0	-1	-1	-1	-1	-1	-1	6	0	
111	15052607	11971	-1	21	草原狼		214.871918	57.325409	0	0	1000	-1	-1	1	0	-1	-1	-1	-1	-1	-1	6	0	
112	15052608	11971	-1	21	草原狼		207.659317	56.197704	0	0	1000	-1	-1	1	0	-1	-1	-1	-1	-1	-1	6	0	
113	15052609	11971	-1	21	草原狼		202.159058	46.427994	0	0	1000	-1	-1	1	0	-1	-1	-1	-1	-1	-1	6	0	
114	15052610	11971	-1	21	草原狼		203.087616	51.471783	0	0	1000	-1	-1	1	0	-1	-1	-1	-1	-1	-1	6	0	
115	15052611	11971	-1	21	草原狼		202.117188	58.178833	0	0	1000	-1	-1	1	0	-1	-1	-1	-1	-1	-1	6	0	
116	15052612	11971	-1	21	草原狼		194.287399	54.396717	0	0	1000	-1	-1	1	0	-1	-1	-1	-1	-1	-1	6	0	
117	15052613	11971	-1	21	草原狼		180.501678	74.112213	0	0	1000	-1	-1	1	0	-1	-1	-1	-1	-1	-1	6	0	
118	15052614	11971	-1	21	草原狼		186.588928	78.063087	0	0	1000	-1	-1	1	0	-1	-1	-1	-1	-1	-1	6	0	
119	15052615	11971	-1	21	草原狼		167.744385	53.494858	0	0	1000	-1	-1	1	0	-1	-1	-1	-1	-1	-1	6	0	
120	15052616	11971	-1	21	草原狼		162.427567	60.58828	0	0	1000	-1	-1	1	0	-1	-1	-1	-1	-1	-1	6	0	
121	15052617	11971	-1	21	草原狼		164.619049	65.887978	0	0	1000	-1	-1	1	0	-1	-1	-1	-1	-1	-1	6	0	
122	15052618	11971	-1	21	草原狼		160.635086	69.586899	0	0	1000	-1	-1	1	0	-1	-1	-1	-1	-1	-1	6	0	
123	15052619	11971	-1	21	草原狼		156.326004	64.151649	0	0	1000	-1	-1	1	0	-1	-1	-1	-1	-1	-1	6	0	
124	15052620	11971	-1	21	草原狼		158.822876	56.028828	0	0	1000	-1	-1	1	0	-1	-1	-1	-1	-1	-1	6	0	
125	15052621	11971	-1	21	草原狼		107.999138	73.444145	0	0	1000	-1	-1	1	0	-1	-1	-1	-1	-1	-1	6	0	
126	15052622	11971	-1	21	草原狼		114.509834	69.794632	0	0	1000	-1	-1	1	0	-1	-1	-1	-1	-1	-1	6	0	
127	15052623	11971	-1	21	草原狼		120.074066	83.104286	0	0	1000	-1	-1	1	0	-1	-1	-1	-1	-1	-1	6	0	
128	15052624	11971	-1	21	草原狼		126.017174	75.978172	0	0	1000	-1	-1	1	0	-1	-1	-1	-1	-1	-1	6	0	
129	15052625	11971	-1	21	草原狼		122.044029	70.71711	0	0	1000	-1	-1	1	0	-1	-1	-1	-1	-1	-1	6	0	
130	15052626	11971	-1	21	草原狼		134.598907	68.71225	0	0	1000	-1	-1	1	0	-1	-1	-1	-1	-1	-1	6	0	
131	15052627	11971	-1	21	草原狼		143.97467	58.671635	0	0	1000	-1	-1	1	0	-1	-1	-1	-1	-1	-1	6	0	
132	15052628	11971	-1	21	草原狼		149.296539	51.941742	0	0	1000	-1	-1	1	0	-1	-1	-1	-1	-1	-1	6	0	
133	8706699	11970	-1	21	草原棕熊		44.414459	216.013657	0	-1	1000	-1	-1	1	-1	-1	-1	-1	-1	-1	-1	9	0	
134	8706711	11970	-1	21	草原棕熊		97.069519	185.905853	7	-1	1000	-1	-1	1	-1	-1	-1	-1	-1	-1	-1	9	0	
135	8706714	11970	-1	21	草原棕熊		87.907501	219.348999	27	-1	1000	-1	-1	1	-1	-1	-1	-1	-1	-1	-1	9	0	
136	8706718	11970	-1	21	草原棕熊		60.421547	171.17691	12	-1	1000	-1	-1	1	-1	-1	-1	-1	-1	-1	-1	9	0	
137	8706720	11970	-1	21	草原棕熊		39.173779	206.997192	22	-1	1000	-1	-1	1	-1	-1	-1	-1	-1	-1	-1	9	0	
138	8707437	11970	-1	21	草原棕熊		39.284698	214.447815	14	-1	1000	-1	-1	1	-1	-1	-1	-1	-1	-1	-1	9	0	
139	8707438	11970	-1	21	草原棕熊		53.453503	215.854813	14	-1	1000	-1	-1	1	-1	-1	-1	-1	-1	-1	-1	9	0	
140	8706711	11970	-1	21	草原棕熊		71.24305	198.789764	7	-1	1000	-1	-1	1	0	-1	-1	-1	-1	-1	-1	9	0	
141	8706714	11970	-1	21	草原棕熊		77.880424	196.663818	27	-1	1000	-1	-1	1	-1	-1	-1	-1	-1	-1	-1	9	0	
142	8706716	11970	-1	21	草原棕熊		70.343536	214.586487	12	-1	1000	-1	-1	1	0	-1	-1	-1	-1	-1	-1	9	0	
143	8706717	11970	-1	21	草原棕熊		57.183407	181.914703	24	-1	1000	-1	-1	1	-1	-1	-1	-1	-1	-1	-1	9	0	
144	8706718	11970	-1	21	草原棕熊		85.942955	199.658005	12	-1	1000	-1	-1	1	-1	-1	-1	-1	-1	-1	-1	9	0	
145	8706720	11970	-1	21	草原棕熊		91.30883	205.659012	22	-1	1000	-1	-1	1	-1	-1	-1	-1	-1	-1	-1	9	0	
146	8706721	11970	-1	21	草原棕熊		64.345535	182.224197	12	-1	1000	-1	-1	1	-1	-1	-1	-1	-1	-1	-1	9	0	
147	8706722	11970	-1	21	草原棕熊		68.443459	194.126068	22	-1	1000	-1	-1	1	-1	-1	-1	-1	-1	-1	-1	9	0	
148	8706724	11970	-1	21	草原棕熊		82.795685	217.038864	14	-1	1000	-1	-1	1	-1	-1	-1	-1	-1	-1	-1	9	0	
149	8706728	11970	-1	21	草原棕熊		101.17131	226.125427	14	-1	1000	-1	-1	1	-1	-1	-1	-1	-1	-1	-1	9	0	
150	8707398	11970	-1	21	草原棕熊		53.708668	195.218719	14	-1	1000	-1	-1	1	-1	-1	-1	-1	-1	-1	-1	9	0	
151	8707435	11970	-1	21	草原棕熊		83.668854	194.576828	14	-1	1000	-1	-1	1	0	-1	-1	-1	-1	-1	-1	9	0	
152	8707437	11970	-1	21	草原棕熊		82.65863	189.101151	14	-1	1000	-1	-1	1	-1	-1	-1	-1	-1	-1	-1	9	0	
153	8707438	11970	-1	21	草原棕熊		55.778717	203.943054	14	-1	1000	-1	-1	1	-1	-1	-1	-1	-1	-1	-1	9	0	
154	8707439	11970	-1	21	草原棕熊		89.895142	210.971985	14	-1	1000	-1	-1	1	-1	-1	-1	-1	-1	-1	-1	9	0	
155	8707440	11970	-1	21	草原棕熊		56.879593	211.894363	14	-1	1000	-1	-1	1	0	-1	-1	-1	-1	-1	-1	9	0	
156	8707442	11970	-1	21	草原棕熊		25.261269	209.912521	34	-1	1000	-1	-1	1	0	-1	-1	-1	-1	-1	-1	9	0	
157	8707446	11970	-1	21	草原棕熊		92.043877	187.771957	18	-1	1000	-1	-1	1	-1	-1	-1	-1	-1	-1	-1	9	0	
158	8707609	11970	-1	21	草原棕熊		93.737183	182.431564	18	-1	1000	-1	-1	1	-1	-1	-1	-1	-1	-1	-1	9	0	
159	8707610	11970	-1	21	草原棕熊		63.523197	211.648529	18	-1	1000	-1	-1	1	-1	-1	-1	-1	-1	-1	-1	9	0	
160	8707611	11970	-1	21	草原棕熊		77.287285	201.687027	18	-1	1000	-1	-1	1	-1	-1	-1	-1	-1	-1	-1	9	0	
161	8707612	11970	-1	21	草原棕熊		98.438271	217.74173	12	-1	1000	-1	-1	1	-1	-1	-1	-1	-1	-1	-1	9	0	
162	8707614	11970	-1	21	草原棕熊		35.094933	215.096268	14	-1	1000	-1	-1	1	-1	-1	-1	-1	-1	-1	-1	9	0	
163	8707616	11970	-1	21	草原棕熊		51.513203	181.791565	14	-1	1000	-1	-1	1	-1	-1	-1	-1	-1	-1	-1	9	0	
164	8707619	11970	-1	21	草原棕熊		80.889565	176.228073	12	-1	1000	-1	-1	1	-1	-1	-1	-1	-1	-1	-1	9	0	
165	8707621	11970	-1	21	草原棕熊		48.255627	188.223663	14	-1	1000	-1	-1	1	-1	-1	-1	-1	-1	-1	-1	9	0	
166	15052595	11970	-1	21	草原棕熊		103.520409	231.256424	0	0	1000	-1	-1	1	0	-1	-1	-1	-1	-1	-1	9	0	
167	15052596	11970	-1	21	草原棕熊		95.749306	212.116516	0	0	1000	-1	-1	1	0	-1	-1	-1	-1	-1	-1	9	0	
168	15052597	11970	-1	21	草原棕熊		92.761177	219.368942	0	0	1000	-1	-1	1	0	-1	-1	-1	-1	-1	-1	9	0	
169	15052598	11970	-1	21	草原棕熊		29.074112	214.376984	0	0	1000	-1	-1	1	0	-1	-1	-1	-1	-1	-1	9	0	
170	15052599	11970	-1	21	草原棕熊		32.794853	204.699036	0	0	1000	-1	-1	1	0	-1	-1	-1	-1	-1	-1	9	0	
171	15052600	11970	-1	21	草原棕熊		36.894363	202.948959	0	0	1000	-1	-1	1	0	-1	-1	-1	-1	-1	-1	9	0	
172	15052601	11970	-1	21	草原棕熊		41.416798	200.222031	0	0	1000	-1	-1	1	0	-1	-1	-1	-1	-1	-1	9	0	
173	15052602	11970	-1	21	草原棕熊		45.474239	203.482956	0	0	1000	-1	-1	1	0	-1	-1	-1	-1	-1	-1	9	0	
174	15052603	11970	-1	21	草原棕熊		45.059982	196.153366	0	0	1000	-1	-1	1	0	-1	-1	-1	-1	-1	-1	9	0	
175	15052604	11970	-1	21	草原棕熊		50.983467	201.658829	0	0	1000	-1	-1	1	0	-1	-1	-1	-1	-1	-1	9	0	
176	15052605	11970	-1	21	草原棕熊		50.983467	201.658829	0	0	1000	-1	-1	1	0	-1	-1	-1	-1	-1	-1	9	0	
177	15052629	11970	-1	21	草原棕熊		34.52951	210.355377	0	0	1000	-1	-1	1	0	-1	-1	-1	-1	-1	-1	9	0	
178	15052630	11970	-1	21	草原棕熊		44.073807	211.824875	0	0	1000	-1	-1	1	0	-1	-1	-1	-1	-1	-1	9	0	
179	15052631	11970	-1	21	草原棕熊		50.851898	210.483688	0	0	1000	-1	-1	1	0	-1	-1	-1	-1	-1	-1	9	0	
180	15052632	11970	-1	21	草原棕熊		55.122093	188.855286	0	0	1000	-1	-1	1	0	-1	-1	-1	-1	-1	-1	9	0	
181	15052633	11970	-1	21	草原棕熊		61.828522	194.526825	0	0	1000	-1	-1	1	0	-1	-1	-1	-1	-1	-1	9	0	
182	15052634	11970	-1	21	草原棕熊		64.319649	187.952484	0	0	1000	-1	-1	1	0	-1	-1	-1	-1	-1	-1	9	0	
183	15052635	11970	-1	21	草原棕熊		62.657883	176.154114	0	0	1000	-1	-1	1	0	-1	-1	-1	-1	-1	-1	9	0	
184	15052636	11970	-1	21	草原棕熊		72.339439	192.884979	0	0	1000	-1	-1	1	0	-1	-1	-1	-1	-1	-1	9	0	
185	15052637	11970	-1	21	草原棕熊		83.858719	183.390549	0	0	1000	-1	-1	1	0	-1	-1	-1	-1	-1	-1	9	0	
186	15052638	11970	-1	21	草原棕熊		87.315765	177.748886	0	0	1000	-1	-1	1	0	-1	-1	-1	-1	-1	-1	9	0	
187	15052639	11970	-1	21	草原棕熊		91.747253	174.276718	0	0	1000	-1	-1	1	0	-1	-1	-1	-1	-1	-1	9	0	
188	15052640	11970	-1	21	草原棕熊		71.163223	172.626541	0	0	1000	-1	-1	1	0	-1	-1	-1	-1	-1	-1	9	0	
189	15052641	11970	-1	21	草原棕熊		75.822899	174.533661	0	0	1000	-1	-1	1	0	-1	-1	-1	-1	-1	-1	9	0	
190	15052642	11970	-1	21	草原棕熊		80.148605	166.42099	0	0	1000	-1	-1	1	0	-1	-1	-1	-1	-1	-1	9	0	
191	15052643	11970	-1	21	草原棕熊		105.061989	175.224136	0	0	1000	-1	-1	1	0	-1	-1	-1	-1	-1	-1	9	0	
192	15052644	11970	-1	21	草原棕熊		101.302612	181.219788	0	0	1000	-1	-1	1	0	-1	-1	-1	-1	-1	-1	9	0	
193	15052645	11970	-1	21	草原棕熊		61.890556	218.252274	0	0	1000	-1	-1	1	0	-1	-1	-1	-1	-1	-1	9	0	
194	15052646	11970	-1	21	草原棕熊		70.386696	220.568359	0	0	1000	-1	-1	1	0	-1	-1	-1	-1	-1	-1	9	0	
195	15052647	11970	-1	21	草原棕熊		72.982506	209.059021	0	0	1000	-1	-1	1	0	-1	-1	-1	-1	-1	-1	9	0	
196	15052648	11970	-1	21	草原棕熊		79.925072	210.252853	0	0	1000	-1	-1	1	0	-1	-1	-1	-1	-1	-1	9	0	
197	15052649	11970	-1	21	草原棕熊		83.436737	205.675919	0	0	1000	-1	-1	1	0	-1	-1	-1	-1	-1	-1	9	0	
198	15052650	11970	-1	21	草原棕熊		75.96389	217.707611	0	0	1000	-1	-1	1	0	-1	-1	-1	-1	-1	-1	9	0	
199	15052651	11970	-1	21	草原棕熊		103.590523	212.060165	0	0	1000	-1	-1	1	0	-1	-1	-1	-1	-1	-1	9	0	
200	15052652	11970	-1	21	草原棕熊		104.7258	220.723267	0	0	1000	-1	-1	1	0	-1	-1	-1	-1	-1	-1	9	0	
201	15052653	11970	-1	21	草原棕熊		111.231583	225.494125	0	0	1000	-1	-1	1	0	-1	-1	-1	-1	-1	-1	9	0	
202	15052629	11970	-1	21	草原棕熊		34.52951	210.355377	0	0	1000	-1	-1	1	0	-1	-1	-1	-1	-1	-1	9	0	
203	15052630	11970	-1	21	草原棕熊		44.073807	211.824875	0	0	1000	-1	-1	1	0	-1	-1	-1	-1	-1	-1	9	0	
204	15052631	11970	-1	21	草原棕熊		50.851898	210.483688	0	0	1000	-1	-1	1	0	-1	-1	-1	-1	-1	-1	9	0	
205	15052632	11970	-1	21	草原棕熊		55.122093	188.855286	0	0	1000	-1	-1	1	0	-1	-1	-1	-1	-1	-1	9	0	
206	15052633	11970	-1	21	草原棕熊		61.828522	194.526825	0	0	1000	-1	-1	1	0	-1	-1	-1	-1	-1	-1	9	0	
207	15052634	11970	-1	21	草原棕熊		64.319649	187.952484	0	0	1000	-1	-1	1	0	-1	-1	-1	-1	-1	-1	9	0	
208	15052635	11970	-1	21	草原棕熊		70.503822	177.950012	0	0	1000	-1	-1	1	0	-1	-1	-1	-1	-1	-1	9	0	
209	15052636	11970	-1	21	草原棕熊		77.339088	188.104767	0	0	1000	-1	-1	1	0	-1	-1	-1	-1	-1	-1	9	0	
210	15052637	11970	-1	21	草原棕熊		71.900719	184.237137	0	0	1000	-1	-1	1	0	-1	-1	-1	-1	-1	-1	9	0	
211	15052638	11970	-1	21	草原棕熊		79.254639	171.309662	0	0	1000	-1	-1	1	0	-1	-1	-1	-1	-1	-1	9	0	
212	15052639	11970	-1	21	草原棕熊		94.960098	169.183701	0	0	1000	-1	-1	1	0	-1	-1	-1	-1	-1	-1	9	0	
213	15052640	11970	-1	21	草原棕熊		84.281555	172.419052	0	0	1000	-1	-1	1	0	-1	-1	-1	-1	-1	-1	9	0	
214	15052641	11970	-1	21	草原棕熊		73.117485	168.025757	0	0	1000	-1	-1	1	0	-1	-1	-1	-1	-1	-1	9	0	
215	15052642	11970	-1	21	草原棕熊		97.764503	178.419388	0	0	1000	-1	-1	1	0	-1	-1	-1	-1	-1	-1	9	0	
216	15052643	11970	-1	21	草原棕熊		102.327644	171.966614	0	0	1000	-1	-1	1	0	-1	-1	-1	-1	-1	-1	9	0	
217	15052644	11970	-1	21	草原棕熊		102.205406	184.871628	0	0	1000	-1	-1	1	0	-1	-1	-1	-1	-1	-1	9	0	
218	15052645	11970	-1	21	草原棕熊		61.890556	218.252274	0	0	1000	-1	-1	1	0	-1	-1	-1	-1	-1	-1	9	0	
219	15052646	11970	-1	21	草原棕熊		70.386696	220.568359	0	0	1000	-1	-1	1	0	-1	-1	-1	-1	-1	-1	9	0	
220	15052647	11970	-1	21	草原棕熊		72.982506	209.059021	0	0	1000	-1	-1	1	0	-1	-1	-1	-1	-1	-1	9	0	
221	15052648	11970	-1	21	草原棕熊		79.925072	210.252853	0	0	1000	-1	-1	1	0	-1	-1	-1	-1	-1	-1	9	0	
222	15052649	11970	-1	21	草原棕熊		83.436737	205.675919	0	0	1000	-1	-1	1	0	-1	-1	-1	-1	-1	-1	9	0	
223	15052650	11970	-1	21	草原棕熊		75.96389	217.707611	0	0	1000	-1	-1	1	0	-1	-1	-1	-1	-1	-1	9	0	
224	15052651	11970	-1	21	草原棕熊		103.590523	212.060165	0	0	1000	-1	-1	1	0	-1	-1	-1	-1	-1	-1	9	0	
225	15052652	11970	-1	21	草原棕熊		104.7258	220.723267	0	0	1000	-1	-1	1	0	-1	-1	-1	-1	-1	-1	9	0	
226	15052653	11970	-1	21	草原棕熊		111.231583	225.494125	0	0	1000	-1	-1	1	0	-1	-1	-1	-1	-1	-1	9	0	
227	15052654	11970	-1	21	草原棕熊		69.758064	203.489624	0	0	1000	-1	-1	1	0	-1	-1	-1	-1	-1	-1	9	0	
228	15052655	11970	-1	21	草原棕熊		97.540657	206.363861	0	0	1000	-1	-1	1	0	-1	-1	-1	-1	-1	-1	9	0	
229	15052656	11970	-1	21	草原棕熊		87.98214	191.385803	0	0	1000	-1	-1	1	0	-1	-1	-1	-1	-1	-1	9	0	
230	15052657	11970	-1	21	草原棕熊		78.1978	179.955994	0	0	1000	-1	-1	1	0	-1	-1	-1	-1	-1	-1	9	0	
231	15052658	11970	-1	21	草原棕熊		54.43433	175.756943	0	0	1000	-1	-1	1	0	-1	-1	-1	-1	-1	-1	9	0	
232	15052659	11970	-1	21	草原棕熊		88.352737	182.612488	0	0	1000	-1	-1	1	0	-1	-1	-1	-1	-1	-1	9	0	
233	15052660	11970	-1	21	草原棕熊		66.010834	169.58876	0	0	1000	-1	-1	1	0	-1	-1	-1	-1	-1	-1	9	0	
234	15052661	11970	-1	21	草原棕熊		87.685997	167.162659	0	0	1000	-1	-1	1	0	-1	-1	-1	-1	-1	-1	9	0	
235	15052398	11956	128029	-1	陶如格		58.69651	92.789436	31	-1	10000	-1	-1	3	0	-1	-1	-1	-1	-1	-1	20	0	
236	15052406	11957	128030	-1	珠兰其其格	雄鹰长老之女	51.169731	84.499969	4	-1	10000	-1	-1	3	0	-1	-1	-1	-1	-1	-1	20	0	
237	15052416	11960	128025	-1	铁虎	天山征兵校尉	113	196	2	-1	10000	-1	-1	3	0	-1	-1	-1	-1	-1	-1	20	0	
238	15052427	11965	128034	-1	航新		59.351448	94.205643	7	-1	10000	-1	-1	3	0	-1	-1	-1	-1	-1	-1	20	0	
239	15052468	11954	128037	20	金虎	天山右都尉	43	144	0	-1	1000	-1	-1	3	0	-1	-1	-1	-1	-1	-1	20	0	
240	7264288	86	126133	-1	珐琅	猎场商人	56.282043	87.612152	4	-1	30000	-1	-1	3	0	-1	-1	-1	-1	-1	-1	60	0	
241	15052539	11949	128051	20	天山新兵		126.516563	193.853317	22	0	10000	-1	-1	3	0	-1	-1	-1	-1	-1	-1	60	0	
242	15052540	11949	128052	20	天山新兵		122.805931	189.035553	22	0	10000	-1	-1	3	0	-1	-1	-1	-1	-1	-1	60	0	
243	15052536	11949	128053	20	天山新兵		124.919624	191.559464	22	0	10000	-1	-1	3	0	-1	-1	-1	-1	-1	-1	60	0	
244	15052537	11949	128054	20	天山新兵		120.895592	190.408737	22	0	10000	-1	-1	3	0	-1	-1	-1	-1	-1	-1	60	0	
245	15052532	11949	128055	20	天山新兵		124.340736	195.520218	22	0	10000	-1	-1	3	0	-1	-1	-1	-1	-1	-1	60	0	
246	15052529	11949	128056	20	天山新兵		122.673759	193.082153	22	0	10000	-1	-1	3	0	-1	-1	-1	-1	-1	-1	60	0	
247	15052528	2401	128057	20	天山御卫		37.609901	151.205002	9	0	10000	-1	-1	3	0	-1	-1	-1	-1	-1	-1	60	0	
248	15052530	2401	128058	20	天山御卫		35.298496	151.190994	9	0	10000	-1	-1	3	0	-1	-1	-1	-1	-1	-1	60	0	
249	15052531	2401	128059	20	天山御卫		49.189587	160.344223	12	0	10000	-1	-1	3	0	-1	-1	-1	-1	-1	-1	60	0	
250	15052533	2401	128060	20	天山御卫		37.812801	136.255478	27	0	10000	-1	-1	3	0	-1	-1	-1	-1	-1	-1	60	0	
251	15052534	2401	128061	20	天山御卫		44.348476	159.522888	4	0	10000	-1	-1	3	0	-1	-1	-1	-1	-1	-1	60	0	
252	15052535	2401	128062	20	天山御卫		35.493465	136.2202	27	0	10000	-1	-1	3	0	-1	-1	-1	-1	-1	-1	60	0	
253	15052538	2401	128063	20	天山御卫		12.136289	138.217239	0	0	10000	-1	-1	3	0	-1	-1	-1	-1	-1	-1	60	0	
254	15052541	2401	128064	20	天山御卫		120.543777	229.229446	9	0	10000	-1	-1	3	0	-1	-1	-1	-1	-1	-1	60	0	
255	15052542	2401	128065	20	天山御卫		124	206	6	0	10000	-1	-1	3	0	-1	-1	-1	-1	-1	-1	60	0	
256	15052543	2401	128064	20	天山御卫		12.186289	148.807922	0	0	10000	-1	-1	3	0	-1	-1	-1	-1	-1	-1	60	0	
257	15052544	2401	128061	20	天山御卫		135.766525	200.264725	29	0	10000	-1	-1	3	0	-1	-1	-1	-1	-1	-1	60	0	
258	15052544	2401	128058	20	天山御卫		121.18145	222.025681	27	0	10000	-1	-1	3	0	-1	-1	-1	-1	-1	-1	60	0	
259	15052544	2401	128062	20	天山御卫		114	190	34	0	10000	-1	-1	3	0	-1	-1	-1	-1	-1	-1	60	0	
260	15052544	2401	128060	20	天山御卫		128.896515	206.829956	32	0	10000	-1	-1	3	0	-1	-1	-1	-1	-1	-1	60	0	
261	10374803	1099	128068	20	梅伊娜	新手领奖大使	50.730312	76.218048	32	-1	1000	-1	-1	3	0	-1	-1	-1	-1	-1	-1	20	0	
