NUM	NUM	NUM	NUM	NUM	TEXT	TEXT	FLOAT	FLOAT	NUM	NUM	NUM	NUM	NUM	NUM	NUM	NUM	NUM	NUM	NUM	NUM	NUM	NUM	NUM
编号	随机编号	attr编号	逻辑表编号	阵营编号	名称	称号	x轴坐标	z轴坐标	朝向	脚本编号	重生时间	分组编号	队伍编号	基础AI	AI文件	巡逻路径	商店0	商店1	商店2	商店3	名誉ID	等级	镜像组
0	15052370	2298	101214	-1	凤翔府	领地传送人	146	60	27	-1	1000	-1	-1	3	0	-1	-1	-1	-1	-1	-1	100	0	
1	15056374	9800	-1	21	完颜白撒	平原之王爪牙	44.290527	219.022873	12	300619	10000	-1	-1	1	0	-1	-1	-1	-1	-1	-1	45	0	
2	15383701	4008	400143	20	财主车夫		107.112679	78.579742	16	0	10000	-1	-1	3	0	-1	-1	-1	-1	-1	-1	45	0	
3	15384702	4009	400144	20	王美凤		172.5177	60.789589	28	0	10000	-1	-1	3	0	-1	-1	-1	-1	-1	-1	45	0	
4	15393711	4017	400149	20	窦西施	书生之妻	169.01918	69.241165	18	0	10000	-1	-1	3	0	-1	-1	-1	-1	-1	-1	45	0	
5	15402720	4019	400150	20	赵万卷	落魄书生	169.101334	67.639664	22	0	10000	-1	-1	3	0	-1	-1	-1	-1	-1	-1	45	0	
6	15407725	4024	400152	20	赵必举		163.207016	69.606987	4	0	10000	-1	-1	3	0	-1	-1	-1	-1	-1	-1	45	0	
7	15409727	4026	400153	20	美凤之母		172.866714	62.301842	12	0	10000	-1	-1	3	0	-1	-1	-1	-1	-1	-1	45	0	
8	15410728	4028	400154	20	张财主		94.135124	59.61916	34	0	10000	-1	-1	3	0	-1	-1	-1	-1	-1	-1	45	0	
9	15423741	4022	400156	20	赵连元		165.315308	65.186211	20	0	10000	-1	-1	3	0	-1	-1	-1	-1	-1	-1	45	0	
10	15424975	658	400164	20	霸干才	凤翔府守将	97.798958	57.010899	27	0	10000	-1	-1	3	0	-1	-1	-1	-1	-1	-1	45	0	
11	15424977	1432	400165	20	史劲寇	军需官	99.763695	56.162598	28	0	10000	-1	-1	3	0	-1	-1	-1	-1	-1	-1	45	0	
12	15424990	1210	400166	20	凤翔府守军		94.835312	54.451561	28	0	10000	-1	-1	3	0	-1	-1	-1	-1	-1	-1	45	0	
13	15424991	1210	400167	20	凤翔府守军		100.419724	54.35183	28	0	10000	-1	-1	3	0	-1	-1	-1	-1	-1	-1	45	0	
14	15424992	1210	400168	20	凤翔府守军		87.812424	54.890568	32	0	10000	-1	-1	3	0	-1	-1	-1	-1	-1	-1	45	0	
15	15424993	1210	400169	20	凤翔府守军		90.357658	68.71727	4	0	10000	-1	-1	3	0	-1	-1	-1	-1	-1	-1	45	0	
16	15424994	1210	400170	20	凤翔府守军		118.48597	67.275658	9	0	10000	-1	-1	3	0	-1	-1	-1	-1	-1	-1	45	0	
17	15424995	1210	400171	20	凤翔府守军		118.694679	59.226601	27	0	10000	-1	-1	3	0	-1	-1	-1	-1	-1	-1	45	0	
18	15424997	1210	400172	20	凤翔府守军		102.316628	73.249023	28	0	10000	-1	-1	3	0	-1	-1	-1	-1	-1	-1	45	0	
19	15424998	1210	400172	20	凤翔府守军		95.713959	72.950668	28	0	10000	-1	-1	3	0	-1	-1	-1	-1	-1	-1	45	0	
20	15390708	4036	-1	20	 	 	106.094589	81.522514	14	0	10000	-1	-1	3	0	-1	-1	-1	-1	-1	-1	45	0	
21	15394712	4037	-1	20	 	 	166.857986	69.97049	4	0	10000	-1	-1	1	0	-1	-1	-1	-1	-1	-1	45	0	
22	15395713	4037	-1	20	 	 	167.060104	68.410133	32	0	10000	-1	-1	1	0	-1	-1	-1	-1	-1	-1	45	0	
23	15396714	4037	-1	20	 	 	166.230957	70.187737	0	0	10000	-1	-1	1	0	-1	-1	-1	-1	-1	-1	45	0	
24	15397715	4037	-1	20	 	 	166.092331	71.207306	4	0	10000	-1	-1	1	0	-1	-1	-1	-1	-1	-1	45	0	
25	15398716	4037	-1	20	 	 	167.075684	68.866966	0	0	10000	-1	-1	1	0	-1	-1	-1	-1	-1	-1	45	0	
26	15399717	4037	-1	20	 	 	167.050339	69.099686	0	0	10000	-1	-1	1	0	-1	-1	-1	-1	-1	-1	45	0	
27	15400718	4037	-1	20	 	 	166.115723	69.398506	32	0	10000	-1	-1	1	0	-1	-1	-1	-1	-1	-1	45	0	
28	15424748	9513	-1	21	汉中野猪		35.781124	190.871384	0	300640	10000	-1	-1	1	0	-1	-1	-1	-1	-1	-1	45	0	
29	15424749	9513	-1	21	汉中野猪		35.781124	190.871384	0	300640	10000	-1	-1	1	0	-1	-1	-1	-1	-1	-1	45	0	
30	15424750	9513	-1	21	汉中野猪		35.815536	189.296829	0	300640	10000	-1	-1	1	0	-1	-1	-1	-1	-1	-1	45	0	
31	15424751	9513	-1	21	汉中野猪		35.957508	191.0383	0	300640	10000	-1	-1	1	0	-1	-1	-1	-1	-1	-1	45	0	
32	15424752	9513	-1	21	汉中野猪		35.966232	190.849228	0	300640	10000	-1	-1	1	0	-1	-1	-1	-1	-1	-1	45	0	
33	15424754	9513	-1	21	汉中野猪		35.982899	189.712204	0	300640	10000	-1	-1	1	0	-1	-1	-1	-1	-1	-1	45	0	
34	15424755	9513	-1	21	汉中野猪		36.184288	192.398438	0	300640	10000	-1	-1	1	0	-1	-1	-1	-1	-1	-1	45	0	
35	15424756	9513	-1	21	汉中野猪		36.571522	190.437988	0	300640	10000	-1	-1	1	0	-1	-1	-1	-1	-1	-1	45	0	
36	15424757	9513	-1	21	汉中野猪		36.585712	190.130936	0	300640	10000	-1	-1	1	0	-1	-1	-1	-1	-1	-1	45	0	
37	15424758	9513	-1	21	汉中野猪		36.850937	189.656845	0	300640	10000	-1	-1	1	0	-1	-1	-1	-1	-1	-1	45	0	
38	15424759	9513	-1	21	汉中野猪		36.980331	191.291321	0	300640	10000	-1	-1	1	0	-1	-1	-1	-1	-1	-1	45	0	
39	15424760	9513	-1	21	汉中野猪		37.040497	189.378204	0	300640	10000	-1	-1	1	0	-1	-1	-1	-1	-1	-1	45	0	
40	15424764	9513	-1	21	汉中野猪		51.978992	158.010925	0	300640	10000	-1	-1	1	0	-1	-1	-1	-1	-1	-1	45	0	
41	15424766	9513	-1	21	汉中野猪		52.122406	157.752274	0	300640	10000	-1	-1	1	0	-1	-1	-1	-1	-1	-1	45	0	
42	15424767	9513	-1	21	汉中野猪		52.240047	157.368423	0	300640	10000	-1	-1	1	0	-1	-1	-1	-1	-1	-1	45	0	
43	15424768	9513	-1	21	汉中野猪		52.298038	158.118439	0	300640	10000	-1	-1	1	0	-1	-1	-1	-1	-1	-1	45	0	
44	15424769	9513	-1	21	汉中野猪		52.346352	157.869019	0	300640	10000	-1	-1	1	0	-1	-1	-1	-1	-1	-1	45	0	
45	15424772	9513	-1	21	汉中野猪		52.617523	159.290268	0	300640	10000	-1	-1	1	0	-1	-1	-1	-1	-1	-1	45	0	
46	15424773	9513	-1	21	汉中野猪		52.686054	158.584076	0	300640	10000	-1	-1	1	0	-1	-1	-1	-1	-1	-1	45	0	
47	15424775	9513	-1	21	汉中野猪		53.753384	158.922318	0	300640	10000	-1	-1	1	0	-1	-1	-1	-1	-1	-1	45	0	
48	15424779	9513	-1	21	汉中野猪		56.316601	69.646576	0	300640	10000	-1	-1	1	0	-1	-1	-1	-1	-1	-1	45	0	
49	15424780	9513	-1	21	汉中野猪		56.342529	69.85701	0	300640	10000	-1	-1	1	0	-1	-1	-1	-1	-1	-1	45	0	
50	15424781	9513	-1	21	汉中野猪		56.434681	70.678276	0	300640	10000	-1	-1	1	0	-1	-1	-1	-1	-1	-1	45	0	
51	15424782	9513	-1	21	汉中野猪		56.672367	69.396507	0	300640	10000	-1	-1	1	0	-1	-1	-1	-1	-1	-1	45	0	
52	15424784	9513	-1	21	汉中野猪		57.041439	69.251427	0	300640	10000	-1	-1	1	0	-1	-1	-1	-1	-1	-1	45	0	
53	15424785	9513	-1	21	汉中野猪		57.142269	70.091743	0	300640	10000	-1	-1	1	0	-1	-1	-1	-1	-1	-1	45	0	
54	15424786	9513	-1	21	汉中野猪		57.287735	68.899422	0	300640	10000	-1	-1	1	0	-1	-1	-1	-1	-1	-1	45	0	
55	15424787	9513	-1	21	汉中野猪		57.522949	70.889221	0	300640	10000	-1	-1	1	0	-1	-1	-1	-1	-1	-1	45	0	
56	15424788	9513	-1	21	汉中野猪		57.662704	69.606125	0	300640	10000	-1	-1	1	0	-1	-1	-1	-1	-1	-1	45	0	
57	15424789	9513	-1	21	汉中野猪		57.732323	69.383812	0	300640	10000	-1	-1	1	0	-1	-1	-1	-1	-1	-1	45	0	
58	15424790	9513	-1	21	汉中野猪		57.843849	70.32869	0	300640	10000	-1	-1	1	0	-1	-1	-1	-1	-1	-1	45	0	
59	15424810	9513	-1	21	汉中野猪		71.124054	130.906006	0	300640	10000	-1	-1	1	0	-1	-1	-1	-1	-1	-1	45	0	
60	15424811	9513	-1	21	汉中野猪		71.124054	131.106018	0	300640	10000	-1	-1	1	0	-1	-1	-1	-1	-1	-1	45	0	
61	15424812	9513	-1	21	汉中野猪		71.124054	131.006012	0	300640	10000	-1	-1	1	0	-1	-1	-1	-1	-1	-1	45	0	
62	15424813	9513	-1	21	汉中野猪		71.224052	131.006012	0	300640	10000	-1	-1	1	0	-1	-1	-1	-1	-1	-1	45	0	
63	15424814	9513	-1	21	汉中野猪		71.224052	130.806015	0	300640	10000	-1	-1	1	0	-1	-1	-1	-1	-1	-1	45	0	
64	15424815	9513	-1	21	汉中野猪		71.224052	131.206009	0	300640	10000	-1	-1	1	0	-1	-1	-1	-1	-1	-1	45	0	
65	15424816	9513	-1	21	汉中野猪		71.224052	131.106018	0	300640	10000	-1	-1	1	0	-1	-1	-1	-1	-1	-1	45	0	
66	15424817	9513	-1	21	汉中野猪		71.224052	130.906006	0	300640	10000	-1	-1	1	0	-1	-1	-1	-1	-1	-1	45	0	
67	15424818	9513	-1	21	汉中野猪		71.324051	130.906006	0	300640	10000	-1	-1	1	0	-1	-1	-1	-1	-1	-1	45	0	
68	15424819	9513	-1	21	汉中野猪		71.324051	131.106018	0	300640	10000	-1	-1	1	0	-1	-1	-1	-1	-1	-1	45	0	
69	15424820	9513	-1	21	汉中野猪		71.324051	131.006012	0	300640	10000	-1	-1	1	0	-1	-1	-1	-1	-1	-1	45	0	
70	15424821	9513	-1	21	汉中野猪		71.424049	131.006012	0	300640	10000	-1	-1	1	0	-1	-1	-1	-1	-1	-1	45	0	
71	15424822	9513	-1	21	汉中野猪		71.524055	131.006012	0	300640	10000	-1	-1	1	0	-1	-1	-1	-1	-1	-1	45	0	
72	15424823	9513	-1	21	汉中野猪		71.749367	173.63797	0	300640	10000	-1	-1	1	0	-1	-1	-1	-1	-1	-1	45	0	
73	15424824	9513	-1	21	汉中野猪		71.801796	173.472061	0	300640	10000	-1	-1	1	0	-1	-1	-1	-1	-1	-1	45	0	
74	15424825	9513	-1	21	汉中野猪		71.840607	173.653915	0	300640	10000	-1	-1	1	0	-1	-1	-1	-1	-1	-1	45	0	
75	15424826	9513	-1	21	汉中野猪		71.930206	172.895599	0	300640	10000	-1	-1	1	0	-1	-1	-1	-1	-1	-1	45	0	
76	15424827	9513	-1	21	汉中野猪		71.951668	174.557068	0	300640	10000	-1	-1	1	0	-1	-1	-1	-1	-1	-1	45	0	
77	15424828	9513	-1	21	汉中野猪		72.07357	173.281128	0	300640	10000	-1	-1	1	0	-1	-1	-1	-1	-1	-1	45	0	
78	15424829	9513	-1	21	汉中野猪		72.297791	172.994019	0	300640	10000	-1	-1	1	0	-1	-1	-1	-1	-1	-1	45	0	
79	15424830	9513	-1	21	汉中野猪		72.421211	173.807495	0	300640	10000	-1	-1	1	0	-1	-1	-1	-1	-1	-1	45	0	
80	15424831	9513	-1	21	汉中野猪		72.447609	173.745987	0	300640	10000	-1	-1	1	0	-1	-1	-1	-1	-1	-1	45	0	
81	15424832	9513	-1	21	汉中野猪		72.703613	174.246231	0	300640	10000	-1	-1	1	0	-1	-1	-1	-1	-1	-1	45	0	
82	15424833	9513	-1	21	汉中野猪		72.809792	173.507751	0	300640	10000	-1	-1	1	0	-1	-1	-1	-1	-1	-1	45	0	
83	15424834	9513	-1	21	汉中野猪		72.85923	172.990036	0	300640	10000	-1	-1	1	0	-1	-1	-1	-1	-1	-1	45	0	
84	15424835	9513	-1	21	汉中野猪		72.934219	173.271713	0	300640	10000	-1	-1	1	0	-1	-1	-1	-1	-1	-1	45	0	
85	15424836	9513	-1	21	汉中野猪		73.055374	172.93718	0	300640	10000	-1	-1	1	0	-1	-1	-1	-1	-1	-1	45	0	
86	15424837	9513	-1	21	汉中野猪		73.225983	173.999054	0	300640	10000	-1	-1	1	0	-1	-1	-1	-1	-1	-1	45	0	
87	15424839	9513	-1	21	汉中野猪		73.861237	210.826874	0	300640	10000	-1	-1	1	0	-1	-1	-1	-1	-1	-1	45	0	
88	15424840	9513	-1	21	汉中野猪		74.325401	211.041397	0	300640	10000	-1	-1	1	0	-1	-1	-1	-1	-1	-1	45	0	
89	15424843	9513	-1	21	汉中野猪		74.900826	211.589203	0	300640	10000	-1	-1	1	0	-1	-1	-1	-1	-1	-1	45	0	
90	15424845	9513	-1	21	汉中野猪		75.227531	210.747025	0	300640	10000	-1	-1	1	0	-1	-1	-1	-1	-1	-1	45	0	
91	15424846	9513	-1	21	汉中野猪		75.249771	211.34758	0	300640	10000	-1	-1	1	0	-1	-1	-1	-1	-1	-1	45	0	
92	15424847	9513	-1	21	汉中野猪		75.271454	209.622528	0	300640	10000	-1	-1	1	0	-1	-1	-1	-1	-1	-1	45	0	
93	15424850	9513	-1	21	汉中野猪		75.823509	211.204483	0	300640	10000	-1	-1	1	0	-1	-1	-1	-1	-1	-1	45	0	
94	15424851	9513	-1	21	汉中野猪		75.928391	211.066589	0	300640	10000	-1	-1	1	0	-1	-1	-1	-1	-1	-1	45	0	
95	15424852	9513	-1	21	汉中野猪		76.061127	211.980469	0	300640	10000	-1	-1	1	0	-1	-1	-1	-1	-1	-1	45	0	
96	15424857	9513	-1	21	汉中野猪		84.45797	100.451248	0	300640	10000	-1	-1	1	0	-1	-1	-1	-1	-1	-1	45	0	
97	15424858	9513	-1	21	汉中野猪		84.557968	100.451248	0	300640	10000	-1	-1	1	0	-1	-1	-1	-1	-1	-1	45	0	
98	15424859	9513	-1	21	汉中野猪		84.557968	100.251251	0	300640	10000	-1	-1	1	0	-1	-1	-1	-1	-1	-1	45	0	
99	15424860	9513	-1	21	汉中野猪		84.557968	100.651245	0	300640	10000	-1	-1	1	0	-1	-1	-1	-1	-1	-1	45	0	
100	15424861	9513	-1	21	汉中野猪		84.557968	100.551247	0	300640	10000	-1	-1	1	0	-1	-1	-1	-1	-1	-1	45	0	
101	15424862	9513	-1	21	汉中野猪		84.557968	100.35125	0	300640	10000	-1	-1	1	0	-1	-1	-1	-1	-1	-1	45	0	
102	15424863	9513	-1	21	汉中野猪		84.657967	100.35125	0	300640	10000	-1	-1	1	0	-1	-1	-1	-1	-1	-1	45	0	
103	15424864	9513	-1	21	汉中野猪		84.657967	100.551247	0	300640	10000	-1	-1	1	0	-1	-1	-1	-1	-1	-1	45	0	
104	15424865	9513	-1	21	汉中野猪		84.657967	100.451248	0	300640	10000	-1	-1	1	0	-1	-1	-1	-1	-1	-1	45	0	
105	15424866	9513	-1	21	汉中野猪		84.757965	100.451248	0	300640	10000	-1	-1	1	0	-1	-1	-1	-1	-1	-1	45	0	
106	15424867	9513	-1	21	汉中野猪		84.857971	100.451248	0	300640	10000	-1	-1	1	0	-1	-1	-1	-1	-1	-1	45	0	
107	15424873	9513	-1	21	汉中野猪		106.570801	143.201935	0	300640	10000	-1	-1	1	0	-1	-1	-1	-1	-1	-1	45	0	
108	15424887	9513	-1	21	汉中野猪		103.031883	113.516182	0	300640	10000	-1	-1	1	0	-1	-1	-1	-1	-1	-1	45	0	
109	15424891	9513	-1	21	汉中野猪		103.648575	112.512177	0	300640	10000	-1	-1	1	0	-1	-1	-1	-1	-1	-1	45	0	
110	15424893	9513	-1	21	汉中野猪		103.709457	113.851212	0	300640	10000	-1	-1	1	0	-1	-1	-1	-1	-1	-1	45	0	
111	15424895	9513	-1	21	汉中野猪		104.212349	113.558296	0	300640	10000	-1	-1	1	0	-1	-1	-1	-1	-1	-1	45	0	
112	15424897	9513	-1	21	汉中野猪		104.526108	112.781288	0	300640	10000	-1	-1	1	0	-1	-1	-1	-1	-1	-1	45	0	
113	15424899	9513	-1	21	汉中野猪		104.783592	114.245766	0	300640	10000	-1	-1	1	0	-1	-1	-1	-1	-1	-1	45	0	
114	15424900	9513	-1	21	汉中野猪		104.791832	114.306381	0	300640	10000	-1	-1	1	0	-1	-1	-1	-1	-1	-1	45	0	
115	15424907	9513	-1	21	汉中野猪		109.575523	178.51152	0	300640	10000	-1	-1	1	0	-1	-1	-1	-1	-1	-1	45	0	
116	15424909	9513	-1	21	汉中野猪		109.629021	178.189026	0	300640	10000	-1	-1	1	0	-1	-1	-1	-1	-1	-1	45	0	
117	15424912	9513	-1	21	汉中野猪		105.72052	145.285446	0	300640	10000	-1	-1	1	0	-1	-1	-1	-1	-1	-1	45	0	
118	15424913	9513	-1	21	汉中野猪		107.639656	145.251709	0	300640	10000	-1	-1	1	0	-1	-1	-1	-1	-1	-1	45	0	
119	15424914	9513	-1	21	汉中野猪		109.928276	179.580658	0	300640	10000	-1	-1	1	0	-1	-1	-1	-1	-1	-1	45	0	
120	15424915	9513	-1	21	汉中野猪		109.991676	179.253586	0	300640	10000	-1	-1	1	0	-1	-1	-1	-1	-1	-1	45	0	
121	15424916	9513	-1	21	汉中野猪		110.060196	179.719925	0	300640	10000	-1	-1	1	0	-1	-1	-1	-1	-1	-1	45	0	
122	15424919	9513	-1	21	汉中野猪		110.229927	178.96344	0	300640	10000	-1	-1	1	0	-1	-1	-1	-1	-1	-1	45	0	
123	15424920	9513	-1	21	汉中野猪		108.878952	144.932465	0	300640	10000	-1	-1	1	0	-1	-1	-1	-1	-1	-1	45	0	
124	15424921	9513	-1	21	汉中野猪		110.271957	178.277695	0	300640	10000	-1	-1	1	0	-1	-1	-1	-1	-1	-1	45	0	
125	15424922	9513	-1	21	汉中野猪		110.457054	180.331955	0	300640	10000	-1	-1	1	0	-1	-1	-1	-1	-1	-1	45	0	
126	15424923	9513	-1	21	汉中野猪		108.994598	145.798401	0	300640	10000	-1	-1	1	0	-1	-1	-1	-1	-1	-1	45	0	
127	15424924	9513	-1	21	汉中野猪		110.563461	178.550507	0	300640	10000	-1	-1	1	0	-1	-1	-1	-1	-1	-1	45	0	
128	15424925	9513	-1	21	汉中野猪		108.861969	145.321396	0	300640	10000	-1	-1	1	0	-1	-1	-1	-1	-1	-1	45	0	
129	15424926	9513	-1	21	汉中野猪		110.67527	179.271454	0	300640	10000	-1	-1	1	0	-1	-1	-1	-1	-1	-1	45	0	
130	15424928	9513	-1	21	汉中野猪		111.150299	143.938065	0	300640	10000	-1	-1	1	0	-1	-1	-1	-1	-1	-1	45	0	
131	15424929	9513	-1	21	汉中野猪		110.897278	221.792679	0	300640	10000	-1	-1	1	0	-1	-1	-1	-1	-1	-1	45	0	
132	15424930	9513	-1	21	汉中野猪		110.130402	142.84436	0	300640	10000	-1	-1	1	0	-1	-1	-1	-1	-1	-1	45	0	
133	15424931	9513	-1	21	汉中野猪		111.040184	143.201889	0	300640	10000	-1	-1	1	0	-1	-1	-1	-1	-1	-1	45	0	
134	15424934	9513	-1	21	汉中野猪		111.698143	221.690979	0	300640	10000	-1	-1	1	0	-1	-1	-1	-1	-1	-1	45	0	
135	15424935	9513	-1	21	汉中野猪		111.775169	221.568344	0	300640	10000	-1	-1	1	0	-1	-1	-1	-1	-1	-1	45	0	
136	15424939	9513	-1	21	汉中野猪		111.835121	222.157364	0	300640	10000	-1	-1	1	0	-1	-1	-1	-1	-1	-1	45	0	
137	15424940	9513	-1	21	汉中野猪		111.846428	222.274902	0	300640	10000	-1	-1	1	0	-1	-1	-1	-1	-1	-1	45	0	
138	15424941	9513	-1	21	汉中野猪		111.869743	222.076126	0	300640	10000	-1	-1	1	0	-1	-1	-1	-1	-1	-1	45	0	
139	15424942	9513	-1	21	汉中野猪		111.973236	222.702698	0	300640	10000	-1	-1	1	0	-1	-1	-1	-1	-1	-1	45	0	
140	15424943	9513	-1	21	汉中野猪		112.316803	222.126343	0	300640	10000	-1	-1	1	0	-1	-1	-1	-1	-1	-1	45	0	
141	15424944	9513	-1	21	汉中野猪		112.702042	222.51091	0	300640	10000	-1	-1	1	0	-1	-1	-1	-1	-1	-1	45	0	
142	15424945	9513	-1	21	汉中野猪		220.37442	68.595718	0	300640	10000	-1	-1	1	0	-1	-1	-1	-1	-1	-1	45	0	
143	15424946	9513	-1	21	汉中野猪		217.648865	68.083611	0	300640	10000	-1	-1	1	0	-1	-1	-1	-1	-1	-1	45	0	
144	15424947	9513	-1	21	汉中野猪		215.558182	69.735374	0	300640	10000	-1	-1	1	0	-1	-1	-1	-1	-1	-1	45	0	
145	15424948	9513	-1	21	汉中野猪		222.355667	69.903732	0	300640	10000	-1	-1	1	0	-1	-1	-1	-1	-1	-1	45	0	
146	15424949	9513	-1	21	汉中野猪		223.93071	67.310478	0	300640	10000	-1	-1	1	0	-1	-1	-1	-1	-1	-1	45	0	
147	15424950	9513	-1	21	汉中野猪		221.45723	69.629982	0	300640	10000	-1	-1	1	0	-1	-1	-1	-1	-1	-1	45	0	
148	15424951	9513	-1	21	汉中野猪		223.789047	66.720612	0	300640	10000	-1	-1	1	0	-1	-1	-1	-1	-1	-1	45	0	
149	15424952	9513	-1	21	汉中野猪		223.7742	67.305397	0	300640	10000	-1	-1	1	0	-1	-1	-1	-1	-1	-1	45	0	
150	15424953	9513	-1	21	汉中野猪		227.064407	64.907791	0	300640	10000	-1	-1	1	0	-1	-1	-1	-1	-1	-1	45	0	
151	15424954	9513	-1	21	汉中野猪		225.064453	66.096237	0	300640	10000	-1	-1	1	0	-1	-1	-1	-1	-1	-1	45	0	
152	15424955	9513	-1	21	汉中野猪		222.372345	65.893951	0	300640	10000	-1	-1	1	0	-1	-1	-1	-1	-1	-1	45	0	
153	15424956	9513	-1	21	汉中野猪		224.317719	64.961395	0	300640	10000	-1	-1	1	0	-1	-1	-1	-1	-1	-1	45	0	
154	15424957	9513	-1	21	汉中野猪		226.283646	64.447495	0	300640	10000	-1	-1	1	0	-1	-1	-1	-1	-1	-1	45	0	
155	15424958	9513	-1	21	汉中野猪		225.714539	62.857548	0	300640	10000	-1	-1	1	0	-1	-1	-1	-1	-1	-1	45	0	
156	15424959	9513	-1	21	汉中野猪		223.074173	65.415108	0	300640	10000	-1	-1	1	0	-1	-1	-1	-1	-1	-1	45	0	
157	15424965	9761	-1	21	凤翔毒蜘蛛		137.741409	117.017029	0	300640	10000	-1	-1	1	0	-1	-1	-1	-1	-1	-1	45	0	
158	15424966	9761	-1	21	凤翔毒蜘蛛		137.747864	116.89109	0	300640	10000	-1	-1	1	0	-1	-1	-1	-1	-1	-1	45	0	
159	15424968	9761	-1	21	凤翔毒蜘蛛		138.075455	118.902481	0	300640	10000	-1	-1	1	0	-1	-1	-1	-1	-1	-1	45	0	
160	15424969	9761	-1	21	凤翔毒蜘蛛		138.146576	117.668846	0	300640	10000	-1	-1	1	0	-1	-1	-1	-1	-1	-1	45	0	
161	15424970	9761	-1	21	凤翔毒蜘蛛		138.34465	118.190208	0	300640	10000	-1	-1	1	0	-1	-1	-1	-1	-1	-1	45	0	
162	15424971	9761	-1	21	凤翔毒蜘蛛		138.706253	117.455719	0	300640	10000	-1	-1	1	0	-1	-1	-1	-1	-1	-1	45	0	
163	15424972	9761	-1	21	凤翔毒蜘蛛		138.769135	118.745758	0	300640	10000	-1	-1	1	0	-1	-1	-1	-1	-1	-1	45	0	
164	15424973	9761	-1	21	凤翔毒蜘蛛		138.83139	117.087608	0	300640	10000	-1	-1	1	0	-1	-1	-1	-1	-1	-1	45	0	
165	15424974	9761	-1	21	凤翔毒蜘蛛		139.025818	118.148552	0	300640	10000	-1	-1	1	0	-1	-1	-1	-1	-1	-1	45	0	
166	15424975	9761	-1	21	凤翔毒蜘蛛		145.203354	142.155853	0	300640	10000	-1	-1	1	0	-1	-1	-1	-1	-1	-1	45	0	
167	15424976	9761	-1	21	凤翔毒蜘蛛		145.460663	142.741272	0	300640	10000	-1	-1	1	0	-1	-1	-1	-1	-1	-1	45	0	
168	15424977	9761	-1	21	凤翔毒蜘蛛		145.597549	142.613373	0	300640	10000	-1	-1	1	0	-1	-1	-1	-1	-1	-1	45	0	
169	15424978	9761	-1	21	凤翔毒蜘蛛		145.726776	142.770462	0	300640	10000	-1	-1	1	0	-1	-1	-1	-1	-1	-1	45	0	
170	15424979	9761	-1	21	凤翔毒蜘蛛		145.872757	142.223099	0	300640	10000	-1	-1	1	0	-1	-1	-1	-1	-1	-1	45	0	
171	15424980	9761	-1	21	凤翔毒蜘蛛		145.992599	142.799622	0	300640	10000	-1	-1	1	0	-1	-1	-1	-1	-1	-1	45	0	
172	15424981	9761	-1	21	凤翔毒蜘蛛		146.255981	142.965317	0	300640	10000	-1	-1	1	0	-1	-1	-1	-1	-1	-1	45	0	
173	15424982	9761	-1	21	凤翔毒蜘蛛		146.255981	142.965317	0	300640	10000	-1	-1	1	0	-1	-1	-1	-1	-1	-1	45	0	
174	15424983	9761	-1	21	凤翔毒蜘蛛		146.273239	142.263184	0	300640	10000	-1	-1	1	0	-1	-1	-1	-1	-1	-1	45	0	
175	15424984	9761	-1	21	凤翔毒蜘蛛		146.514709	143.273361	0	300640	10000	-1	-1	1	0	-1	-1	-1	-1	-1	-1	45	0	
176	15424985	9761	-1	21	凤翔毒蜘蛛		146.520798	142.995911	0	300640	10000	-1	-1	1	0	-1	-1	-1	-1	-1	-1	45	0	
177	15424986	9761	-1	21	凤翔毒蜘蛛		146.529312	142.712296	0	300640	10000	-1	-1	1	0	-1	-1	-1	-1	-1	-1	45	0	
178	15424987	9761	-1	21	凤翔毒蜘蛛		146.909561	143.320602	0	300640	10000	-1	-1	1	0	-1	-1	-1	-1	-1	-1	45	0	
179	15424988	9761	-1	21	凤翔毒蜘蛛		154.487366	164.163239	0	300640	10000	-1	-1	1	0	-1	-1	-1	-1	-1	-1	45	0	
180	15424989	9761	-1	21	凤翔毒蜘蛛		154.643173	164.606888	0	300640	10000	-1	-1	1	0	-1	-1	-1	-1	-1	-1	45	0	
181	15424990	9761	-1	21	凤翔毒蜘蛛		154.71579	163.57579	0	300640	10000	-1	-1	1	0	-1	-1	-1	-1	-1	-1	45	0	
182	15424991	9761	-1	21	凤翔毒蜘蛛		154.941254	165.230576	0	300640	10000	-1	-1	1	0	-1	-1	-1	-1	-1	-1	45	0	
183	15424992	9761	-1	21	凤翔毒蜘蛛		155.272339	164.142502	0	300640	10000	-1	-1	1	0	-1	-1	-1	-1	-1	-1	45	0	
184	15424993	9761	-1	21	凤翔毒蜘蛛		155.372269	163.644897	0	300640	10000	-1	-1	1	0	-1	-1	-1	-1	-1	-1	45	0	
185	15424994	9761	-1	21	凤翔毒蜘蛛		155.449997	164.863037	0	300640	10000	-1	-1	1	0	-1	-1	-1	-1	-1	-1	45	0	
186	15424995	9761	-1	21	凤翔毒蜘蛛		155.776001	165.895996	0	300640	10000	-1	-1	1	0	-1	-1	-1	-1	-1	-1	45	0	
187	15424996	9761	-1	21	凤翔毒蜘蛛		156.387909	165.026733	0	300640	10000	-1	-1	1	0	-1	-1	-1	-1	-1	-1	45	0	
188	15424997	9761	-1	21	凤翔毒蜘蛛		156.520309	164.938354	0	300640	10000	-1	-1	1	0	-1	-1	-1	-1	-1	-1	45	0	
189	15424998	9761	-1	21	凤翔毒蜘蛛		156.607666	164.173538	0	300640	10000	-1	-1	1	0	-1	-1	-1	-1	-1	-1	45	0	
190	15424999	9761	-1	21	凤翔毒蜘蛛		156.830185	165.950073	0	300640	10000	-1	-1	1	0	-1	-1	-1	-1	-1	-1	45	0	
191	15425008	9761	-1	21	凤翔毒蜘蛛		162.083038	119.748306	0	300640	10000	-1	-1	1	0	-1	-1	-1	-1	-1	-1	45	0	
192	15425009	9761	-1	21	凤翔毒蜘蛛		162.083038	119.548309	0	300640	10000	-1	-1	1	0	-1	-1	-1	-1	-1	-1	45	0	
193	15425010	9761	-1	21	凤翔毒蜘蛛		162.183044	119.548309	0	300640	10000	-1	-1	1	0	-1	-1	-1	-1	-1	-1	45	0	
194	15425011	9761	-1	21	凤翔毒蜘蛛		162.183044	119.748306	0	300640	10000	-1	-1	1	0	-1	-1	-1	-1	-1	-1	45	0	
195	15425012	9761	-1	21	凤翔毒蜘蛛		162.183044	119.648308	0	300640	10000	-1	-1	1	0	-1	-1	-1	-1	-1	-1	45	0	
196	15425013	9761	-1	21	凤翔毒蜘蛛		162.283035	119.648308	0	300640	10000	-1	-1	1	0	-1	-1	-1	-1	-1	-1	45	0	
197	15425014	9761	-1	21	凤翔毒蜘蛛		162.383041	119.648308	0	300640	10000	-1	-1	1	0	-1	-1	-1	-1	-1	-1	45	0	
198	15425047	9761	-1	21	凤翔毒蜘蛛		184.852585	99.904228	0	300640	10000	-1	-1	1	0	-1	-1	-1	-1	-1	-1	45	0	
199	15425049	9761	-1	21	凤翔毒蜘蛛		184.996521	100.396072	0	300640	10000	-1	-1	1	0	-1	-1	-1	-1	-1	-1	45	0	
200	15425050	9761	-1	21	凤翔毒蜘蛛		185.067566	100.152946	0	300640	10000	-1	-1	1	0	-1	-1	-1	-1	-1	-1	45	0	
201	15425051	9761	-1	21	凤翔毒蜘蛛		185.074432	101.540192	0	300640	10000	-1	-1	1	0	-1	-1	-1	-1	-1	-1	45	0	
202	15425052	9761	-1	21	凤翔毒蜘蛛		185.120667	100.163116	0	300640	10000	-1	-1	1	0	-1	-1	-1	-1	-1	-1	45	0	
203	15425053	9761	-1	21	凤翔毒蜘蛛		185.224792	100.153198	0	300640	10000	-1	-1	1	0	-1	-1	-1	-1	-1	-1	45	0	
204	15425054	9761	-1	21	凤翔毒蜘蛛		185.444397	99.698936	0	300640	10000	-1	-1	1	0	-1	-1	-1	-1	-1	-1	45	0	
205	15425055	9761	-1	21	凤翔毒蜘蛛		185.488907	101.687759	0	300640	10000	-1	-1	1	0	-1	-1	-1	-1	-1	-1	45	0	
206	15425058	9761	-1	21	凤翔毒蜘蛛		186.163361	101.473473	0	300640	10000	-1	-1	1	0	-1	-1	-1	-1	-1	-1	45	0	
207	15425059	9761	-1	21	凤翔毒蜘蛛		186.27597	100.107155	0	300640	10000	-1	-1	1	0	-1	-1	-1	-1	-1	-1	45	0	
208	15425061	9761	-1	21	凤翔毒蜘蛛		203.95636	131.503784	0	300640	10000	-1	-1	1	0	-1	-1	-1	-1	-1	-1	45	0	
209	15425063	9761	-1	21	凤翔毒蜘蛛		204.213089	131.600006	0	300640	10000	-1	-1	1	0	-1	-1	-1	-1	-1	-1	45	0	
210	15425064	9761	-1	21	凤翔毒蜘蛛		204.227234	132.206833	0	300640	10000	-1	-1	1	0	-1	-1	-1	-1	-1	-1	45	0	
211	15425065	9761	-1	21	凤翔毒蜘蛛		204.26973	131.688324	0	300640	10000	-1	-1	1	0	-1	-1	-1	-1	-1	-1	45	0	
212	15425066	9761	-1	21	凤翔毒蜘蛛		204.372101	132.550415	0	300640	10000	-1	-1	1	0	-1	-1	-1	-1	-1	-1	45	0	
213	15425067	9761	-1	21	凤翔毒蜘蛛		204.622375	131.514801	0	300640	10000	-1	-1	1	0	-1	-1	-1	-1	-1	-1	45	0	
214	15425070	9761	-1	21	凤翔毒蜘蛛		204.886353	132.383102	0	300640	10000	-1	-1	1	0	-1	-1	-1	-1	-1	-1	45	0	
215	15425071	9761	-1	21	凤翔毒蜘蛛		204.898605	132.21286	0	300640	10000	-1	-1	1	0	-1	-1	-1	-1	-1	-1	45	0	
216	15425072	9761	-1	21	凤翔毒蜘蛛		205.109207	131.696381	0	300640	10000	-1	-1	1	0	-1	-1	-1	-1	-1	-1	45	0	
217	15425073	9761	-1	21	凤翔毒蜘蛛		205.194519	131.614151	0	300640	10000	-1	-1	1	0	-1	-1	-1	-1	-1	-1	45	0	
218	15425074	9761	-1	21	凤翔毒蜘蛛		205.628296	131.525436	0	300640	10000	-1	-1	1	0	-1	-1	-1	-1	-1	-1	45	0	
219	15425082	9761	-1	21	凤翔毒蜘蛛		207.15918	96.943886	0	300640	10000	-1	-1	1	0	-1	-1	-1	-1	-1	-1	45	0	
220	15425085	9761	-1	21	凤翔毒蜘蛛		207.792145	97.419075	0	300640	10000	-1	-1	1	0	-1	-1	-1	-1	-1	-1	45	0	
221	15425086	9761	-1	21	凤翔毒蜘蛛		207.873047	98.204353	0	300640	10000	-1	-1	1	0	-1	-1	-1	-1	-1	-1	45	0	
222	15425087	9761	-1	21	凤翔毒蜘蛛		208.278366	98.67569	0	300640	10000	-1	-1	1	0	-1	-1	-1	-1	-1	-1	45	0	
223	15425088	9761	-1	21	凤翔毒蜘蛛		208.322449	98.019318	0	300640	10000	-1	-1	1	0	-1	-1	-1	-1	-1	-1	45	0	
224	15425089	9761	-1	21	凤翔毒蜘蛛		208.534851	98.859901	0	300640	10000	-1	-1	1	0	-1	-1	-1	-1	-1	-1	45	0	
225	15425090	9761	-1	21	凤翔毒蜘蛛		212.226929	41.528152	0	300640	10000	-1	-1	1	0	-1	-1	-1	-1	-1	-1	45	0	
226	15425091	9761	-1	21	凤翔毒蜘蛛		212.305344	41.916279	0	300640	10000	-1	-1	1	0	-1	-1	-1	-1	-1	-1	45	0	
227	15425092	9761	-1	21	凤翔毒蜘蛛		212.663986	41.402802	0	300640	10000	-1	-1	1	0	-1	-1	-1	-1	-1	-1	45	0	
228	15425093	9761	-1	21	凤翔毒蜘蛛		212.706299	42.294384	0	300640	10000	-1	-1	1	0	-1	-1	-1	-1	-1	-1	45	0	
229	15425094	9761	-1	21	凤翔毒蜘蛛		212.743195	40.933701	0	300640	10000	-1	-1	1	0	-1	-1	-1	-1	-1	-1	45	0	
230	15425095	9761	-1	21	凤翔毒蜘蛛		212.788361	40.385605	0	300640	10000	-1	-1	1	0	-1	-1	-1	-1	-1	-1	45	0	
231	15425096	9761	-1	21	凤翔毒蜘蛛		212.974792	40.794804	0	300640	10000	-1	-1	1	0	-1	-1	-1	-1	-1	-1	45	0	
232	15425097	9761	-1	21	凤翔毒蜘蛛		212.97995	41.846523	0	300640	10000	-1	-1	1	0	-1	-1	-1	-1	-1	-1	45	0	
233	15425098	9761	-1	21	凤翔毒蜘蛛		213.01976	41.370098	0	300640	10000	-1	-1	1	0	-1	-1	-1	-1	-1	-1	45	0	
234	15425099	9761	-1	21	凤翔毒蜘蛛		213.15329	40.712559	0	300640	10000	-1	-1	1	0	-1	-1	-1	-1	-1	-1	45	0	
235	15425100	9761	-1	21	凤翔毒蜘蛛		213.214157	41.523251	0	300640	10000	-1	-1	1	0	-1	-1	-1	-1	-1	-1	45	0	
236	15425101	9761	-1	21	凤翔毒蜘蛛		213.284729	41.008858	0	300640	10000	-1	-1	1	0	-1	-1	-1	-1	-1	-1	45	0	
237	15425102	9761	-1	21	凤翔毒蜘蛛		213.561951	41.444431	0	300640	10000	-1	-1	1	0	-1	-1	-1	-1	-1	-1	45	0	
238	15425103	9761	-1	21	凤翔毒蜘蛛		213.628082	42.138729	0	300640	10000	-1	-1	1	0	-1	-1	-1	-1	-1	-1	45	0	
239	15425104	9761	-1	21	凤翔毒蜘蛛		213.778625	41.71534	0	300640	10000	-1	-1	1	0	-1	-1	-1	-1	-1	-1	45	0	
240	15425112	9761	-1	21	凤翔毒蜘蛛		220.995346	118.284363	0	300640	10000	-1	-1	1	0	-1	-1	-1	-1	-1	-1	45	0	
241	15425113	9761	-1	21	凤翔毒蜘蛛		221.136322	118.073318	0	300640	10000	-1	-1	1	0	-1	-1	-1	-1	-1	-1	45	0	
242	15425114	9761	-1	21	凤翔毒蜘蛛		221.403564	118.362373	0	300640	10000	-1	-1	1	0	-1	-1	-1	-1	-1	-1	45	0	
243	15425116	9761	-1	21	凤翔毒蜘蛛		221.541473	118.979256	0	300640	10000	-1	-1	1	0	-1	-1	-1	-1	-1	-1	45	0	
244	15425118	9761	-1	21	凤翔毒蜘蛛		221.800812	118.340912	0	300640	10000	-1	-1	1	0	-1	-1	-1	-1	-1	-1	45	0	
245	15425119	9761	-1	21	凤翔毒蜘蛛		221.885422	119.16993	0	300640	10000	-1	-1	1	0	-1	-1	-1	-1	-1	-1	45	0	
246	15424994	1210	400172	20	凤翔府守军		154.503616	209.017838	18	0	10000	-1	-1	3	0	-1	-1	-1	-1	-1	-1	45	0	
247	15424995	1210	400167	20	凤翔府守军		154.932953	197.170502	18	0	10000	-1	-1	3	0	-1	-1	-1	-1	-1	-1	45	0	
248	15424997	1210	400168	20	凤翔府守军		208.402069	156.259766	9	0	10000	-1	-1	3	0	-1	-1	-1	-1	-1	-1	45	0	
249	15424998	1210	400169	20	凤翔府守军		194.76149	156.144531	9	0	10000	-1	-1	3	0	-1	-1	-1	-1	-1	-1	45	0	
250	15425120	1210	400170	20	凤翔府守军		122.680519	199.409256	0	0	10000	-1	-1	3	0	-1	-1	-1	-1	-1	-1	45	0	
251	15425121	1210	400171	20	凤翔府守军		122.404884	204.970856	0	0	10000	-1	-1	3	0	-1	-1	-1	-1	-1	-1	45	0	
252	14633261	1320	101544	20	前往迷宫三层	王国迷宫传送	202	162	9	0	10000	-1	-1	3	0	-1	-1	-1	-1	-1	-1	60	0	
253	7336799	4295	101682	-1	组队指引人		155	68	14	-1	1000	-1	-1	3	0	-1	-1	-1	-1	-1	-1	100	0	
