NUM	NUM	NUM	NUM	NUM	TEXT	TEXT	FLOAT	FLOAT	NUM	NUM	NUM	NUM	NUM	NUM	NUM	NUM	NUM	NUM	NUM	NUM	NUM	NUM	NUM
编号	随机编号	attr编号	逻辑表编号	阵营编号	名称	称号	x轴坐标	z轴坐标	朝向	脚本编号	重生时间	分组编号	队伍编号	基础AI	AI文件	巡逻路径	商店0	商店1	商店2	商店3	名誉ID	等级	镜像组
0	15052370	2600	101114	-1	楼兰猎场	楼兰王国传送人	198.800003	84.599998	13	-1	1000	-1	-1	3	0	-1	-1	-1	-1	-1	-1	100	0	
1	15052371	11992	125000	-1	雄鹰长老	楼兰先贤	201.961761	74.766678	19	-1	1000	-1	-1	3	0	-1	-1	-1	-1	-1	-1	20	0	
2	15052372	12000	125001	-1	智者哈达		193.795334	84.419113	9	-1	1000	-1	-1	3	0	-1	-1	-1	-1	-1	-1	20	0	
3	15052373	11980	125002	-1	刀之灵		145.948013	105.703278	16	-1	1000	-1	-1	3	0	-1	-1	-1	-1	-1	-1	20	0	
4	15052374	11981	125003	-1	剑之灵		142.498581	106.767242	16	-1	1000	-1	-1	3	0	-1	-1	-1	-1	-1	-1	20	0	
5	15052375	11982	125004	-1	枪之灵		138.912964	107.348297	20	-1	1000	-1	-1	3	0	-1	-1	-1	-1	-1	-1	20	0	
6	15052376	11983	125005	-1	弓之灵		135.458237	106.93779	20	-1	1000	-1	-1	3	0	-1	-1	-1	-1	-1	-1	20	0	
7	15052377	11984	125006	-1	槌之灵		131.230957	106.392273	20	-1	1000	-1	-1	3	0	-1	-1	-1	-1	-1	-1	20	0	
8	15052378	11985	125007	-1	杖之灵		127.45314	104.692245	24	-1	1000	-1	-1	3	0	-1	-1	-1	-1	-1	-1	20	0	
9	15052379	11986	125008	-1	矛之灵		146.647934	94.060715	24	-1	1000	-1	-1	3	0	-1	-1	-1	-1	-1	-1	20	0	
10	15052380	11987	125009	-1	令之灵		142.856567	92.600685	24	-1	1000	-1	-1	3	0	-1	-1	-1	-1	-1	-1	20	0	
11	15052381	11988	125010	-1	弩之灵		139.077652	91.691559	28	-1	1000	-1	-1	3	0	-1	-1	-1	-1	-1	-1	20	0	
12	15052382	11989	125011	-1	铳之灵		134.530548	91.384277	28	-1	1000	-1	-1	3	0	-1	-1	-1	-1	-1	-1	20	0	
13	15052383	11990	125012	-1	幡之灵		130.710617	92.406601	28	-1	1000	-1	-1	3	0	-1	-1	-1	-1	-1	-1	20	0	
14	15052384	11991	125013	-1	圣十字之灵		127.170868	94.255547	32	-1	1000	-1	-1	3	0	-1	-1	-1	-1	-1	-1	20	0	
15	15052385	11994	125014	-1	苍狼长老	楼兰先贤	143.098633	99.575409	0	-1	1000	-1	-1	3	0	-1	-1	-1	-1	-1	-1	20	0	
16	15052386	11995	125015	-1	木图	白鹿长老的随从	80.549034	71.799294	25	-1	1000	-1	-1	3	0	-1	-1	-1	-1	-1	-1	20	0	
17	15052387	11996	125016	-1	白鹿长老	楼兰先贤	74.240761	116.547867	6	-1	1000	-1	-1	3	0	-1	-1	-1	-1	-1	-1	20	0	
18	15052389	11960	125018	-1	铁武	新兵军需官	145	203	18	-1	1000	-1	-1	3	0	-1	-1	-1	-1	-1	-1	20	0	
19	15052391	11960	125026	-1	铁力	新兵教官	142.310608	197.184616	26	-1	1000	-1	-1	3	0	-1	-1	-1	-1	-1	-1	20	0	
20	8699010	11971	-1	21	草原狼		112.267776	35.051865	16	-1	1000	-1	-1	1	-1	-1	-1	-1	-1	-1	-1	6	0	
21	8699013	11971	-1	21	草原狼		102.483978	66.941582	16	-1	1000	-1	-1	1	-1	-1	-1	-1	-1	-1	-1	6	0	
22	8699014	11971	-1	21	草原狼		122.879837	51.834427	16	-1	1000	-1	-1	1	-1	-1	-1	-1	-1	-1	-1	6	0	
23	8699017	11971	-1	21	草原狼		118.73349	36.52919	18	-1	1000	-1	-1	1	-1	-1	-1	-1	-1	-1	-1	6	0	
24	8699019	11971	-1	21	草原狼		120.035751	28.615362	18	-1	1000	-1	-1	1	-1	-1	-1	-1	-1	-1	-1	6	0	
25	8699024	11971	-1	21	草原狼		110.148285	30.113604	18	-1	1000	-1	-1	1	-1	-1	-1	-1	-1	-1	-1	6	0	
26	8699028	11971	-1	21	草原狼		104.529663	31.394991	16	-1	1000	-1	-1	1	-1	-1	-1	-1	-1	-1	-1	6	0	
27	8699031	11971	-1	21	草原狼		131.437164	52.144054	16	-1	1000	-1	-1	1	-1	-1	-1	-1	-1	-1	-1	6	0	
28	8699032	11971	-1	21	草原狼		129.086685	34.982677	18	-1	1000	-1	-1	1	-1	-1	-1	-1	-1	-1	-1	6	0	
29	8699034	11971	-1	21	草原狼		139.532394	32.859169	16	-1	1000	-1	-1	1	-1	-1	-1	-1	-1	-1	-1	6	0	
30	8699050	11971	-1	21	草原狼		112.460999	58.786869	18	-1	1000	-1	-1	1	-1	-1	-1	-1	-1	-1	-1	6	0	
31	8699052	11971	-1	21	草原狼		111.384933	64.147507	16	-1	1000	-1	-1	1	-1	-1	-1	-1	-1	-1	-1	6	0	
32	8699057	11971	-1	21	草原狼		119.819824	65.517639	18	-1	1000	-1	-1	1	-1	-1	-1	-1	-1	-1	-1	6	0	
33	8699064	11971	-1	21	草原狼		96.078018	62.95369	16	-1	1000	-1	-1	1	-1	-1	-1	-1	-1	-1	-1	6	0	
34	8699068	11971	-1	21	草原狼		134.938232	45.552372	18	-1	1000	-1	-1	1	-1	-1	-1	-1	-1	-1	-1	6	0	
35	8699070	11971	-1	21	草原狼		106.133392	44.08498	18	-1	1000	-1	-1	1	-1	-1	-1	-1	-1	-1	-1	6	0	
36	8699075	11971	-1	21	草原狼		100.045593	49.111416	18	-1	1000	-1	-1	1	-1	-1	-1	-1	-1	-1	-1	6	0	
37	8699104	11971	-1	21	草原狼		119.285767	43.990265	18	-1	1000	-1	-1	1	-1	-1	-1	-1	-1	-1	-1	6	0	
38	8699109	11971	-1	21	草原狼		105.879745	58.815506	18	-1	1000	-1	-1	1	-1	-1	-1	-1	-1	-1	-1	6	0	
39	8699111	11971	-1	21	草原狼		138.948334	42.084179	18	-1	1000	-1	-1	1	-1	-1	-1	-1	-1	-1	-1	6	0	
40	8699115	11971	-1	21	草原狼		109.904175	53.394852	16	-1	1000	-1	-1	1	-1	-1	-1	-1	-1	-1	-1	6	0	
41	8699116	11971	-1	21	草原狼		100.098221	39.661697	18	-1	1000	-1	-1	1	-1	-1	-1	-1	-1	-1	-1	6	0	
42	8699144	11971	-1	21	草原狼		125.629257	59.051796	16	-1	1000	-1	-1	1	-1	-1	-1	-1	-1	-1	-1	6	0	
43	8699146	11971	-1	21	草原狼		126.205536	45.925743	16	-1	1000	-1	-1	1	-1	-1	-1	-1	-1	-1	-1	6	0	
44	8699153	11971	-1	21	草原狼		107.617966	39.043602	18	-1	1000	-1	-1	1	-1	-1	-1	-1	-1	-1	-1	6	0	
45	8699155	11971	-1	21	草原狼		119.645599	59.627125	16	-1	1000	-1	-1	1	-1	-1	-1	-1	-1	-1	-1	6	0	
46	8699174	11971	-1	21	草原狼		144.790024	37.478046	18	-1	1000	-1	-1	1	-1	-1	-1	-1	-1	-1	-1	6	0	
47	8699187	11971	-1	21	草原狼		124.991196	39.764774	18	-1	1000	-1	-1	1	-1	-1	-1	-1	-1	-1	-1	6	0	
48	8699189	11971	-1	21	草原狼		130.421844	28.641113	18	-1	1000	-1	-1	1	-1	-1	-1	-1	-1	-1	-1	6	0	
49	8699191	11971	-1	21	草原狼		109.470642	49.129791	18	-1	1000	-1	-1	1	-1	-1	-1	-1	-1	-1	-1	6	0	
50	8699194	11971	-1	21	草原狼		113.511368	40.865379	18	-1	1000	-1	-1	1	-1	-1	-1	-1	-1	-1	-1	6	0	
51	8699198	11971	-1	21	草原狼		95.084045	46.223602	18	-1	1000	-1	-1	1	-1	-1	-1	-1	-1	-1	-1	6	0	
52	8699201	11971	-1	21	草原狼		133.165054	40.321583	18	-1	1000	-1	-1	1	-1	-1	-1	-1	-1	-1	-1	6	0	
53	8699205	11971	-1	21	草原狼		105.699356	25.914307	18	-1	1000	-1	-1	1	-1	-1	-1	-1	-1	-1	-1	6	0	
54	8699215	11971	-1	21	草原狼		101.863647	55.829193	18	-1	1000	-1	-1	1	-1	-1	-1	-1	-1	-1	-1	6	0	
55	15052545	11971	-1	21	草原狼		81.397858	44.678963	0	0	1000	-1	-1	1	-1	-1	-1	-1	-1	-1	-1	6	0	
56	15052546	11971	-1	21	草原狼		86.443848	48.443901	0	0	1000	-1	-1	1	-1	-1	-1	-1	-1	-1	-1	6	0	
57	15052547	11971	-1	21	草原狼		90.930603	31.340702	0	0	1000	-1	-1	1	-1	-1	-1	-1	-1	-1	-1	6	0	
58	15052548	11971	-1	21	草原狼		82.055138	36.30835	0	0	1000	-1	-1	1	-1	-1	-1	-1	-1	-1	-1	6	0	
59	15052549	11971	-1	21	草原狼		70.877327	28.829727	0	0	1000	-1	-1	1	-1	-1	-1	-1	-1	-1	-1	6	0	
60	15052550	11971	-1	21	草原狼		97.064117	33.567902	0	0	1000	-1	-1	1	-1	-1	-1	-1	-1	-1	-1	6	0	
61	15052551	11971	-1	21	草原狼		72.832283	37.286667	0	0	1000	-1	-1	1	-1	-1	-1	-1	-1	-1	-1	6	0	
62	15052552	11971	-1	21	草原狼		75.442719	43.597633	0	0	1000	-1	-1	1	-1	-1	-1	-1	-1	-1	-1	6	0	
63	15052553	11971	-1	21	草原狼		76.51429	50.92675	0	0	1000	-1	-1	1	-1	-1	-1	-1	-1	-1	-1	6	0	
64	15052554	11971	-1	21	草原狼		92.713226	54.379105	0	0	1000	-1	-1	1	-1	-1	-1	-1	-1	-1	-1	6	0	
65	15052555	11971	-1	21	草原狼		58.173901	38.7047	0	0	1000	-1	-1	1	-1	-1	-1	-1	-1	-1	-1	6	0	
66	15052556	11971	-1	21	草原狼		60.691254	29.282127	0	0	1000	-1	-1	1	-1	-1	-1	-1	-1	-1	-1	6	0	
67	15052557	11971	-1	21	草原狼		64.921097	36.57753	0	0	1000	-1	-1	1	-1	-1	-1	-1	-1	-1	-1	6	0	
68	15052558	11971	-1	21	草原狼		63.24173	42.23951	0	0	1000	-1	-1	1	-1	-1	-1	-1	-1	-1	-1	6	0	
69	15052559	11971	-1	21	草原狼		62.162636	49.180779	0	0	1000	-1	-1	1	-1	-1	-1	-1	-1	-1	-1	6	0	
70	15052560	11971	-1	21	草原狼		66.404892	56.301445	0	0	1000	-1	-1	1	-1	-1	-1	-1	-1	-1	-1	6	0	
71	15052561	11971	-1	21	草原狼		70.406364	47.054657	0	0	1000	-1	-1	1	-1	-1	-1	-1	-1	-1	-1	6	0	
72	15052562	11971	-1	21	草原狼		49.376335	36.617424	0	0	1000	-1	-1	1	-1	-1	-1	-1	-1	-1	-1	6	0	
73	15052563	11971	-1	21	草原狼		49.364037	27.938263	0	0	1000	-1	-1	1	-1	-1	-1	-1	-1	-1	-1	6	0	
74	15052564	11971	-1	21	草原狼		55.363808	44.951126	0	0	1000	-1	-1	1	-1	-1	-1	-1	-1	-1	-1	6	0	
75	15052565	11971	-1	21	草原狼		56.391834	51.841908	0	0	1000	-1	-1	1	-1	-1	-1	-1	-1	-1	-1	6	0	
76	15052566	11971	-1	21	草原狼		57.413185	57.607117	0	0	1000	-1	-1	1	-1	-1	-1	-1	-1	-1	-1	6	0	
77	15052567	11971	-1	21	草原狼		48.892822	55.498047	0	0	1000	-1	-1	1	-1	-1	-1	-1	-1	-1	-1	6	0	
78	15052568	11971	-1	21	草原狼		45.829346	48.369987	0	0	1000	-1	-1	1	-1	-1	-1	-1	-1	-1	-1	6	0	
79	15052569	11971	-1	21	草原狼		43.984024	40.640411	0	0	1000	-1	-1	1	-1	-1	-1	-1	-1	-1	-1	6	0	
80	15052570	11971	-1	21	草原狼		41.291553	30.715635	0	0	1000	-1	-1	1	-1	-1	-1	-1	-1	-1	-1	6	0	
81	15052571	11971	-1	21	草原狼		36.57679	61.512459	0	0	1000	-1	-1	1	-1	-1	-1	-1	-1	-1	-1	6	0	
82	15052572	11971	-1	21	草原狼		31.703312	52.665031	0	0	1000	-1	-1	1	-1	-1	-1	-1	-1	-1	-1	6	0	
83	15052573	11971	-1	21	草原狼		41.506485	57.790352	0	0	1000	-1	-1	1	-1	-1	-1	-1	-1	-1	-1	6	0	
84	15052574	11971	-1	21	草原狼		45.601776	64.741638	0	0	1000	-1	-1	1	-1	-1	-1	-1	-1	-1	-1	6	0	
85	15052575	11971	-1	21	草原狼		54.344177	63.78965	0	0	1000	-1	-1	1	-1	-1	-1	-1	-1	-1	-1	6	0	
86	15052576	11971	-1	21	草原狼		54.35025	71.162064	0	0	1000	-1	-1	1	-1	-1	-1	-1	-1	-1	-1	6	0	
87	15052577	11971	-1	21	草原狼		41.048309	73.411423	0	0	1000	-1	-1	1	-1	-1	-1	-1	-1	-1	-1	6	0	
88	15052578	11971	-1	21	草原狼		31.726437	70.040253	0	0	1000	-1	-1	1	-1	-1	-1	-1	-1	-1	-1	6	0	
89	15052579	11971	-1	21	草原狼		38.769356	67.463158	0	0	1000	-1	-1	1	-1	-1	-1	-1	-1	-1	-1	6	0	
90	15052580	11971	-1	21	草原狼		42.6978	79.265831	0	0	1000	-1	-1	1	-1	-1	-1	-1	-1	-1	-1	6	0	
91	15052582	11971	-1	21	草原狼		35.79248	81.738258	0	0	1000	-1	-1	1	-1	-1	-1	-1	-1	-1	-1	6	0	
92	15052583	11971	-1	21	草原狼		40.731476	84.73455	0	0	1000	-1	-1	1	-1	-1	-1	-1	-1	-1	-1	6	0	
93	15052584	11971	-1	21	草原狼		35.503624	26.034512	0	0	1000	-1	-1	1	-1	-1	-1	-1	-1	-1	-1	6	0	
94	15052585	11971	-1	21	草原狼		47.264252	71.266609	0	0	1000	-1	-1	1	-1	-1	-1	-1	-1	-1	-1	6	0	
95	15052586	11971	-1	21	草原狼		34.318329	74.669899	0	0	1000	-1	-1	1	-1	-1	-1	-1	-1	-1	-1	6	0	
96	15052587	11971	-1	21	草原狼		49.599655	76.923691	0	0	1000	-1	-1	1	-1	-1	-1	-1	-1	-1	-1	6	0	
97	15052589	11971	-1	21	草原狼		61.392487	63.024624	0	0	1000	-1	-1	1	-1	-1	-1	-1	-1	-1	-1	6	0	
98	15052590	11971	-1	21	草原狼		62.820866	71.018951	0	0	1000	-1	-1	1	-1	-1	-1	-1	-1	-1	-1	6	0	
99	15052591	11971	-1	21	草原狼		57.687973	75.41465	0	0	1000	-1	-1	1	-1	-1	-1	-1	-1	-1	-1	6	0	
100	15052592	11971	-1	21	草原狼		47.087112	82.158386	0	0	1000	-1	-1	1	-1	-1	-1	-1	-1	-1	-1	6	0	
101	15052593	11971	-1	21	草原狼		54.21748	80.822838	0	0	1000	-1	-1	1	-1	-1	-1	-1	-1	-1	-1	6	0	
102	15052597	11971	-1	21	草原狼		31.201748	58.343781	0	0	1000	-1	-1	1	-1	-1	-1	-1	-1	-1	-1	6	0	
103	15052598	11971	-1	21	草原狼		49.375599	61.32069	0	0	1000	-1	-1	1	-1	-1	-1	-1	-1	-1	-1	6	0	
104	15052599	11971	-1	21	草原狼		57.25621	66.709236	0	0	1000	-1	-1	1	-1	-1	-1	-1	-1	-1	-1	6	0	
105	15052600	11971	-1	21	草原狼		61.246239	55.344276	0	0	1000	-1	-1	1	-1	-1	-1	-1	-1	-1	-1	6	0	
106	15052602	11971	-1	21	草原狼		51.266388	49.439487	0	0	1000	-1	-1	1	-1	-1	-1	-1	-1	-1	-1	6	0	
107	15052603	11971	-1	21	草原狼		36.733574	38.804337	0	0	1000	-1	-1	1	-1	-1	-1	-1	-1	-1	-1	6	0	
108	15052604	11971	-1	21	草原狼		32.469238	31.154278	0	0	1000	-1	-1	1	-1	-1	-1	-1	-1	-1	-1	6	0	
109	15052605	11971	-1	21	草原狼		40.499786	24.467354	0	0	1000	-1	-1	1	-1	-1	-1	-1	-1	-1	-1	6	0	
110	15052606	11971	-1	21	草原狼		41.043068	36.247177	0	0	1000	-1	-1	1	-1	-1	-1	-1	-1	-1	-1	6	0	
111	15052607	11971	-1	21	草原狼		46.207012	32.443104	0	0	1000	-1	-1	1	-1	-1	-1	-1	-1	-1	-1	6	0	
112	15052608	11971	-1	21	草原狼		52.150391	32.799767	0	0	1000	-1	-1	1	-1	-1	-1	-1	-1	-1	-1	6	0	
113	15052609	11971	-1	21	草原狼		53.733364	27.968067	0	0	1000	-1	-1	1	-1	-1	-1	-1	-1	-1	-1	6	0	
114	15052610	11971	-1	21	草原狼		56.976513	32.634777	0	0	1000	-1	-1	1	-1	-1	-1	-1	-1	-1	-1	6	0	
115	15052612	11971	-1	21	草原狼		47.873463	44.120529	0	0	1000	-1	-1	1	-1	-1	-1	-1	-1	-1	-1	6	0	
116	15052614	11971	-1	21	草原狼		65.406479	45.555252	0	0	1000	-1	-1	1	-1	-1	-1	-1	-1	-1	-1	6	0	
117	15052615	11971	-1	21	草原狼		65.584328	51.826141	0	0	1000	-1	-1	1	-1	-1	-1	-1	-1	-1	-1	6	0	
118	15052616	11971	-1	21	草原狼		70.139114	51.7561	0	0	1000	-1	-1	1	-1	-1	-1	-1	-1	-1	-1	6	0	
119	15052617	11971	-1	21	草原狼		81.281631	50.217827	0	0	1000	-1	-1	1	-1	-1	-1	-1	-1	-1	-1	6	0	
120	15052619	11971	-1	21	草原狼		69.382027	41.138573	0	0	1000	-1	-1	1	-1	-1	-1	-1	-1	-1	-1	6	0	
121	15052620	11971	-1	21	草原狼		65.597763	30.804014	0	0	1000	-1	-1	1	-1	-1	-1	-1	-1	-1	-1	6	0	
122	15052621	11971	-1	21	草原狼		75.403183	32.049122	0	0	1000	-1	-1	1	-1	-1	-1	-1	-1	-1	-1	6	0	
123	15052622	11971	-1	21	草原狼		77.593849	26.395674	0	0	1000	-1	-1	1	-1	-1	-1	-1	-1	-1	-1	6	0	
124	15052623	11971	-1	21	草原狼		83.876434	30.851328	0	0	1000	-1	-1	1	-1	-1	-1	-1	-1	-1	-1	6	0	
125	15052624	11971	-1	21	草原狼		78.9459	40.28701	0	0	1000	-1	-1	1	-1	-1	-1	-1	-1	-1	-1	6	0	
126	15052625	11971	-1	21	草原狼		89.310066	37.368176	0	0	1000	-1	-1	1	-1	-1	-1	-1	-1	-1	-1	6	0	
127	15052626	11971	-1	21	草原狼		87.498535	44.061405	0	0	1000	-1	-1	1	-1	-1	-1	-1	-1	-1	-1	6	0	
128	15052627	11971	-1	21	草原狼		93.990746	39.998154	0	0	1000	-1	-1	1	-1	-1	-1	-1	-1	-1	-1	6	0	
129	15052628	11971	-1	21	草原狼		97.01413	27.269835	0	0	1000	-1	-1	1	-1	-1	-1	-1	-1	-1	-1	6	0	
130	15052629	11971	-1	21	草原狼		96.79512	57.693592	0	0	1000	-1	-1	1	-1	-1	-1	-1	-1	-1	-1	6	0	
131	15052630	11971	-1	21	草原狼		92.212646	49.475983	0	0	1000	-1	-1	1	-1	-1	-1	-1	-1	-1	-1	6	0	
132	15052632	11971	-1	21	草原狼		86.182938	53.924126	0	0	1000	-1	-1	1	-1	-1	-1	-1	-1	-1	-1	6	0	
133	15052633	11971	-1	21	草原狼		112.848221	45.113113	0	0	1000	-1	-1	1	-1	-1	-1	-1	-1	-1	-1	6	0	
134	15052634	11971	-1	21	草原狼		117.808228	48.050777	0	0	1000	-1	-1	1	-1	-1	-1	-1	-1	-1	-1	6	0	
135	15052635	11971	-1	21	草原狼		124.296303	31.157305	0	0	1000	-1	-1	1	-1	-1	-1	-1	-1	-1	-1	6	0	
136	15052636	11971	-1	21	草原狼		134.024826	31.971376	0	0	1000	-1	-1	1	-1	-1	-1	-1	-1	-1	-1	6	0	
137	15052637	11971	-1	21	草原狼		137.709534	36.305782	0	0	1000	-1	-1	1	-1	-1	-1	-1	-1	-1	-1	6	0	
138	15052638	11971	-1	21	草原狼		118.602089	55.776417	0	0	1000	-1	-1	1	-1	-1	-1	-1	-1	-1	-1	6	0	
139	15052639	11971	-1	21	草原狼		127.43692	53.847946	0	0	1000	-1	-1	1	-1	-1	-1	-1	-1	-1	-1	6	0	
140	15052640	11971	-1	21	草原狼		106.039139	63.691002	0	0	1000	-1	-1	1	-1	-1	-1	-1	-1	-1	-1	6	0	
141	15052641	11971	-1	21	草原狼		100.604156	60.705311	0	0	1000	-1	-1	1	-1	-1	-1	-1	-1	-1	-1	6	0	
142	8706699	11970	-1	21	草原棕熊		44.414459	216.013657	0	-1	1000	-1	-1	1	-1	-1	-1	-1	-1	-1	-1	9	0	
143	8706711	11970	-1	21	草原棕熊		34.127323	197.303665	7	-1	1000	-1	-1	1	-1	-1	-1	-1	-1	-1	-1	9	0	
144	8706714	11970	-1	21	草原棕熊		88.4235	222.735153	27	-1	1000	-1	-1	1	-1	-1	-1	-1	-1	-1	-1	9	0	
145	8706718	11970	-1	21	草原棕熊		37.029015	184.181168	12	-1	1000	-1	-1	1	-1	-1	-1	-1	-1	-1	-1	9	0	
146	8706720	11970	-1	21	草原棕熊		37.898026	204.268829	22	-1	1000	-1	-1	1	-1	-1	-1	-1	-1	-1	-1	9	0	
147	8706721	11970	-1	21	草原棕熊		46.981712	163.909882	12	-1	1000	-1	-1	1	-1	-1	-1	-1	-1	-1	-1	9	0	
148	8706722	11970	-1	21	草原棕熊		52.018822	217.196442	22	-1	1000	-1	-1	1	-1	-1	-1	-1	-1	-1	-1	9	0	
149	8706724	11970	-1	21	草原棕熊		50.539013	207.830399	14	-1	1000	-1	-1	1	-1	-1	-1	-1	-1	-1	-1	9	0	
150	8707399	11970	-1	21	草原棕熊		79.544815	208.23851	14	-1	1000	-1	-1	1	-1	-1	-1	-1	-1	-1	-1	9	0	
151	8707401	11970	-1	21	草原棕熊		55.965363	166.628677	14	-1	1000	-1	-1	1	-1	-1	-1	-1	-1	-1	-1	9	0	
152	8707402	11970	-1	21	草原棕熊		98.671455	209.866257	14	-1	1000	-1	-1	1	-1	-1	-1	-1	-1	-1	-1	9	0	
153	8707437	11970	-1	21	草原棕熊		38.136955	211.090958	14	-1	1000	-1	-1	1	-1	-1	-1	-1	-1	-1	-1	9	0	
154	8707438	11970	-1	21	草原棕熊		58.089294	222.988571	14	-1	1000	-1	-1	1	-1	-1	-1	-1	-1	-1	-1	9	0	
155	8706699	11970	-1	21	草原棕熊		49.993637	174.522049	0	-1	1000	-1	-1	1	-1	-1	-1	-1	-1	-1	-1	9	0	
156	8706711	11970	-1	21	草原棕熊		62.361572	202.196045	7	-1	1000	-1	-1	1	-1	-1	-1	-1	-1	-1	-1	9	0	
157	8706714	11970	-1	21	草原棕熊		73.440231	192.165192	27	-1	1000	-1	-1	1	-1	-1	-1	-1	-1	-1	-1	9	0	
158	8706716	11970	-1	21	草原棕熊		73.470116	213.643555	12	-1	1000	-1	-1	1	-1	-1	-1	-1	-1	-1	-1	9	0	
159	8706717	11970	-1	21	草原棕熊		62.929749	188.807098	24	-1	1000	-1	-1	1	-1	-1	-1	-1	-1	-1	-1	9	0	
160	8706718	11970	-1	21	草原棕熊		81.90432	226.429779	12	-1	1000	-1	-1	1	-1	-1	-1	-1	-1	-1	-1	9	0	
161	8706720	11970	-1	21	草原棕熊		90.841446	206.186951	22	-1	1000	-1	-1	1	-1	-1	-1	-1	-1	-1	-1	9	0	
162	8706721	11970	-1	21	草原棕熊		65.008194	181.821335	12	-1	1000	-1	-1	1	-1	-1	-1	-1	-1	-1	-1	9	0	
163	8706722	11970	-1	21	草原棕熊		67.930283	192.55722	22	-1	1000	-1	-1	1	-1	-1	-1	-1	-1	-1	-1	9	0	
164	8706724	11970	-1	21	草原棕熊		82.795685	217.038864	14	-1	1000	-1	-1	1	-1	-1	-1	-1	-1	-1	-1	9	0	
165	8706728	11970	-1	21	草原棕熊		88.176826	230.279541	14	-1	1000	-1	-1	1	-1	-1	-1	-1	-1	-1	-1	9	0	
166	8707398	11970	-1	21	草原棕熊		53.378647	196.235275	14	-1	1000	-1	-1	1	-1	-1	-1	-1	-1	-1	-1	9	0	
167	8707401	11970	-1	21	草原棕熊		73.976883	183.203476	14	-1	1000	-1	-1	1	-1	-1	-1	-1	-1	-1	-1	9	0	
168	8707402	11970	-1	21	草原棕熊		87.370293	193.598816	14	-1	1000	-1	-1	1	-1	-1	-1	-1	-1	-1	-1	9	0	
169	8707435	11970	-1	21	草原棕熊		79.870667	194.60199	14	-1	1000	-1	-1	1	-1	-1	-1	-1	-1	-1	-1	9	0	
170	8707437	11970	-1	21	草原棕熊		79.947617	184.930038	14	-1	1000	-1	-1	1	-1	-1	-1	-1	-1	-1	-1	9	0	
171	8707438	11970	-1	21	草原棕熊		55.778717	203.943054	14	-1	1000	-1	-1	1	-1	-1	-1	-1	-1	-1	-1	9	0	
172	8707439	11970	-1	21	草原棕熊		90.049919	213.440277	14	-1	1000	-1	-1	1	-1	-1	-1	-1	-1	-1	-1	9	0	
173	8707440	11970	-1	21	草原棕熊		61.631302	212.356003	14	-1	1000	-1	-1	1	-1	-1	-1	-1	-1	-1	-1	9	0	
174	8707442	11970	-1	21	草原棕熊		41.431328	197.964462	34	-1	1000	-1	-1	1	-1	-1	-1	-1	-1	-1	-1	9	0	
175	8707446	11970	-1	21	草原棕熊		75.775352	221.552734	18	-1	1000	-1	-1	1	-1	-1	-1	-1	-1	-1	-1	9	0	
176	8707609	11970	-1	21	草原棕熊		91.911697	187.490082	18	-1	1000	-1	-1	1	-1	-1	-1	-1	-1	-1	-1	9	0	
177	8707610	11970	-1	21	草原棕熊		66.321442	218.578323	18	-1	1000	-1	-1	1	-1	-1	-1	-1	-1	-1	-1	9	0	
178	8707611	11970	-1	21	草原棕熊		68.515648	207.054138	18	-1	1000	-1	-1	1	-1	-1	-1	-1	-1	-1	-1	9	0	
179	8707612	11970	-1	21	草原棕熊		96.59742	218.844925	12	-1	1000	-1	-1	1	-1	-1	-1	-1	-1	-1	-1	9	0	
180	8707614	11970	-1	21	草原棕熊		41.509865	189.723007	14	-1	1000	-1	-1	1	-1	-1	-1	-1	-1	-1	-1	9	0	
181	8707616	11970	-1	21	草原棕熊		57.407272	181.238571	14	-1	1000	-1	-1	1	-1	-1	-1	-1	-1	-1	-1	9	0	
182	8707619	11970	-1	21	草原棕熊		99.782532	192.138245	12	-1	1000	-1	-1	1	-1	-1	-1	-1	-1	-1	-1	9	0	
183	8707621	11970	-1	21	草原棕熊		47.585388	190.704193	14	-1	1000	-1	-1	1	-1	-1	-1	-1	-1	-1	-1	9	0	
184	15052643	11970	-1	21	草原棕熊		37.847511	225.016922	0	0	1000	-1	-1	1	-1	-1	-1	-1	-1	-1	-1	9	0	
185	15052644	11970	-1	21	草原棕熊		31.348038	221.669098	0	0	1000	-1	-1	1	-1	-1	-1	-1	-1	-1	-1	9	0	
186	15052645	11970	-1	21	草原棕熊		40.292393	220.451431	0	0	1000	-1	-1	1	-1	-1	-1	-1	-1	-1	-1	9	0	
187	15052646	11970	-1	21	草原棕熊		36.186298	216.346176	0	0	1000	-1	-1	1	-1	-1	-1	-1	-1	-1	-1	9	0	
188	15052647	11970	-1	21	草原棕熊		29.292618	216.280731	0	0	1000	-1	-1	1	-1	-1	-1	-1	-1	-1	-1	9	0	
189	15052648	11970	-1	21	草原棕熊		32.240448	211.671371	0	0	1000	-1	-1	1	-1	-1	-1	-1	-1	-1	-1	9	0	
190	15052649	11970	-1	21	草原棕熊		52.079502	225.076248	0	0	1000	-1	-1	1	-1	-1	-1	-1	-1	-1	-1	9	0	
191	15052650	11970	-1	21	草原棕熊		43.815517	207.185699	0	0	1000	-1	-1	1	-1	-1	-1	-1	-1	-1	-1	9	0	
192	15052652	11970	-1	21	草原棕熊		32.789307	190.001511	0	0	1000	-1	-1	1	-1	-1	-1	-1	-1	-1	-1	9	0	
193	15052653	11970	-1	21	草原棕熊		33.278584	174.473007	0	0	1000	-1	-1	1	-1	-1	-1	-1	-1	-1	-1	9	0	
194	15052654	11970	-1	21	草原棕熊		31.886415	166.485458	0	0	1000	-1	-1	1	-1	-1	-1	-1	-1	-1	-1	9	0	
195	15052655	11970	-1	21	草原棕熊		32.741982	160.053299	0	0	1000	-1	-1	1	-1	-1	-1	-1	-1	-1	-1	9	0	
196	15052656	11970	-1	21	草原棕熊		39.91716	163.452057	0	0	1000	-1	-1	1	-1	-1	-1	-1	-1	-1	-1	9	0	
197	15052657	11970	-1	21	草原棕熊		40.663498	156.171204	0	0	1000	-1	-1	1	-1	-1	-1	-1	-1	-1	-1	9	0	
198	15052658	11970	-1	21	草原棕熊		48.325783	156.215271	0	0	1000	-1	-1	1	-1	-1	-1	-1	-1	-1	-1	9	0	
199	15052659	11970	-1	21	草原棕熊		33.568817	153.060196	0	0	1000	-1	-1	1	-1	-1	-1	-1	-1	-1	-1	9	0	
200	15052660	11970	-1	21	草原棕熊		38.85133	148.275192	0	0	1000	-1	-1	1	-1	-1	-1	-1	-1	-1	-1	9	0	
201	15052661	11970	-1	21	草原棕熊		46.820171	149.39534	0	0	1000	-1	-1	1	-1	-1	-1	-1	-1	-1	-1	9	0	
202	15052662	11970	-1	21	草原棕熊		53.721134	147.954468	0	0	1000	-1	-1	1	-1	-1	-1	-1	-1	-1	-1	9	0	
203	15052663	11970	-1	21	草原棕熊		49.120575	142.685471	0	0	1000	-1	-1	1	-1	-1	-1	-1	-1	-1	-1	9	0	
204	15052664	11970	-1	21	草原棕熊		42.761993	142.759903	0	0	1000	-1	-1	1	-1	-1	-1	-1	-1	-1	-1	9	0	
205	15052665	11970	-1	21	草原棕熊		32.143787	141.973236	0	0	1000	-1	-1	1	-1	-1	-1	-1	-1	-1	-1	9	0	
206	15052666	11970	-1	21	草原棕熊		32.939384	134.738693	0	0	1000	-1	-1	1	-1	-1	-1	-1	-1	-1	-1	9	0	
207	15052667	11970	-1	21	草原棕熊		38.209286	140.059967	0	0	1000	-1	-1	1	-1	-1	-1	-1	-1	-1	-1	9	0	
208	15052668	11970	-1	21	草原棕熊		49.245228	135.93895	0	0	1000	-1	-1	1	-1	-1	-1	-1	-1	-1	-1	9	0	
209	15052669	11970	-1	21	草原棕熊		41.789093	133.627151	0	0	1000	-1	-1	1	-1	-1	-1	-1	-1	-1	-1	9	0	
210	15052670	11970	-1	21	草原棕熊		59.613758	174.717636	0	0	1000	-1	-1	1	-1	-1	-1	-1	-1	-1	-1	9	0	
211	15052671	11970	-1	21	草原棕熊		70.031479	187.93895	0	0	1000	-1	-1	1	-1	-1	-1	-1	-1	-1	-1	9	0	
212	15052672	11970	-1	21	草原棕熊		83.124199	190.188248	0	0	1000	-1	-1	1	-1	-1	-1	-1	-1	-1	-1	9	0	
213	15052673	11970	-1	21	草原棕熊		95.061516	196.422363	0	0	1000	-1	-1	1	-1	-1	-1	-1	-1	-1	-1	9	0	
214	15052674	11970	-1	21	草原棕熊		43.036484	182.067276	0	0	1000	-1	-1	1	-1	-1	-1	-1	-1	-1	-1	9	0	
215	15052675	11970	-1	21	草原棕熊		47.465111	200.866714	0	0	1000	-1	-1	1	-1	-1	-1	-1	-1	-1	-1	9	0	
216	15052676	11970	-1	21	草原棕熊		56.657715	230.77681	0	0	1000	-1	-1	1	-1	-1	-1	-1	-1	-1	-1	9	0	
217	15052677	11970	-1	21	草原棕熊		61.682003	236.609573	0	0	1000	-1	-1	1	-1	-1	-1	-1	-1	-1	-1	9	0	
218	15052678	11970	-1	21	草原棕熊		65.305061	227.957825	0	0	1000	-1	-1	1	-1	-1	-1	-1	-1	-1	-1	9	0	
219	15052679	11970	-1	21	草原棕熊		73.486427	227.983582	0	0	1000	-1	-1	1	-1	-1	-1	-1	-1	-1	-1	9	0	
220	15052680	11970	-1	21	草原棕熊		88.4235	222.735153	27	-1	1000	-1	-1	1	-1	-1	-1	-1	-1	-1	-1	9	0	
221	15052681	11970	-1	21	草原棕熊		88.176826	230.279541	14	-1	1000	-1	-1	1	-1	-1	-1	-1	-1	-1	-1	9	0	
222	15052682	11970	-1	21	草原棕熊		94.267937	233.986969	0	0	1000	-1	-1	1	-1	-1	-1	-1	-1	-1	-1	9	0	
223	15052683	11970	-1	21	草原棕熊		95.548645	226.903915	0	0	1000	-1	-1	1	-1	-1	-1	-1	-1	-1	-1	9	0	
224	15052684	11970	-1	21	草原棕熊		102.314011	231.607513	0	0	1000	-1	-1	1	-1	-1	-1	-1	-1	-1	-1	9	0	
225	15052685	11970	-1	21	草原棕熊		102.718201	222.87944	0	0	1000	-1	-1	1	-1	-1	-1	-1	-1	-1	-1	9	0	
226	15052686	11970	-1	21	草原棕熊		101.903763	216.103302	0	0	1000	-1	-1	1	-1	-1	-1	-1	-1	-1	-1	9	0	
227	15052687	11970	-1	21	草原棕熊		104.286842	207.357697	0	0	1000	-1	-1	1	-1	-1	-1	-1	-1	-1	-1	9	0	
228	15052688	11970	-1	21	草原棕熊		108.628601	228.326416	0	0	1000	-1	-1	1	-1	-1	-1	-1	-1	-1	-1	9	0	
229	15052689	11970	-1	21	草原棕熊		115.8396	235.425171	0	0	1000	-1	-1	1	-1	-1	-1	-1	-1	-1	-1	9	0	
230	15052690	11970	-1	21	草原棕熊		120.927353	230.319901	0	0	1000	-1	-1	1	-1	-1	-1	-1	-1	-1	-1	9	0	
231	15052691	11970	-1	21	草原棕熊		114.859711	225.570007	0	0	1000	-1	-1	1	-1	-1	-1	-1	-1	-1	-1	9	0	
232	15052692	11970	-1	21	草原棕熊		109.60498	219.432892	0	0	1000	-1	-1	1	-1	-1	-1	-1	-1	-1	-1	9	0	
233	15052693	11970	-1	21	草原棕熊		117.094566	215.447067	0	0	1000	-1	-1	1	-1	-1	-1	-1	-1	-1	-1	9	0	
234	15052694	11970	-1	21	草原棕熊		110.13311	212.415634	0	0	1000	-1	-1	1	-1	-1	-1	-1	-1	-1	-1	9	0	
235	15052695	11970	-1	21	草原棕熊		123.845589	223.783264	0	0	1000	-1	-1	1	-1	-1	-1	-1	-1	-1	-1	9	0	
236	15052696	11970	-1	21	草原棕熊		131.221329	229.913803	0	0	1000	-1	-1	1	-1	-1	-1	-1	-1	-1	-1	9	0	
237	15052697	11970	-1	21	草原棕熊		129.760071	219.427551	0	0	1000	-1	-1	1	-1	-1	-1	-1	-1	-1	-1	9	0	
238	15052698	11970	-1	21	草原棕熊		123.443016	212.310608	0	0	1000	-1	-1	1	-1	-1	-1	-1	-1	-1	-1	9	0	
239	15052699	11970	-1	21	草原棕熊		140.787888	229.925049	0	0	1000	-1	-1	1	-1	-1	-1	-1	-1	-1	-1	9	0	
240	15052700	11970	-1	21	草原棕熊		135.267578	225.29274	0	0	1000	-1	-1	1	-1	-1	-1	-1	-1	-1	-1	9	0	
241	15052701	11970	-1	21	草原棕熊		141.036209	219.314331	0	0	1000	-1	-1	1	-1	-1	-1	-1	-1	-1	-1	9	0	
242	15052702	11970	-1	21	草原棕熊		146.123642	223.587585	0	0	1000	-1	-1	1	-1	-1	-1	-1	-1	-1	-1	9	0	
243	15052398	11956	125029	-1	陶如格		203.036255	80.417892	23	-1	10000	-1	-1	3	0	-1	-1	-1	-1	-1	-1	20	0	
244	15052406	11957	125030	-1	珠兰其其格	雄鹰长老之女	200.085861	69.404152	25	-1	10000	-1	-1	3	0	-1	-1	-1	-1	-1	-1	20	0	
245	15052416	11960	125025	-1	铁虎	楼兰征兵校尉	121.298157	196.640442	5	-1	10000	-1	-1	3	0	-1	-1	-1	-1	-1	-1	20	0	
246	15052427	11965	125034	-1	航新		202.344849	81.495316	7	-1	10000	-1	-1	3	0	-1	-1	-1	-1	-1	-1	20	0	
247	15052468	11954	125037	20	金虎	楼兰右都尉	216	172	18	-1	1000	-1	-1	3	0	-1	-1	-1	-1	-1	-1	20	0	
248	7264288	86	123833	-1	珐琅	猎场商人	195.168686	69.704491	30	-1	30000	-1	-1	3	0	-1	-1	-1	-1	-1	-1	60	0	
249	15052539	11962	125051	20	楼兰新兵		132.130859	191.332458	22	0	10000	-1	-1	3	0	-1	-1	-1	-1	-1	-1	60	0	
250	15052540	11962	125052	20	楼兰新兵		127.150879	185.286804	22	0	10000	-1	-1	3	0	-1	-1	-1	-1	-1	-1	60	0	
251	15052536	11962	125053	20	楼兰新兵		129.591858	188.199081	22	0	10000	-1	-1	3	0	-1	-1	-1	-1	-1	-1	60	0	
252	15052537	11962	125054	20	楼兰新兵		124.393372	187.897339	22	0	10000	-1	-1	3	0	-1	-1	-1	-1	-1	-1	60	0	
253	15052532	11962	125055	20	楼兰新兵		129.524841	193.749146	22	0	10000	-1	-1	3	0	-1	-1	-1	-1	-1	-1	60	0	
254	15052529	11962	125056	20	楼兰新兵		126.992218	190.708542	22	0	10000	-1	-1	3	0	-1	-1	-1	-1	-1	-1	60	0	
255	15052528	2400	125057	20	楼兰御卫		222.531464	166.619888	27	0	10000	-1	-1	3	0	-1	-1	-1	-1	-1	-1	60	0	
256	15052530	2400	125058	20	楼兰御卫		225.253754	166.454849	27	0	10000	-1	-1	3	0	-1	-1	-1	-1	-1	-1	60	0	
257	15052531	2400	125059	20	楼兰御卫		222.62442	179.631897	9	0	10000	-1	-1	3	0	-1	-1	-1	-1	-1	-1	60	0	
258	15052533	2400	125060	20	楼兰御卫		238.325623	177.703629	18	0	10000	-1	-1	3	0	-1	-1	-1	-1	-1	-1	60	0	
259	15052534	2400	125061	20	楼兰御卫		225.298431	179.695541	9	0	10000	-1	-1	3	0	-1	-1	-1	-1	-1	-1	60	0	
260	15052535	2400	125062	20	楼兰御卫		238.944427	168.827545	18	0	10000	-1	-1	3	0	-1	-1	-1	-1	-1	-1	60	0	
261	15052538	2400	125063	20	楼兰御卫		214.074356	181.080307	13	0	10000	-1	-1	3	0	-1	-1	-1	-1	-1	-1	60	0	
262	15052541	2400	125064	20	楼兰御卫		139.721909	211.114685	17	0	10000	-1	-1	3	0	-1	-1	-1	-1	-1	-1	60	0	
263	15052542	2400	125064	20	楼兰御卫		206.018631	180.748276	5	0	10000	-1	-1	3	0	-1	-1	-1	-1	-1	-1	60	0	
264	15052543	2400	125061	20	楼兰御卫		137.443909	196.034515	21	0	10000	-1	-1	3	0	-1	-1	-1	-1	-1	-1	60	0	
265	15052544	2400	125058	20	楼兰御卫		123	199	3	0	10000	-1	-1	3	0	-1	-1	-1	-1	-1	-1	60	0	
266	15052545	2400	125062	20	楼兰御卫		116	194	3	0	10000	-1	-1	3	0	-1	-1	-1	-1	-1	-1	60	0	
267	15052546	2400	125060	20	楼兰御卫		131	204	32	0	10000	-1	-1	3	0	-1	-1	-1	-1	-1	-1	60	0	
268	10374803	1099	138038	20	梅伊娜	新手领奖大使	202.370575	77.827782	18	-1	1000	-1	-1	3	0	-1	-1	-1	-1	-1	-1	20	0	
