NUM	NUM	NUM	NUM	NUM	TEXT	TEXT	FLOAT	FLOAT	NUM	NUM	NUM	NUM	NUM	NUM	NUM	NUM	NUM	NUM	NUM	NUM	NUM	NUM	NUM
编号	随机编号	attr编号	逻辑表编号	阵营编号	名称	称号	x轴坐标	z轴坐标	朝向	脚本编号	重生时间	分组编号	队伍编号	基础AI	AI文件	巡逻路径	商店0	商店1	商店2	商店3	名誉ID	等级	镜像组
0	0	9894	-1	21	红毒之蛛		115	41	0	-1	14400000	-1	-1	1	0	-1	-1	-1	-1	-1	-1	75	0	
1	1	9894	-1	21	红毒之蛛		82	112	0	-1	14400000	-1	-1	1	0	-1	-1	-1	-1	-1	-1	75	0	
2	2	9894	-1	21	红毒之蛛		40	112	0	-1	14400000	-1	-1	1	0	-1	-1	-1	-1	-1	-1	75	0	
3	3	9885	-1	21	冥王部将		54	36	0	-1	14400000	-1	-1	1	0	-1	-1	-1	-1	-1	-1	75	0	
4	4	56606	-1	21			110	42	0	300640	10000	-1	-1	16	0	-1	-1	-1	-1	-1	-1	75	0	
5	5	56606	-1	21			110.1	41.9	0	300640	10000	-1	-1	16	0	-1	-1	-1	-1	-1	-1	75	0	
6	6	56606	-1	21			109	42	0	300640	10000	-1	-1	16	0	-1	-1	-1	-1	-1	-1	75	0	
7	7	56606	-1	21			109	43	0	300640	10000	-1	-1	16	0	-1	-1	-1	-1	-1	-1	75	0	
8	8	56606	-1	21			109	41	0	300640	10000	-1	-1	16	0	-1	-1	-1	-1	-1	-1	75	0	
9	9	56606	-1	21			110	43	0	300640	10000	-1	-1	16	0	-1	-1	-1	-1	-1	-1	75	0	
10	10	56606	-1	21			110	41	0	300640	10000	-1	-1	16	0	-1	-1	-1	-1	-1	-1	75	0	
11	11	56606	-1	21			111	42	0	300640	10000	-1	-1	16	0	-1	-1	-1	-1	-1	-1	75	0	
12	12	56606	-1	21			111	43	0	300640	10000	-1	-1	16	0	-1	-1	-1	-1	-1	-1	75	0	
13	13	56606	-1	21			111	41	0	300640	10000	-1	-1	16	0	-1	-1	-1	-1	-1	-1	75	0	
14	14	56606	-1	21			94	52	0	300640	10000	-1	-1	16	0	-1	-1	-1	-1	-1	-1	75	0	
15	15	56606	-1	21			94.1	51.9	0	300640	10000	-1	-1	16	0	-1	-1	-1	-1	-1	-1	75	0	
16	16	56606	-1	21			93	52	0	300640	10000	-1	-1	16	0	-1	-1	-1	-1	-1	-1	75	0	
17	17	56606	-1	21			93	53	0	300640	10000	-1	-1	16	0	-1	-1	-1	-1	-1	-1	75	0	
18	18	56606	-1	21			93	51	0	300640	10000	-1	-1	16	0	-1	-1	-1	-1	-1	-1	75	0	
19	19	56606	-1	21			94	53	0	300640	10000	-1	-1	16	0	-1	-1	-1	-1	-1	-1	75	0	
20	20	56606	-1	21			94	51	0	300640	10000	-1	-1	16	0	-1	-1	-1	-1	-1	-1	75	0	
21	21	56606	-1	21			95	52	0	300640	10000	-1	-1	16	0	-1	-1	-1	-1	-1	-1	75	0	
22	22	56606	-1	21			95	53	0	300640	10000	-1	-1	16	0	-1	-1	-1	-1	-1	-1	75	0	
23	23	56606	-1	21			95	51	0	300640	10000	-1	-1	16	0	-1	-1	-1	-1	-1	-1	75	0	
24	24	56606	-1	21			110	67	0	300640	10000	-1	-1	16	0	-1	-1	-1	-1	-1	-1	75	0	
25	25	56606	-1	21			110.1	66.9	0	300640	10000	-1	-1	16	0	-1	-1	-1	-1	-1	-1	75	0	
26	26	56606	-1	21			109	67	0	300640	10000	-1	-1	16	0	-1	-1	-1	-1	-1	-1	75	0	
27	27	56606	-1	21			109	68	0	300640	10000	-1	-1	16	0	-1	-1	-1	-1	-1	-1	75	0	
28	28	56606	-1	21			109	66	0	300640	10000	-1	-1	16	0	-1	-1	-1	-1	-1	-1	75	0	
29	29	56606	-1	21			110	68	0	300640	10000	-1	-1	16	0	-1	-1	-1	-1	-1	-1	75	0	
30	30	56606	-1	21			110	66	0	300640	10000	-1	-1	16	0	-1	-1	-1	-1	-1	-1	75	0	
31	31	56606	-1	21			111	67	0	300640	10000	-1	-1	16	0	-1	-1	-1	-1	-1	-1	75	0	
32	32	56606	-1	21			111	68	0	300640	10000	-1	-1	16	0	-1	-1	-1	-1	-1	-1	75	0	
33	33	56606	-1	21			111	66	0	300640	10000	-1	-1	16	0	-1	-1	-1	-1	-1	-1	75	0	
34	34	56606	-1	21			83	111	0	300640	10000	-1	-1	16	0	-1	-1	-1	-1	-1	-1	75	0	
35	35	56606	-1	21			83.1	110.9	0	300640	10000	-1	-1	16	0	-1	-1	-1	-1	-1	-1	75	0	
36	36	56606	-1	21			82	111	0	300640	10000	-1	-1	16	0	-1	-1	-1	-1	-1	-1	75	0	
37	37	56606	-1	21			82	112	0	300640	10000	-1	-1	16	0	-1	-1	-1	-1	-1	-1	75	0	
38	38	56606	-1	21			82	110	0	300640	10000	-1	-1	16	0	-1	-1	-1	-1	-1	-1	75	0	
39	39	56606	-1	21			83	112	0	300640	10000	-1	-1	16	0	-1	-1	-1	-1	-1	-1	75	0	
40	40	56606	-1	21			83	110	0	300640	10000	-1	-1	16	0	-1	-1	-1	-1	-1	-1	75	0	
41	41	56606	-1	21			84	111	0	300640	10000	-1	-1	16	0	-1	-1	-1	-1	-1	-1	75	0	
42	42	56606	-1	21			84	112	0	300640	10000	-1	-1	16	0	-1	-1	-1	-1	-1	-1	75	0	
43	43	56606	-1	21			84	110	0	300640	10000	-1	-1	16	0	-1	-1	-1	-1	-1	-1	75	0	
44	44	56606	-1	21			88	98	0	300640	10000	-1	-1	16	0	-1	-1	-1	-1	-1	-1	75	0	
45	45	56606	-1	21			88.1	97.9	0	300640	10000	-1	-1	16	0	-1	-1	-1	-1	-1	-1	75	0	
46	46	56606	-1	21			87	98	0	300640	10000	-1	-1	16	0	-1	-1	-1	-1	-1	-1	75	0	
47	47	56606	-1	21			87	99	0	300640	10000	-1	-1	16	0	-1	-1	-1	-1	-1	-1	75	0	
48	48	56606	-1	21			87	97	0	300640	10000	-1	-1	16	0	-1	-1	-1	-1	-1	-1	75	0	
49	49	56606	-1	21			88	99	0	300640	10000	-1	-1	16	0	-1	-1	-1	-1	-1	-1	75	0	
50	50	56606	-1	21			88	97	0	300640	10000	-1	-1	16	0	-1	-1	-1	-1	-1	-1	75	0	
51	51	56606	-1	21			89	98	0	300640	10000	-1	-1	16	0	-1	-1	-1	-1	-1	-1	75	0	
52	52	56606	-1	21			89	99	0	300640	10000	-1	-1	16	0	-1	-1	-1	-1	-1	-1	75	0	
53	53	56606	-1	21			89	97	0	300640	10000	-1	-1	16	0	-1	-1	-1	-1	-1	-1	75	0	
54	54	56606	-1	21			50	98	0	300640	10000	-1	-1	16	0	-1	-1	-1	-1	-1	-1	75	0	
55	55	56606	-1	21			50.1	97.9	0	300640	10000	-1	-1	16	0	-1	-1	-1	-1	-1	-1	75	0	
56	56	56606	-1	21			49	98	0	300640	10000	-1	-1	16	0	-1	-1	-1	-1	-1	-1	75	0	
57	57	56606	-1	21			49	99	0	300640	10000	-1	-1	16	0	-1	-1	-1	-1	-1	-1	75	0	
58	58	56606	-1	21			49	97	0	300640	10000	-1	-1	16	0	-1	-1	-1	-1	-1	-1	75	0	
59	59	56606	-1	21			50	99	0	300640	10000	-1	-1	16	0	-1	-1	-1	-1	-1	-1	75	0	
60	60	56606	-1	21			50	97	0	300640	10000	-1	-1	16	0	-1	-1	-1	-1	-1	-1	75	0	
61	61	56606	-1	21			51	98	0	300640	10000	-1	-1	16	0	-1	-1	-1	-1	-1	-1	75	0	
62	62	56606	-1	21			51	99	0	300640	10000	-1	-1	16	0	-1	-1	-1	-1	-1	-1	75	0	
63	63	56606	-1	21			51	97	0	300640	10000	-1	-1	16	0	-1	-1	-1	-1	-1	-1	75	0	
64	64	56606	-1	21			40	110	0	300640	10000	-1	-1	16	0	-1	-1	-1	-1	-1	-1	75	0	
65	65	56606	-1	21			40.1	109.9	0	300640	10000	-1	-1	16	0	-1	-1	-1	-1	-1	-1	75	0	
66	66	56606	-1	21			39	110	0	300640	10000	-1	-1	16	0	-1	-1	-1	-1	-1	-1	75	0	
67	67	56606	-1	21			39	111	0	300640	10000	-1	-1	16	0	-1	-1	-1	-1	-1	-1	75	0	
68	68	56606	-1	21			39	109	0	300640	10000	-1	-1	16	0	-1	-1	-1	-1	-1	-1	75	0	
69	69	56606	-1	21			40	111	0	300640	10000	-1	-1	16	0	-1	-1	-1	-1	-1	-1	75	0	
70	70	56606	-1	21			40	109	0	300640	10000	-1	-1	16	0	-1	-1	-1	-1	-1	-1	75	0	
71	71	56606	-1	21			41	110	0	300640	10000	-1	-1	16	0	-1	-1	-1	-1	-1	-1	75	0	
72	72	56606	-1	21			41	111	0	300640	10000	-1	-1	16	0	-1	-1	-1	-1	-1	-1	75	0	
73	73	56606	-1	21			41	109	0	300640	10000	-1	-1	16	0	-1	-1	-1	-1	-1	-1	75	0	
74	74	56606	-1	21			20	77	0	300640	10000	-1	-1	16	0	-1	-1	-1	-1	-1	-1	75	0	
75	75	56606	-1	21			20.1	76.9	0	300640	10000	-1	-1	16	0	-1	-1	-1	-1	-1	-1	75	0	
76	76	56606	-1	21			19	77	0	300640	10000	-1	-1	16	0	-1	-1	-1	-1	-1	-1	75	0	
77	77	56606	-1	21			19	78	0	300640	10000	-1	-1	16	0	-1	-1	-1	-1	-1	-1	75	0	
78	78	56606	-1	21			19	76	0	300640	10000	-1	-1	16	0	-1	-1	-1	-1	-1	-1	75	0	
79	79	56606	-1	21			20	78	0	300640	10000	-1	-1	16	0	-1	-1	-1	-1	-1	-1	75	0	
80	80	56606	-1	21			20	76	0	300640	10000	-1	-1	16	0	-1	-1	-1	-1	-1	-1	75	0	
81	81	56606	-1	21			21	77	0	300640	10000	-1	-1	16	0	-1	-1	-1	-1	-1	-1	75	0	
82	82	56606	-1	21			21	78	0	300640	10000	-1	-1	16	0	-1	-1	-1	-1	-1	-1	75	0	
83	83	56606	-1	21			21	76	0	300640	10000	-1	-1	16	0	-1	-1	-1	-1	-1	-1	75	0	
84	84	56606	-1	21			21	53	0	300640	10000	-1	-1	16	0	-1	-1	-1	-1	-1	-1	75	0	
85	85	56606	-1	21			21.1	52.9	0	300640	10000	-1	-1	16	0	-1	-1	-1	-1	-1	-1	75	0	
86	86	56606	-1	21			20	53	0	300640	10000	-1	-1	16	0	-1	-1	-1	-1	-1	-1	75	0	
87	87	56606	-1	21			20	54	0	300640	10000	-1	-1	16	0	-1	-1	-1	-1	-1	-1	75	0	
88	88	56606	-1	21			20	52	0	300640	10000	-1	-1	16	0	-1	-1	-1	-1	-1	-1	75	0	
89	89	56606	-1	21			21	54	0	300640	10000	-1	-1	16	0	-1	-1	-1	-1	-1	-1	75	0	
90	90	56606	-1	21			21	52	0	300640	10000	-1	-1	16	0	-1	-1	-1	-1	-1	-1	75	0	
91	91	56606	-1	21			22	53	0	300640	10000	-1	-1	16	0	-1	-1	-1	-1	-1	-1	75	0	
92	92	56606	-1	21			22	54	0	300640	10000	-1	-1	16	0	-1	-1	-1	-1	-1	-1	75	0	
93	93	56606	-1	21			22	52	0	300640	10000	-1	-1	16	0	-1	-1	-1	-1	-1	-1	75	0	
94	94	56606	-1	21			27	24	0	300640	10000	-1	-1	16	0	-1	-1	-1	-1	-1	-1	75	0	
95	95	56606	-1	21			27.1	23.9	0	300640	10000	-1	-1	16	0	-1	-1	-1	-1	-1	-1	75	0	
96	96	56606	-1	21			26	24	0	300640	10000	-1	-1	16	0	-1	-1	-1	-1	-1	-1	75	0	
97	97	56606	-1	21			26	25	0	300640	10000	-1	-1	16	0	-1	-1	-1	-1	-1	-1	75	0	
98	98	56606	-1	21			26	23	0	300640	10000	-1	-1	16	0	-1	-1	-1	-1	-1	-1	75	0	
99	99	56606	-1	21			27	25	0	300640	10000	-1	-1	16	0	-1	-1	-1	-1	-1	-1	75	0	
100	100	56606	-1	21			27	23	0	300640	10000	-1	-1	16	0	-1	-1	-1	-1	-1	-1	75	0	
101	101	56606	-1	21			28	24	0	300640	10000	-1	-1	16	0	-1	-1	-1	-1	-1	-1	75	0	
102	102	56606	-1	21			28	25	0	300640	10000	-1	-1	16	0	-1	-1	-1	-1	-1	-1	75	0	
103	103	56606	-1	21			28	23	0	300640	10000	-1	-1	16	0	-1	-1	-1	-1	-1	-1	75	0	
104	104	56606	-1	21			49	33	0	300640	10000	-1	-1	16	0	-1	-1	-1	-1	-1	-1	75	0	
105	105	56606	-1	21			49.1	32.9	0	300640	10000	-1	-1	16	0	-1	-1	-1	-1	-1	-1	75	0	
106	106	56606	-1	21			48	33	0	300640	10000	-1	-1	16	0	-1	-1	-1	-1	-1	-1	75	0	
107	107	56606	-1	21			48	34	0	300640	10000	-1	-1	16	0	-1	-1	-1	-1	-1	-1	75	0	
108	108	56606	-1	21			48	32	0	300640	10000	-1	-1	16	0	-1	-1	-1	-1	-1	-1	75	0	
109	109	56606	-1	21			49	34	0	300640	10000	-1	-1	16	0	-1	-1	-1	-1	-1	-1	75	0	
110	110	56606	-1	21			49	32	0	300640	10000	-1	-1	16	0	-1	-1	-1	-1	-1	-1	75	0	
111	111	56606	-1	21			50	33	0	300640	10000	-1	-1	16	0	-1	-1	-1	-1	-1	-1	75	0	
112	112	56606	-1	21			50	34	0	300640	10000	-1	-1	16	0	-1	-1	-1	-1	-1	-1	75	0	
113	113	56606	-1	21			50	32	0	300640	10000	-1	-1	16	0	-1	-1	-1	-1	-1	-1	75	0	
114	114	56606	-1	21			66	44	0	300640	10000	-1	-1	16	0	-1	-1	-1	-1	-1	-1	75	0	
115	115	56606	-1	21			66.1	43.9	0	300640	10000	-1	-1	16	0	-1	-1	-1	-1	-1	-1	75	0	
116	116	56606	-1	21			65	44	0	300640	10000	-1	-1	16	0	-1	-1	-1	-1	-1	-1	75	0	
117	117	56606	-1	21			65	45	0	300640	10000	-1	-1	16	0	-1	-1	-1	-1	-1	-1	75	0	
118	118	56606	-1	21			65	43	0	300640	10000	-1	-1	16	0	-1	-1	-1	-1	-1	-1	75	0	
119	119	56606	-1	21			66	45	0	300640	10000	-1	-1	16	0	-1	-1	-1	-1	-1	-1	75	0	
120	120	56606	-1	21			66	43	0	300640	10000	-1	-1	16	0	-1	-1	-1	-1	-1	-1	75	0	
121	121	56606	-1	21			67	44	0	300640	10000	-1	-1	16	0	-1	-1	-1	-1	-1	-1	75	0	
122	122	56606	-1	21			67	45	0	300640	10000	-1	-1	16	0	-1	-1	-1	-1	-1	-1	75	0	
123	123	56606	-1	21			67	43	0	300640	10000	-1	-1	16	0	-1	-1	-1	-1	-1	-1	75	0	
124	124	56606	-1	21			53	65	0	300640	10000	-1	-1	16	0	-1	-1	-1	-1	-1	-1	75	0	
125	125	56606	-1	21			53.1	64.9	0	300640	10000	-1	-1	16	0	-1	-1	-1	-1	-1	-1	75	0	
126	126	56606	-1	21			52	65	0	300640	10000	-1	-1	16	0	-1	-1	-1	-1	-1	-1	75	0	
127	127	56606	-1	21			52	66	0	300640	10000	-1	-1	16	0	-1	-1	-1	-1	-1	-1	75	0	
128	128	56606	-1	21			52	64	0	300640	10000	-1	-1	16	0	-1	-1	-1	-1	-1	-1	75	0	
129	129	56606	-1	21			53	66	0	300640	10000	-1	-1	16	0	-1	-1	-1	-1	-1	-1	75	0	
130	130	56606	-1	21			53	64	0	300640	10000	-1	-1	16	0	-1	-1	-1	-1	-1	-1	75	0	
131	131	56606	-1	21			54	65	0	300640	10000	-1	-1	16	0	-1	-1	-1	-1	-1	-1	75	0	
132	132	56606	-1	21			54	66	0	300640	10000	-1	-1	16	0	-1	-1	-1	-1	-1	-1	75	0	
133	133	56606	-1	21			54	64	0	300640	10000	-1	-1	16	0	-1	-1	-1	-1	-1	-1	75	0	
134	134	56606	-1	21			39	56	0	300640	10000	-1	-1	16	0	-1	-1	-1	-1	-1	-1	75	0	
135	135	56606	-1	21			39.1	55.9	0	300640	10000	-1	-1	16	0	-1	-1	-1	-1	-1	-1	75	0	
136	136	56606	-1	21			38	56	0	300640	10000	-1	-1	16	0	-1	-1	-1	-1	-1	-1	75	0	
137	137	56606	-1	21			38	57	0	300640	10000	-1	-1	16	0	-1	-1	-1	-1	-1	-1	75	0	
138	138	56606	-1	21			38	55	0	300640	10000	-1	-1	16	0	-1	-1	-1	-1	-1	-1	75	0	
139	139	56606	-1	21			39	57	0	300640	10000	-1	-1	16	0	-1	-1	-1	-1	-1	-1	75	0	
140	140	56606	-1	21			39	55	0	300640	10000	-1	-1	16	0	-1	-1	-1	-1	-1	-1	75	0	
141	141	56606	-1	21			40	56	0	300640	10000	-1	-1	16	0	-1	-1	-1	-1	-1	-1	75	0	
142	142	56606	-1	21			40	57	0	300640	10000	-1	-1	16	0	-1	-1	-1	-1	-1	-1	75	0	
143	143	56606	-1	21			40	55	0	300640	10000	-1	-1	16	0	-1	-1	-1	-1	-1	-1	75	0	
