NUM	NUM	NUM	NUM	NUM	TEXT	TEXT	FLOAT	FLOAT	NUM	NUM	NUM	NUM	NUM	NUM	NUM	NUM	NUM	NUM	NUM	NUM	NUM	NUM	NUM
编号	随机编号	attr编号	逻辑表编号	阵营编号	名称	称号	x轴坐标	z轴坐标	朝向	脚本编号	重生时间	分组编号	队伍编号	基础AI	AI文件	巡逻路径	商店0	商店1	商店2	商店3	名誉ID	等级	镜像组
0	1	65342	-1	21	十字军俘虏		40	68	0	0	10000	-1	-1	1	0	-1	-1	-1	-1	-1	-1	120	0
1	2	65342	-1	21	十字军俘虏		40	68	0	0	10000	-1	-1	1	0	-1	-1	-1	-1	-1	-1	120	0
2	3	65342	-1	21	十字军俘虏		40	68	0	0	10000	-1	-1	1	0	-1	-1	-1	-1	-1	-1	120	0
3	4	65342	-1	21	十字军俘虏		40	68	0	0	10000	-1	-1	1	0	-1	-1	-1	-1	-1	-1	120	0
4	5	65342	-1	21	十字军俘虏		40	68	0	0	10000	-1	-1	1	0	-1	-1	-1	-1	-1	-1	120	0
5	6	65342	-1	21	十字军俘虏		40	68	0	0	10000	-1	-1	1	0	-1	-1	-1	-1	-1	-1	120	0
6	7	65342	-1	21	十字军俘虏		40	68	0	0	10000	-1	-1	1	0	-1	-1	-1	-1	-1	-1	120	0
7	8	65342	-1	21	十字军俘虏		40	68	0	0	10000	-1	-1	1	0	-1	-1	-1	-1	-1	-1	120	0
8	9	65342	-1	21	十字军俘虏		40	68	0	0	10000	-1	-1	1	0	-1	-1	-1	-1	-1	-1	120	0
9	10	65342	-1	21	十字军俘虏		40	68	0	0	10000	-1	-1	1	0	-1	-1	-1	-1	-1	-1	120	0
10	11	65342	-1	21	十字军俘虏		40	68	0	0	10000	-1	-1	1	0	-1	-1	-1	-1	-1	-1	120	0
11	12	65342	-1	21	十字军俘虏		40	68	0	0	10000	-1	-1	1	0	-1	-1	-1	-1	-1	-1	120	0
12	13	65342	-1	21	十字军俘虏		40	88	0	0	10000	-1	-1	1	0	-1	-1	-1	-1	-1	-1	120	0
13	14	65342	-1	21	十字军俘虏		40	88	0	0	10000	-1	-1	1	0	-1	-1	-1	-1	-1	-1	120	0
14	15	65342	-1	21	十字军俘虏		40	88	0	0	10000	-1	-1	1	0	-1	-1	-1	-1	-1	-1	120	0
15	16	65342	-1	21	十字军俘虏		40	88	0	0	10000	-1	-1	1	0	-1	-1	-1	-1	-1	-1	120	0
16	17	65342	-1	21	十字军俘虏		40	88	0	0	10000	-1	-1	1	0	-1	-1	-1	-1	-1	-1	120	0
17	18	65342	-1	21	十字军俘虏		40	88	0	0	10000	-1	-1	1	0	-1	-1	-1	-1	-1	-1	120	0
18	19	65342	-1	21	十字军俘虏		40	88	0	0	10000	-1	-1	1	0	-1	-1	-1	-1	-1	-1	120	0
19	20	65342	-1	21	十字军俘虏		40	88	0	0	10000	-1	-1	1	0	-1	-1	-1	-1	-1	-1	120	0
20	21	65342	-1	21	十字军俘虏		40	88	0	0	10000	-1	-1	1	0	-1	-1	-1	-1	-1	-1	120	0
21	22	65342	-1	21	十字军俘虏		40	88	0	0	10000	-1	-1	1	0	-1	-1	-1	-1	-1	-1	120	0
22	23	65342	-1	21	十字军俘虏		40	88	0	0	10000	-1	-1	1	0	-1	-1	-1	-1	-1	-1	120	0
23	24	65342	-1	21	十字军俘虏		40	88	0	0	10000	-1	-1	1	0	-1	-1	-1	-1	-1	-1	120	0
24	25	65342	-1	21	十字军俘虏		40	118	0	0	10000	-1	-1	1	0	-1	-1	-1	-1	-1	-1	120	0
25	26	65342	-1	21	十字军俘虏		40	118	0	0	10000	-1	-1	1	0	-1	-1	-1	-1	-1	-1	120	0
26	27	65342	-1	21	十字军俘虏		40	118	0	0	10000	-1	-1	1	0	-1	-1	-1	-1	-1	-1	120	0
27	28	65342	-1	21	十字军俘虏		40	118	0	0	10000	-1	-1	1	0	-1	-1	-1	-1	-1	-1	120	0
28	29	65342	-1	21	十字军俘虏		40	118	0	0	10000	-1	-1	1	0	-1	-1	-1	-1	-1	-1	120	0
29	30	65342	-1	21	十字军俘虏		40	118	0	0	10000	-1	-1	1	0	-1	-1	-1	-1	-1	-1	120	0
30	31	65342	-1	21	十字军俘虏		40	118	0	0	10000	-1	-1	1	0	-1	-1	-1	-1	-1	-1	120	0
31	32	65342	-1	21	十字军俘虏		40	118	0	0	10000	-1	-1	1	0	-1	-1	-1	-1	-1	-1	120	0
32	33	65342	-1	21	十字军俘虏		40	118	0	0	10000	-1	-1	1	0	-1	-1	-1	-1	-1	-1	120	0
33	34	65342	-1	21	十字军俘虏		40	118	0	0	10000	-1	-1	1	0	-1	-1	-1	-1	-1	-1	120	0
34	35	65342	-1	21	十字军俘虏		40	118	0	0	10000	-1	-1	1	0	-1	-1	-1	-1	-1	-1	120	0
35	36	65342	-1	21	十字军俘虏		40	118	0	0	10000	-1	-1	1	0	-1	-1	-1	-1	-1	-1	120	0
36	37	65342	-1	21	十字军俘虏		60	118	0	0	10000	-1	-1	1	0	-1	-1	-1	-1	-1	-1	120	0
37	38	65342	-1	21	十字军俘虏		60	118	0	0	10000	-1	-1	1	0	-1	-1	-1	-1	-1	-1	120	0
38	39	65342	-1	21	十字军俘虏		60	118	0	0	10000	-1	-1	1	0	-1	-1	-1	-1	-1	-1	120	0
39	40	65342	-1	21	十字军俘虏		60	118	0	0	10000	-1	-1	1	0	-1	-1	-1	-1	-1	-1	120	0
40	41	65342	-1	21	十字军俘虏		60	118	0	0	10000	-1	-1	1	0	-1	-1	-1	-1	-1	-1	120	0
41	42	65342	-1	21	十字军俘虏		60	118	0	0	10000	-1	-1	1	0	-1	-1	-1	-1	-1	-1	120	0
42	43	65342	-1	21	十字军俘虏		60	118	0	0	10000	-1	-1	1	0	-1	-1	-1	-1	-1	-1	120	0
43	44	65342	-1	21	十字军俘虏		60	118	0	0	10000	-1	-1	1	0	-1	-1	-1	-1	-1	-1	120	0
44	45	65342	-1	21	十字军俘虏		60	118	0	0	10000	-1	-1	1	0	-1	-1	-1	-1	-1	-1	120	0
45	46	65342	-1	21	十字军俘虏		60	118	0	0	10000	-1	-1	1	0	-1	-1	-1	-1	-1	-1	120	0
46	47	65342	-1	21	十字军俘虏		60	118	0	0	10000	-1	-1	1	0	-1	-1	-1	-1	-1	-1	120	0
47	48	65342	-1	21	十字军俘虏		60	118	0	0	10000	-1	-1	1	0	-1	-1	-1	-1	-1	-1	120	0
48	49	65342	-1	21	十字军俘虏		80	118	0	0	10000	-1	-1	1	0	-1	-1	-1	-1	-1	-1	120	0
49	50	65342	-1	21	十字军俘虏		80	118	0	0	10000	-1	-1	1	0	-1	-1	-1	-1	-1	-1	120	0
50	51	65342	-1	21	十字军俘虏		80	118	0	0	10000	-1	-1	1	0	-1	-1	-1	-1	-1	-1	120	0
51	52	65342	-1	21	十字军俘虏		80	118	0	0	10000	-1	-1	1	0	-1	-1	-1	-1	-1	-1	120	0
52	53	65342	-1	21	十字军俘虏		80	118	0	0	10000	-1	-1	1	0	-1	-1	-1	-1	-1	-1	120	0
53	54	65342	-1	21	十字军俘虏		80	118	0	0	10000	-1	-1	1	0	-1	-1	-1	-1	-1	-1	120	0
54	55	65342	-1	21	十字军俘虏		80	118	0	0	10000	-1	-1	1	0	-1	-1	-1	-1	-1	-1	120	0
55	56	65342	-1	21	十字军俘虏		80	118	0	0	10000	-1	-1	1	0	-1	-1	-1	-1	-1	-1	120	0
56	57	65342	-1	21	十字军俘虏		80	118	0	0	10000	-1	-1	1	0	-1	-1	-1	-1	-1	-1	120	0
57	58	65342	-1	21	十字军俘虏		80	118	0	0	10000	-1	-1	1	0	-1	-1	-1	-1	-1	-1	120	0
58	59	65342	-1	21	十字军俘虏		80	118	0	0	10000	-1	-1	1	0	-1	-1	-1	-1	-1	-1	120	0
59	60	65342	-1	21	十字军俘虏		80	118	0	0	10000	-1	-1	1	0	-1	-1	-1	-1	-1	-1	120	0
60	61	65342	-1	21	十字军俘虏		110	118	0	0	10000	-1	-1	1	0	-1	-1	-1	-1	-1	-1	120	0
61	62	65342	-1	21	十字军俘虏		110	118	0	0	10000	-1	-1	1	0	-1	-1	-1	-1	-1	-1	120	0
62	63	65342	-1	21	十字军俘虏		110	118	0	0	10000	-1	-1	1	0	-1	-1	-1	-1	-1	-1	120	0
63	64	65342	-1	21	十字军俘虏		110	118	0	0	10000	-1	-1	1	0	-1	-1	-1	-1	-1	-1	120	0
64	65	65342	-1	21	十字军俘虏		110	118	0	0	10000	-1	-1	1	0	-1	-1	-1	-1	-1	-1	120	0
65	66	65342	-1	21	十字军俘虏		110	118	0	0	10000	-1	-1	1	0	-1	-1	-1	-1	-1	-1	120	0
66	67	65342	-1	21	十字军俘虏		110	118	0	0	10000	-1	-1	1	0	-1	-1	-1	-1	-1	-1	120	0
67	68	65342	-1	21	十字军俘虏		110	118	0	0	10000	-1	-1	1	0	-1	-1	-1	-1	-1	-1	120	0
68	69	65342	-1	21	十字军俘虏		110	118	0	0	10000	-1	-1	1	0	-1	-1	-1	-1	-1	-1	120	0
69	70	65342	-1	21	十字军俘虏		110	118	0	0	10000	-1	-1	1	0	-1	-1	-1	-1	-1	-1	120	0
70	71	65342	-1	21	十字军俘虏		110	118	0	0	10000	-1	-1	1	0	-1	-1	-1	-1	-1	-1	120	0
71	72	65342	-1	21	十字军俘虏		110	118	0	0	10000	-1	-1	1	0	-1	-1	-1	-1	-1	-1	120	0
72	73	65342	-1	21	十字军俘虏		120	95	0	0	10000	-1	-1	1	0	-1	-1	-1	-1	-1	-1	120	0
73	74	65342	-1	21	十字军俘虏		120	95	0	0	10000	-1	-1	1	0	-1	-1	-1	-1	-1	-1	120	0
74	75	65342	-1	21	十字军俘虏		120	95	0	0	10000	-1	-1	1	0	-1	-1	-1	-1	-1	-1	120	0
75	76	65342	-1	21	十字军俘虏		120	95	0	0	10000	-1	-1	1	0	-1	-1	-1	-1	-1	-1	120	0
76	77	65342	-1	21	十字军俘虏		120	95	0	0	10000	-1	-1	1	0	-1	-1	-1	-1	-1	-1	120	0
77	78	65342	-1	21	十字军俘虏		120	95	0	0	10000	-1	-1	1	0	-1	-1	-1	-1	-1	-1	120	0
78	79	65342	-1	21	十字军俘虏		120	95	0	0	10000	-1	-1	1	0	-1	-1	-1	-1	-1	-1	120	0
79	80	65342	-1	21	十字军俘虏		120	95	0	0	10000	-1	-1	1	0	-1	-1	-1	-1	-1	-1	120	0
80	81	65342	-1	21	十字军俘虏		120	95	0	0	10000	-1	-1	1	0	-1	-1	-1	-1	-1	-1	120	0
81	82	65342	-1	21	十字军俘虏		120	95	0	0	10000	-1	-1	1	0	-1	-1	-1	-1	-1	-1	120	0
82	83	65342	-1	21	十字军俘虏		120	95	0	0	10000	-1	-1	1	0	-1	-1	-1	-1	-1	-1	120	0
83	84	65342	-1	21	十字军俘虏		120	95	0	0	10000	-1	-1	1	0	-1	-1	-1	-1	-1	-1	120	0
84	85	65342	-1	21	十字军俘虏		120	95	0	0	10000	-1	-1	1	0	-1	-1	-1	-1	-1	-1	120	0
85	86	65342	-1	21	十字军俘虏		120	95	0	0	10000	-1	-1	1	0	-1	-1	-1	-1	-1	-1	120	0
86	87	65342	-1	21	十字军俘虏		120	95	0	0	10000	-1	-1	1	0	-1	-1	-1	-1	-1	-1	120	0
87	88	65342	-1	21	十字军俘虏		120	95	0	0	10000	-1	-1	1	0	-1	-1	-1	-1	-1	-1	120	0
88	89	65342	-1	21	十字军俘虏		120	95	0	0	10000	-1	-1	1	0	-1	-1	-1	-1	-1	-1	120	0
89	90	65342	-1	21	十字军俘虏		120	95	0	0	10000	-1	-1	1	0	-1	-1	-1	-1	-1	-1	120	0
90	91	65342	-1	21	十字军俘虏		120	95	0	0	10000	-1	-1	1	0	-1	-1	-1	-1	-1	-1	120	0
91	92	65342	-1	21	十字军俘虏		120	95	0	0	10000	-1	-1	1	0	-1	-1	-1	-1	-1	-1	120	0
92	93	65342	-1	21	十字军俘虏		120	95	0	0	10000	-1	-1	1	0	-1	-1	-1	-1	-1	-1	120	0
93	94	65342	-1	21	十字军俘虏		120	95	0	0	10000	-1	-1	1	0	-1	-1	-1	-1	-1	-1	120	0
94	95	65342	-1	21	十字军俘虏		120	95	0	0	10000	-1	-1	1	0	-1	-1	-1	-1	-1	-1	120	0
95	96	65342	-1	21	十字军俘虏		120	95	0	0	10000	-1	-1	1	0	-1	-1	-1	-1	-1	-1	120	0
96	97	65342	-1	21	十字军俘虏		90	90	0	0	10000	-1	-1	1	0	-1	-1	-1	-1	-1	-1	120	0
97	98	65342	-1	21	十字军俘虏		90	90	0	0	10000	-1	-1	1	0	-1	-1	-1	-1	-1	-1	120	0
98	99	65342	-1	21	十字军俘虏		90	90	0	0	10000	-1	-1	1	0	-1	-1	-1	-1	-1	-1	120	0
99	100	65342	-1	21	十字军俘虏		90	90	0	0	10000	-1	-1	1	0	-1	-1	-1	-1	-1	-1	120	0
100	101	65342	-1	21	十字军俘虏		90	90	0	0	10000	-1	-1	1	0	-1	-1	-1	-1	-1	-1	120	0
101	102	65342	-1	21	十字军俘虏		90	90	0	0	10000	-1	-1	1	0	-1	-1	-1	-1	-1	-1	120	0
102	103	65342	-1	21	十字军俘虏		90	90	0	0	10000	-1	-1	1	0	-1	-1	-1	-1	-1	-1	120	0
103	104	65342	-1	21	十字军俘虏		90	90	0	0	10000	-1	-1	1	0	-1	-1	-1	-1	-1	-1	120	0
104	105	65342	-1	21	十字军俘虏		90	90	0	0	10000	-1	-1	1	0	-1	-1	-1	-1	-1	-1	120	0
105	106	65342	-1	21	十字军俘虏		90	90	0	0	10000	-1	-1	1	0	-1	-1	-1	-1	-1	-1	120	0
106	107	65342	-1	21	十字军俘虏		90	90	0	0	10000	-1	-1	1	0	-1	-1	-1	-1	-1	-1	120	0
107	108	65342	-1	21	十字军俘虏		90	90	0	0	10000	-1	-1	1	0	-1	-1	-1	-1	-1	-1	120	0
108	109	65342	-1	21	十字军俘虏		80	48	0	0	10000	-1	-1	1	0	-1	-1	-1	-1	-1	-1	120	0
109	110	65342	-1	21	十字军俘虏		80	48	0	0	10000	-1	-1	1	0	-1	-1	-1	-1	-1	-1	120	0
110	111	65342	-1	21	十字军俘虏		80	48	0	0	10000	-1	-1	1	0	-1	-1	-1	-1	-1	-1	120	0
111	112	65342	-1	21	十字军俘虏		80	48	0	0	10000	-1	-1	1	0	-1	-1	-1	-1	-1	-1	120	0
112	113	65342	-1	21	十字军俘虏		80	48	0	0	10000	-1	-1	1	0	-1	-1	-1	-1	-1	-1	120	0
113	114	65342	-1	21	十字军俘虏		80	48	0	0	10000	-1	-1	1	0	-1	-1	-1	-1	-1	-1	120	0
114	115	65342	-1	21	十字军俘虏		80	48	0	0	10000	-1	-1	1	0	-1	-1	-1	-1	-1	-1	120	0
115	116	65342	-1	21	十字军俘虏		80	48	0	0	10000	-1	-1	1	0	-1	-1	-1	-1	-1	-1	120	0
116	117	65342	-1	21	十字军俘虏		80	48	0	0	10000	-1	-1	1	0	-1	-1	-1	-1	-1	-1	120	0
117	118	65342	-1	21	十字军俘虏		80	48	0	0	10000	-1	-1	1	0	-1	-1	-1	-1	-1	-1	120	0
118	119	65342	-1	21	十字军俘虏		80	48	0	0	10000	-1	-1	1	0	-1	-1	-1	-1	-1	-1	120	0
119	120	65342	-1	21	十字军俘虏		80	48	0	0	10000	-1	-1	1	0	-1	-1	-1	-1	-1	-1	120	0
120	121	65342	-1	21	十字军俘虏		80	48	0	0	10000	-1	-1	1	0	-1	-1	-1	-1	-1	-1	120	0
121	122	65342	-1	21	十字军俘虏		80	48	0	0	10000	-1	-1	1	0	-1	-1	-1	-1	-1	-1	120	0
122	123	65342	-1	21	十字军俘虏		80	48	0	0	10000	-1	-1	1	0	-1	-1	-1	-1	-1	-1	120	0
123	124	65342	-1	21	十字军俘虏		80	48	0	0	10000	-1	-1	1	0	-1	-1	-1	-1	-1	-1	120	0
124	125	65342	-1	21	十字军俘虏		80	48	0	0	10000	-1	-1	1	0	-1	-1	-1	-1	-1	-1	120	0
125	126	65342	-1	21	十字军俘虏		80	48	0	0	10000	-1	-1	1	0	-1	-1	-1	-1	-1	-1	120	0
126	127	65342	-1	21	十字军俘虏		80	48	0	0	10000	-1	-1	1	0	-1	-1	-1	-1	-1	-1	120	0
127	128	65342	-1	21	十字军俘虏		80	48	0	0	10000	-1	-1	1	0	-1	-1	-1	-1	-1	-1	120	0
128	129	65342	-1	21	十字军俘虏		80	48	0	0	10000	-1	-1	1	0	-1	-1	-1	-1	-1	-1	120	0
129	130	65342	-1	21	十字军俘虏		80	48	0	0	10000	-1	-1	1	0	-1	-1	-1	-1	-1	-1	120	0
130	131	65342	-1	21	十字军俘虏		80	48	0	0	10000	-1	-1	1	0	-1	-1	-1	-1	-1	-1	120	0
131	132	65342	-1	21	十字军俘虏		80	48	0	0	10000	-1	-1	1	0	-1	-1	-1	-1	-1	-1	120	0
132	133	65342	-1	21	十字军俘虏		81	57	0	0	10000	-1	-1	1	0	-1	-1	-1	-1	-1	-1	120	0
133	134	65342	-1	21	十字军俘虏		81	57	0	0	10000	-1	-1	1	0	-1	-1	-1	-1	-1	-1	120	0
134	135	65342	-1	21	十字军俘虏		81	57	0	0	10000	-1	-1	1	0	-1	-1	-1	-1	-1	-1	120	0
135	136	65342	-1	21	十字军俘虏		81	57	0	0	10000	-1	-1	1	0	-1	-1	-1	-1	-1	-1	120	0
136	137	65342	-1	21	十字军俘虏		81	57	0	0	10000	-1	-1	1	0	-1	-1	-1	-1	-1	-1	120	0
137	138	65342	-1	21	十字军俘虏		81	57	0	0	10000	-1	-1	1	0	-1	-1	-1	-1	-1	-1	120	0
138	139	65342	-1	21	十字军俘虏		81	57	0	0	10000	-1	-1	1	0	-1	-1	-1	-1	-1	-1	120	0
139	140	65342	-1	21	十字军俘虏		81	57	0	0	10000	-1	-1	1	0	-1	-1	-1	-1	-1	-1	120	0
140	141	65342	-1	21	十字军俘虏		81	57	0	0	10000	-1	-1	1	0	-1	-1	-1	-1	-1	-1	120	0
141	142	65342	-1	21	十字军俘虏		81	57	0	0	10000	-1	-1	1	0	-1	-1	-1	-1	-1	-1	120	0
142	143	65342	-1	21	十字军俘虏		81	57	0	0	10000	-1	-1	1	0	-1	-1	-1	-1	-1	-1	120	0
143	144	65342	-1	21	十字军俘虏		81	57	0	0	10000	-1	-1	1	0	-1	-1	-1	-1	-1	-1	120	0
144	145	65342	-1	21	十字军俘虏		113	48	0	0	10000	-1	-1	1	0	-1	-1	-1	-1	-1	-1	120	0
145	146	65342	-1	21	十字军俘虏		113	48	0	0	10000	-1	-1	1	0	-1	-1	-1	-1	-1	-1	120	0
146	147	65342	-1	21	十字军俘虏		113	48	0	0	10000	-1	-1	1	0	-1	-1	-1	-1	-1	-1	120	0
147	148	65342	-1	21	十字军俘虏		113	48	0	0	10000	-1	-1	1	0	-1	-1	-1	-1	-1	-1	120	0
148	149	65342	-1	21	十字军俘虏		113	48	0	0	10000	-1	-1	1	0	-1	-1	-1	-1	-1	-1	120	0
149	150	65342	-1	21	十字军俘虏		113	48	0	0	10000	-1	-1	1	0	-1	-1	-1	-1	-1	-1	120	0
150	151	65342	-1	21	十字军俘虏		113	48	0	0	10000	-1	-1	1	0	-1	-1	-1	-1	-1	-1	120	0
151	152	65342	-1	21	十字军俘虏		113	48	0	0	10000	-1	-1	1	0	-1	-1	-1	-1	-1	-1	120	0
152	153	65342	-1	21	十字军俘虏		113	48	0	0	10000	-1	-1	1	0	-1	-1	-1	-1	-1	-1	120	0
153	154	65342	-1	21	十字军俘虏		113	48	0	0	10000	-1	-1	1	0	-1	-1	-1	-1	-1	-1	120	0
154	155	65342	-1	21	十字军俘虏		113	48	0	0	10000	-1	-1	1	0	-1	-1	-1	-1	-1	-1	120	0
155	156	65342	-1	21	十字军俘虏		113	48	0	0	10000	-1	-1	1	0	-1	-1	-1	-1	-1	-1	120	0
156	157	65342	-1	21	十字军俘虏		143	56	0	0	10000	-1	-1	1	0	-1	-1	-1	-1	-1	-1	120	0
157	158	65342	-1	21	十字军俘虏		143	56	0	0	10000	-1	-1	1	0	-1	-1	-1	-1	-1	-1	120	0
158	159	65342	-1	21	十字军俘虏		143	56	0	0	10000	-1	-1	1	0	-1	-1	-1	-1	-1	-1	120	0
159	160	65342	-1	21	十字军俘虏		143	56	0	0	10000	-1	-1	1	0	-1	-1	-1	-1	-1	-1	120	0
160	161	65342	-1	21	十字军俘虏		143	56	0	0	10000	-1	-1	1	0	-1	-1	-1	-1	-1	-1	120	0
161	162	65342	-1	21	十字军俘虏		143	56	0	0	10000	-1	-1	1	0	-1	-1	-1	-1	-1	-1	120	0
162	163	65342	-1	21	十字军俘虏		143	56	0	0	10000	-1	-1	1	0	-1	-1	-1	-1	-1	-1	120	0
163	164	65342	-1	21	十字军俘虏		143	56	0	0	10000	-1	-1	1	0	-1	-1	-1	-1	-1	-1	120	0
164	165	65342	-1	21	十字军俘虏		143	56	0	0	10000	-1	-1	1	0	-1	-1	-1	-1	-1	-1	120	0
165	166	65342	-1	21	十字军俘虏		143	56	0	0	10000	-1	-1	1	0	-1	-1	-1	-1	-1	-1	120	0
166	167	65342	-1	21	十字军俘虏		143	56	0	0	10000	-1	-1	1	0	-1	-1	-1	-1	-1	-1	120	0
167	168	65342	-1	21	十字军俘虏		143	56	0	0	10000	-1	-1	1	0	-1	-1	-1	-1	-1	-1	120	0
168	169	65342	-1	21	十字军俘虏		144	48	0	0	10000	-1	-1	1	0	-1	-1	-1	-1	-1	-1	120	0
169	170	65342	-1	21	十字军俘虏		144	48	0	0	10000	-1	-1	1	0	-1	-1	-1	-1	-1	-1	120	0
170	171	65342	-1	21	十字军俘虏		144	48	0	0	10000	-1	-1	1	0	-1	-1	-1	-1	-1	-1	120	0
171	172	65342	-1	21	十字军俘虏		144	48	0	0	10000	-1	-1	1	0	-1	-1	-1	-1	-1	-1	120	0
172	173	65342	-1	21	十字军俘虏		144	48	0	0	10000	-1	-1	1	0	-1	-1	-1	-1	-1	-1	120	0
173	174	65342	-1	21	十字军俘虏		144	48	0	0	10000	-1	-1	1	0	-1	-1	-1	-1	-1	-1	120	0
174	175	65342	-1	21	十字军俘虏		144	48	0	0	10000	-1	-1	1	0	-1	-1	-1	-1	-1	-1	120	0
175	176	65342	-1	21	十字军俘虏		144	48	0	0	10000	-1	-1	1	0	-1	-1	-1	-1	-1	-1	120	0
176	177	65342	-1	21	十字军俘虏		144	48	0	0	10000	-1	-1	1	0	-1	-1	-1	-1	-1	-1	120	0
177	178	65342	-1	21	十字军俘虏		144	48	0	0	10000	-1	-1	1	0	-1	-1	-1	-1	-1	-1	120	0
178	179	65342	-1	21	十字军俘虏		144	48	0	0	10000	-1	-1	1	0	-1	-1	-1	-1	-1	-1	120	0
179	180	65342	-1	21	十字军俘虏		144	48	0	0	10000	-1	-1	1	0	-1	-1	-1	-1	-1	-1	120	0
180	181	65342	-1	21	十字军俘虏		186	54	0	0	10000	-1	-1	1	0	-1	-1	-1	-1	-1	-1	120	0
181	182	65342	-1	21	十字军俘虏		186	54	0	0	10000	-1	-1	1	0	-1	-1	-1	-1	-1	-1	120	0
182	183	65342	-1	21	十字军俘虏		186	54	0	0	10000	-1	-1	1	0	-1	-1	-1	-1	-1	-1	120	0
183	184	65342	-1	21	十字军俘虏		186	54	0	0	10000	-1	-1	1	0	-1	-1	-1	-1	-1	-1	120	0
184	185	65342	-1	21	十字军俘虏		186	54	0	0	10000	-1	-1	1	0	-1	-1	-1	-1	-1	-1	120	0
185	186	65342	-1	21	十字军俘虏		186	54	0	0	10000	-1	-1	1	0	-1	-1	-1	-1	-1	-1	120	0
186	187	65342	-1	21	十字军俘虏		186	54	0	0	10000	-1	-1	1	0	-1	-1	-1	-1	-1	-1	120	0
187	188	65342	-1	21	十字军俘虏		186	54	0	0	10000	-1	-1	1	0	-1	-1	-1	-1	-1	-1	120	0
188	189	65342	-1	21	十字军俘虏		186	54	0	0	10000	-1	-1	1	0	-1	-1	-1	-1	-1	-1	120	0
189	190	65342	-1	21	十字军俘虏		186	54	0	0	10000	-1	-1	1	0	-1	-1	-1	-1	-1	-1	120	0
190	191	65342	-1	21	十字军俘虏		186	54	0	0	10000	-1	-1	1	0	-1	-1	-1	-1	-1	-1	120	0
191	192	65342	-1	21	十字军俘虏		186	54	0	0	10000	-1	-1	1	0	-1	-1	-1	-1	-1	-1	120	0
192	193	65342	-1	21	十字军俘虏		184	52	0	0	10000	-1	-1	1	0	-1	-1	-1	-1	-1	-1	120	0
193	194	65342	-1	21	十字军俘虏		184	52	0	0	10000	-1	-1	1	0	-1	-1	-1	-1	-1	-1	120	0
194	195	65342	-1	21	十字军俘虏		184	52	0	0	10000	-1	-1	1	0	-1	-1	-1	-1	-1	-1	120	0
195	196	65342	-1	21	十字军俘虏		184	52	0	0	10000	-1	-1	1	0	-1	-1	-1	-1	-1	-1	120	0
196	197	65342	-1	21	十字军俘虏		184	52	0	0	10000	-1	-1	1	0	-1	-1	-1	-1	-1	-1	120	0
197	198	65342	-1	21	十字军俘虏		184	52	0	0	10000	-1	-1	1	0	-1	-1	-1	-1	-1	-1	120	0
198	199	65342	-1	21	十字军俘虏		186	84	0	0	10000	-1	-1	1	0	-1	-1	-1	-1	-1	-1	120	0
199	200	65342	-1	21	十字军俘虏		186	84	0	0	10000	-1	-1	1	0	-1	-1	-1	-1	-1	-1	120	0
200	201	65342	-1	21	十字军俘虏		186	84	0	0	10000	-1	-1	1	0	-1	-1	-1	-1	-1	-1	120	0
201	202	65342	-1	21	十字军俘虏		186	84	0	0	10000	-1	-1	1	0	-1	-1	-1	-1	-1	-1	120	0
202	203	65342	-1	21	十字军俘虏		186	84	0	0	10000	-1	-1	1	0	-1	-1	-1	-1	-1	-1	120	0
203	204	65342	-1	21	十字军俘虏		186	84	0	0	10000	-1	-1	1	0	-1	-1	-1	-1	-1	-1	120	0
204	205	65342	-1	21	十字军俘虏		186	84	0	0	10000	-1	-1	1	0	-1	-1	-1	-1	-1	-1	120	0
205	206	65342	-1	21	十字军俘虏		186	84	0	0	10000	-1	-1	1	0	-1	-1	-1	-1	-1	-1	120	0
206	207	65342	-1	21	十字军俘虏		186	84	0	0	10000	-1	-1	1	0	-1	-1	-1	-1	-1	-1	120	0
207	208	65342	-1	21	十字军俘虏		186	84	0	0	10000	-1	-1	1	0	-1	-1	-1	-1	-1	-1	120	0
208	209	65342	-1	21	十字军俘虏		186	84	0	0	10000	-1	-1	1	0	-1	-1	-1	-1	-1	-1	120	0
209	210	65342	-1	21	十字军俘虏		186	84	0	0	10000	-1	-1	1	0	-1	-1	-1	-1	-1	-1	120	0
210	211	65342	-1	21	十字军俘虏		150	92	0	0	10000	-1	-1	1	0	-1	-1	-1	-1	-1	-1	120	0
211	212	65342	-1	21	十字军俘虏		150	92	0	0	10000	-1	-1	1	0	-1	-1	-1	-1	-1	-1	120	0
212	213	65342	-1	21	十字军俘虏		150	92	0	0	10000	-1	-1	1	0	-1	-1	-1	-1	-1	-1	120	0
213	214	65342	-1	21	十字军俘虏		150	92	0	0	10000	-1	-1	1	0	-1	-1	-1	-1	-1	-1	120	0
214	215	65342	-1	21	十字军俘虏		150	92	0	0	10000	-1	-1	1	0	-1	-1	-1	-1	-1	-1	120	0
215	216	65342	-1	21	十字军俘虏		150	92	0	0	10000	-1	-1	1	0	-1	-1	-1	-1	-1	-1	120	0
216	217	65342	-1	21	十字军俘虏		150	92	0	0	10000	-1	-1	1	0	-1	-1	-1	-1	-1	-1	120	0
217	218	65342	-1	21	十字军俘虏		150	92	0	0	10000	-1	-1	1	0	-1	-1	-1	-1	-1	-1	120	0
218	219	65342	-1	21	十字军俘虏		150	92	0	0	10000	-1	-1	1	0	-1	-1	-1	-1	-1	-1	120	0
219	220	65342	-1	21	十字军俘虏		150	92	0	0	10000	-1	-1	1	0	-1	-1	-1	-1	-1	-1	120	0
220	221	65342	-1	21	十字军俘虏		150	92	0	0	10000	-1	-1	1	0	-1	-1	-1	-1	-1	-1	120	0
221	222	65342	-1	21	十字军俘虏		150	92	0	0	10000	-1	-1	1	0	-1	-1	-1	-1	-1	-1	120	0
222	223	65342	-1	21	十字军俘虏		154	119	0	0	10000	-1	-1	1	0	-1	-1	-1	-1	-1	-1	120	0
223	224	65342	-1	21	十字军俘虏		154	119	0	0	10000	-1	-1	1	0	-1	-1	-1	-1	-1	-1	120	0
224	225	65342	-1	21	十字军俘虏		154	119	0	0	10000	-1	-1	1	0	-1	-1	-1	-1	-1	-1	120	0
225	226	65342	-1	21	十字军俘虏		154	119	0	0	10000	-1	-1	1	0	-1	-1	-1	-1	-1	-1	120	0
226	227	65342	-1	21	十字军俘虏		154	119	0	0	10000	-1	-1	1	0	-1	-1	-1	-1	-1	-1	120	0
227	228	65342	-1	21	十字军俘虏		154	119	0	0	10000	-1	-1	1	0	-1	-1	-1	-1	-1	-1	120	0
228	229	65342	-1	21	十字军俘虏		154	119	0	0	10000	-1	-1	1	0	-1	-1	-1	-1	-1	-1	120	0
229	230	65342	-1	21	十字军俘虏		154	119	0	0	10000	-1	-1	1	0	-1	-1	-1	-1	-1	-1	120	0
230	231	65342	-1	21	十字军俘虏		154	119	0	0	10000	-1	-1	1	0	-1	-1	-1	-1	-1	-1	120	0
231	232	65342	-1	21	十字军俘虏		154	119	0	0	10000	-1	-1	1	0	-1	-1	-1	-1	-1	-1	120	0
232	233	65342	-1	21	十字军俘虏		154	119	0	0	10000	-1	-1	1	0	-1	-1	-1	-1	-1	-1	120	0
233	234	65342	-1	21	十字军俘虏		154	119	0	0	10000	-1	-1	1	0	-1	-1	-1	-1	-1	-1	120	0
234	235	65342	-1	21	十字军俘虏		185	119	0	0	10000	-1	-1	1	0	-1	-1	-1	-1	-1	-1	120	0
235	236	65342	-1	21	十字军俘虏		185	119	0	0	10000	-1	-1	1	0	-1	-1	-1	-1	-1	-1	120	0
236	237	65342	-1	21	十字军俘虏		185	119	0	0	10000	-1	-1	1	0	-1	-1	-1	-1	-1	-1	120	0
237	238	65342	-1	21	十字军俘虏		185	119	0	0	10000	-1	-1	1	0	-1	-1	-1	-1	-1	-1	120	0
238	239	65342	-1	21	十字军俘虏		185	119	0	0	10000	-1	-1	1	0	-1	-1	-1	-1	-1	-1	120	0
239	240	65342	-1	21	十字军俘虏		185	119	0	0	10000	-1	-1	1	0	-1	-1	-1	-1	-1	-1	120	0
240	241	65342	-1	21	十字军俘虏		185	119	0	0	10000	-1	-1	1	0	-1	-1	-1	-1	-1	-1	120	0
241	242	65342	-1	21	十字军俘虏		185	119	0	0	10000	-1	-1	1	0	-1	-1	-1	-1	-1	-1	120	0
242	243	65342	-1	21	十字军俘虏		185	119	0	0	10000	-1	-1	1	0	-1	-1	-1	-1	-1	-1	120	0
243	244	65342	-1	21	十字军俘虏		185	119	0	0	10000	-1	-1	1	0	-1	-1	-1	-1	-1	-1	120	0
244	245	65342	-1	21	十字军俘虏		185	119	0	0	10000	-1	-1	1	0	-1	-1	-1	-1	-1	-1	120	0
245	246	65342	-1	21	十字军俘虏		185	119	0	0	10000	-1	-1	1	0	-1	-1	-1	-1	-1	-1	120	0
246	247	65342	-1	21	十字军俘虏		218	119	0	0	10000	-1	-1	1	0	-1	-1	-1	-1	-1	-1	120	0
247	248	65342	-1	21	十字军俘虏		218	119	0	0	10000	-1	-1	1	0	-1	-1	-1	-1	-1	-1	120	0
248	249	65342	-1	21	十字军俘虏		218	119	0	0	10000	-1	-1	1	0	-1	-1	-1	-1	-1	-1	120	0
249	250	65342	-1	21	十字军俘虏		218	119	0	0	10000	-1	-1	1	0	-1	-1	-1	-1	-1	-1	120	0
250	251	65342	-1	21	十字军俘虏		218	119	0	0	10000	-1	-1	1	0	-1	-1	-1	-1	-1	-1	120	0
251	252	65342	-1	21	十字军俘虏		218	119	0	0	10000	-1	-1	1	0	-1	-1	-1	-1	-1	-1	120	0
252	253	65342	-1	21	十字军俘虏		218	119	0	0	10000	-1	-1	1	0	-1	-1	-1	-1	-1	-1	120	0
253	254	65342	-1	21	十字军俘虏		218	119	0	0	10000	-1	-1	1	0	-1	-1	-1	-1	-1	-1	120	0
254	255	65342	-1	21	十字军俘虏		218	119	0	0	10000	-1	-1	1	0	-1	-1	-1	-1	-1	-1	120	0
255	256	65342	-1	21	十字军俘虏		218	119	0	0	10000	-1	-1	1	0	-1	-1	-1	-1	-1	-1	120	0
256	257	65342	-1	21	十字军俘虏		218	119	0	0	10000	-1	-1	1	0	-1	-1	-1	-1	-1	-1	120	0
257	258	65342	-1	21	十字军俘虏		218	119	0	0	10000	-1	-1	1	0	-1	-1	-1	-1	-1	-1	120	0
258	259	65342	-1	21	十字军俘虏		218	68	0	0	10000	-1	-1	1	0	-1	-1	-1	-1	-1	-1	120	0
259	260	65342	-1	21	十字军俘虏		218	68	0	0	10000	-1	-1	1	0	-1	-1	-1	-1	-1	-1	120	0
260	261	65342	-1	21	十字军俘虏		218	68	0	0	10000	-1	-1	1	0	-1	-1	-1	-1	-1	-1	120	0
261	262	65342	-1	21	十字军俘虏		218	68	0	0	10000	-1	-1	1	0	-1	-1	-1	-1	-1	-1	120	0
262	263	65342	-1	21	十字军俘虏		218	68	0	0	10000	-1	-1	1	0	-1	-1	-1	-1	-1	-1	120	0
263	264	65342	-1	21	十字军俘虏		218	68	0	0	10000	-1	-1	1	0	-1	-1	-1	-1	-1	-1	120	0
264	265	65342	-1	21	十字军俘虏		218	68	0	0	10000	-1	-1	1	0	-1	-1	-1	-1	-1	-1	120	0
265	266	65342	-1	21	十字军俘虏		218	68	0	0	10000	-1	-1	1	0	-1	-1	-1	-1	-1	-1	120	0
266	267	65342	-1	21	十字军俘虏		218	68	0	0	10000	-1	-1	1	0	-1	-1	-1	-1	-1	-1	120	0
267	268	65342	-1	21	十字军俘虏		218	68	0	0	10000	-1	-1	1	0	-1	-1	-1	-1	-1	-1	120	0
268	269	65342	-1	21	十字军俘虏		218	68	0	0	10000	-1	-1	1	0	-1	-1	-1	-1	-1	-1	120	0
269	270	65342	-1	21	十字军俘虏		218	68	0	0	10000	-1	-1	1	0	-1	-1	-1	-1	-1	-1	120	0
270	271	65342	-1	21	十字军俘虏		213	152	0	0	10000	-1	-1	1	0	-1	-1	-1	-1	-1	-1	120	0
271	272	65342	-1	21	十字军俘虏		213	152	0	0	10000	-1	-1	1	0	-1	-1	-1	-1	-1	-1	120	0
272	273	65342	-1	21	十字军俘虏		213	152	0	0	10000	-1	-1	1	0	-1	-1	-1	-1	-1	-1	120	0
273	274	65342	-1	21	十字军俘虏		213	152	0	0	10000	-1	-1	1	0	-1	-1	-1	-1	-1	-1	120	0
274	275	65342	-1	21	十字军俘虏		213	152	0	0	10000	-1	-1	1	0	-1	-1	-1	-1	-1	-1	120	0
275	276	65342	-1	21	十字军俘虏		213	152	0	0	10000	-1	-1	1	0	-1	-1	-1	-1	-1	-1	120	0
276	277	65342	-1	21	十字军俘虏		213	152	0	0	10000	-1	-1	1	0	-1	-1	-1	-1	-1	-1	120	0
277	278	65342	-1	21	十字军俘虏		213	152	0	0	10000	-1	-1	1	0	-1	-1	-1	-1	-1	-1	120	0
278	279	65342	-1	21	十字军俘虏		213	152	0	0	10000	-1	-1	1	0	-1	-1	-1	-1	-1	-1	120	0
279	280	65342	-1	21	十字军俘虏		225	152	0	0	10000	-1	-1	1	0	-1	-1	-1	-1	-1	-1	120	0
280	281	65342	-1	21	十字军俘虏		225	152	0	0	10000	-1	-1	1	0	-1	-1	-1	-1	-1	-1	120	0
281	282	65342	-1	21	十字军俘虏		225	152	0	0	10000	-1	-1	1	0	-1	-1	-1	-1	-1	-1	120	0
282	283	65342	-1	21	十字军俘虏		225	152	0	0	10000	-1	-1	1	0	-1	-1	-1	-1	-1	-1	120	0
283	284	65342	-1	21	十字军俘虏		225	152	0	0	10000	-1	-1	1	0	-1	-1	-1	-1	-1	-1	120	0
284	285	65342	-1	21	十字军俘虏		225	152	0	0	10000	-1	-1	1	0	-1	-1	-1	-1	-1	-1	120	0
285	286	65342	-1	21	十字军俘虏		225	152	0	0	10000	-1	-1	1	0	-1	-1	-1	-1	-1	-1	120	0
286	287	65342	-1	21	十字军俘虏		225	152	0	0	10000	-1	-1	1	0	-1	-1	-1	-1	-1	-1	120	0
287	288	65342	-1	21	十字军俘虏		225	152	0	0	10000	-1	-1	1	0	-1	-1	-1	-1	-1	-1	120	0
288	289	65342	-1	21	十字军俘虏		225	165	0	0	10000	-1	-1	1	0	-1	-1	-1	-1	-1	-1	120	0
289	290	65342	-1	21	十字军俘虏		225	165	0	0	10000	-1	-1	1	0	-1	-1	-1	-1	-1	-1	120	0
290	291	65342	-1	21	十字军俘虏		225	165	0	0	10000	-1	-1	1	0	-1	-1	-1	-1	-1	-1	120	0
291	292	65342	-1	21	十字军俘虏		225	165	0	0	10000	-1	-1	1	0	-1	-1	-1	-1	-1	-1	120	0
292	293	65342	-1	21	十字军俘虏		225	165	0	0	10000	-1	-1	1	0	-1	-1	-1	-1	-1	-1	120	0
293	294	65342	-1	21	十字军俘虏		225	165	0	0	10000	-1	-1	1	0	-1	-1	-1	-1	-1	-1	120	0
294	295	65342	-1	21	十字军俘虏		225	165	0	0	10000	-1	-1	1	0	-1	-1	-1	-1	-1	-1	120	0
295	296	65342	-1	21	十字军俘虏		225	165	0	0	10000	-1	-1	1	0	-1	-1	-1	-1	-1	-1	120	0
296	297	65342	-1	21	十字军俘虏		225	165	0	0	10000	-1	-1	1	0	-1	-1	-1	-1	-1	-1	120	0
297	298	65342	-1	21	十字军俘虏		213	165	0	0	10000	-1	-1	1	0	-1	-1	-1	-1	-1	-1	120	0
298	299	65342	-1	21	十字军俘虏		213	165	0	0	10000	-1	-1	1	0	-1	-1	-1	-1	-1	-1	120	0
299	300	65342	-1	21	十字军俘虏		213	165	0	0	10000	-1	-1	1	0	-1	-1	-1	-1	-1	-1	120	0
300	301	65342	-1	21	十字军俘虏		213	165	0	0	10000	-1	-1	1	0	-1	-1	-1	-1	-1	-1	120	0
301	302	65342	-1	21	十字军俘虏		213	165	0	0	10000	-1	-1	1	0	-1	-1	-1	-1	-1	-1	120	0
302	303	65342	-1	21	十字军俘虏		213	165	0	0	10000	-1	-1	1	0	-1	-1	-1	-1	-1	-1	120	0
303	304	65342	-1	21	十字军俘虏		213	165	0	0	10000	-1	-1	1	0	-1	-1	-1	-1	-1	-1	120	0
304	305	65342	-1	21	十字军俘虏		213	165	0	0	10000	-1	-1	1	0	-1	-1	-1	-1	-1	-1	120	0
305	306	65342	-1	21	十字军俘虏		213	165	0	0	10000	-1	-1	1	0	-1	-1	-1	-1	-1	-1	120	0
306	307	65342	-1	21	十字军俘虏		154	152	0	0	10000	-1	-1	1	0	-1	-1	-1	-1	-1	-1	120	0
307	308	65342	-1	21	十字军俘虏		154	152	0	0	10000	-1	-1	1	0	-1	-1	-1	-1	-1	-1	120	0
308	309	65342	-1	21	十字军俘虏		154	152	0	0	10000	-1	-1	1	0	-1	-1	-1	-1	-1	-1	120	0
309	310	65342	-1	21	十字军俘虏		154	152	0	0	10000	-1	-1	1	0	-1	-1	-1	-1	-1	-1	120	0
310	311	65342	-1	21	十字军俘虏		154	152	0	0	10000	-1	-1	1	0	-1	-1	-1	-1	-1	-1	120	0
311	312	65342	-1	21	十字军俘虏		154	152	0	0	10000	-1	-1	1	0	-1	-1	-1	-1	-1	-1	120	0
312	313	65342	-1	21	十字军俘虏		154	152	0	0	10000	-1	-1	1	0	-1	-1	-1	-1	-1	-1	120	0
313	314	65342	-1	21	十字军俘虏		154	152	0	0	10000	-1	-1	1	0	-1	-1	-1	-1	-1	-1	120	0
314	315	65342	-1	21	十字军俘虏		154	152	0	0	10000	-1	-1	1	0	-1	-1	-1	-1	-1	-1	120	0
315	316	65342	-1	21	十字军俘虏		166	152	0	0	10000	-1	-1	1	0	-1	-1	-1	-1	-1	-1	120	0
316	317	65342	-1	21	十字军俘虏		166	152	0	0	10000	-1	-1	1	0	-1	-1	-1	-1	-1	-1	120	0
317	318	65342	-1	21	十字军俘虏		166	152	0	0	10000	-1	-1	1	0	-1	-1	-1	-1	-1	-1	120	0
318	319	65342	-1	21	十字军俘虏		166	152	0	0	10000	-1	-1	1	0	-1	-1	-1	-1	-1	-1	120	0
319	320	65342	-1	21	十字军俘虏		166	152	0	0	10000	-1	-1	1	0	-1	-1	-1	-1	-1	-1	120	0
320	321	65342	-1	21	十字军俘虏		166	152	0	0	10000	-1	-1	1	0	-1	-1	-1	-1	-1	-1	120	0
321	322	65342	-1	21	十字军俘虏		166	152	0	0	10000	-1	-1	1	0	-1	-1	-1	-1	-1	-1	120	0
322	323	65342	-1	21	十字军俘虏		166	152	0	0	10000	-1	-1	1	0	-1	-1	-1	-1	-1	-1	120	0
323	324	65342	-1	21	十字军俘虏		166	152	0	0	10000	-1	-1	1	0	-1	-1	-1	-1	-1	-1	120	0
324	325	65342	-1	21	十字军俘虏		166	165	0	0	10000	-1	-1	1	0	-1	-1	-1	-1	-1	-1	120	0
325	326	65342	-1	21	十字军俘虏		166	165	0	0	10000	-1	-1	1	0	-1	-1	-1	-1	-1	-1	120	0
326	327	65342	-1	21	十字军俘虏		166	165	0	0	10000	-1	-1	1	0	-1	-1	-1	-1	-1	-1	120	0
327	328	65342	-1	21	十字军俘虏		166	165	0	0	10000	-1	-1	1	0	-1	-1	-1	-1	-1	-1	120	0
328	329	65342	-1	21	十字军俘虏		166	165	0	0	10000	-1	-1	1	0	-1	-1	-1	-1	-1	-1	120	0
329	330	65342	-1	21	十字军俘虏		166	165	0	0	10000	-1	-1	1	0	-1	-1	-1	-1	-1	-1	120	0
330	331	65342	-1	21	十字军俘虏		166	165	0	0	10000	-1	-1	1	0	-1	-1	-1	-1	-1	-1	120	0
331	332	65342	-1	21	十字军俘虏		166	165	0	0	10000	-1	-1	1	0	-1	-1	-1	-1	-1	-1	120	0
332	333	65342	-1	21	十字军俘虏		166	165	0	0	10000	-1	-1	1	0	-1	-1	-1	-1	-1	-1	120	0
333	334	65342	-1	21	十字军俘虏		95	165	0	0	10000	-1	-1	1	0	-1	-1	-1	-1	-1	-1	120	0
334	335	65342	-1	21	十字军俘虏		95	165	0	0	10000	-1	-1	1	0	-1	-1	-1	-1	-1	-1	120	0
335	336	65342	-1	21	十字军俘虏		95	165	0	0	10000	-1	-1	1	0	-1	-1	-1	-1	-1	-1	120	0
336	337	65342	-1	21	十字军俘虏		95	165	0	0	10000	-1	-1	1	0	-1	-1	-1	-1	-1	-1	120	0
337	338	65342	-1	21	十字军俘虏		95	165	0	0	10000	-1	-1	1	0	-1	-1	-1	-1	-1	-1	120	0
338	339	65342	-1	21	十字军俘虏		95	165	0	0	10000	-1	-1	1	0	-1	-1	-1	-1	-1	-1	120	0
339	340	65342	-1	21	十字军俘虏		95	165	0	0	10000	-1	-1	1	0	-1	-1	-1	-1	-1	-1	120	0
340	341	65342	-1	21	十字军俘虏		95	165	0	0	10000	-1	-1	1	0	-1	-1	-1	-1	-1	-1	120	0
341	342	65342	-1	21	十字军俘虏		95	165	0	0	10000	-1	-1	1	0	-1	-1	-1	-1	-1	-1	120	0
342	343	65342	-1	21	十字军俘虏		95	152	0	0	10000	-1	-1	1	0	-1	-1	-1	-1	-1	-1	120	0
343	344	65342	-1	21	十字军俘虏		95	152	0	0	10000	-1	-1	1	0	-1	-1	-1	-1	-1	-1	120	0
344	345	65342	-1	21	十字军俘虏		95	152	0	0	10000	-1	-1	1	0	-1	-1	-1	-1	-1	-1	120	0
345	346	65342	-1	21	十字军俘虏		95	152	0	0	10000	-1	-1	1	0	-1	-1	-1	-1	-1	-1	120	0
346	347	65342	-1	21	十字军俘虏		95	152	0	0	10000	-1	-1	1	0	-1	-1	-1	-1	-1	-1	120	0
347	348	65342	-1	21	十字军俘虏		95	152	0	0	10000	-1	-1	1	0	-1	-1	-1	-1	-1	-1	120	0
348	349	65342	-1	21	十字军俘虏		95	152	0	0	10000	-1	-1	1	0	-1	-1	-1	-1	-1	-1	120	0
349	350	65342	-1	21	十字军俘虏		95	152	0	0	10000	-1	-1	1	0	-1	-1	-1	-1	-1	-1	120	0
350	351	65342	-1	21	十字军俘虏		95	152	0	0	10000	-1	-1	1	0	-1	-1	-1	-1	-1	-1	120	0
351	352	65342	-1	21	十字军俘虏		107	152	0	0	10000	-1	-1	1	0	-1	-1	-1	-1	-1	-1	120	0
352	353	65342	-1	21	十字军俘虏		107	152	0	0	10000	-1	-1	1	0	-1	-1	-1	-1	-1	-1	120	0
353	354	65342	-1	21	十字军俘虏		107	152	0	0	10000	-1	-1	1	0	-1	-1	-1	-1	-1	-1	120	0
354	355	65342	-1	21	十字军俘虏		107	152	0	0	10000	-1	-1	1	0	-1	-1	-1	-1	-1	-1	120	0
355	356	65342	-1	21	十字军俘虏		107	152	0	0	10000	-1	-1	1	0	-1	-1	-1	-1	-1	-1	120	0
356	357	65342	-1	21	十字军俘虏		107	152	0	0	10000	-1	-1	1	0	-1	-1	-1	-1	-1	-1	120	0
357	358	65342	-1	21	十字军俘虏		107	152	0	0	10000	-1	-1	1	0	-1	-1	-1	-1	-1	-1	120	0
358	359	65342	-1	21	十字军俘虏		107	152	0	0	10000	-1	-1	1	0	-1	-1	-1	-1	-1	-1	120	0
359	360	65342	-1	21	十字军俘虏		107	152	0	0	10000	-1	-1	1	0	-1	-1	-1	-1	-1	-1	120	0
360	361	65342	-1	21	十字军俘虏		107	165	0	0	10000	-1	-1	1	0	-1	-1	-1	-1	-1	-1	120	0
361	362	65342	-1	21	十字军俘虏		107	165	0	0	10000	-1	-1	1	0	-1	-1	-1	-1	-1	-1	120	0
362	363	65342	-1	21	十字军俘虏		107	165	0	0	10000	-1	-1	1	0	-1	-1	-1	-1	-1	-1	120	0
363	364	65342	-1	21	十字军俘虏		107	165	0	0	10000	-1	-1	1	0	-1	-1	-1	-1	-1	-1	120	0
364	365	65342	-1	21	十字军俘虏		107	165	0	0	10000	-1	-1	1	0	-1	-1	-1	-1	-1	-1	120	0
365	366	65342	-1	21	十字军俘虏		107	165	0	0	10000	-1	-1	1	0	-1	-1	-1	-1	-1	-1	120	0
366	367	65342	-1	21	十字军俘虏		107	165	0	0	10000	-1	-1	1	0	-1	-1	-1	-1	-1	-1	120	0
367	368	65342	-1	21	十字军俘虏		107	165	0	0	10000	-1	-1	1	0	-1	-1	-1	-1	-1	-1	120	0
368	369	65342	-1	21	十字军俘虏		107	165	0	0	10000	-1	-1	1	0	-1	-1	-1	-1	-1	-1	120	0
369	370	65342	-1	21	十字军俘虏		95	165	0	0	10000	-1	-1	1	0	-1	-1	-1	-1	-1	-1	120	0
370	371	65342	-1	21	十字军俘虏		95	165	0	0	10000	-1	-1	1	0	-1	-1	-1	-1	-1	-1	120	0
371	372	65342	-1	21	十字军俘虏		95	165	0	0	10000	-1	-1	1	0	-1	-1	-1	-1	-1	-1	120	0
372	373	65342	-1	21	十字军俘虏		95	165	0	0	10000	-1	-1	1	0	-1	-1	-1	-1	-1	-1	120	0
373	374	65342	-1	21	十字军俘虏		95	165	0	0	10000	-1	-1	1	0	-1	-1	-1	-1	-1	-1	120	0
374	375	65342	-1	21	十字军俘虏		95	165	0	0	10000	-1	-1	1	0	-1	-1	-1	-1	-1	-1	120	0
375	376	65342	-1	21	十字军俘虏		95	165	0	0	10000	-1	-1	1	0	-1	-1	-1	-1	-1	-1	120	0
376	377	65342	-1	21	十字军俘虏		95	165	0	0	10000	-1	-1	1	0	-1	-1	-1	-1	-1	-1	120	0
377	378	65342	-1	21	十字军俘虏		95	165	0	0	10000	-1	-1	1	0	-1	-1	-1	-1	-1	-1	120	0
378	379	65342	-1	21	十字军俘虏		36	152	0	0	10000	-1	-1	1	0	-1	-1	-1	-1	-1	-1	120	0
379	380	65342	-1	21	十字军俘虏		36	152	0	0	10000	-1	-1	1	0	-1	-1	-1	-1	-1	-1	120	0
380	381	65342	-1	21	十字军俘虏		36	152	0	0	10000	-1	-1	1	0	-1	-1	-1	-1	-1	-1	120	0
381	382	65342	-1	21	十字军俘虏		36	152	0	0	10000	-1	-1	1	0	-1	-1	-1	-1	-1	-1	120	0
382	383	65342	-1	21	十字军俘虏		36	152	0	0	10000	-1	-1	1	0	-1	-1	-1	-1	-1	-1	120	0
383	384	65342	-1	21	十字军俘虏		36	152	0	0	10000	-1	-1	1	0	-1	-1	-1	-1	-1	-1	120	0
384	385	65342	-1	21	十字军俘虏		36	152	0	0	10000	-1	-1	1	0	-1	-1	-1	-1	-1	-1	120	0
385	386	65342	-1	21	十字军俘虏		36	152	0	0	10000	-1	-1	1	0	-1	-1	-1	-1	-1	-1	120	0
386	387	65342	-1	21	十字军俘虏		36	152	0	0	10000	-1	-1	1	0	-1	-1	-1	-1	-1	-1	120	0
387	388	65342	-1	21	十字军俘虏		48	152	0	0	10000	-1	-1	1	0	-1	-1	-1	-1	-1	-1	120	0
388	389	65342	-1	21	十字军俘虏		48	152	0	0	10000	-1	-1	1	0	-1	-1	-1	-1	-1	-1	120	0
389	390	65342	-1	21	十字军俘虏		48	152	0	0	10000	-1	-1	1	0	-1	-1	-1	-1	-1	-1	120	0
390	391	65342	-1	21	十字军俘虏		48	152	0	0	10000	-1	-1	1	0	-1	-1	-1	-1	-1	-1	120	0
391	392	65342	-1	21	十字军俘虏		48	152	0	0	10000	-1	-1	1	0	-1	-1	-1	-1	-1	-1	120	0
392	393	65342	-1	21	十字军俘虏		48	152	0	0	10000	-1	-1	1	0	-1	-1	-1	-1	-1	-1	120	0
393	394	65342	-1	21	十字军俘虏		48	152	0	0	10000	-1	-1	1	0	-1	-1	-1	-1	-1	-1	120	0
394	395	65342	-1	21	十字军俘虏		48	152	0	0	10000	-1	-1	1	0	-1	-1	-1	-1	-1	-1	120	0
395	396	65342	-1	21	十字军俘虏		48	152	0	0	10000	-1	-1	1	0	-1	-1	-1	-1	-1	-1	120	0
396	397	65342	-1	21	十字军俘虏		48	165	0	0	10000	-1	-1	1	0	-1	-1	-1	-1	-1	-1	120	0
397	398	65342	-1	21	十字军俘虏		48	165	0	0	10000	-1	-1	1	0	-1	-1	-1	-1	-1	-1	120	0
398	399	65342	-1	21	十字军俘虏		48	165	0	0	10000	-1	-1	1	0	-1	-1	-1	-1	-1	-1	120	0
399	400	65342	-1	21	十字军俘虏		48	165	0	0	10000	-1	-1	1	0	-1	-1	-1	-1	-1	-1	120	0
400	401	65342	-1	21	十字军俘虏		48	165	0	0	10000	-1	-1	1	0	-1	-1	-1	-1	-1	-1	120	0
401	402	65342	-1	21	十字军俘虏		48	165	0	0	10000	-1	-1	1	0	-1	-1	-1	-1	-1	-1	120	0
402	403	65342	-1	21	十字军俘虏		48	165	0	0	10000	-1	-1	1	0	-1	-1	-1	-1	-1	-1	120	0
403	404	65342	-1	21	十字军俘虏		48	165	0	0	10000	-1	-1	1	0	-1	-1	-1	-1	-1	-1	120	0
404	405	65342	-1	21	十字军俘虏		48	165	0	0	10000	-1	-1	1	0	-1	-1	-1	-1	-1	-1	120	0
405	406	65342	-1	21	十字军俘虏		36	165	0	0	10000	-1	-1	1	0	-1	-1	-1	-1	-1	-1	120	0
406	407	65342	-1	21	十字军俘虏		36	165	0	0	10000	-1	-1	1	0	-1	-1	-1	-1	-1	-1	120	0
407	408	65342	-1	21	十字军俘虏		36	165	0	0	10000	-1	-1	1	0	-1	-1	-1	-1	-1	-1	120	0
408	409	65342	-1	21	十字军俘虏		36	165	0	0	10000	-1	-1	1	0	-1	-1	-1	-1	-1	-1	120	0
409	410	65342	-1	21	十字军俘虏		36	165	0	0	10000	-1	-1	1	0	-1	-1	-1	-1	-1	-1	120	0
410	411	65342	-1	21	十字军俘虏		36	165	0	0	10000	-1	-1	1	0	-1	-1	-1	-1	-1	-1	120	0
411	412	65342	-1	21	十字军俘虏		36	165	0	0	10000	-1	-1	1	0	-1	-1	-1	-1	-1	-1	120	0
412	413	65342	-1	21	十字军俘虏		36	165	0	0	10000	-1	-1	1	0	-1	-1	-1	-1	-1	-1	120	0
413	414	65342	-1	21	十字军俘虏		36	165	0	0	10000	-1	-1	1	0	-1	-1	-1	-1	-1	-1	120	0
414	415	65342	-1	21	十字军俘虏		220	95	0	0	10000	-1	-1	1	0	-1	-1	-1	-1	-1	-1	120	0
415	416	65342	-1	21	十字军俘虏		220	95	0	0	10000	-1	-1	1	0	-1	-1	-1	-1	-1	-1	120	0
416	417	65342	-1	21	十字军俘虏		220	95	0	0	10000	-1	-1	1	0	-1	-1	-1	-1	-1	-1	120	0
417	418	65342	-1	21	十字军俘虏		220	95	0	0	10000	-1	-1	1	0	-1	-1	-1	-1	-1	-1	120	0
418	419	65342	-1	21	十字军俘虏		220	95	0	0	10000	-1	-1	1	0	-1	-1	-1	-1	-1	-1	120	0
419	420	65342	-1	21	十字军俘虏		220	95	0	0	10000	-1	-1	1	0	-1	-1	-1	-1	-1	-1	120	0
420	421	65342	-1	21	十字军俘虏		220	95	0	0	10000	-1	-1	1	0	-1	-1	-1	-1	-1	-1	120	0
421	422	65342	-1	21	十字军俘虏		220	95	0	0	10000	-1	-1	1	0	-1	-1	-1	-1	-1	-1	120	0
422	423	65342	-1	21	十字军俘虏		220	95	0	0	10000	-1	-1	1	0	-1	-1	-1	-1	-1	-1	120	0
423	424	65342	-1	21	十字军俘虏		220	95	0	0	10000	-1	-1	1	0	-1	-1	-1	-1	-1	-1	120	0
424	425	65342	-1	21	十字军俘虏		220	95	0	0	10000	-1	-1	1	0	-1	-1	-1	-1	-1	-1	120	0
425	426	65342	-1	21	十字军俘虏		220	95	0	0	10000	-1	-1	1	0	-1	-1	-1	-1	-1	-1	120	0
426	427	65342	-1	21	十字军俘虏		224	213	0	0	10000	-1	-1	1	0	-1	-1	-1	-1	-1	-1	120	0
427	428	65342	-1	21	十字军俘虏		224	213	0	0	10000	-1	-1	1	0	-1	-1	-1	-1	-1	-1	120	0
428	429	65342	-1	21	十字军俘虏		224	213	0	0	10000	-1	-1	1	0	-1	-1	-1	-1	-1	-1	120	0
429	430	65342	-1	21	十字军俘虏		224	213	0	0	10000	-1	-1	1	0	-1	-1	-1	-1	-1	-1	120	0
430	431	65342	-1	21	十字军俘虏		224	213	0	0	10000	-1	-1	1	0	-1	-1	-1	-1	-1	-1	120	0
431	432	65342	-1	21	十字军俘虏		224	213	0	0	10000	-1	-1	1	0	-1	-1	-1	-1	-1	-1	120	0
432	433	65342	-1	21	十字军俘虏		224	213	0	0	10000	-1	-1	1	0	-1	-1	-1	-1	-1	-1	120	0
433	434	65342	-1	21	十字军俘虏		224	213	0	0	10000	-1	-1	1	0	-1	-1	-1	-1	-1	-1	120	0
434	435	65342	-1	21	十字军俘虏		224	213	0	0	10000	-1	-1	1	0	-1	-1	-1	-1	-1	-1	120	0
435	436	65342	-1	21	十字军俘虏		224	213	0	0	10000	-1	-1	1	0	-1	-1	-1	-1	-1	-1	120	0
436	437	65342	-1	21	十字军俘虏		224	213	0	0	10000	-1	-1	1	0	-1	-1	-1	-1	-1	-1	120	0
437	438	65342	-1	21	十字军俘虏		224	213	0	0	10000	-1	-1	1	0	-1	-1	-1	-1	-1	-1	120	0
438	439	65342	-1	21	十字军俘虏		214	213	0	0	10000	-1	-1	1	0	-1	-1	-1	-1	-1	-1	120	0
439	440	65342	-1	21	十字军俘虏		214	213	0	0	10000	-1	-1	1	0	-1	-1	-1	-1	-1	-1	120	0
440	441	65342	-1	21	十字军俘虏		214	213	0	0	10000	-1	-1	1	0	-1	-1	-1	-1	-1	-1	120	0
441	442	65342	-1	21	十字军俘虏		214	213	0	0	10000	-1	-1	1	0	-1	-1	-1	-1	-1	-1	120	0
442	443	65342	-1	21	十字军俘虏		214	213	0	0	10000	-1	-1	1	0	-1	-1	-1	-1	-1	-1	120	0
443	444	65342	-1	21	十字军俘虏		214	213	0	0	10000	-1	-1	1	0	-1	-1	-1	-1	-1	-1	120	0
444	445	65342	-1	21	十字军俘虏		214	213	0	0	10000	-1	-1	1	0	-1	-1	-1	-1	-1	-1	120	0
445	446	65342	-1	21	十字军俘虏		214	213	0	0	10000	-1	-1	1	0	-1	-1	-1	-1	-1	-1	120	0
446	447	65342	-1	21	十字军俘虏		214	213	0	0	10000	-1	-1	1	0	-1	-1	-1	-1	-1	-1	120	0
447	448	65342	-1	21	十字军俘虏		214	213	0	0	10000	-1	-1	1	0	-1	-1	-1	-1	-1	-1	120	0
448	449	65342	-1	21	十字军俘虏		214	213	0	0	10000	-1	-1	1	0	-1	-1	-1	-1	-1	-1	120	0
449	450	65342	-1	21	十字军俘虏		214	213	0	0	10000	-1	-1	1	0	-1	-1	-1	-1	-1	-1	120	0
450	451	65342	-1	21	十字军俘虏		165	213	0	0	10000	-1	-1	1	0	-1	-1	-1	-1	-1	-1	120	0
451	452	65342	-1	21	十字军俘虏		165	213	0	0	10000	-1	-1	1	0	-1	-1	-1	-1	-1	-1	120	0
452	453	65342	-1	21	十字军俘虏		165	213	0	0	10000	-1	-1	1	0	-1	-1	-1	-1	-1	-1	120	0
453	454	65342	-1	21	十字军俘虏		165	213	0	0	10000	-1	-1	1	0	-1	-1	-1	-1	-1	-1	120	0
454	455	65342	-1	21	十字军俘虏		165	213	0	0	10000	-1	-1	1	0	-1	-1	-1	-1	-1	-1	120	0
455	456	65342	-1	21	十字军俘虏		165	213	0	0	10000	-1	-1	1	0	-1	-1	-1	-1	-1	-1	120	0
456	457	65342	-1	21	十字军俘虏		165	213	0	0	10000	-1	-1	1	0	-1	-1	-1	-1	-1	-1	120	0
457	458	65342	-1	21	十字军俘虏		165	213	0	0	10000	-1	-1	1	0	-1	-1	-1	-1	-1	-1	120	0
458	459	65342	-1	21	十字军俘虏		165	213	0	0	10000	-1	-1	1	0	-1	-1	-1	-1	-1	-1	120	0
459	460	65342	-1	21	十字军俘虏		165	213	0	0	10000	-1	-1	1	0	-1	-1	-1	-1	-1	-1	120	0
460	461	65342	-1	21	十字军俘虏		165	213	0	0	10000	-1	-1	1	0	-1	-1	-1	-1	-1	-1	120	0
461	462	65342	-1	21	十字军俘虏		165	213	0	0	10000	-1	-1	1	0	-1	-1	-1	-1	-1	-1	120	0
462	463	65342	-1	21	十字军俘虏		155	213	0	0	10000	-1	-1	1	0	-1	-1	-1	-1	-1	-1	120	0
463	464	65342	-1	21	十字军俘虏		155	213	0	0	10000	-1	-1	1	0	-1	-1	-1	-1	-1	-1	120	0
464	465	65342	-1	21	十字军俘虏		155	213	0	0	10000	-1	-1	1	0	-1	-1	-1	-1	-1	-1	120	0
465	466	65342	-1	21	十字军俘虏		155	213	0	0	10000	-1	-1	1	0	-1	-1	-1	-1	-1	-1	120	0
466	467	65342	-1	21	十字军俘虏		155	213	0	0	10000	-1	-1	1	0	-1	-1	-1	-1	-1	-1	120	0
467	468	65342	-1	21	十字军俘虏		155	213	0	0	10000	-1	-1	1	0	-1	-1	-1	-1	-1	-1	120	0
468	469	65342	-1	21	十字军俘虏		155	213	0	0	10000	-1	-1	1	0	-1	-1	-1	-1	-1	-1	120	0
469	470	65342	-1	21	十字军俘虏		155	213	0	0	10000	-1	-1	1	0	-1	-1	-1	-1	-1	-1	120	0
470	471	65342	-1	21	十字军俘虏		155	213	0	0	10000	-1	-1	1	0	-1	-1	-1	-1	-1	-1	120	0
471	472	65342	-1	21	十字军俘虏		155	213	0	0	10000	-1	-1	1	0	-1	-1	-1	-1	-1	-1	120	0
472	473	65342	-1	21	十字军俘虏		155	213	0	0	10000	-1	-1	1	0	-1	-1	-1	-1	-1	-1	120	0
473	474	65342	-1	21	十字军俘虏		155	213	0	0	10000	-1	-1	1	0	-1	-1	-1	-1	-1	-1	120	0
474	475	65342	-1	21	十字军俘虏		106	213	0	0	10000	-1	-1	1	0	-1	-1	-1	-1	-1	-1	120	0
475	476	65342	-1	21	十字军俘虏		106	213	0	0	10000	-1	-1	1	0	-1	-1	-1	-1	-1	-1	120	0
476	477	65342	-1	21	十字军俘虏		106	213	0	0	10000	-1	-1	1	0	-1	-1	-1	-1	-1	-1	120	0
477	478	65342	-1	21	十字军俘虏		106	213	0	0	10000	-1	-1	1	0	-1	-1	-1	-1	-1	-1	120	0
478	479	65342	-1	21	十字军俘虏		106	213	0	0	10000	-1	-1	1	0	-1	-1	-1	-1	-1	-1	120	0
479	480	65342	-1	21	十字军俘虏		106	213	0	0	10000	-1	-1	1	0	-1	-1	-1	-1	-1	-1	120	0
480	481	65342	-1	21	十字军俘虏		106	213	0	0	10000	-1	-1	1	0	-1	-1	-1	-1	-1	-1	120	0
481	482	65342	-1	21	十字军俘虏		106	213	0	0	10000	-1	-1	1	0	-1	-1	-1	-1	-1	-1	120	0
482	483	65342	-1	21	十字军俘虏		106	213	0	0	10000	-1	-1	1	0	-1	-1	-1	-1	-1	-1	120	0
483	484	65342	-1	21	十字军俘虏		106	213	0	0	10000	-1	-1	1	0	-1	-1	-1	-1	-1	-1	120	0
484	485	65342	-1	21	十字军俘虏		106	213	0	0	10000	-1	-1	1	0	-1	-1	-1	-1	-1	-1	120	0
485	486	65342	-1	21	十字军俘虏		106	213	0	0	10000	-1	-1	1	0	-1	-1	-1	-1	-1	-1	120	0
486	487	65342	-1	21	十字军俘虏		96	213	0	0	10000	-1	-1	1	0	-1	-1	-1	-1	-1	-1	120	0
487	488	65342	-1	21	十字军俘虏		96	213	0	0	10000	-1	-1	1	0	-1	-1	-1	-1	-1	-1	120	0
488	489	65342	-1	21	十字军俘虏		96	213	0	0	10000	-1	-1	1	0	-1	-1	-1	-1	-1	-1	120	0
489	490	65342	-1	21	十字军俘虏		96	213	0	0	10000	-1	-1	1	0	-1	-1	-1	-1	-1	-1	120	0
490	491	65342	-1	21	十字军俘虏		96	213	0	0	10000	-1	-1	1	0	-1	-1	-1	-1	-1	-1	120	0
491	492	65342	-1	21	十字军俘虏		96	213	0	0	10000	-1	-1	1	0	-1	-1	-1	-1	-1	-1	120	0
492	493	65342	-1	21	十字军俘虏		96	213	0	0	10000	-1	-1	1	0	-1	-1	-1	-1	-1	-1	120	0
493	494	65342	-1	21	十字军俘虏		96	213	0	0	10000	-1	-1	1	0	-1	-1	-1	-1	-1	-1	120	0
494	495	65342	-1	21	十字军俘虏		96	213	0	0	10000	-1	-1	1	0	-1	-1	-1	-1	-1	-1	120	0
495	496	65342	-1	21	十字军俘虏		96	213	0	0	10000	-1	-1	1	0	-1	-1	-1	-1	-1	-1	120	0
496	497	65342	-1	21	十字军俘虏		96	213	0	0	10000	-1	-1	1	0	-1	-1	-1	-1	-1	-1	120	0
497	498	65342	-1	21	十字军俘虏		96	213	0	0	10000	-1	-1	1	0	-1	-1	-1	-1	-1	-1	120	0
498	499	65342	-1	21	十字军俘虏		47	213	0	0	10000	-1	-1	1	0	-1	-1	-1	-1	-1	-1	120	0
499	500	65342	-1	21	十字军俘虏		47	213	0	0	10000	-1	-1	1	0	-1	-1	-1	-1	-1	-1	120	0
500	501	65342	-1	21	十字军俘虏		47	213	0	0	10000	-1	-1	1	0	-1	-1	-1	-1	-1	-1	120	0
501	502	65342	-1	21	十字军俘虏		47	213	0	0	10000	-1	-1	1	0	-1	-1	-1	-1	-1	-1	120	0
502	503	65342	-1	21	十字军俘虏		47	213	0	0	10000	-1	-1	1	0	-1	-1	-1	-1	-1	-1	120	0
503	504	65342	-1	21	十字军俘虏		47	213	0	0	10000	-1	-1	1	0	-1	-1	-1	-1	-1	-1	120	0
504	505	65342	-1	21	十字军俘虏		47	213	0	0	10000	-1	-1	1	0	-1	-1	-1	-1	-1	-1	120	0
505	506	65342	-1	21	十字军俘虏		47	213	0	0	10000	-1	-1	1	0	-1	-1	-1	-1	-1	-1	120	0
506	507	65342	-1	21	十字军俘虏		47	213	0	0	10000	-1	-1	1	0	-1	-1	-1	-1	-1	-1	120	0
507	508	65342	-1	21	十字军俘虏		47	213	0	0	10000	-1	-1	1	0	-1	-1	-1	-1	-1	-1	120	0
508	509	65342	-1	21	十字军俘虏		47	213	0	0	10000	-1	-1	1	0	-1	-1	-1	-1	-1	-1	120	0
509	510	65342	-1	21	十字军俘虏		47	213	0	0	10000	-1	-1	1	0	-1	-1	-1	-1	-1	-1	120	0
510	511	65342	-1	21	十字军俘虏		37	213	0	0	10000	-1	-1	1	0	-1	-1	-1	-1	-1	-1	120	0
511	512	65342	-1	21	十字军俘虏		37	213	0	0	10000	-1	-1	1	0	-1	-1	-1	-1	-1	-1	120	0
512	513	65342	-1	21	十字军俘虏		37	213	0	0	10000	-1	-1	1	0	-1	-1	-1	-1	-1	-1	120	0
513	514	65342	-1	21	十字军俘虏		37	213	0	0	10000	-1	-1	1	0	-1	-1	-1	-1	-1	-1	120	0
514	515	65342	-1	21	十字军俘虏		37	213	0	0	10000	-1	-1	1	0	-1	-1	-1	-1	-1	-1	120	0
515	516	65342	-1	21	十字军俘虏		37	213	0	0	10000	-1	-1	1	0	-1	-1	-1	-1	-1	-1	120	0
516	517	65342	-1	21	十字军俘虏		37	213	0	0	10000	-1	-1	1	0	-1	-1	-1	-1	-1	-1	120	0
517	518	65342	-1	21	十字军俘虏		37	213	0	0	10000	-1	-1	1	0	-1	-1	-1	-1	-1	-1	120	0
518	519	65342	-1	21	十字军俘虏		37	213	0	0	10000	-1	-1	1	0	-1	-1	-1	-1	-1	-1	120	0
519	520	65342	-1	21	十字军俘虏		37	213	0	0	10000	-1	-1	1	0	-1	-1	-1	-1	-1	-1	120	0
520	521	65342	-1	21	十字军俘虏		37	213	0	0	10000	-1	-1	1	0	-1	-1	-1	-1	-1	-1	120	0
521	522	65342	-1	21	十字军俘虏		37	213	0	0	10000	-1	-1	1	0	-1	-1	-1	-1	-1	-1	120	0
522	523	65342	-1	21	十字军俘虏		101	226	0	0	10000	-1	-1	1	0	-1	-1	-1	-1	-1	-1	120	0
523	524	65342	-1	21	十字军俘虏		101	226	0	0	10000	-1	-1	1	0	-1	-1	-1	-1	-1	-1	120	0
524	525	65342	-1	21	十字军俘虏		101	226	0	0	10000	-1	-1	1	0	-1	-1	-1	-1	-1	-1	120	0
525	526	65342	-1	21	十字军俘虏		101	226	0	0	10000	-1	-1	1	0	-1	-1	-1	-1	-1	-1	120	0
526	527	65342	-1	21	十字军俘虏		101	226	0	0	10000	-1	-1	1	0	-1	-1	-1	-1	-1	-1	120	0
527	528	65342	-1	21	十字军俘虏		101	226	0	0	10000	-1	-1	1	0	-1	-1	-1	-1	-1	-1	120	0
528	529	65342	-1	21	十字军俘虏		101	226	0	0	10000	-1	-1	1	0	-1	-1	-1	-1	-1	-1	120	0
529	530	65342	-1	21	十字军俘虏		101	226	0	0	10000	-1	-1	1	0	-1	-1	-1	-1	-1	-1	120	0
530	531	65342	-1	21	十字军俘虏		101	226	0	0	10000	-1	-1	1	0	-1	-1	-1	-1	-1	-1	120	0
531	532	65342	-1	21	十字军俘虏		101	226	0	0	10000	-1	-1	1	0	-1	-1	-1	-1	-1	-1	120	0
532	533	65342	-1	21	十字军俘虏		101	226	0	0	10000	-1	-1	1	0	-1	-1	-1	-1	-1	-1	120	0
533	534	65342	-1	21	十字军俘虏		101	226	0	0	10000	-1	-1	1	0	-1	-1	-1	-1	-1	-1	120	0
534	535	65342	-1	21	十字军俘虏		160	226	0	0	10000	-1	-1	1	0	-1	-1	-1	-1	-1	-1	120	0
535	536	65342	-1	21	十字军俘虏		160	226	0	0	10000	-1	-1	1	0	-1	-1	-1	-1	-1	-1	120	0
536	537	65342	-1	21	十字军俘虏		160	226	0	0	10000	-1	-1	1	0	-1	-1	-1	-1	-1	-1	120	0
537	538	65342	-1	21	十字军俘虏		160	226	0	0	10000	-1	-1	1	0	-1	-1	-1	-1	-1	-1	120	0
538	539	65342	-1	21	十字军俘虏		160	226	0	0	10000	-1	-1	1	0	-1	-1	-1	-1	-1	-1	120	0
539	540	65342	-1	21	十字军俘虏		160	226	0	0	10000	-1	-1	1	0	-1	-1	-1	-1	-1	-1	120	0
540	541	65342	-1	21	十字军俘虏		160	226	0	0	10000	-1	-1	1	0	-1	-1	-1	-1	-1	-1	120	0
541	542	65342	-1	21	十字军俘虏		160	226	0	0	10000	-1	-1	1	0	-1	-1	-1	-1	-1	-1	120	0
542	543	65342	-1	21	十字军俘虏		160	226	0	0	10000	-1	-1	1	0	-1	-1	-1	-1	-1	-1	120	0
543	544	65342	-1	21	十字军俘虏		160	226	0	0	10000	-1	-1	1	0	-1	-1	-1	-1	-1	-1	120	0
544	545	65342	-1	21	十字军俘虏		160	226	0	0	10000	-1	-1	1	0	-1	-1	-1	-1	-1	-1	120	0
545	546	65342	-1	21	十字军俘虏		160	226	0	0	10000	-1	-1	1	0	-1	-1	-1	-1	-1	-1	120	0
546	547	65342	-1	21	十字军俘虏		152	166	0	0	10000	-1	-1	1	0	-1	-1	-1	-1	-1	-1	120	0
547	548	65342	-1	21	十字军俘虏		152	166	0	0	10000	-1	-1	1	0	-1	-1	-1	-1	-1	-1	120	0
548	549	65342	-1	21	十字军俘虏		152	166	0	0	10000	-1	-1	1	0	-1	-1	-1	-1	-1	-1	120	0
549	550	65342	-1	21	十字军俘虏		152	166	0	0	10000	-1	-1	1	0	-1	-1	-1	-1	-1	-1	120	0
550	551	65342	-1	21	十字军俘虏		152	166	0	0	10000	-1	-1	1	0	-1	-1	-1	-1	-1	-1	120	0
551	552	65342	-1	21	十字军俘虏		152	166	0	0	10000	-1	-1	1	0	-1	-1	-1	-1	-1	-1	120	0
552	553	65342	-1	21	十字军俘虏		152	166	0	0	10000	-1	-1	1	0	-1	-1	-1	-1	-1	-1	120	0
553	554	65342	-1	21	十字军俘虏		152	166	0	0	10000	-1	-1	1	0	-1	-1	-1	-1	-1	-1	120	0
554	555	65342	-1	21	十字军俘虏		152	166	0	0	10000	-1	-1	1	0	-1	-1	-1	-1	-1	-1	120	0
555	556	65317	141404	20	麦哲伦		40	23	27	0	10000	-1	-1	3	0	-1	-1	-1	-1	-1	-1	100	0
556	557	65317	141404	20	麦哲伦		219	23	27	0	10000	-1	-1	3	0	-1	-1	-1	-1	-1	-1	100	0
