NUM	NUM	NUM	NUM	NUM	TEXT	TEXT	FLOAT	FLOAT	NUM	NUM	NUM	NUM	NUM	NUM	NUM	NUM	NUM	NUM	NUM	NUM	NUM	NUM	NUM
编号	随机编号	attr编号	逻辑表编号	阵营编号	名称	称号	x轴坐标	z轴坐标	朝向	脚本编号	重生时间	分组编号	队伍编号	基础AI	AI文件	巡逻路径	商店0	商店1	商店2	商店3	名誉ID	等级	镜像组
0	1505229	9812	-1	21	威尔斯	鲜血之王爪牙	137	16	24	300619	10000	-1	-1	1	0	-1	-1	-1	-1	-1	-1	90	0	
1	15052370	2604	101218	-1	匈牙利王国	领地传送人	204	74	18	-1	1000	-1	-1	3	0	-1	-1	-1	-1	-1	-1	100	0	
2	3	42	400460	20	彼得神甫		200.901733	193.38649	22	0	10000	-1	-1	3	0	-1	-1	-1	-1	-1	-1	90	0	
3	4	66	400461	20	拉维娜		196.657898	193.356079	32	0	10000	-1	-1	3	0	-1	-1	-1	-1	-1	-1	90	0	
4	5	65	400462	20	苏菲		198.086075	196.975174	8	0	10000	-1	-1	3	0	-1	-1	-1	-1	-1	-1	90	0	
5	6	67	400463	20	玛丽亚		196.370667	191.693253	32	0	10000	-1	-1	3	0	-1	-1	-1	-1	-1	-1	90	0	
6	7	69	400464	20	奥托		232.674561	200.65274	8	0	10000	-1	-1	3	0	-1	-1	-1	-1	-1	-1	90	0	
7	9	77	400465	20	费伦茨		201.020157	197.442795	8	0	10000	-1	-1	3	0	-1	-1	-1	-1	-1	-1	90	0	
8	11	76	400466	20	金凯文		197.025024	196.201889	4	0	10000	-1	-1	3	0	-1	-1	-1	-1	-1	-1	90	0	
9	12	79	400467	20	弗雷德		231.422394	200.537094	8	0	10000	-1	-1	3	0	-1	-1	-1	-1	-1	-1	90	0	
10	13	79	400468	20	阿帕德		202.145111	197.105972	12	0	10000	-1	-1	3	0	-1	-1	-1	-1	-1	-1	90	0	
11	16	65	400469	20	伊莎贝拉		186.442078	21.933096	0	0	10000	-1	-1	3	0	-1	-1	-1	-1	-1	-1	90	0	
12	19	66	400470	20	特雷西	保罗之母	189.130997	21.776094	16	0	10000	-1	-1	3	0	-1	-1	-1	-1	-1	-1	90	0	
13	20	67	400471	20	玛格丽特	约瑟夫之妻	217.317017	64.474075	24	0	10000	-1	-1	3	0	-1	-1	-1	-1	-1	-1	90	0	
14	21	68	400472	20	费迪南	约瑟夫之子	216.343735	67.722	20	0	10000	-1	-1	3	0	-1	-1	-1	-1	-1	-1	90	0	
15	22	69	400473	20	保罗		189.182053	23.365068	36	0	10000	-1	-1	3	0	-1	-1	-1	-1	-1	-1	90	0	
16	24	77	400475	20	安德烈		191.473038	72.929436	32	0	10000	-1	-1	3	0	-1	-1	-1	-1	-1	-1	90	0	
17	25	78	400489	20	文采尔	拉丁文老师	216.417404	85.691483	9	0	10000	-1	-1	3	0	-1	-1	-1	-1	-1	-1	90	0	
18	26	79	400477	20	查理		191.468124	76.064857	4	0	10000	-1	-1	3	0	-1	-1	-1	-1	-1	-1	90	0	
19	32	1915	400478	20	阿奎那	墓地守夜人	209.97049	222.136597	8	0	10000	-1	-1	3	0	-1	-1	-1	-1	-1	-1	90	0	
20	84	65	400487	20	安曼妮	公爵夫人	28.79084	25.94289	28	0	10000	-1	-1	3	0	-1	-1	-1	-1	-1	-1	90	0	
21	85	68	400488	20	鲍尔	公爵之子	29.169903	29.772198	0	0	10000	-1	-1	3	0	-1	-1	-1	-1	-1	-1	90	0	
22	91	76	400474	20	约瑟夫		214.557068	64.40612	32	0	10000	-1	-1	3	0	-1	-1	-1	-1	-1	-1	90	0	
23	92	78	400476	20	马修		205.405457	23.466572	18	0	10000	-1	-1	3	0	-1	-1	-1	-1	-1	-1	90	0	
24	39	16031	400484	20	路易	十字军团长	22.234325	168.039398	0	0	10000	-1	-1	3	0	-1	-1	-1	-1	-1	-1	90	0	
25	71	2146	400483	20	贝拉公爵		74.833366	103.43187	9	0	10000	-1	-1	3	0	-1	-1	-1	-1	-1	-1	90	0	
26	47	2135	400479	20	公爵骑士		63.861969	117.723549	9	0	10000	-1	-1	3	0	-1	-1	-1	-1	-1	-1	90	0	
27	53	2135	400480	20	公爵骑士		67.408516	87.865005	9	0	10000	-1	-1	3	0	-1	-1	-1	-1	-1	-1	90	0	
28	54	2135	400481	20	公爵骑士		85.404709	117.836212	9	0	10000	-1	-1	3	0	-1	-1	-1	-1	-1	-1	90	0	
29	55	2135	400482	20	公爵骑士		89.613441	103.998283	18	0	10000	-1	-1	3	0	-1	-1	-1	-1	-1	-1	90	0	
30	56	2135	400479	20	公爵骑士		87.598129	81.840508	9	0	10000	-1	-1	3	0	-1	-1	-1	-1	-1	-1	90	0	
31	57	2135	400480	20	公爵骑士		60.891903	104.113922	0	0	10000	-1	-1	3	0	-1	-1	-1	-1	-1	-1	90	0	
32	58	2135	400481	20	公爵骑士		79.82531	94.752785	18	0	10000	-1	-1	3	0	-1	-1	-1	-1	-1	-1	90	0	
33	59	2135	400482	20	公爵骑士		66.651978	79.476921	0	0	10000	-1	-1	3	0	-1	-1	-1	-1	-1	-1	90	0	
34	60	2135	400479	20	公爵骑士		78.485748	105.04171	9	0	10000	-1	-1	3	0	-1	-1	-1	-1	-1	-1	90	0	
35	61	2135	400480	20	公爵骑士		71.099953	104.936989	9	0	10000	-1	-1	3	0	-1	-1	-1	-1	-1	-1	90	0	
36	62	2135	400481	20	公爵骑士		61.346325	96.366653	0	0	10000	-1	-1	3	0	-1	-1	-1	-1	-1	-1	90	0	
37	63	2135	400482	20	公爵骑士		89.47551	96.328056	18	0	10000	-1	-1	3	0	-1	-1	-1	-1	-1	-1	90	0	
38	64	2135	400479	20	公爵骑士		38.748165	48.955868	5	0	10000	-1	-1	3	0	-1	-1	-1	-1	-1	-1	90	0	
39	65	2135	400480	20	公爵骑士		92.709229	81.847473	9	0	10000	-1	-1	3	0	-1	-1	-1	-1	-1	-1	90	0	
40	66	2135	400481	20	公爵骑士		68.561043	94.632378	0	0	10000	-1	-1	3	0	-1	-1	-1	-1	-1	-1	90	0	
41	67	2135	400482	20	公爵骑士		66.640213	83.670349	0	0	10000	-1	-1	3	0	-1	-1	-1	-1	-1	-1	90	0	
42	38	16031	400485	20	十字军骑士		24.17835	156.517792	32	0	10000	-1	-1	3	0	-1	-1	-1	-1	-1	-1	90	0	
43	75	16031	400485	20	十字军骑士		24.304083	178.467178	6	0	10000	-1	-1	3	0	-1	-1	-1	-1	-1	-1	90	0	
44	76	16031	400486	20	十字军骑士		21.504179	161.478714	34	0	10000	-1	-1	3	0	-1	-1	-1	-1	-1	-1	90	0	
45	77	16031	400486	20	十字军骑士		41.949532	161.212341	36	0	10000	-1	-1	3	0	-1	-1	-1	-1	-1	-1	90	0	
46	78	16031	400486	20	十字军骑士		21.899727	174.075241	4	0	10000	-1	-1	3	0	-1	-1	-1	-1	-1	-1	90	0	
47	79	16031	400485	20	十字军骑士		42.883495	172.412964	2	0	10000	-1	-1	3	0	-1	-1	-1	-1	-1	-1	90	0	
48	80	2135	400479	20	公爵骑士		80.98996	87.997696	9	0	10000	-1	-1	3	0	-1	-1	-1	-1	-1	-1	90	0	
49	81	2135	400480	20	公爵骑士		50.179855	61.567947	1	0	10000	-1	-1	3	0	-1	-1	-1	-1	-1	-1	90	0	
50	82	2135	400481	20	公爵骑士		53.30574	58.611988	25	0	10000	-1	-1	3	0	-1	-1	-1	-1	-1	-1	90	0	
51	83	2135	400482	20	公爵骑士		41.815994	45.972881	22	0	10000	-1	-1	3	0	-1	-1	-1	-1	-1	-1	90	0	
52	86	1154	-1	20	 		31.486914	29.867247	20	0	10000	-1	-1	2	0	-1	-1	-1	-1	-1	-1	90	0	
53	88	1154	-1	20	 		31.21875	28.78463	20	0	10000	-1	-1	2	0	-1	-1	-1	-1	-1	-1	90	0	
54	89	1154	-1	20	 		214.712769	67.784782	0	0	10000	-1	-1	2	0	-1	-1	-1	-1	-1	-1	90	0	
55	90	168	-1	20	 		208.241394	22.500713	18	0	10000	-1	-1	3	0	-1	-1	-1	-1	-1	-1	90	0	
56	41	167	-1	20	 		28.356701	154.761185	27	0	10000	-1	-1	3	0	-1	-1	-1	-1	-1	-1	90	0	
57	42	168	-1	20	 		31.778915	154.512268	27	0	10000	-1	-1	3	0	-1	-1	-1	-1	-1	-1	90	0	
58	43	169	-1	20	 		30.108673	154.68013	27	0	10000	-1	-1	3	0	-1	-1	-1	-1	-1	-1	90	0	
59	44	170	-1	20	 		29.273544	181.059006	9	0	10000	-1	-1	3	0	-1	-1	-1	-1	-1	-1	90	0	
60	45	171	-1	20	 		31.475821	181.078506	9	0	10000	-1	-1	3	0	-1	-1	-1	-1	-1	-1	90	0	
61	46	172	-1	20	 		33.245117	181.105423	9	0	10000	-1	-1	3	0	-1	-1	-1	-1	-1	-1	90	0	
62	93	2222	-1	21	潘诺尼亚白狼		140.459579	29.789278	0	300640	10000	-1	-1	1	0	-1	-1	-1	-1	-1	-1	90	0	
63	94	2222	-1	21	潘诺尼亚白狼		125.052681	23.463173	0	300640	10000	-1	-1	1	0	-1	-1	-1	-1	-1	-1	90	0	
64	95	2222	-1	21	潘诺尼亚白狼		124.784721	23.88084	0	300640	10000	-1	-1	1	0	-1	-1	-1	-1	-1	-1	90	0	
65	96	2222	-1	21	潘诺尼亚白狼		124.630974	23.629112	0	300640	10000	-1	-1	1	0	-1	-1	-1	-1	-1	-1	90	0	
66	97	2222	-1	21	潘诺尼亚白狼		124.325256	23.37501	0	300640	10000	-1	-1	1	0	-1	-1	-1	-1	-1	-1	90	0	
67	98	2222	-1	21	潘诺尼亚白狼		125.253975	23.35124	0	300640	10000	-1	-1	1	0	-1	-1	-1	-1	-1	-1	90	0	
68	99	2222	-1	21	潘诺尼亚白狼		125.488159	23.461758	0	300640	10000	-1	-1	1	0	-1	-1	-1	-1	-1	-1	90	0	
69	100	2222	-1	21	潘诺尼亚白狼		125.016472	23.534834	0	300640	10000	-1	-1	1	0	-1	-1	-1	-1	-1	-1	90	0	
70	101	2222	-1	21	潘诺尼亚白狼		124.669044	23.745489	0	300640	10000	-1	-1	1	0	-1	-1	-1	-1	-1	-1	90	0	
71	102	2222	-1	21	潘诺尼亚白狼		125.220993	23.800421	0	300640	10000	-1	-1	1	0	-1	-1	-1	-1	-1	-1	90	0	
72	103	2222	-1	21	潘诺尼亚白狼		125.090477	23.580439	0	300640	10000	-1	-1	1	0	-1	-1	-1	-1	-1	-1	90	0	
73	104	2222	-1	21	潘诺尼亚白狼		141.043259	29.893711	0	300640	10000	-1	-1	1	0	-1	-1	-1	-1	-1	-1	90	0	
74	105	2222	-1	21	潘诺尼亚白狼		102.462158	37.467606	0	300640	10000	-1	-1	1	0	-1	-1	-1	-1	-1	-1	90	0	
75	106	2222	-1	21	潘诺尼亚白狼		140.65686	29.687334	0	300640	10000	-1	-1	1	0	-1	-1	-1	-1	-1	-1	90	0	
76	107	2222	-1	21	潘诺尼亚白狼		141.92041	29.953056	0	300640	10000	-1	-1	1	0	-1	-1	-1	-1	-1	-1	90	0	
77	108	2222	-1	21	潘诺尼亚白狼		141.528885	29.389385	0	300640	10000	-1	-1	1	0	-1	-1	-1	-1	-1	-1	90	0	
78	109	2222	-1	21	潘诺尼亚白狼		141.155075	30.12545	0	300640	10000	-1	-1	1	0	-1	-1	-1	-1	-1	-1	90	0	
79	110	2222	-1	21	潘诺尼亚白狼		140.919998	29.134424	0	300640	10000	-1	-1	1	0	-1	-1	-1	-1	-1	-1	90	0	
80	111	2222	-1	21	潘诺尼亚白狼		141.183304	29.343515	0	300640	10000	-1	-1	1	0	-1	-1	-1	-1	-1	-1	90	0	
81	112	2222	-1	21	潘诺尼亚白狼		140.519028	29.06045	0	300640	10000	-1	-1	1	0	-1	-1	-1	-1	-1	-1	90	0	
82	113	2222	-1	21	潘诺尼亚白狼		140.967346	29.409073	0	300640	10000	-1	-1	1	0	-1	-1	-1	-1	-1	-1	90	0	
83	114	2222	-1	21	潘诺尼亚白狼		83.997986	32.167793	0	300640	10000	-1	-1	1	0	-1	-1	-1	-1	-1	-1	90	0	
84	115	2222	-1	21	潘诺尼亚白狼		83.768669	31.88125	0	300640	10000	-1	-1	1	0	-1	-1	-1	-1	-1	-1	90	0	
85	116	2222	-1	21	潘诺尼亚白狼		84.602623	31.907637	0	300640	10000	-1	-1	1	0	-1	-1	-1	-1	-1	-1	90	0	
86	117	2222	-1	21	潘诺尼亚白狼		84.232414	31.862686	0	300640	10000	-1	-1	1	0	-1	-1	-1	-1	-1	-1	90	0	
87	118	2222	-1	21	潘诺尼亚白狼		84.81797	31.994463	0	300640	10000	-1	-1	1	0	-1	-1	-1	-1	-1	-1	90	0	
88	119	2222	-1	21	潘诺尼亚白狼		24.853477	98.01844	0	300640	10000	-1	-1	1	0	-1	-1	-1	-1	-1	-1	90	0	
89	120	2222	-1	21	潘诺尼亚白狼		85.001259	31.811054	0	300640	10000	-1	-1	1	0	-1	-1	-1	-1	-1	-1	90	0	
90	121	2222	-1	21	潘诺尼亚白狼		85.035271	32.085224	0	300640	10000	-1	-1	1	0	-1	-1	-1	-1	-1	-1	90	0	
91	122	2222	-1	21	潘诺尼亚白狼		85.058586	32.094814	0	300640	10000	-1	-1	1	0	-1	-1	-1	-1	-1	-1	90	0	
92	123	2222	-1	21	潘诺尼亚白狼		84.320023	32.095684	0	300640	10000	-1	-1	1	0	-1	-1	-1	-1	-1	-1	90	0	
93	124	2222	-1	21	潘诺尼亚白狼		84.519753	32.318974	0	300640	10000	-1	-1	1	0	-1	-1	-1	-1	-1	-1	90	0	
94	125	2222	-1	21	潘诺尼亚白狼		102.520065	37.81078	0	300640	10000	-1	-1	1	0	-1	-1	-1	-1	-1	-1	90	0	
95	126	2222	-1	21	潘诺尼亚白狼		102.95874	37.755165	0	300640	10000	-1	-1	1	0	-1	-1	-1	-1	-1	-1	90	0	
96	127	2222	-1	21	潘诺尼亚白狼		102.7211	37.965488	0	300640	10000	-1	-1	1	0	-1	-1	-1	-1	-1	-1	90	0	
97	128	2222	-1	21	潘诺尼亚白狼		102.554405	37.598652	0	300640	10000	-1	-1	1	0	-1	-1	-1	-1	-1	-1	90	0	
98	129	2222	-1	21	潘诺尼亚白狼		102.647888	37.726551	0	300640	10000	-1	-1	1	0	-1	-1	-1	-1	-1	-1	90	0	
99	130	2222	-1	21	潘诺尼亚白狼		102.967651	37.871525	0	300640	10000	-1	-1	1	0	-1	-1	-1	-1	-1	-1	90	0	
100	131	2222	-1	21	潘诺尼亚白狼		101.88649	38.029922	0	300640	10000	-1	-1	1	0	-1	-1	-1	-1	-1	-1	90	0	
101	132	2222	-1	21	潘诺尼亚白狼		102.500565	37.91991	0	300640	10000	-1	-1	1	0	-1	-1	-1	-1	-1	-1	90	0	
102	133	2222	-1	21	潘诺尼亚白狼		102.74102	38.021015	0	300640	10000	-1	-1	1	0	-1	-1	-1	-1	-1	-1	90	0	
103	134	2222	-1	21	潘诺尼亚白狼		102.371895	38.302723	0	300640	10000	-1	-1	1	0	-1	-1	-1	-1	-1	-1	90	0	
104	135	2222	-1	21	潘诺尼亚白狼		102.657036	38.268642	0	300640	10000	-1	-1	1	0	-1	-1	-1	-1	-1	-1	90	0	
105	136	2222	-1	21	潘诺尼亚白狼		84.716217	32.050976	0	300640	10000	-1	-1	1	0	-1	-1	-1	-1	-1	-1	90	0	
106	137	2222	-1	21	潘诺尼亚白狼		15.424053	115.530289	0	300640	10000	-1	-1	1	0	-1	-1	-1	-1	-1	-1	90	0	
107	138	2222	-1	21	潘诺尼亚白狼		16.2463	115.589813	0	300640	10000	-1	-1	1	0	-1	-1	-1	-1	-1	-1	90	0	
108	139	2222	-1	21	潘诺尼亚白狼		15.260576	115.829193	0	300640	10000	-1	-1	1	0	-1	-1	-1	-1	-1	-1	90	0	
109	140	2222	-1	21	潘诺尼亚白狼		15.201347	115.167038	0	300640	10000	-1	-1	1	0	-1	-1	-1	-1	-1	-1	90	0	
110	141	2222	-1	21	潘诺尼亚白狼		15.477588	115.619308	0	300640	10000	-1	-1	1	0	-1	-1	-1	-1	-1	-1	90	0	
111	142	2222	-1	21	潘诺尼亚白狼		14.933555	115.704407	0	300640	10000	-1	-1	1	0	-1	-1	-1	-1	-1	-1	90	0	
112	143	2222	-1	21	潘诺尼亚白狼		15.08583	115.656029	0	300640	10000	-1	-1	1	0	-1	-1	-1	-1	-1	-1	90	0	
113	144	2222	-1	21	潘诺尼亚白狼		15.286386	115.328979	0	300640	10000	-1	-1	1	0	-1	-1	-1	-1	-1	-1	90	0	
114	145	2222	-1	21	潘诺尼亚白狼		15.248144	115.923965	0	300640	10000	-1	-1	1	0	-1	-1	-1	-1	-1	-1	90	0	
115	146	2222	-1	21	潘诺尼亚白狼		15.064863	115.018616	0	300640	10000	-1	-1	1	0	-1	-1	-1	-1	-1	-1	90	0	
116	147	2222	-1	21	潘诺尼亚白狼		14.654571	115.454262	0	300640	10000	-1	-1	1	0	-1	-1	-1	-1	-1	-1	90	0	
117	148	2222	-1	21	潘诺尼亚白狼		15.605137	115.605698	0	300640	10000	-1	-1	1	0	-1	-1	-1	-1	-1	-1	90	0	
118	149	2222	-1	21	潘诺尼亚白狼		25.371122	98.370522	0	300640	10000	-1	-1	1	0	-1	-1	-1	-1	-1	-1	90	0	
119	150	2222	-1	21	潘诺尼亚白狼		24.924707	98.412964	0	300640	10000	-1	-1	1	0	-1	-1	-1	-1	-1	-1	90	0	
120	151	2222	-1	21	潘诺尼亚白狼		24.804014	98.184227	0	300640	10000	-1	-1	1	0	-1	-1	-1	-1	-1	-1	90	0	
121	152	2222	-1	21	潘诺尼亚白狼		25.535879	98.369675	0	300640	10000	-1	-1	1	0	-1	-1	-1	-1	-1	-1	90	0	
122	153	2222	-1	21	潘诺尼亚白狼		24.975958	98.275101	0	300640	10000	-1	-1	1	0	-1	-1	-1	-1	-1	-1	90	0	
123	154	2222	-1	21	潘诺尼亚白狼		25.182236	97.945091	0	300640	10000	-1	-1	1	0	-1	-1	-1	-1	-1	-1	90	0	
124	155	2222	-1	21	潘诺尼亚白狼		25.065292	98.481689	0	300640	10000	-1	-1	1	0	-1	-1	-1	-1	-1	-1	90	0	
125	156	2222	-1	21	潘诺尼亚白狼		24.924522	98.181252	0	300640	10000	-1	-1	1	0	-1	-1	-1	-1	-1	-1	90	0	
126	157	2222	-1	21	潘诺尼亚白狼		24.501904	98.616463	0	300640	10000	-1	-1	1	0	-1	-1	-1	-1	-1	-1	90	0	
127	159	2223	-1	21	喀尔巴阡黑熊		23.487822	209.350159	0	300640	10000	-1	-1	1	0	-1	-1	-1	-1	-1	-1	90	0	
128	160	2223	-1	21	喀尔巴阡黑熊		23.182802	209.053452	0	300640	10000	-1	-1	1	0	-1	-1	-1	-1	-1	-1	90	0	
129	161	2223	-1	21	喀尔巴阡黑熊		58.770927	189.723816	0	300640	10000	-1	-1	1	0	-1	-1	-1	-1	-1	-1	90	0	
130	162	2223	-1	21	喀尔巴阡黑熊		23.219971	209.16391	0	300640	10000	-1	-1	1	0	-1	-1	-1	-1	-1	-1	90	0	
131	163	2223	-1	21	喀尔巴阡黑熊		23.366533	209.04982	0	300640	10000	-1	-1	1	0	-1	-1	-1	-1	-1	-1	90	0	
132	164	2223	-1	21	喀尔巴阡黑熊		23.387157	208.954895	0	300640	10000	-1	-1	1	0	-1	-1	-1	-1	-1	-1	90	0	
133	165	2223	-1	21	喀尔巴阡黑熊		66.070831	211.705521	0	300640	10000	-1	-1	1	0	-1	-1	-1	-1	-1	-1	90	0	
134	166	2223	-1	21	喀尔巴阡黑熊		23.061855	209.30838	0	300640	10000	-1	-1	1	0	-1	-1	-1	-1	-1	-1	90	0	
135	167	2223	-1	21	喀尔巴阡黑熊		23.652275	209.404846	0	300640	10000	-1	-1	1	0	-1	-1	-1	-1	-1	-1	90	0	
136	168	2223	-1	21	喀尔巴阡黑熊		22.617529	209.424637	0	300640	10000	-1	-1	1	0	-1	-1	-1	-1	-1	-1	90	0	
137	169	2223	-1	21	喀尔巴阡黑熊		23.100458	209.381363	0	300640	10000	-1	-1	1	0	-1	-1	-1	-1	-1	-1	90	0	
138	171	2223	-1	21	喀尔巴阡黑熊		87.754036	189.481461	0	300640	10000	-1	-1	1	0	-1	-1	-1	-1	-1	-1	90	0	
139	172	2223	-1	21	喀尔巴阡黑熊		22.885645	209.28244	0	300640	10000	-1	-1	1	0	-1	-1	-1	-1	-1	-1	90	0	
140	173	2223	-1	21	喀尔巴阡黑熊		88.101227	189.484924	0	300640	10000	-1	-1	1	0	-1	-1	-1	-1	-1	-1	90	0	
141	174	2223	-1	21	喀尔巴阡黑熊		87.791901	189.587997	0	300640	10000	-1	-1	1	0	-1	-1	-1	-1	-1	-1	90	0	
142	175	2223	-1	21	喀尔巴阡黑熊		88.456474	189.154907	0	300640	10000	-1	-1	1	0	-1	-1	-1	-1	-1	-1	90	0	
143	176	2223	-1	21	喀尔巴阡黑熊		88.628555	189.279358	0	300640	10000	-1	-1	1	0	-1	-1	-1	-1	-1	-1	90	0	
144	177	2223	-1	21	喀尔巴阡黑熊		88.44252	188.875061	0	300640	10000	-1	-1	1	0	-1	-1	-1	-1	-1	-1	90	0	
145	178	2223	-1	21	喀尔巴阡黑熊		88.285805	189.398117	0	300640	10000	-1	-1	1	0	-1	-1	-1	-1	-1	-1	90	0	
146	179	2223	-1	21	喀尔巴阡黑熊		88.725555	189.192734	0	300640	10000	-1	-1	1	0	-1	-1	-1	-1	-1	-1	90	0	
147	180	2223	-1	21	喀尔巴阡黑熊		87.914909	189.324905	0	300640	10000	-1	-1	1	0	-1	-1	-1	-1	-1	-1	90	0	
148	181	2223	-1	21	喀尔巴阡黑熊		87.579361	189.232635	0	300640	10000	-1	-1	1	0	-1	-1	-1	-1	-1	-1	90	0	
149	182	2223	-1	21	喀尔巴阡黑熊		87.480064	189.319458	0	300640	10000	-1	-1	1	0	-1	-1	-1	-1	-1	-1	90	0	
150	190	2223	-1	21	喀尔巴阡黑熊		58.309006	189.695663	0	300640	10000	-1	-1	1	0	-1	-1	-1	-1	-1	-1	90	0	
151	191	2223	-1	21	喀尔巴阡黑熊		58.248035	189.549667	0	300640	10000	-1	-1	1	0	-1	-1	-1	-1	-1	-1	90	0	
152	192	2223	-1	21	喀尔巴阡黑熊		58.464645	189.798157	0	300640	10000	-1	-1	1	0	-1	-1	-1	-1	-1	-1	90	0	
153	193	2223	-1	21	喀尔巴阡黑熊		58.233986	189.583725	0	300640	10000	-1	-1	1	0	-1	-1	-1	-1	-1	-1	90	0	
154	195	2223	-1	21	喀尔巴阡黑熊		58.784569	189.689514	0	300640	10000	-1	-1	1	0	-1	-1	-1	-1	-1	-1	90	0	
155	198	2223	-1	21	喀尔巴阡黑熊		58.660717	189.995956	0	300640	10000	-1	-1	1	0	-1	-1	-1	-1	-1	-1	90	0	
156	199	2223	-1	21	喀尔巴阡黑熊		58.540161	189.709976	0	300640	10000	-1	-1	1	0	-1	-1	-1	-1	-1	-1	90	0	
157	200	2223	-1	21	喀尔巴阡黑熊		58.742504	189.989441	0	300640	10000	-1	-1	1	0	-1	-1	-1	-1	-1	-1	90	0	
158	201	2223	-1	21	喀尔巴阡黑熊		58.423759	189.900314	0	300640	10000	-1	-1	1	0	-1	-1	-1	-1	-1	-1	90	0	
159	202	2223	-1	21	喀尔巴阡黑熊		65.3573	211.477676	0	300640	10000	-1	-1	1	0	-1	-1	-1	-1	-1	-1	90	0	
160	203	2223	-1	21	喀尔巴阡黑熊		65.588402	211.597839	0	300640	10000	-1	-1	1	0	-1	-1	-1	-1	-1	-1	90	0	
161	204	2223	-1	21	喀尔巴阡黑熊		65.165482	211.151978	0	300640	10000	-1	-1	1	0	-1	-1	-1	-1	-1	-1	90	0	
162	205	2223	-1	21	喀尔巴阡黑熊		65.537308	210.922684	0	300640	10000	-1	-1	1	0	-1	-1	-1	-1	-1	-1	90	0	
163	206	2223	-1	21	喀尔巴阡黑熊		65.702316	210.945908	0	300640	10000	-1	-1	1	0	-1	-1	-1	-1	-1	-1	90	0	
164	207	2223	-1	21	喀尔巴阡黑熊		65.369743	211.44574	0	300640	10000	-1	-1	1	0	-1	-1	-1	-1	-1	-1	90	0	
165	208	2223	-1	21	喀尔巴阡黑熊		65.485191	211.048645	0	300640	10000	-1	-1	1	0	-1	-1	-1	-1	-1	-1	90	0	
166	209	2223	-1	21	喀尔巴阡黑熊		65.44873	211.145157	0	300640	10000	-1	-1	1	0	-1	-1	-1	-1	-1	-1	90	0	
167	210	2223	-1	21	喀尔巴阡黑熊		65.628242	210.955811	0	300640	10000	-1	-1	1	0	-1	-1	-1	-1	-1	-1	90	0	
168	211	2223	-1	21	喀尔巴阡黑熊		65.61528	211.352493	0	300640	10000	-1	-1	1	0	-1	-1	-1	-1	-1	-1	90	0	
169	213	2223	-1	21	喀尔巴阡黑熊		176.794159	111.445778	0	300640	10000	-1	-1	1	0	-1	-1	-1	-1	-1	-1	90	0	
170	214	2223	-1	21	喀尔巴阡黑熊		176.027847	111.868683	0	300640	10000	-1	-1	1	0	-1	-1	-1	-1	-1	-1	90	0	
171	215	2223	-1	21	喀尔巴阡黑熊		176.186462	111.621155	0	300640	10000	-1	-1	1	0	-1	-1	-1	-1	-1	-1	90	0	
172	216	2223	-1	21	喀尔巴阡黑熊		175.897751	108.409332	0	300640	10000	-1	-1	1	0	-1	-1	-1	-1	-1	-1	90	0	
173	217	2223	-1	21	喀尔巴阡黑熊		176.198608	108.662079	0	300640	10000	-1	-1	1	0	-1	-1	-1	-1	-1	-1	90	0	
174	218	2223	-1	21	喀尔巴阡黑熊		175.709152	108.293762	0	300640	10000	-1	-1	1	0	-1	-1	-1	-1	-1	-1	90	0	
175	219	2223	-1	21	喀尔巴阡黑熊		177.061691	110.15641	0	300640	10000	-1	-1	1	0	-1	-1	-1	-1	-1	-1	90	0	
176	220	2223	-1	21	喀尔巴阡黑熊		177.061691	110.15641	0	300640	10000	-1	-1	1	0	-1	-1	-1	-1	-1	-1	90	0	
177	221	2223	-1	21	喀尔巴阡黑熊		177.061691	110.15641	0	300640	10000	-1	-1	1	0	-1	-1	-1	-1	-1	-1	90	0	
178	222	2223	-1	21	喀尔巴阡黑熊		177.061691	110.15641	0	300640	10000	-1	-1	1	0	-1	-1	-1	-1	-1	-1	90	0	
179	223	2223	-1	21	喀尔巴阡黑熊		177.061691	110.15641	0	300640	10000	-1	-1	1	0	-1	-1	-1	-1	-1	-1	90	0	
180	224	2223	-1	21	喀尔巴阡黑熊		177.061691	110.15641	0	300640	10000	-1	-1	1	0	-1	-1	-1	-1	-1	-1	90	0	
181	225	2223	-1	21	喀尔巴阡黑熊		156.940613	236.406799	0	300640	10000	-1	-1	1	0	-1	-1	-1	-1	-1	-1	90	0	
182	226	2223	-1	21	喀尔巴阡黑熊		182.642868	231.305374	0	300640	10000	-1	-1	1	0	-1	-1	-1	-1	-1	-1	90	0	
183	227	2223	-1	21	喀尔巴阡黑熊		159.662018	214.389557	0	300640	10000	-1	-1	1	0	-1	-1	-1	-1	-1	-1	90	0	
184	228	2223	-1	21	喀尔巴阡黑熊		159.387878	214.689163	0	300640	10000	-1	-1	1	0	-1	-1	-1	-1	-1	-1	90	0	
185	229	2223	-1	21	喀尔巴阡黑熊		159.487686	214.615051	0	300640	10000	-1	-1	1	0	-1	-1	-1	-1	-1	-1	90	0	
186	230	2223	-1	21	喀尔巴阡黑熊		157.827362	214.10582	0	300640	10000	-1	-1	1	0	-1	-1	-1	-1	-1	-1	90	0	
187	231	2223	-1	21	喀尔巴阡黑熊		158.793396	214.240555	0	300640	10000	-1	-1	1	0	-1	-1	-1	-1	-1	-1	90	0	
188	232	2223	-1	21	喀尔巴阡黑熊		158.021683	213.899323	0	300640	10000	-1	-1	1	0	-1	-1	-1	-1	-1	-1	90	0	
189	233	2223	-1	21	喀尔巴阡黑熊		159.241394	214.468048	0	300640	10000	-1	-1	1	0	-1	-1	-1	-1	-1	-1	90	0	
190	234	2223	-1	21	喀尔巴阡黑熊		158.651764	213.557266	0	300640	10000	-1	-1	1	0	-1	-1	-1	-1	-1	-1	90	0	
191	235	2223	-1	21	喀尔巴阡黑熊		158.53685	213.722366	0	300640	10000	-1	-1	1	0	-1	-1	-1	-1	-1	-1	90	0	
192	236	2223	-1	21	喀尔巴阡黑熊		159.779541	215.013901	0	300640	10000	-1	-1	1	0	-1	-1	-1	-1	-1	-1	90	0	
193	237	2223	-1	21	喀尔巴阡黑熊		160.087173	214.638535	0	300640	10000	-1	-1	1	0	-1	-1	-1	-1	-1	-1	90	0	
194	238	2223	-1	21	喀尔巴阡黑熊		160.510193	214.138397	0	300640	10000	-1	-1	1	0	-1	-1	-1	-1	-1	-1	90	0	
195	239	2223	-1	21	喀尔巴阡黑熊		160.786301	213.137497	0	300640	10000	-1	-1	1	0	-1	-1	-1	-1	-1	-1	90	0	
196	240	2223	-1	21	喀尔巴阡黑熊		183.080017	231.75531	0	300640	10000	-1	-1	1	0	-1	-1	-1	-1	-1	-1	90	0	
197	241	2223	-1	21	喀尔巴阡黑熊		182.823395	231.925034	0	300640	10000	-1	-1	1	0	-1	-1	-1	-1	-1	-1	90	0	
198	242	2223	-1	21	喀尔巴阡黑熊		179.736084	230.760803	0	300640	10000	-1	-1	1	0	-1	-1	-1	-1	-1	-1	90	0	
199	243	2223	-1	21	喀尔巴阡黑熊		179.687683	230.619629	0	300640	10000	-1	-1	1	0	-1	-1	-1	-1	-1	-1	90	0	
200	244	2223	-1	21	喀尔巴阡黑熊		179.706604	230.451889	0	300640	10000	-1	-1	1	0	-1	-1	-1	-1	-1	-1	90	0	
201	245	2223	-1	21	喀尔巴阡黑熊		179.888901	230.298111	0	300640	10000	-1	-1	1	0	-1	-1	-1	-1	-1	-1	90	0	
202	246	2223	-1	21	喀尔巴阡黑熊		183.014557	229.794739	0	300640	10000	-1	-1	1	0	-1	-1	-1	-1	-1	-1	90	0	
203	247	2223	-1	21	喀尔巴阡黑熊		183.014557	229.794739	0	300640	10000	-1	-1	1	0	-1	-1	-1	-1	-1	-1	90	0	
204	248	2223	-1	21	喀尔巴阡黑熊		183.014557	229.794739	0	300640	10000	-1	-1	1	0	-1	-1	-1	-1	-1	-1	90	0	
205	249	2223	-1	21	喀尔巴阡黑熊		183.014557	229.794739	0	300640	10000	-1	-1	1	0	-1	-1	-1	-1	-1	-1	90	0	
206	250	2223	-1	21	喀尔巴阡黑熊		157.526062	237.445938	0	300640	10000	-1	-1	1	0	-1	-1	-1	-1	-1	-1	90	0	
207	251	2223	-1	21	喀尔巴阡黑熊		154.059631	237.381744	0	300640	10000	-1	-1	1	0	-1	-1	-1	-1	-1	-1	90	0	
208	252	2223	-1	21	喀尔巴阡黑熊		156.337677	238.03772	0	300640	10000	-1	-1	1	0	-1	-1	-1	-1	-1	-1	90	0	
209	253	2223	-1	21	喀尔巴阡黑熊		154.515976	238.016006	0	300640	10000	-1	-1	1	0	-1	-1	-1	-1	-1	-1	90	0	
210	254	2223	-1	21	喀尔巴阡黑熊		154.97197	235.558121	0	300640	10000	-1	-1	1	0	-1	-1	-1	-1	-1	-1	90	0	
211	255	2223	-1	21	喀尔巴阡黑熊		153.517853	236.834793	0	300640	10000	-1	-1	1	0	-1	-1	-1	-1	-1	-1	90	0	
212	256	2223	-1	21	喀尔巴阡黑熊		156.461716	236.947601	0	300640	10000	-1	-1	1	0	-1	-1	-1	-1	-1	-1	90	0	
213	257	2223	-1	21	喀尔巴阡黑熊		154.023743	237.558105	0	300640	10000	-1	-1	1	0	-1	-1	-1	-1	-1	-1	90	0	
214	258	2223	-1	21	喀尔巴阡黑熊		155.476456	236.522202	0	300640	10000	-1	-1	1	0	-1	-1	-1	-1	-1	-1	90	0	
215	259	2223	-1	21	喀尔巴阡黑熊		157.819717	235.929703	0	300640	10000	-1	-1	1	0	-1	-1	-1	-1	-1	-1	90	0	
216	260	2223	-1	21	喀尔巴阡黑熊		58.770927	189.723816	0	300640	10000	-1	-1	1	0	-1	-1	-1	-1	-1	-1	90	0	
217	261	2223	-1	21	喀尔巴阡黑熊		58.770927	189.723816	0	300640	10000	-1	-1	1	0	-1	-1	-1	-1	-1	-1	90	0	
218	262	2223	-1	21	喀尔巴阡黑熊		58.770927	189.723816	0	300640	10000	-1	-1	1	0	-1	-1	-1	-1	-1	-1	90	0	
219	15052370	1320	101549	-1	前往王国迷宫七层	王国迷宫传送	85	100	18	-1	1000	-1	-1	3	0	-1	-1	-1	-1	-1	-1	90	0	
220	7336799	4295	101694	-1	组队指引人		209	84	9	-1	1000	-1	-1	3	0	-1	-1	-1	-1	-1	-1	100	0	
