NUM	NUM	NUM	NUM	NUM	TEXT	TEXT	FLOAT	FLOAT	NUM	NUM	NUM	NUM	NUM	NUM	NUM	NUM	NUM	NUM	NUM	NUM	NUM	NUM	NUM
编号	随机编号	attr编号	逻辑表编号	阵营编号	名称	称号	x轴坐标	z轴坐标	朝向	脚本编号	重生时间	分组编号	队伍编号	基础AI	AI文件	巡逻路径	商店0	商店1	商店2	商店3	名誉ID	等级	镜像组
0	7336573	6969	-1	21	幽冰之爪		93.140617	79.611923	0	300640	10000	-1	-1	1	0	-1	-1	-1	-1	-1	-1	75	0	
1	7336574	6969	-1	21	幽冰之爪		172.908112	62.154564	0	300640	10000	-1	-1	1	0	-1	-1	-1	-1	-1	-1	75	0	
2	7336575	6969	-1	21	幽冰之爪		122.016533	79.392609	0	300640	10000	-1	-1	1	0	-1	-1	-1	-1	-1	-1	75	0	
3	7336578	6968	-1	21	幽嚎之牛		85.60733	173.026306	0	300640	10000	-1	-1	1	0	-1	-1	-1	-1	-1	-1	70	0	
4	7336579	6968	-1	21	幽嚎之牛		132.583862	175.698853	0	300640	10000	-1	-1	1	0	-1	-1	-1	-1	-1	-1	70	0	
5	7336581	6968	-1	21	幽嚎之牛		132.919281	143.284103	0	300640	10000	-1	-1	1	0	-1	-1	-1	-1	-1	-1	70	0	
6	7336583	6968	-1	21	幽嚎之牛		199.928284	127.994759	0	300640	10000	-1	-1	1	0	-1	-1	-1	-1	-1	-1	70	0	
7	7336589	6969	-1	21	幽冰之爪		173.315399	57.887676	0	300640	10000	-1	-1	1	0	-1	-1	-1	-1	-1	-1	75	0	
8	7336590	6969	-1	21	幽冰之爪		121.502853	80.285301	0	300640	10000	-1	-1	1	0	-1	-1	-1	-1	-1	-1	75	0	
9	7336593	6968	-1	21	幽嚎之牛		83.55748	174.042465	0	300640	10000	-1	-1	1	0	-1	-1	-1	-1	-1	-1	70	0	
10	7336594	6968	-1	21	幽嚎之牛		133.113083	176.932022	0	300640	10000	-1	-1	1	0	-1	-1	-1	-1	-1	-1	70	0	
11	7336596	6968	-1	21	幽嚎之牛		134.059128	142.535873	0	300640	10000	-1	-1	1	0	-1	-1	-1	-1	-1	-1	70	0	
12	7336598	6968	-1	21	幽嚎之牛		198.608566	129.338333	0	300640	10000	-1	-1	1	0	-1	-1	-1	-1	-1	-1	70	0	
13	7336599	6968	-1	21	幽嚎之牛		190.046478	199.412018	0	300640	10000	-1	-1	1	0	-1	-1	-1	-1	-1	-1	70	0	
14	7336650	6969	-1	21	幽冰之爪		120.703644	80.632309	0	300640	10000	-1	-1	1	0	-1	-1	-1	-1	-1	-1	75	0	
15	7336653	6968	-1	21	幽嚎之牛		85.077682	172.608337	0	300640	10000	-1	-1	1	0	-1	-1	-1	-1	-1	-1	70	0	
16	7336654	6968	-1	21	幽嚎之牛		133.369583	176.034119	0	300640	10000	-1	-1	1	0	-1	-1	-1	-1	-1	-1	70	0	
17	7336656	6968	-1	21	幽嚎之牛		134.087433	144.167862	0	300640	10000	-1	-1	1	0	-1	-1	-1	-1	-1	-1	70	0	
18	7336658	6968	-1	21	幽嚎之牛		200.078079	130.236786	0	300640	10000	-1	-1	1	0	-1	-1	-1	-1	-1	-1	70	0	
19	7336659	6968	-1	21	幽嚎之牛		190.062805	162.898987	0	300640	10000	-1	-1	1	0	-1	-1	-1	-1	-1	-1	70	0	
20	7336660	6969	-1	21	幽冰之爪		61.669449	78.713905	0	300640	10000	-1	-1	1	0	-1	-1	-1	-1	-1	-1	75	0	
21	7336661	6969	-1	21	幽冰之爪		61.178123	59.915245	0	300640	10000	-1	-1	1	0	-1	-1	-1	-1	-1	-1	75	0	
22	7336663	6969	-1	21	幽冰之爪		94.74308	81.348434	0	300640	10000	-1	-1	1	0	-1	-1	-1	-1	-1	-1	75	0	
23	7336664	6969	-1	21	幽冰之爪		174.185242	62.254929	0	300640	10000	-1	-1	1	0	-1	-1	-1	-1	-1	-1	75	0	
24	7336665	6969	-1	21	幽冰之爪		123.229446	79.246422	0	300640	10000	-1	-1	1	0	-1	-1	-1	-1	-1	-1	75	0	
25	7336668	6968	-1	21	幽嚎之牛		83.504295	173.2202	0	300640	10000	-1	-1	1	0	-1	-1	-1	-1	-1	-1	70	0	
26	7336669	6968	-1	21	幽嚎之牛		131.882675	177.86795	0	300640	10000	-1	-1	1	0	-1	-1	-1	-1	-1	-1	70	0	
27	7336671	6968	-1	21	幽嚎之牛		133.378708	142.69986	0	300640	10000	-1	-1	1	0	-1	-1	-1	-1	-1	-1	70	0	
28	7336673	6968	-1	21	幽嚎之牛		199.120193	128.380127	0	300640	10000	-1	-1	1	0	-1	-1	-1	-1	-1	-1	70	0	
29	7336674	6968	-1	21	幽嚎之牛		190.219223	161.9366	0	300640	10000	-1	-1	1	0	-1	-1	-1	-1	-1	-1	70	0	
30	7336675	6969	-1	21	幽冰之爪		60.264877	78.725021	0	300640	10000	-1	-1	1	0	-1	-1	-1	-1	-1	-1	75	0	
31	7336676	6969	-1	21	幽冰之爪		62.353859	57.829308	0	300640	10000	-1	-1	1	0	-1	-1	-1	-1	-1	-1	75	0	
32	7336677	6969	-1	21	幽冰之爪		150.855804	77.487526	0	300640	10000	-1	-1	1	0	-1	-1	-1	-1	-1	-1	75	0	
33	7336678	6969	-1	21	幽冰之爪		94.517082	80.515839	0	300640	10000	-1	-1	1	0	-1	-1	-1	-1	-1	-1	75	0	
34	7336679	6969	-1	21	幽冰之爪		171.907471	59.959217	0	300640	10000	-1	-1	1	0	-1	-1	-1	-1	-1	-1	75	0	
35	7336680	6969	-1	21	幽冰之爪		122.70385	82.113045	0	300640	10000	-1	-1	1	0	-1	-1	-1	-1	-1	-1	75	0	
36	7336682	6968	-1	21	幽嚎之牛		85.086288	142.096161	0	300640	10000	-1	-1	1	0	-1	-1	-1	-1	-1	-1	70	0	
37	7336683	6968	-1	21	幽嚎之牛		83.934975	173.333984	0	300640	10000	-1	-1	1	0	-1	-1	-1	-1	-1	-1	70	0	
38	7336684	6968	-1	21	幽嚎之牛		126.656342	198.840912	0	300640	10000	-1	-1	1	0	-1	-1	-1	-1	-1	-1	70	0	
39	7336686	6968	-1	21	幽嚎之牛		134.53476	143.309769	0	300640	10000	-1	-1	1	0	-1	-1	-1	-1	-1	-1	70	0	
40	7336688	6968	-1	21	幽嚎之牛		200.213943	129.372925	0	300640	10000	-1	-1	1	0	-1	-1	-1	-1	-1	-1	70	0	
41	7336689	6968	-1	21	幽嚎之牛		189.528763	161.092026	0	300640	10000	-1	-1	1	0	-1	-1	-1	-1	-1	-1	70	0	
42	7336692	6969	-1	21	幽冰之爪		153.085251	75.7976	0	300640	10000	-1	-1	1	0	-1	-1	-1	-1	-1	-1	75	0	
43	7336693	6969	-1	21	幽冰之爪		94.163864	82.275612	0	300640	10000	-1	-1	1	0	-1	-1	-1	-1	-1	-1	75	0	
44	7336694	6969	-1	21	幽冰之爪		173.756378	60.665474	0	300640	10000	-1	-1	1	0	-1	-1	-1	-1	-1	-1	75	0	
45	7336695	6969	-1	21	幽冰之爪		123.269814	80.680359	0	300640	10000	-1	-1	1	0	-1	-1	-1	-1	-1	-1	75	0	
46	7336699	6968	-1	21	幽嚎之牛		127.177063	199.496948	0	300640	10000	-1	-1	1	0	-1	-1	-1	-1	-1	-1	70	0	
47	7336701	6968	-1	21	幽嚎之牛		132.706207	143.816086	0	300640	10000	-1	-1	1	0	-1	-1	-1	-1	-1	-1	70	0	
48	7336703	6968	-1	21	幽嚎之牛		199.245972	128.960938	0	300640	10000	-1	-1	1	0	-1	-1	-1	-1	-1	-1	70	0	
49	7336704	6968	-1	21	幽嚎之牛		188.383987	162.705231	0	300640	10000	-1	-1	1	0	-1	-1	-1	-1	-1	-1	70	0	
50	7336707	6969	-1	21	幽冰之爪		152.921646	78.846413	0	300640	10000	-1	-1	1	0	-1	-1	-1	-1	-1	-1	75	0	
51	7336708	6969	-1	21	幽冰之爪		96.320465	81.518456	0	300640	10000	-1	-1	1	0	-1	-1	-1	-1	-1	-1	75	0	
52	7336709	6969	-1	21	幽冰之爪		174.946808	61.198727	0	300640	10000	-1	-1	1	0	-1	-1	-1	-1	-1	-1	75	0	
53	7336710	6969	-1	21	幽冰之爪		121.448441	78.507004	0	300640	10000	-1	-1	1	0	-1	-1	-1	-1	-1	-1	75	0	
54	7336713	6968	-1	21	幽嚎之牛		79.950859	195.740158	0	300640	10000	-1	-1	1	0	-1	-1	-1	-1	-1	-1	70	0	
55	7336714	6968	-1	21	幽嚎之牛		133.314163	176.366074	0	300640	10000	-1	-1	1	0	-1	-1	-1	-1	-1	-1	70	0	
56	7336716	6968	-1	21	幽嚎之牛		132.36554	119.73748	0	300640	10000	-1	-1	1	0	-1	-1	-1	-1	-1	-1	70	0	
57	7336718	6968	-1	21	幽嚎之牛		199.399658	130.071838	0	300640	10000	-1	-1	1	0	-1	-1	-1	-1	-1	-1	70	0	
58	7336721	6969	-1	21	幽冰之爪		63.047707	58.861549	0	300640	10000	-1	-1	1	0	-1	-1	-1	-1	-1	-1	75	0	
59	7336722	6969	-1	21	幽冰之爪		153.91011	78.442528	0	300640	10000	-1	-1	1	0	-1	-1	-1	-1	-1	-1	75	0	
60	7336723	6969	-1	21	幽冰之爪		91.972565	56.58765	0	300640	10000	-1	-1	1	0	-1	-1	-1	-1	-1	-1	75	0	
61	7336724	6969	-1	21	幽冰之爪		172.445145	61.146225	0	300640	10000	-1	-1	1	0	-1	-1	-1	-1	-1	-1	75	0	
62	7336725	6969	-1	21	幽冰之爪		122.335213	81.028381	0	300640	10000	-1	-1	1	0	-1	-1	-1	-1	-1	-1	75	0	
63	7336727	6968	-1	21	幽嚎之牛		85.996513	139.151657	0	300640	10000	-1	-1	1	0	-1	-1	-1	-1	-1	-1	70	0	
64	7336728	6968	-1	21	幽嚎之牛		81.072746	194.982407	0	300640	10000	-1	-1	1	0	-1	-1	-1	-1	-1	-1	70	0	
65	7336729	6968	-1	21	幽嚎之牛		131.939285	177.398468	0	300640	10000	-1	-1	1	0	-1	-1	-1	-1	-1	-1	70	0	
66	7336731	6968	-1	21	幽嚎之牛		133.119431	121.309074	0	300640	10000	-1	-1	1	0	-1	-1	-1	-1	-1	-1	70	0	
67	7336733	6968	-1	21	幽嚎之牛		200.239151	128.719543	0	300640	10000	-1	-1	1	0	-1	-1	-1	-1	-1	-1	70	0	
68	7336734	6968	-1	21	幽嚎之牛		189.283218	162.1091	0	300640	10000	-1	-1	1	0	-1	-1	-1	-1	-1	-1	70	0	
69	7336739	6968	-1	21	幽嚎之牛		188.610733	198.695221	0	300640	10000	-1	-1	1	0	-1	-1	-1	-1	-1	-1	70	0	
70	7336740	6968	-1	21	幽嚎之牛		190.456238	198.527771	0	300640	10000	-1	-1	1	0	-1	-1	-1	-1	-1	-1	70	0	
71	7336741	6968	-1	21	幽嚎之牛		190.456238	198.527771	0	300640	10000	-1	-1	1	0	-1	-1	-1	-1	-1	-1	70	0	
72	7336742	6968	-1	21	幽嚎之牛		190.456238	198.527771	0	300640	10000	-1	-1	1	0	-1	-1	-1	-1	-1	-1	70	0	
73	7336743	6968	-1	21	幽嚎之牛		190.456238	198.527771	0	300640	10000	-1	-1	1	0	-1	-1	-1	-1	-1	-1	70	0	
74	7336744	6968	-1	21	幽嚎之牛		190.456238	198.527771	0	300640	10000	-1	-1	1	0	-1	-1	-1	-1	-1	-1	70	0	
75	7336745	6968	-1	21	幽嚎之牛		162.793762	129.125061	0	300640	10000	-1	-1	1	0	-1	-1	-1	-1	-1	-1	70	0	
76	7336746	6968	-1	21	幽嚎之牛		200.910614	128.348251	0	300640	10000	-1	-1	1	0	-1	-1	-1	-1	-1	-1	70	0	
77	7336747	6968	-1	21	幽嚎之牛		132.293274	144.226486	0	300640	10000	-1	-1	1	0	-1	-1	-1	-1	-1	-1	70	0	
78	7336748	6968	-1	21	幽嚎之牛		132.899399	142.118591	0	300640	10000	-1	-1	1	0	-1	-1	-1	-1	-1	-1	70	0	
79	7336749	6968	-1	21	幽嚎之牛		132.409027	175.174515	0	300640	10000	-1	-1	1	0	-1	-1	-1	-1	-1	-1	70	0	
80	7336750	6968	-1	21	幽嚎之牛		132.029327	175.410889	0	300640	10000	-1	-1	1	0	-1	-1	-1	-1	-1	-1	70	0	
81	7336751	6968	-1	21	幽嚎之牛		133.259796	178.434631	0	300640	10000	-1	-1	1	0	-1	-1	-1	-1	-1	-1	70	0	
82	7336752	6968	-1	21	幽嚎之牛		130.773849	174.976746	0	300640	10000	-1	-1	1	0	-1	-1	-1	-1	-1	-1	70	0	
83	7336614	6968	-1	21	幽嚎之牛		188.03244	199.474777	0	300640	10000	-1	-1	1	0	-1	-1	-1	-1	-1	-1	70	0	
84	7336613	6968	-1	21	幽嚎之牛		201.477219	129.622253	0	300640	10000	-1	-1	1	0	-1	-1	-1	-1	-1	-1	70	0	
85	7336611	6968	-1	21	幽嚎之牛		132.236023	143.513885	0	300640	10000	-1	-1	1	0	-1	-1	-1	-1	-1	-1	70	0	
86	7336609	6968	-1	21	幽嚎之牛		132.516968	176.551727	0	300640	10000	-1	-1	1	0	-1	-1	-1	-1	-1	-1	70	0	
87	7336753	6969	-1	21	幽冰之爪		94.449425	79.785606	0	300640	10000	-1	-1	1	0	-1	-1	-1	-1	-1	-1	75	0	
88	7336754	6969	-1	21	幽冰之爪		95.208344	80.785919	0	300640	10000	-1	-1	1	0	-1	-1	-1	-1	-1	-1	75	0	
89	7336755	6969	-1	21	幽冰之爪		95.826561	80.482254	0	300640	10000	-1	-1	1	0	-1	-1	-1	-1	-1	-1	75	0	
90	7336756	6968	-1	21	幽嚎之牛		132.236023	143.513885	0	300640	10000	-1	-1	1	0	-1	-1	-1	-1	-1	-1	70	0	
91	7336757	6968	-1	21	幽嚎之牛		132.236023	143.513885	0	300640	10000	-1	-1	1	0	-1	-1	-1	-1	-1	-1	70	0	
92	7336758	6968	-1	21	幽嚎之牛		132.236023	143.513885	0	300640	10000	-1	-1	1	0	-1	-1	-1	-1	-1	-1	70	0	
93	7336759	6968	-1	21	幽嚎之牛		131.550461	120.837456	0	300640	10000	-1	-1	1	0	-1	-1	-1	-1	-1	-1	70	0	
94	7336760	6968	-1	21	幽嚎之牛		131.332504	121.519127	0	300640	10000	-1	-1	1	0	-1	-1	-1	-1	-1	-1	70	0	
95	7336761	6968	-1	21	幽嚎之牛		132.59552	121.895638	0	300640	10000	-1	-1	1	0	-1	-1	-1	-1	-1	-1	70	0	
96	7336762	6968	-1	21	幽嚎之牛		131.554825	122.190742	0	300640	10000	-1	-1	1	0	-1	-1	-1	-1	-1	-1	70	0	
97	7336763	6968	-1	21	幽嚎之牛		132.828506	120.57235	0	300640	10000	-1	-1	1	0	-1	-1	-1	-1	-1	-1	70	0	
98	7336764	6968	-1	21	幽嚎之牛		133.204483	120.732933	0	300640	10000	-1	-1	1	0	-1	-1	-1	-1	-1	-1	70	0	
99	7336765	6968	-1	21	幽嚎之牛		131.872665	120.255264	0	300640	10000	-1	-1	1	0	-1	-1	-1	-1	-1	-1	70	0	
100	7336766	6968	-1	21	幽嚎之牛		130.897278	120.513397	0	300640	10000	-1	-1	1	0	-1	-1	-1	-1	-1	-1	70	0	
101	7336767	6968	-1	21	幽嚎之牛		130.849564	121.225555	0	300640	10000	-1	-1	1	0	-1	-1	-1	-1	-1	-1	70	0	
102	7336768	6968	-1	21	幽嚎之牛		132.307083	121.260017	0	300640	10000	-1	-1	1	0	-1	-1	-1	-1	-1	-1	70	0	
103	7336769	6968	-1	21	幽嚎之牛		162.70433	127.087509	0	300640	10000	-1	-1	1	0	-1	-1	-1	-1	-1	-1	70	0	
104	7336770	6968	-1	21	幽嚎之牛		163.84938	128.68161	0	300640	10000	-1	-1	1	0	-1	-1	-1	-1	-1	-1	70	0	
105	7336771	6968	-1	21	幽嚎之牛		161.822769	128.93718	0	300640	10000	-1	-1	1	0	-1	-1	-1	-1	-1	-1	70	0	
106	7336772	6968	-1	21	幽嚎之牛		161.614029	128.283249	0	300640	10000	-1	-1	1	0	-1	-1	-1	-1	-1	-1	70	0	
107	7336773	6968	-1	21	幽嚎之牛		163.939056	128.133606	0	300640	10000	-1	-1	1	0	-1	-1	-1	-1	-1	-1	70	0	
108	7336774	6968	-1	21	幽嚎之牛		164.043182	127.168053	0	300640	10000	-1	-1	1	0	-1	-1	-1	-1	-1	-1	70	0	
109	7336775	6968	-1	21	幽嚎之牛		161.536972	127.079308	0	300640	10000	-1	-1	1	0	-1	-1	-1	-1	-1	-1	70	0	
110	7336776	6968	-1	21	幽嚎之牛		162.613144	128.176483	0	300640	10000	-1	-1	1	0	-1	-1	-1	-1	-1	-1	70	0	
111	7336777	6968	-1	21	幽嚎之牛		162.613144	128.176483	0	300640	10000	-1	-1	1	0	-1	-1	-1	-1	-1	-1	70	0	
112	7336778	6968	-1	21	幽嚎之牛		162.613144	128.176483	0	300640	10000	-1	-1	1	0	-1	-1	-1	-1	-1	-1	70	0	
113	7336779	6968	-1	21	幽嚎之牛		201.477219	129.622253	0	300640	10000	-1	-1	1	0	-1	-1	-1	-1	-1	-1	70	0	
114	7336780	6968	-1	21	幽嚎之牛		188.67717	161.684479	0	300640	10000	-1	-1	1	0	-1	-1	-1	-1	-1	-1	70	0	
115	7336781	6968	-1	21	幽嚎之牛		188.986145	160.852371	0	300640	10000	-1	-1	1	0	-1	-1	-1	-1	-1	-1	70	0	
116	7336782	6968	-1	21	幽嚎之牛		187.908783	162.697296	0	300640	10000	-1	-1	1	0	-1	-1	-1	-1	-1	-1	70	0	
117	7336783	6968	-1	21	幽嚎之牛		188.12709	161.920227	0	300640	10000	-1	-1	1	0	-1	-1	-1	-1	-1	-1	70	0	
118	7336784	6968	-1	21	幽嚎之牛		189.228714	162.588226	0	300640	10000	-1	-1	1	0	-1	-1	-1	-1	-1	-1	70	0	
119	7336785	6968	-1	21	幽嚎之牛		189.835464	198.66774	0	300640	10000	-1	-1	1	0	-1	-1	-1	-1	-1	-1	70	0	
120	7336786	6968	-1	21	幽嚎之牛		188.49205	197.731766	0	300640	10000	-1	-1	1	0	-1	-1	-1	-1	-1	-1	70	0	
121	7336787	6968	-1	21	幽嚎之牛		188.662842	198.040222	0	300640	10000	-1	-1	1	0	-1	-1	-1	-1	-1	-1	70	0	
122	7336788	6968	-1	21	幽嚎之牛		189.490799	198.269485	0	300640	10000	-1	-1	1	0	-1	-1	-1	-1	-1	-1	70	0	
123	7336789	6968	-1	21	幽嚎之牛		190.103226	198.276932	0	300640	10000	-1	-1	1	0	-1	-1	-1	-1	-1	-1	70	0	
124	7336790	6968	-1	21	幽嚎之牛		189.370255	197.393219	0	300640	10000	-1	-1	1	0	-1	-1	-1	-1	-1	-1	70	0	
125	7336791	6968	-1	21	幽嚎之牛		190.240784	197.753937	0	300640	10000	-1	-1	1	0	-1	-1	-1	-1	-1	-1	70	0	
126	7336792	6968	-1	21	幽嚎之牛		189.25029	199.972839	0	300640	10000	-1	-1	1	0	-1	-1	-1	-1	-1	-1	70	0	
127	7336793	6968	-1	21	幽嚎之牛		189.257568	199.403824	0	300640	10000	-1	-1	1	0	-1	-1	-1	-1	-1	-1	70	0	
128	7336794	6968	-1	21	幽嚎之牛		79.964645	197.015137	0	300640	10000	-1	-1	1	0	-1	-1	-1	-1	-1	-1	70	0	
129	7336795	6968	-1	21	幽嚎之牛		81.145233	197.308365	0	300640	10000	-1	-1	1	0	-1	-1	-1	-1	-1	-1	70	0	
130	7336796	6968	-1	21	幽嚎之牛		82.269768	195.753784	0	300640	10000	-1	-1	1	0	-1	-1	-1	-1	-1	-1	70	0	
131	7336797	6968	-1	21	幽嚎之牛		82.094788	197.026657	0	300640	10000	-1	-1	1	0	-1	-1	-1	-1	-1	-1	70	0	
132	7336798	6968	-1	21	幽嚎之牛		80.777863	195.648605	0	300640	10000	-1	-1	1	0	-1	-1	-1	-1	-1	-1	70	0	
133	7336799	6968	-1	21	幽嚎之牛		80.759262	196.893265	0	300640	10000	-1	-1	1	0	-1	-1	-1	-1	-1	-1	70	0	
134	7336800	6968	-1	21	幽嚎之牛		81.61731	195.342499	0	300640	10000	-1	-1	1	0	-1	-1	-1	-1	-1	-1	70	0	
135	7336801	6968	-1	21	幽嚎之牛		81.502663	196.826447	0	300640	10000	-1	-1	1	0	-1	-1	-1	-1	-1	-1	70	0	
136	7336802	6968	-1	21	幽嚎之牛		80.143394	195.953964	0	300640	10000	-1	-1	1	0	-1	-1	-1	-1	-1	-1	70	0	
137	7336803	6968	-1	21	幽嚎之牛		81.162216	196.145737	0	300640	10000	-1	-1	1	0	-1	-1	-1	-1	-1	-1	70	0	
138	7336804	6968	-1	21	幽嚎之牛		84.416199	173.049576	0	300640	10000	-1	-1	1	0	-1	-1	-1	-1	-1	-1	70	0	
139	7336805	6968	-1	21	幽嚎之牛		84.973976	174.592896	0	300640	10000	-1	-1	1	0	-1	-1	-1	-1	-1	-1	70	0	
140	7336806	6968	-1	21	幽嚎之牛		84.14962	174.518127	0	300640	10000	-1	-1	1	0	-1	-1	-1	-1	-1	-1	70	0	
141	7336807	6968	-1	21	幽嚎之牛		85.173752	174.04126	0	300640	10000	-1	-1	1	0	-1	-1	-1	-1	-1	-1	70	0	
142	7336808	6968	-1	21	幽嚎之牛		84.622704	173.960831	0	300640	10000	-1	-1	1	0	-1	-1	-1	-1	-1	-1	70	0	
143	7336809	6968	-1	21	幽嚎之牛		84.519531	173.505798	0	300640	10000	-1	-1	1	0	-1	-1	-1	-1	-1	-1	70	0	
144	7336810	6968	-1	21	幽嚎之牛		85.917198	174.544357	0	300640	10000	-1	-1	1	0	-1	-1	-1	-1	-1	-1	70	0	
145	7336811	6968	-1	21	幽嚎之牛		85.964981	173.965118	0	300640	10000	-1	-1	1	0	-1	-1	-1	-1	-1	-1	70	0	
146	7336812	6969	-1	21	幽冰之爪		174.893478	57.600121	0	300640	10000	-1	-1	1	0	-1	-1	-1	-1	-1	-1	75	0	
147	7336813	6969	-1	21	幽冰之爪		196.359009	81.15255	0	300640	10000	-1	-1	1	0	-1	-1	-1	-1	-1	-1	75	0	
148	7336814	6969	-1	21	幽冰之爪		174.766235	59.383457	0	300640	10000	-1	-1	1	0	-1	-1	-1	-1	-1	-1	75	0	
149	7336815	6969	-1	21	幽冰之爪		198.016846	80.608665	0	300640	10000	-1	-1	1	0	-1	-1	-1	-1	-1	-1	75	0	
150	7336816	6969	-1	21	幽冰之爪		197.292953	82.517456	0	300640	10000	-1	-1	1	0	-1	-1	-1	-1	-1	-1	75	0	
151	7336817	6969	-1	21	幽冰之爪		199.54657	79.20787	0	300640	10000	-1	-1	1	0	-1	-1	-1	-1	-1	-1	75	0	
152	7336818	6969	-1	21	幽冰之爪		198.61499	82.954147	0	300640	10000	-1	-1	1	0	-1	-1	-1	-1	-1	-1	75	0	
153	7336819	6969	-1	21	幽冰之爪		199.68866	81.787003	0	300640	10000	-1	-1	1	0	-1	-1	-1	-1	-1	-1	75	0	
154	7336820	6969	-1	21	幽冰之爪		200.730133	83.088249	0	300640	10000	-1	-1	1	0	-1	-1	-1	-1	-1	-1	75	0	
155	7336821	6969	-1	21	幽冰之爪		200.639755	80.051842	0	300640	10000	-1	-1	1	0	-1	-1	-1	-1	-1	-1	75	0	
156	7336822	6969	-1	21	幽冰之爪		199.276718	80.646194	0	300640	10000	-1	-1	1	0	-1	-1	-1	-1	-1	-1	75	0	
157	7336823	6969	-1	21	幽冰之爪		198.085281	81.642197	0	300640	10000	-1	-1	1	0	-1	-1	-1	-1	-1	-1	75	0	
158	7336824	6969	-1	21	幽冰之爪		201.116348	81.935387	0	300640	10000	-1	-1	1	0	-1	-1	-1	-1	-1	-1	75	0	
159	7336825	6969	-1	21	幽冰之爪		199.68866	81.787003	0	300640	10000	-1	-1	1	0	-1	-1	-1	-1	-1	-1	75	0	
160	7336826	6969	-1	21	幽冰之爪		152.979843	78.383446	0	300640	10000	-1	-1	1	0	-1	-1	-1	-1	-1	-1	75	0	
161	7336827	6969	-1	21	幽冰之爪		153.829239	77.585167	0	300640	10000	-1	-1	1	0	-1	-1	-1	-1	-1	-1	75	0	
162	7336828	6969	-1	21	幽冰之爪		153.811218	76.525192	0	300640	10000	-1	-1	1	0	-1	-1	-1	-1	-1	-1	75	0	
163	7336829	6969	-1	21	幽冰之爪		152.156097	77.884995	0	300640	10000	-1	-1	1	0	-1	-1	-1	-1	-1	-1	75	0	
164	7336830	6969	-1	21	幽冰之爪		153.113846	78.449883	0	300640	10000	-1	-1	1	0	-1	-1	-1	-1	-1	-1	75	0	
165	7336831	6969	-1	21	幽冰之爪		90.732315	57.816376	0	300640	10000	-1	-1	1	0	-1	-1	-1	-1	-1	-1	75	0	
166	7336832	6969	-1	21	幽冰之爪		93.28582	54.360653	0	300640	10000	-1	-1	1	0	-1	-1	-1	-1	-1	-1	75	0	
167	7336833	6969	-1	21	幽冰之爪		91.728882	58.166256	0	300640	10000	-1	-1	1	0	-1	-1	-1	-1	-1	-1	75	0	
168	7336834	6969	-1	21	幽冰之爪		91.913628	57.180344	0	300640	10000	-1	-1	1	0	-1	-1	-1	-1	-1	-1	75	0	
169	7336835	6969	-1	21	幽冰之爪		91.41127	56.430206	0	300640	10000	-1	-1	1	0	-1	-1	-1	-1	-1	-1	75	0	
170	7336836	6969	-1	21	幽冰之爪		93.542458	56.957695	0	300640	10000	-1	-1	1	0	-1	-1	-1	-1	-1	-1	75	0	
171	7336837	6969	-1	21	幽冰之爪		90.888649	55.423782	0	300640	10000	-1	-1	1	0	-1	-1	-1	-1	-1	-1	75	0	
172	7336838	6969	-1	21	幽冰之爪		92.985176	55.336544	0	300640	10000	-1	-1	1	0	-1	-1	-1	-1	-1	-1	75	0	
173	7336839	6969	-1	21	幽冰之爪		89.689499	56.464005	0	300640	10000	-1	-1	1	0	-1	-1	-1	-1	-1	-1	75	0	
174	7336840	6969	-1	21	幽冰之爪		91.01223	55.959896	0	300640	10000	-1	-1	1	0	-1	-1	-1	-1	-1	-1	75	0	
175	7336841	6969	-1	21	幽冰之爪		91.049423	54.275288	0	300640	10000	-1	-1	1	0	-1	-1	-1	-1	-1	-1	75	0	
176	7336842	6969	-1	21	幽冰之爪		63.56839	59.641396	0	300640	10000	-1	-1	1	0	-1	-1	-1	-1	-1	-1	75	0	
177	7336843	6969	-1	21	幽冰之爪		65.462425	58.798805	0	300640	10000	-1	-1	1	0	-1	-1	-1	-1	-1	-1	75	0	
178	7336844	6969	-1	21	幽冰之爪		63.645985	59.220512	0	300640	10000	-1	-1	1	0	-1	-1	-1	-1	-1	-1	75	0	
179	7336845	6969	-1	21	幽冰之爪		65.680824	59.201855	0	300640	10000	-1	-1	1	0	-1	-1	-1	-1	-1	-1	75	0	
180	7336846	6969	-1	21	幽冰之爪		62.979481	57.476532	0	300640	10000	-1	-1	1	0	-1	-1	-1	-1	-1	-1	75	0	
181	7336847	6969	-1	21	幽冰之爪		61.496395	60.982056	0	300640	10000	-1	-1	1	0	-1	-1	-1	-1	-1	-1	75	0	
182	7336848	6969	-1	21	幽冰之爪		60.526485	80.926292	0	300640	10000	-1	-1	1	0	-1	-1	-1	-1	-1	-1	75	0	
183	7336849	6969	-1	21	幽冰之爪		60.43045	79.860176	0	300640	10000	-1	-1	1	0	-1	-1	-1	-1	-1	-1	75	0	
184	7336850	6969	-1	21	幽冰之爪		58.891151	79.738708	0	300640	10000	-1	-1	1	0	-1	-1	-1	-1	-1	-1	75	0	
185	7336851	6969	-1	21	幽冰之爪		61.445709	80.386261	0	300640	10000	-1	-1	1	0	-1	-1	-1	-1	-1	-1	75	0	
186	7336852	6969	-1	21	幽冰之爪		59.34314	81.533203	0	300640	10000	-1	-1	1	0	-1	-1	-1	-1	-1	-1	75	0	
187	7336853	6969	-1	21	幽冰之爪		61.965866	79.849075	0	300640	10000	-1	-1	1	0	-1	-1	-1	-1	-1	-1	75	0	
188	7336854	6969	-1	21	幽冰之爪		58.912655	80.472649	0	300640	10000	-1	-1	1	0	-1	-1	-1	-1	-1	-1	75	0	
189	7336855	6969	-1	21	幽冰之爪		59.403393	79.000168	0	300640	10000	-1	-1	1	0	-1	-1	-1	-1	-1	-1	75	0	
190	7336856	6969	-1	21	幽冰之爪		60.636738	77.650154	0	300640	10000	-1	-1	1	0	-1	-1	-1	-1	-1	-1	75	0	
191	7336857	6969	-1	21	幽冰之爪		122.373627	77.744064	0	300640	10000	-1	-1	1	0	-1	-1	-1	-1	-1	-1	75	0	
192	7336858	6969	-1	21	幽冰之爪		122.373627	77.744064	0	300640	10000	-1	-1	1	0	-1	-1	-1	-1	-1	-1	75	0	
193	7336859	6969	-1	21	幽冰之爪		122.373627	77.744064	0	300640	10000	-1	-1	1	0	-1	-1	-1	-1	-1	-1	75	0	
194	7336860	6968	-1	21	幽嚎之牛		125.405205	199.368835	0	300640	10000	-1	-1	1	0	-1	-1	-1	-1	-1	-1	70	0	
195	7336861	6968	-1	21	幽嚎之牛		124.577042	200.520874	0	300640	10000	-1	-1	1	0	-1	-1	-1	-1	-1	-1	70	0	
196	7336862	6968	-1	21	幽嚎之牛		125.749222	199.018738	0	300640	10000	-1	-1	1	0	-1	-1	-1	-1	-1	-1	70	0	
197	7336863	6968	-1	21	幽嚎之牛		124.455154	198.783401	0	300640	10000	-1	-1	1	0	-1	-1	-1	-1	-1	-1	70	0	
198	7336864	6968	-1	21	幽嚎之牛		125.081253	199.904572	0	300640	10000	-1	-1	1	0	-1	-1	-1	-1	-1	-1	70	0	
199	7336865	6968	-1	21	幽嚎之牛		125.306252	198.440994	0	300640	10000	-1	-1	1	0	-1	-1	-1	-1	-1	-1	70	0	
200	7336866	6968	-1	21	幽嚎之牛		124.939507	200.357376	0	300640	10000	-1	-1	1	0	-1	-1	-1	-1	-1	-1	70	0	
201	7336867	6968	-1	21	幽嚎之牛		124.939507	200.357376	0	300640	10000	-1	-1	1	0	-1	-1	-1	-1	-1	-1	70	0	
202	7336868	6968	-1	21	幽嚎之牛		124.577042	200.520874	0	300640	10000	-1	-1	1	0	-1	-1	-1	-1	-1	-1	70	0	
203	7336869	6968	-1	21	幽嚎之牛		124.577042	200.520874	0	300640	10000	-1	-1	1	0	-1	-1	-1	-1	-1	-1	70	0	
204	7336870	6968	-1	21	幽嚎之牛		83.684425	139.494217	0	300640	10000	-1	-1	1	0	-1	-1	-1	-1	-1	-1	70	0	
205	7336871	6968	-1	21	幽嚎之牛		85.42469	138.829025	0	300640	10000	-1	-1	1	0	-1	-1	-1	-1	-1	-1	70	0	
206	7336872	6968	-1	21	幽嚎之牛		84.233177	138.493195	0	300640	10000	-1	-1	1	0	-1	-1	-1	-1	-1	-1	70	0	
207	7336873	6968	-1	21	幽嚎之牛		85.577675	140.15802	0	300640	10000	-1	-1	1	0	-1	-1	-1	-1	-1	-1	70	0	
208	7336874	6968	-1	21	幽嚎之牛		84.639633	140.487717	0	300640	10000	-1	-1	1	0	-1	-1	-1	-1	-1	-1	70	0	
209	7336875	6968	-1	21	幽嚎之牛		84.115196	140.121689	0	300640	10000	-1	-1	1	0	-1	-1	-1	-1	-1	-1	70	0	
210	7336876	6968	-1	21	幽嚎之牛		83.913826	139.014938	0	300640	10000	-1	-1	1	0	-1	-1	-1	-1	-1	-1	70	0	
211	7336877	6968	-1	21	幽嚎之牛		85.16571	138.425781	0	300640	10000	-1	-1	1	0	-1	-1	-1	-1	-1	-1	70	0	
212	7336878	6968	-1	21	幽嚎之牛		85.414902	139.358932	0	300640	10000	-1	-1	1	0	-1	-1	-1	-1	-1	-1	70	0	
213	7336879	6968	-1	21	幽嚎之牛		83.53949	140.151443	0	300640	10000	-1	-1	1	0	-1	-1	-1	-1	-1	-1	70	0	
214	7336880	6968	-1	21	幽嚎之牛		85.208099	105.537506	0	300640	10000	-1	-1	1	0	-1	-1	-1	-1	-1	-1	70	0	
215	7336881	6968	-1	21	幽嚎之牛		84.74617	139.519531	0	300640	10000	-1	-1	1	0	-1	-1	-1	-1	-1	-1	70	0	
216	7336882	6968	-1	21	幽嚎之牛		82.539131	105.210526	0	300640	10000	-1	-1	1	0	-1	-1	-1	-1	-1	-1	70	0	
217	7336883	6968	-1	21	幽嚎之牛		84.873756	104.440643	0	300640	10000	-1	-1	1	0	-1	-1	-1	-1	-1	-1	70	0	
218	7336884	6968	-1	21	幽嚎之牛		82.827438	106.348991	0	300640	10000	-1	-1	1	0	-1	-1	-1	-1	-1	-1	70	0	
219	7336885	6968	-1	21	幽嚎之牛		84.557632	106.394318	0	300640	10000	-1	-1	1	0	-1	-1	-1	-1	-1	-1	70	0	
220	7336886	6968	-1	21	幽嚎之牛		84.115379	104.329323	0	300640	10000	-1	-1	1	0	-1	-1	-1	-1	-1	-1	70	0	
221	7336887	6968	-1	21	幽嚎之牛		83.048195	104.182732	0	300640	10000	-1	-1	1	0	-1	-1	-1	-1	-1	-1	70	0	
222	7336888	6968	-1	21	幽嚎之牛		83.857323	106.897331	0	300640	10000	-1	-1	1	0	-1	-1	-1	-1	-1	-1	70	0	
223	7336889	6968	-1	21	幽嚎之牛		84.491669	105.335381	0	300640	10000	-1	-1	1	0	-1	-1	-1	-1	-1	-1	70	0	
224	7336890	6968	-1	21	幽嚎之牛		85.492577	106.415558	0	300640	10000	-1	-1	1	0	-1	-1	-1	-1	-1	-1	70	0	
225	7336891	6968	-1	21	幽嚎之牛		83.518166	105.493416	0	300640	10000	-1	-1	1	0	-1	-1	-1	-1	-1	-1	70	0	
226	7336892	6968	-1	21	幽嚎之牛		83.518166	105.493416	0	300640	10000	-1	-1	1	0	-1	-1	-1	-1	-1	-1	70	0	
227	7336893	6969	-1	21	幽冰之爪		93.225029	81.17675	0	300640	10000	-1	-1	1	0	-1	-1	-1	-1	-1	-1	75	0	
228	7336894	6969	-1	21	幽冰之爪		95.821037	79.43293	0	300640	10000	-1	-1	1	0	-1	-1	-1	-1	-1	-1	75	0	
229	7336895	6969	-1	21	幽冰之爪		94.428406	78.739021	0	300640	10000	-1	-1	1	0	-1	-1	-1	-1	-1	-1	75	0	
230	7336896	6969	-1	21	幽冰之爪		152.162827	75.554031	0	300640	10000	-1	-1	1	0	-1	-1	-1	-1	-1	-1	75	0	
231	7336897	6969	-1	21	幽冰之爪		151.211136	76.448776	0	300640	10000	-1	-1	1	0	-1	-1	-1	-1	-1	-1	75	0	
232	7336898	6969	-1	21	幽冰之爪		151.353043	78.12291	0	300640	10000	-1	-1	1	0	-1	-1	-1	-1	-1	-1	75	0	
233	7336899	6969	-1	21	幽冰之爪		152.300171	77.013885	0	300640	10000	-1	-1	1	0	-1	-1	-1	-1	-1	-1	75	0	
234	7336900	6969	-1	21	幽冰之爪		171.994308	58.611549	0	300640	10000	-1	-1	1	0	-1	-1	-1	-1	-1	-1	75	0	
235	7336901	6969	-1	21	幽冰之爪		173.048706	59.146568	0	300640	10000	-1	-1	1	0	-1	-1	-1	-1	-1	-1	75	0	
236	7336902	6969	-1	21	幽冰之爪		62.947754	60.905258	0	300640	10000	-1	-1	1	0	-1	-1	-1	-1	-1	-1	75	0	
237	7336903	6969	-1	21	幽冰之爪		62.45829	57.748554	0	300640	10000	-1	-1	1	0	-1	-1	-1	-1	-1	-1	75	0	
238	7336904	6968	-1	21	幽嚎之牛		126.342651	200.855301	0	300640	10000	-1	-1	1	0	-1	-1	-1	-1	-1	-1	70	0	
239	7336905	6968	-1	21	幽嚎之牛		126.167244	199.666061	0	300640	10000	-1	-1	1	0	-1	-1	-1	-1	-1	-1	70	0	
240	7336906	6968	-1	21	幽嚎之牛		134.087433	144.167862	0	300640	10000	-1	-1	1	0	-1	-1	-1	-1	-1	-1	70	0	
241	7336907	6968	-1	21	幽嚎之牛		134.087433	144.167862	0	300640	10000	-1	-1	1	0	-1	-1	-1	-1	-1	-1	70	0	
242	7191855	3870	400070	20			190	73	32	0	2000	-1	-1	5	0	0	-1	-1	-1	-1	-1	75	0	
243	7191857	3871	400071	20			97.327019	59.576778	32	0	2000	-1	-1	5	0	1	-1	-1	-1	-1	-1	75	0	
244	7191859	3872	400072	20			76	170	32	0	2000	-1	-1	5	0	2	-1	-1	-1	-1	-1	70	0	
245	7191860	3873	400073	20			133	119	32	0	2000	-1	-1	5	0	3	-1	-1	-1	-1	-1	70	0	
246	7336908	1320	101528	-1	前往撒马尔罕和大都	王国迷宫传送	107	161	27	0	10000	-1	-1	3	0	-1	-1	-1	-1	-1	-1	60	0	
247	7336799	4295	101678	-1	组队指引人		200	183	18	-1	1000	-1	-1	3	0	-1	-1	-1	-1	-1	-1	100	0	
248	7336799	2603	101178	-1	迷宫五层	迷宫传送人	183	210	9	-1	1000	-1	-1	3	0	-1	-1	-1	-1	-1	-1	100	0	
