NUM	NUM	NUM	NUM	NUM	TEXT	TEXT	FLOAT	FLOAT	NUM	NUM	NUM	NUM	NUM	NUM	NUM	NUM	NUM	NUM	NUM	NUM	NUM	NUM	NUM
编号	随机编号	attr编号	逻辑表编号	阵营编号	名称	称号	x轴坐标	z轴坐标	朝向	脚本编号	重生时间	分组编号	队伍编号	基础AI	AI文件	巡逻路径	商店0	商店1	商店2	商店3	名誉ID	等级	镜像组
0	15052370	2602	131050	-1	昆仑猎场	昆仑王国传送人	48.5	216.5	9	-1	1000	-1	-1	3	0	-1	-1	-1	-1	-1	-1	20	0	
1	15052371	11992	131000	-1	雄鹰长老	昆仑先贤	40.599854	211.400665	35	-1	1000	-1	-1	3	0	-1	-1	-1	-1	-1	-1	20	0	
2	15052372	12000	131001	-1	智者哈达		40.720306	203.221695	33	-1	1000	-1	-1	3	0	-1	-1	-1	-1	-1	-1	20	0	
3	15052373	11980	131002	-1	刀之灵		64.14109	163.473801	16	-1	1000	-1	-1	3	0	-1	-1	-1	-1	-1	-1	20	0	
4	15052374	11981	131003	-1	剑之灵		63.689083	159.838058	16	-1	1000	-1	-1	3	0	-1	-1	-1	-1	-1	-1	20	0	
5	15052375	11982	131004	-1	枪之灵		63.621689	156.037262	20	-1	1000	-1	-1	3	0	-1	-1	-1	-1	-1	-1	20	0	
6	15052376	11983	131005	-1	弓之灵		76.78447	156.320587	20	-1	1000	-1	-1	3	0	-1	-1	-1	-1	-1	-1	20	0	
7	15052377	11984	131006	-1	槌之灵		65.228241	149.952698	20	-1	1000	-1	-1	3	0	-1	-1	-1	-1	-1	-1	20	0	
8	15052378	11985	131007	-1	杖之灵		65.608459	166.51619	24	-1	1000	-1	-1	3	0	-1	-1	-1	-1	-1	-1	20	0	
9	15052379	11986	131008	-1	矛之灵		76.057297	163.828445	24	-1	1000	-1	-1	3	0	-1	-1	-1	-1	-1	-1	20	0	
10	15052380	11987	131009	-1	令之灵		74.77916	166.762512	24	-1	1000	-1	-1	3	0	-1	-1	-1	-1	-1	-1	20	0	
11	15052381	11988	131010	-1	弩之灵		76.757423	160.253815	0	-1	1000	-1	-1	3	0	-1	-1	-1	-1	-1	-1	20	0	
12	15052382	11989	131011	-1	铳之灵		76.289185	153.118469	28	-1	1000	-1	-1	3	0	-1	-1	-1	-1	-1	-1	20	0	
13	15052383	11990	131012	-1	幡之灵		75.142258	150.266144	28	-1	1000	-1	-1	3	0	-1	-1	-1	-1	-1	-1	20	0	
14	15052384	11991	131013	-1	圣十字之灵		64.233223	152.79213	32	-1	1000	-1	-1	3	0	-1	-1	-1	-1	-1	-1	20	0	
15	15052385	11994	131014	-1	苍狼长老	昆仑先贤	70.282097	162.929977	27	-1	1000	-1	-1	3	0	-1	-1	-1	-1	-1	-1	20	0	
16	15052386	11995	131015	-1	木图	白鹿长老的随从	102	93	1	-1	1000	-1	-1	3	0	-1	-1	-1	-1	-1	-1	20	0	
17	15052387	11996	131016	-1	白鹿长老	昆仑先贤	148.629837	102.752975	30	-1	1000	-1	-1	3	0	-1	-1	-1	-1	-1	-1	20	0	
18	15052389	11960	131018	-1	铁武	新兵军需官	217	134	12	-1	1000	-1	-1	3	0	-1	-1	-1	-1	-1	-1	20	0	
19	15052391	11960	131026	-1	铁力	新兵教官	219.915924	126.462502	18	-1	1000	-1	-1	3	0	-1	-1	-1	-1	-1	-1	20	0	
20	15052398	11956	131029	-1	陶如格		50.569855	197.129333	7	-1	10000	-1	-1	3	0	-1	-1	-1	-1	-1	-1	20	0	
21	15052406	11957	131030	-1	珠兰其其格	雄鹰长老之女	42.623703	216.399536	5	-1	10000	-1	-1	3	0	-1	-1	-1	-1	-1	-1	20	0	
22	15052416	11960	131025	-1	铁虎	昆仑征兵校尉	215	130	16	-1	10000	-1	-1	3	0	-1	-1	-1	-1	-1	-1	20	0	
23	15052427	11965	131034	-1	航新		51.905426	195.72139	7	-1	10000	-1	-1	3	0	-1	-1	-1	-1	-1	-1	20	0	
24	15052468	11954	131037	20	金虎	昆仑右都尉	220.177582	61.890297	25	-1	1000	-1	-1	3	0	-1	-1	-1	-1	-1	-1	20	0	
25	8699010	11971	-1	21	草原狼		28.439247	99.458717	16	-1	1000	-1	-1	1	-1	-1	-1	-1	-1	-1	-1	6	0	
26	8699013	11971	-1	21	草原狼		102.483978	66.941582	16	-1	1000	-1	-1	1	-1	-1	-1	-1	-1	-1	-1	6	0	
27	8699017	11971	-1	21	草原狼		37.858486	94.892044	18	-1	1000	-1	-1	1	-1	-1	-1	-1	-1	-1	-1	6	0	
28	8699019	11971	-1	21	草原狼		71.005814	109.367653	18	-1	1000	-1	-1	1	-1	-1	-1	-1	-1	-1	-1	6	0	
29	8699028	11971	-1	21	草原狼		93.964478	68.019646	16	-1	1000	-1	-1	1	-1	-1	-1	-1	-1	-1	-1	6	0	
30	8699031	11971	-1	21	草原狼		58.032791	61.236607	16	-1	1000	-1	-1	1	-1	-1	-1	-1	-1	-1	-1	6	0	
31	8699050	11971	-1	21	草原狼		112.460999	58.786869	18	-1	1000	-1	-1	1	-1	-1	-1	-1	-1	-1	-1	6	0	
32	8699052	11971	-1	21	草原狼		68.798058	104.389046	16	-1	1000	-1	-1	1	-1	-1	-1	-1	-1	-1	-1	6	0	
33	8699057	11971	-1	21	草原狼		97.3862	44.515957	18	-1	1000	-1	-1	1	-1	-1	-1	-1	-1	-1	-1	6	0	
34	8699062	11971	-1	21	草原狼		73.402946	104.356499	18	-1	1000	-1	-1	1	-1	-1	-1	-1	-1	-1	-1	6	0	
35	8699064	11971	-1	21	草原狼		96.078018	62.95369	16	-1	1000	-1	-1	1	-1	-1	-1	-1	-1	-1	-1	6	0	
36	8699068	11971	-1	21	草原狼		83.83931	101.788277	18	-1	1000	-1	-1	1	-1	-1	-1	-1	-1	-1	-1	6	0	
37	8699070	11971	-1	21	草原狼		65.471512	77.889542	18	-1	1000	-1	-1	1	-1	-1	-1	-1	-1	-1	-1	6	0	
38	8699075	11971	-1	21	草原狼		59.501793	68.474403	18	-1	1000	-1	-1	1	-1	-1	-1	-1	-1	-1	-1	6	0	
39	8699104	11971	-1	21	草原狼		78.987152	97.833366	18	-1	1000	-1	-1	1	-1	-1	-1	-1	-1	-1	-1	6	0	
40	8699109	11971	-1	21	草原狼		67.53788	64.215828	18	-1	1000	-1	-1	1	-1	-1	-1	-1	-1	-1	-1	6	0	
41	8699111	11971	-1	21	草原狼		96.613846	72.642426	18	-1	1000	-1	-1	1	-1	-1	-1	-1	-1	-1	-1	6	0	
42	8699114	11971	-1	21	草原狼		79.333977	66.543465	16	-1	1000	-1	-1	1	-1	-1	-1	-1	-1	-1	-1	6	0	
43	8699115	11971	-1	21	草原狼		90.033051	72.24556	16	-1	1000	-1	-1	1	-1	-1	-1	-1	-1	-1	-1	6	0	
44	8699116	11971	-1	21	草原狼		100.098221	39.661697	18	-1	1000	-1	-1	1	-1	-1	-1	-1	-1	-1	-1	6	0	
45	8699144	11971	-1	21	草原狼		74.692673	75.692253	16	-1	1000	-1	-1	1	-1	-1	-1	-1	-1	-1	-1	6	0	
46	8699146	11971	-1	21	草原狼		64.109734	87.298973	16	-1	1000	-1	-1	1	-1	-1	-1	-1	-1	-1	-1	6	0	
47	8699151	11971	-1	21	草原狼		85.188141	59.557045	16	-1	1000	-1	-1	1	-1	-1	-1	-1	-1	-1	-1	6	0	
48	8699155	11971	-1	21	草原狼		68.414207	97.808617	16	-1	1000	-1	-1	1	-1	-1	-1	-1	-1	-1	-1	6	0	
49	8699174	11971	-1	21	草原狼		71.209793	93.693588	18	-1	1000	-1	-1	1	-1	-1	-1	-1	-1	-1	-1	6	0	
50	8699187	11971	-1	21	草原狼		81.598434	83.898254	18	-1	1000	-1	-1	1	-1	-1	-1	-1	-1	-1	-1	6	0	
51	8699194	11971	-1	21	草原狼		88.724159	78.243347	18	-1	1000	-1	-1	1	-1	-1	-1	-1	-1	-1	-1	6	0	
52	8699198	11971	-1	21	草原狼		91.208549	43.126553	18	-1	1000	-1	-1	1	-1	-1	-1	-1	-1	-1	-1	6	0	
53	8699201	11971	-1	21	草原狼		74.277191	99.987488	18	-1	1000	-1	-1	1	-1	-1	-1	-1	-1	-1	-1	6	0	
54	8699203	11971	-1	21	草原狼		84.920425	72.377289	18	-1	1000	-1	-1	1	-1	-1	-1	-1	-1	-1	-1	6	0	
55	8699205	11971	-1	21	草原狼		101.133759	49.696518	18	-1	1000	-1	-1	1	-1	-1	-1	-1	-1	-1	-1	6	0	
56	8699215	11971	-1	21	草原狼		101.863647	55.829193	18	-1	1000	-1	-1	1	-1	-1	-1	-1	-1	-1	-1	6	0	
57	15052545	11971	-1	21	草原狼		81.397858	44.678963	0	0	1000	-1	-1	1	-1	-1	-1	-1	-1	-1	-1	6	0	
58	15052546	11971	-1	21	草原狼		55.813122	75.478828	0	0	1000	-1	-1	1	-1	-1	-1	-1	-1	-1	-1	6	0	
59	15052548	11971	-1	21	草原狼		84.831703	38.390488	0	0	1000	-1	-1	1	-1	-1	-1	-1	-1	-1	-1	6	0	
60	15052549	11971	-1	21	草原狼		70.877327	28.829727	0	0	1000	-1	-1	1	-1	-1	-1	-1	-1	-1	-1	6	0	
61	15052550	11971	-1	21	草原狼		97.064117	33.567902	0	0	1000	-1	-1	1	-1	-1	-1	-1	-1	-1	-1	6	0	
62	15052551	11971	-1	21	草原狼		55.049362	51.307339	0	0	1000	-1	-1	1	-1	-1	-1	-1	-1	-1	-1	6	0	
63	15052552	11971	-1	21	草原狼		73.055351	40.735031	0	0	1000	-1	-1	1	-1	-1	-1	-1	-1	-1	-1	6	0	
64	15052553	11971	-1	21	草原狼		73.680099	87.971176	0	0	1000	-1	-1	1	-1	-1	-1	-1	-1	-1	-1	6	0	
65	15052554	11971	-1	21	草原狼		92.713226	54.379105	0	0	1000	-1	-1	1	-1	-1	-1	-1	-1	-1	-1	6	0	
66	15052555	11971	-1	21	草原狼		58.09967	36.285339	0	0	1000	-1	-1	1	-1	-1	-1	-1	-1	-1	-1	6	0	
67	15052556	11971	-1	21	草原狼		62.779984	30.76251	0	0	1000	-1	-1	1	-1	-1	-1	-1	-1	-1	-1	6	0	
68	15052557	11971	-1	21	草原狼		67.576149	34.182961	0	0	1000	-1	-1	1	-1	-1	-1	-1	-1	-1	-1	6	0	
69	15052558	11971	-1	21	草原狼		63.24173	42.23951	0	0	1000	-1	-1	1	-1	-1	-1	-1	-1	-1	-1	6	0	
70	15052559	11971	-1	21	草原狼		62.162636	49.180779	0	0	1000	-1	-1	1	-1	-1	-1	-1	-1	-1	-1	6	0	
71	15052560	11971	-1	21	草原狼		66.404892	56.301445	0	0	1000	-1	-1	1	-1	-1	-1	-1	-1	-1	-1	6	0	
72	15052561	11971	-1	21	草原狼		72.262741	47.542049	0	0	1000	-1	-1	1	-1	-1	-1	-1	-1	-1	-1	6	0	
73	15052562	11971	-1	21	草原狼		48.211514	39.38752	0	0	1000	-1	-1	1	-1	-1	-1	-1	-1	-1	-1	6	0	
74	15052563	11971	-1	21	草原狼		50.305653	32.162098	0	0	1000	-1	-1	1	-1	-1	-1	-1	-1	-1	-1	6	0	
75	15052564	11971	-1	21	草原狼		53.611183	43.418201	0	0	1000	-1	-1	1	-1	-1	-1	-1	-1	-1	-1	6	0	
76	15052565	11971	-1	21	草原狼		64.253044	99.624474	0	0	1000	-1	-1	1	-1	-1	-1	-1	-1	-1	-1	6	0	
77	15052566	11971	-1	21	草原狼		60.138512	93.274429	0	0	1000	-1	-1	1	-1	-1	-1	-1	-1	-1	-1	6	0	
78	15052567	11971	-1	21	草原狼		77.496208	55.752075	0	0	1000	-1	-1	1	-1	-1	-1	-1	-1	-1	-1	6	0	
79	15052568	11971	-1	21	草原狼		45.829346	48.369987	0	0	1000	-1	-1	1	-1	-1	-1	-1	-1	-1	-1	6	0	
80	15052569	11971	-1	21	草原狼		40.425507	43.956532	0	0	1000	-1	-1	1	-1	-1	-1	-1	-1	-1	-1	6	0	
81	15052570	11971	-1	21	草原狼		42.169296	31.095869	0	0	1000	-1	-1	1	-1	-1	-1	-1	-1	-1	-1	6	0	
82	15052571	11971	-1	21	草原狼		37.693661	56.400745	0	0	1000	-1	-1	1	-1	-1	-1	-1	-1	-1	-1	6	0	
83	15052572	11971	-1	21	草原狼		37.312607	47.780556	0	0	1000	-1	-1	1	-1	-1	-1	-1	-1	-1	-1	6	0	
84	15052573	11971	-1	21	草原狼		45.643192	55.906822	0	0	1000	-1	-1	1	-1	-1	-1	-1	-1	-1	-1	6	0	
85	15052574	11971	-1	21	草原狼		42.270927	66.693939	0	0	1000	-1	-1	1	-1	-1	-1	-1	-1	-1	-1	6	0	
86	15052575	11971	-1	21	草原狼		35.043526	39.217762	0	0	1000	-1	-1	1	-1	-1	-1	-1	-1	-1	-1	6	0	
87	15052576	11971	-1	21	草原狼		28.373867	59.391579	0	0	1000	-1	-1	1	-1	-1	-1	-1	-1	-1	-1	6	0	
88	15052577	11971	-1	21	草原狼		41.659405	72.602951	0	0	1000	-1	-1	1	-1	-1	-1	-1	-1	-1	-1	6	0	
89	15052578	11971	-1	21	草原狼		29.710205	69.215378	0	0	1000	-1	-1	1	-1	-1	-1	-1	-1	-1	-1	6	0	
90	15052579	11971	-1	21	草原狼		36.069324	64.317535	0	0	1000	-1	-1	1	-1	-1	-1	-1	-1	-1	-1	6	0	
91	15052580	11971	-1	21	草原狼		43.539188	78.238617	0	0	1000	-1	-1	1	-1	-1	-1	-1	-1	-1	-1	6	0	
92	15052581	11971	-1	21	草原狼		37.764637	84.873283	0	0	1000	-1	-1	1	-1	-1	-1	-1	-1	-1	-1	6	0	
93	15052582	11971	-1	21	草原狼		33.10083	79.997696	0	0	1000	-1	-1	1	-1	-1	-1	-1	-1	-1	-1	6	0	
94	15052583	11971	-1	21	草原狼		47.852055	83.795128	0	0	1000	-1	-1	1	-1	-1	-1	-1	-1	-1	-1	6	0	
95	15052585	11971	-1	21	草原狼		28.803154	51.210217	0	0	1000	-1	-1	1	-1	-1	-1	-1	-1	-1	-1	6	0	
96	15052586	11971	-1	21	草原狼		34.719337	74.203102	0	0	1000	-1	-1	1	-1	-1	-1	-1	-1	-1	-1	6	0	
97	15052587	11971	-1	21	草原狼		48.371071	79.352318	0	0	1000	-1	-1	1	-1	-1	-1	-1	-1	-1	-1	6	0	
98	15052588	11971	-1	21	草原狼		37.153	107.380783	0	0	1000	-1	-1	1	0	-1	-1	-1	-1	-1	-1	6	0	
99	15052589	11971	-1	21	草原狼		33.116924	101.599014	0	0	1000	-1	-1	1	0	-1	-1	-1	-1	-1	-1	6	0	
100	15052590	11971	-1	21	草原狼		29.262461	94.099815	0	0	1000	-1	-1	1	0	-1	-1	-1	-1	-1	-1	6	0	
101	15052591	11971	-1	21	草原狼		55.962669	85.279091	0	0	1000	-1	-1	1	0	-1	-1	-1	-1	-1	-1	6	0	
102	15052592	11971	-1	21	草原狼		55.321068	100.478333	0	0	1000	-1	-1	1	0	-1	-1	-1	-1	-1	-1	6	0	
103	15052593	11971	-1	21	草原狼		57.378296	121.866409	0	0	1000	-1	-1	1	0	-1	-1	-1	-1	-1	-1	6	0	
104	15052594	11971	-1	21	草原狼		73.973854	116.168144	0	0	1000	-1	-1	1	0	-1	-1	-1	-1	-1	-1	6	0	
105	15052597	11971	-1	21	草原狼		68.646431	113.837761	0	0	1000	-1	-1	1	0	-1	-1	-1	-1	-1	-1	6	0	
106	15052598	11971	-1	21	草原狼		76.643051	109.667839	0	0	1000	-1	-1	1	0	-1	-1	-1	-1	-1	-1	6	0	
107	15052599	11971	-1	21	草原狼		82.618713	94.862152	0	0	1000	-1	-1	1	0	-1	-1	-1	-1	-1	-1	6	0	
108	15052600	11971	-1	21	草原狼		88.572014	83.420959	0	0	1000	-1	-1	1	0	-1	-1	-1	-1	-1	-1	6	0	
109	15052602	11971	-1	21	草原狼		79.539299	90.467072	0	0	1000	-1	-1	1	0	-1	-1	-1	-1	-1	-1	6	0	
110	15052603	11971	-1	21	草原狼		60.479877	81.967438	0	0	1000	-1	-1	1	0	-1	-1	-1	-1	-1	-1	6	0	
111	15052604	11971	-1	21	草原狼		53.901119	89.397392	0	0	1000	-1	-1	1	0	-1	-1	-1	-1	-1	-1	6	0	
112	15052605	11971	-1	21	草原狼		74.466095	81.836418	0	0	1000	-1	-1	1	0	-1	-1	-1	-1	-1	-1	6	0	
113	15052606	11971	-1	21	草原狼		67.542847	71.587097	0	0	1000	-1	-1	1	0	-1	-1	-1	-1	-1	-1	6	0	
114	15052607	11971	-1	21	草原狼		75.40992	61.769276	0	0	1000	-1	-1	1	0	-1	-1	-1	-1	-1	-1	6	0	
115	15052608	11971	-1	21	草原狼		75.076759	71.165161	0	0	1000	-1	-1	1	0	-1	-1	-1	-1	-1	-1	6	0	
116	15052609	11971	-1	21	草原狼		81.901756	77.467117	0	0	1000	-1	-1	1	0	-1	-1	-1	-1	-1	-1	6	0	
117	15052610	11971	-1	21	草原狼		89.250877	66.587669	0	0	1000	-1	-1	1	0	-1	-1	-1	-1	-1	-1	6	0	
118	15052611	11971	-1	21	草原狼		106.971596	62.949654	0	0	1000	-1	-1	1	0	-1	-1	-1	-1	-1	-1	6	0	
119	15052613	11971	-1	21	草原狼		52.852089	66.404007	0	0	1000	-1	-1	1	0	-1	-1	-1	-1	-1	-1	6	0	
120	15052614	11971	-1	21	草原狼		63.396461	37.679794	0	0	1000	-1	-1	1	0	-1	-1	-1	-1	-1	-1	6	0	
121	15052615	11971	-1	21	草原狼		40.561836	36.799385	0	0	1000	-1	-1	1	0	-1	-1	-1	-1	-1	-1	6	0	
122	15052616	11971	-1	21	草原狼		84.847023	50.58139	0	0	1000	-1	-1	1	0	-1	-1	-1	-1	-1	-1	6	0	
123	15052617	11971	-1	21	草原狼		83.494484	63.617695	0	0	1000	-1	-1	1	0	-1	-1	-1	-1	-1	-1	6	0	
124	15052618	11971	-1	21	草原狼		58.043003	55.129349	0	0	1000	-1	-1	1	0	-1	-1	-1	-1	-1	-1	6	0	
125	15052619	11971	-1	21	草原狼		94.260681	49.466393	0	0	1000	-1	-1	1	0	-1	-1	-1	-1	-1	-1	6	0	
126	15052622	11971	-1	21	草原狼		80.671402	104.486435	0	0	1000	-1	-1	1	0	-1	-1	-1	-1	-1	-1	6	0	
127	15052623	11971	-1	21	草原狼		69.707184	119.806885	0	0	1000	-1	-1	1	0	-1	-1	-1	-1	-1	-1	6	0	
128	15052624	11971	-1	21	草原狼		60.654125	117.69619	0	0	1000	-1	-1	1	0	-1	-1	-1	-1	-1	-1	6	0	
129	15052625	11971	-1	21	草原狼		64.541534	123.81218	0	0	1000	-1	-1	1	0	-1	-1	-1	-1	-1	-1	6	0	
130	15052626	11971	-1	21	草原狼		109.660706	54.193707	0	0	1000	-1	-1	1	0	-1	-1	-1	-1	-1	-1	6	0	
131	15052627	11971	-1	21	草原狼		114.125458	63.426395	0	0	1000	-1	-1	1	0	-1	-1	-1	-1	-1	-1	6	0	
132	8711465	11971	-1	21	草原狼		48.990047	109.821426	36	-1	1000	-1	-1	1	-1	-1	-1	-1	-1	-1	-1	6	0	
133	8711466	11971	-1	21	草原狼		32.806679	89.639351	36	-1	1000	-1	-1	1	-1	-1	-1	-1	-1	-1	-1	6	0	
134	8711467	11971	-1	21	草原狼		49.105869	98.175247	36	-1	1000	-1	-1	1	-1	-1	-1	-1	-1	-1	-1	6	0	
135	8711468	11971	-1	21	草原狼		48.703968	90.484451	36	-1	1000	-1	-1	1	0	-1	-1	-1	-1	-1	-1	6	0	
136	8711469	11971	-1	21	草原狼		43.46207	90.351524	36	-1	1000	-1	-1	1	-1	-1	-1	-1	-1	-1	-1	6	0	
137	8711470	11971	-1	21	草原狼		41.01413	102.81617	36	-1	1000	-1	-1	1	-1	-1	-1	-1	-1	-1	-1	6	0	
138	8711471	11971	-1	21	草原狼		32.495644	109.209229	36	-1	1000	-1	-1	1	-1	-1	-1	-1	-1	-1	-1	6	0	
139	8711472	11971	-1	21	草原狼		40.708672	114.709007	36	-1	1000	-1	-1	1	-1	-1	-1	-1	-1	-1	-1	6	0	
140	8706699	11970	-1	21	草原棕熊		233.562134	231.5728	0	-1	1000	-1	-1	1	-1	-1	-1	-1	-1	-1	-1	9	0	
141	8706711	11970	-1	21	草原棕熊		200.831726	178.895752	7	-1	1000	-1	-1	1	-1	-1	-1	-1	-1	-1	-1	9	0	
142	8706714	11970	-1	21	草原棕熊		91.964211	223.187805	27	-1	1000	-1	-1	1	-1	-1	-1	-1	-1	-1	-1	9	0	
143	8706718	11970	-1	21	草原棕熊		181.785233	183.194275	12	-1	1000	-1	-1	1	-1	-1	-1	-1	-1	-1	-1	9	0	
144	8706720	11970	-1	21	草原棕熊		233.047211	214.598984	22	-1	1000	-1	-1	1	-1	-1	-1	-1	-1	-1	-1	9	0	
145	8706721	11970	-1	21	草原棕熊		216.650772	229.502808	12	-1	1000	-1	-1	1	-1	-1	-1	-1	-1	-1	-1	9	0	
146	8706722	11970	-1	21	草原棕熊		216.512619	193.385681	22	-1	1000	-1	-1	1	-1	-1	-1	-1	-1	-1	-1	9	0	
147	8706724	11970	-1	21	草原棕熊		206.294724	210.455795	14	-1	1000	-1	-1	1	-1	-1	-1	-1	-1	-1	-1	9	0	
148	8707399	11970	-1	21	草原棕熊		220.693176	172.766449	14	-1	1000	-1	-1	1	-1	-1	-1	-1	-1	-1	-1	9	0	
149	8707401	11970	-1	21	草原棕熊		194.832672	183.500183	14	-1	1000	-1	-1	1	-1	-1	-1	-1	-1	-1	-1	9	0	
150	8707402	11970	-1	21	草原棕熊		227.211868	181.296219	14	-1	1000	-1	-1	1	-1	-1	-1	-1	-1	-1	-1	9	0	
151	8707437	11970	-1	21	草原棕熊		216.055405	216.610611	14	-1	1000	-1	-1	1	-1	-1	-1	-1	-1	-1	-1	9	0	
152	8707438	11970	-1	21	草原棕熊		199.976395	192.124847	14	-1	1000	-1	-1	1	-1	-1	-1	-1	-1	-1	-1	9	0	
153	8706699	11970	-1	21	草原棕熊		225.518555	210.928207	0	-1	1000	-1	-1	1	-1	-1	-1	-1	-1	-1	-1	9	0	
154	8706711	11970	-1	21	草原棕熊		231.498581	222.03035	7	-1	1000	-1	-1	1	-1	-1	-1	-1	-1	-1	-1	9	0	
155	8706714	11970	-1	21	草原棕熊		215.692261	204.301666	27	-1	1000	-1	-1	1	-1	-1	-1	-1	-1	-1	-1	9	0	
156	8706716	11970	-1	21	草原棕熊		223.867142	199.341248	12	-1	1000	-1	-1	1	-1	-1	-1	-1	-1	-1	-1	9	0	
157	8706717	11970	-1	21	草原棕熊		206.810745	185.821304	24	-1	1000	-1	-1	1	-1	-1	-1	-1	-1	-1	-1	9	0	
158	8706718	11970	-1	21	草原棕熊		186.589874	211.765961	12	-1	1000	-1	-1	1	-1	-1	-1	-1	-1	-1	-1	9	0	
159	8706720	11970	-1	21	草原棕熊		203.044846	172.792389	22	-1	1000	-1	-1	1	-1	-1	-1	-1	-1	-1	-1	9	0	
160	8706721	11970	-1	21	草原棕熊		176.484726	214.377609	12	-1	1000	-1	-1	1	-1	-1	-1	-1	-1	-1	-1	9	0	
161	8706722	11970	-1	21	草原棕熊		224.635834	220.841858	22	-1	1000	-1	-1	1	-1	-1	-1	-1	-1	-1	-1	9	0	
162	8706724	11970	-1	21	草原棕熊		196.114532	213.370056	14	-1	1000	-1	-1	1	-1	-1	-1	-1	-1	-1	-1	9	0	
163	8706728	11970	-1	21	草原棕熊		91.842682	229.8815	14	-1	1000	-1	-1	1	-1	-1	-1	-1	-1	-1	-1	9	0	
164	8707398	11970	-1	21	草原棕熊		189.664841	194.522552	14	-1	1000	-1	-1	1	-1	-1	-1	-1	-1	-1	-1	9	0	
165	8707401	11970	-1	21	草原棕熊		225.369431	231.157562	14	-1	1000	-1	-1	1	-1	-1	-1	-1	-1	-1	-1	9	0	
166	8707402	11970	-1	21	草原棕熊		232.57312	196.152374	14	-1	1000	-1	-1	1	-1	-1	-1	-1	-1	-1	-1	9	0	
167	8707435	11970	-1	21	草原棕熊		207.240112	168.033432	14	-1	1000	-1	-1	1	-1	-1	-1	-1	-1	-1	-1	9	0	
168	8707437	11970	-1	21	草原棕熊		198.224991	166.540466	14	-1	1000	-1	-1	1	-1	-1	-1	-1	-1	-1	-1	9	0	
169	8707438	11970	-1	21	草原棕熊		215.826614	181.666794	14	-1	1000	-1	-1	1	-1	-1	-1	-1	-1	-1	-1	9	0	
170	8707439	11970	-1	21	草原棕熊		204.63208	196.80072	14	-1	1000	-1	-1	1	-1	-1	-1	-1	-1	-1	-1	9	0	
171	8707440	11970	-1	21	草原棕熊		177.601227	221.821594	14	-1	1000	-1	-1	1	-1	-1	-1	-1	-1	-1	-1	9	0	
172	8707442	11970	-1	21	草原棕熊		209.64444	201.50592	34	-1	1000	-1	-1	1	-1	-1	-1	-1	-1	-1	-1	9	0	
173	8707446	11970	-1	21	草原棕熊		207.625015	156.862762	18	-1	1000	-1	-1	1	-1	-1	-1	-1	-1	-1	-1	9	0	
174	8707609	11970	-1	21	草原棕熊		197.288559	204.346191	18	-1	1000	-1	-1	1	-1	-1	-1	-1	-1	-1	-1	9	0	
175	8707610	11970	-1	21	草原棕熊		178.477905	205.301224	18	-1	1000	-1	-1	1	-1	-1	-1	-1	-1	-1	-1	9	0	
176	8707611	11970	-1	21	草原棕熊		189.242386	174.647095	18	-1	1000	-1	-1	1	-1	-1	-1	-1	-1	-1	-1	9	0	
177	8707612	11970	-1	21	草原棕熊		178.992935	173.502029	12	-1	1000	-1	-1	1	-1	-1	-1	-1	-1	-1	-1	9	0	
178	8707614	11970	-1	21	草原棕熊		215.071259	163.940796	14	-1	1000	-1	-1	1	-1	-1	-1	-1	-1	-1	-1	9	0	
179	8707616	11970	-1	21	草原棕熊		231.79985	205.579437	14	-1	1000	-1	-1	1	-1	-1	-1	-1	-1	-1	-1	9	0	
180	8707619	11970	-1	21	草原棕熊		207.123581	222.609497	12	-1	1000	-1	-1	1	-1	-1	-1	-1	-1	-1	-1	9	0	
181	8707621	11970	-1	21	草原棕熊		225.231354	189.614746	14	-1	1000	-1	-1	1	-1	-1	-1	-1	-1	-1	-1	9	0	
182	15052651	11970	-1	21	草原棕熊		227.669022	225.745331	0	0	1000	-1	-1	1	0	-1	-1	-1	-1	-1	-1	9	0	
183	15052652	11970	-1	21	草原棕熊		218.067963	225.044388	0	0	1000	-1	-1	1	0	-1	-1	-1	-1	-1	-1	9	0	
184	15052653	11970	-1	21	草原棕熊		226.34729	215.389175	0	0	1000	-1	-1	1	0	-1	-1	-1	-1	-1	-1	9	0	
185	15052654	11970	-1	21	草原棕熊		218.644287	212.027054	0	0	1000	-1	-1	1	0	-1	-1	-1	-1	-1	-1	9	0	
186	15052655	11970	-1	21	草原棕熊		208.221329	216.873703	0	0	1000	-1	-1	1	0	-1	-1	-1	-1	-1	-1	9	0	
187	15052656	11970	-1	21	草原棕熊		215.868668	198.435425	0	0	1000	-1	-1	1	0	-1	-1	-1	-1	-1	-1	9	0	
188	15052657	11970	-1	21	草原棕熊		225.923111	193.845718	0	0	1000	-1	-1	1	0	-1	-1	-1	-1	-1	-1	9	0	
189	15052658	11970	-1	21	草原棕熊		215.711182	186.395309	0	0	1000	-1	-1	1	0	-1	-1	-1	-1	-1	-1	9	0	
190	15052659	11970	-1	21	草原棕熊		208.585831	191.7901	0	0	1000	-1	-1	1	0	-1	-1	-1	-1	-1	-1	9	0	
191	15052660	11970	-1	21	草原棕熊		202.622375	202.256027	0	0	1000	-1	-1	1	0	-1	-1	-1	-1	-1	-1	9	0	
192	15052661	11970	-1	21	草原棕熊		198.918442	197.636536	0	0	1000	-1	-1	1	0	-1	-1	-1	-1	-1	-1	9	0	
193	15052662	11970	-1	21	草原棕熊		213.999466	173.795242	0	0	1000	-1	-1	1	0	-1	-1	-1	-1	-1	-1	9	0	
194	15052663	11970	-1	21	草原棕熊		209.094208	179.003967	0	0	1000	-1	-1	1	0	-1	-1	-1	-1	-1	-1	9	0	
195	15052664	11970	-1	21	草原棕熊		202.021103	184.460526	0	0	1000	-1	-1	1	0	-1	-1	-1	-1	-1	-1	9	0	
196	15052665	11970	-1	21	草原棕熊		204.983887	162.829514	0	0	1000	-1	-1	1	0	-1	-1	-1	-1	-1	-1	9	0	
197	15052666	11970	-1	21	草原棕熊		197.054398	173.32901	0	0	1000	-1	-1	1	0	-1	-1	-1	-1	-1	-1	9	0	
198	15052667	11970	-1	21	草原棕熊		188.854065	185.243774	0	0	1000	-1	-1	1	0	-1	-1	-1	-1	-1	-1	9	0	
199	15052668	11970	-1	21	草原棕熊		170.114502	218.44812	0	0	1000	-1	-1	1	0	-1	-1	-1	-1	-1	-1	9	0	
200	15052669	11970	-1	21	草原棕熊		168.476746	207.461487	0	0	1000	-1	-1	1	0	-1	-1	-1	-1	-1	-1	9	0	
201	15052670	11970	-1	21	草原棕熊		161.986725	211.2379	0	0	1000	-1	-1	1	0	-1	-1	-1	-1	-1	-1	9	0	
202	15052671	11970	-1	21	草原棕熊		159.504898	221.550385	0	0	1000	-1	-1	1	0	-1	-1	-1	-1	-1	-1	9	0	
203	15052672	11970	-1	21	草原棕熊		154.33609	216.604279	0	0	1000	-1	-1	1	0	-1	-1	-1	-1	-1	-1	9	0	
204	15052673	11970	-1	21	草原棕熊		154.283218	207.394318	0	0	1000	-1	-1	1	0	-1	-1	-1	-1	-1	-1	9	0	
205	15052674	11970	-1	21	草原棕熊		149.22493	198.907562	0	0	1000	-1	-1	1	0	-1	-1	-1	-1	-1	-1	9	0	
206	15052675	11970	-1	21	草原棕熊		152.346298	194.229492	0	0	1000	-1	-1	1	0	-1	-1	-1	-1	-1	-1	9	0	
207	15052676	11970	-1	21	草原棕熊		147.694748	207.152756	0	0	1000	-1	-1	1	0	-1	-1	-1	-1	-1	-1	9	0	
208	15052677	11970	-1	21	草原棕熊		147.192551	189.078384	0	0	1000	-1	-1	1	0	-1	-1	-1	-1	-1	-1	9	0	
209	15052678	11970	-1	21	草原棕熊		152.201767	184.624298	0	0	1000	-1	-1	1	0	-1	-1	-1	-1	-1	-1	9	0	
210	15052679	11970	-1	21	草原棕熊		156.414429	179.389328	0	0	1000	-1	-1	1	0	-1	-1	-1	-1	-1	-1	9	0	
211	15052680	11970	-1	21	草原棕熊		162.864426	181.898926	0	0	1000	-1	-1	1	0	-1	-1	-1	-1	-1	-1	9	0	
212	15052681	11970	-1	21	草原棕熊		160.249237	175.095444	0	0	1000	-1	-1	1	0	-1	-1	-1	-1	-1	-1	9	0	
213	15052682	11970	-1	21	草原棕熊		166.911774	177.281342	0	0	1000	-1	-1	1	0	-1	-1	-1	-1	-1	-1	9	0	
214	15052683	11970	-1	21	草原棕熊		174.755295	177.707169	0	0	1000	-1	-1	1	0	-1	-1	-1	-1	-1	-1	9	0	
215	15052684	11970	-1	21	草原棕熊		165.097488	171.843811	0	0	1000	-1	-1	1	0	-1	-1	-1	-1	-1	-1	9	0	
216	15052685	11970	-1	21	草原棕熊		172.073334	171.071259	0	0	1000	-1	-1	1	0	-1	-1	-1	-1	-1	-1	9	0	
217	15052686	11970	-1	21	草原棕熊		164.384933	164.78978	0	0	1000	-1	-1	1	0	-1	-1	-1	-1	-1	-1	9	0	
218	15052687	11970	-1	21	草原棕熊		171.244949	164.078888	0	0	1000	-1	-1	1	0	-1	-1	-1	-1	-1	-1	9	0	
219	15052688	11970	-1	21	草原棕熊		143.569382	193.775604	0	0	1000	-1	-1	1	0	-1	-1	-1	-1	-1	-1	9	0	
220	15052689	11970	-1	21	草原棕熊		136.124084	198.286896	0	0	1000	-1	-1	1	0	-1	-1	-1	-1	-1	-1	9	0	
221	15052690	11970	-1	21	草原棕熊		138.365585	187.557556	0	0	1000	-1	-1	1	0	-1	-1	-1	-1	-1	-1	9	0	
222	15052691	11970	-1	21	草原棕熊		132.380264	192.652252	0	0	1000	-1	-1	1	0	-1	-1	-1	-1	-1	-1	9	0	
223	15052692	11970	-1	21	草原棕熊		134.444611	206.330231	0	0	1000	-1	-1	1	0	-1	-1	-1	-1	-1	-1	9	0	
224	15052693	11970	-1	21	草原棕熊		130.524948	202.625488	0	0	1000	-1	-1	1	0	-1	-1	-1	-1	-1	-1	9	0	
225	15052694	11970	-1	21	草原棕熊		222.085083	205.691833	0	0	1000	-1	-1	1	0	-1	-1	-1	-1	-1	-1	9	0	
226	15052695	11970	-1	21	草原棕熊		229.690765	199.549133	0	0	1000	-1	-1	1	0	-1	-1	-1	-1	-1	-1	9	0	
227	15052696	11970	-1	21	草原棕熊		190.21991	200.475769	0	0	1000	-1	-1	1	0	-1	-1	-1	-1	-1	-1	9	0	
228	15052697	11970	-1	21	草原棕熊		183.681564	190.174988	0	0	1000	-1	-1	1	0	-1	-1	-1	-1	-1	-1	9	0	
229	15052698	11970	-1	21	草原棕熊		194.316788	189.391815	0	0	1000	-1	-1	1	0	-1	-1	-1	-1	-1	-1	9	0	
230	15052699	11970	-1	21	草原棕熊		129.700821	208.331909	0	0	1000	-1	-1	1	0	-1	-1	-1	-1	-1	-1	9	0	
231	15052700	11970	-1	21	草原棕熊		130.539505	215.042786	0	0	1000	-1	-1	1	0	-1	-1	-1	-1	-1	-1	9	0	
232	15052701	11970	-1	21	草原棕熊		123.990974	207.543549	0	0	1000	-1	-1	1	0	-1	-1	-1	-1	-1	-1	9	0	
233	15052702	11970	-1	21	草原棕熊		125.095306	214.662872	0	0	1000	-1	-1	1	0	-1	-1	-1	-1	-1	-1	9	0	
234	15052703	11970	-1	21	草原棕熊		125.038887	222.009079	0	0	1000	-1	-1	1	0	-1	-1	-1	-1	-1	-1	9	0	
235	15052704	11970	-1	21	草原棕熊		119.570961	227.704178	0	0	1000	-1	-1	1	0	-1	-1	-1	-1	-1	-1	9	0	
236	15052705	11970	-1	21	草原棕熊		118.447975	223.313629	0	0	1000	-1	-1	1	0	-1	-1	-1	-1	-1	-1	9	0	
237	15052706	11970	-1	21	草原棕熊		114.319298	218.145477	0	0	1000	-1	-1	1	0	-1	-1	-1	-1	-1	-1	9	0	
238	15052707	11970	-1	21	草原棕熊		121.571655	218.408157	0	0	1000	-1	-1	1	0	-1	-1	-1	-1	-1	-1	9	0	
239	15052708	11970	-1	21	草原棕熊		119.023499	214.611298	0	0	1000	-1	-1	1	0	-1	-1	-1	-1	-1	-1	9	0	
240	15052709	11970	-1	21	草原棕熊		118.046257	210.01355	0	0	1000	-1	-1	1	0	-1	-1	-1	-1	-1	-1	9	0	
241	15052539	11950	131051	20	昆仑新兵		209.412903	131.950409	34	0	10000	-1	-1	3	0	-1	-1	-1	-1	-1	-1	60	0	
242	15052540	11950	131052	20	昆仑新兵		212.232101	125.688072	34	0	10000	-1	-1	3	0	-1	-1	-1	-1	-1	-1	60	0	
243	15052536	11950	131053	20	昆仑新兵		210.852722	128.860825	34	0	10000	-1	-1	3	0	-1	-1	-1	-1	-1	-1	60	0	
244	15052537	11950	131054	20	昆仑新兵		209.600403	124.729485	34	0	10000	-1	-1	3	0	-1	-1	-1	-1	-1	-1	60	0	
245	15052532	11950	131055	20	昆仑新兵		206.88942	130.951492	34	0	10000	-1	-1	3	0	-1	-1	-1	-1	-1	-1	60	0	
246	15052529	11950	131056	20	昆仑新兵		208.272324	127.900238	34	0	10000	-1	-1	3	0	-1	-1	-1	-1	-1	-1	60	0	
247	15052528	2402	131057	20	昆仑御卫		126.513084	127.131454	31	0	10000	-1	-1	3	0	-1	-1	-1	-1	-1	-1	60	0	
248	15052530	2402	131058	20	昆仑御卫		131.200577	123.263901	31	0	10000	-1	-1	3	0	-1	-1	-1	-1	-1	-1	60	0	
249	15052531	2402	131059	20	昆仑御卫		228.311859	64.708435	29	0	10000	-1	-1	3	0	-1	-1	-1	-1	-1	-1	60	0	
250	15052534	2402	131061	20	昆仑御卫		227.870407	80.797188	9	0	10000	-1	-1	3	0	-1	-1	-1	-1	-1	-1	60	0	
251	15052538	2402	131063	20	昆仑御卫		230.469086	80.732964	9	0	10000	-1	-1	3	0	-1	-1	-1	-1	-1	-1	60	0	
252	15052542	2402	131065	20	昆仑御卫		147.746002	131.751434	17	0	10000	-1	-1	3	0	-1	-1	-1	-1	-1	-1	60	0	
253	15052543	2402	131064	20	昆仑御卫		230.772827	64.706032	29	0	10000	-1	-1	3	0	-1	-1	-1	-1	-1	-1	60	0	
254	15052544	2402	131061	20	昆仑御卫		246.265808	81.180435	17	0	10000	-1	-1	3	0	-1	-1	-1	-1	-1	-1	60	0	
255	15052544	2402	131058	20	昆仑御卫		246.715607	65.283424	19	0	10000	-1	-1	3	0	-1	-1	-1	-1	-1	-1	60	0	
256	15052544	2402	131062	20	昆仑御卫		222.707809	60.791405	25	0	10000	-1	-1	3	0	-1	-1	-1	-1	-1	-1	60	0	
257	15052544	2402	131060	20	昆仑御卫		219.17688	58.727608	24	0	10000	-1	-1	3	0	-1	-1	-1	-1	-1	-1	60	0	
258	7264288	86	129180	-1	珐琅	猎场商人	45.812012	200.63353	28	-1	30000	-1	-1	3	0	-1	-1	-1	-1	-1	-1	60	0	
259	10374803	1099	131067	20	梅伊娜	新手领奖大使	40.28046	207.992859	35	-1	1000	-1	-1	3	0	-1	-1	-1	-1	-1	-1	20	0	
