NUM	NUM	NUM	NUM	NUM	TEXT	TEXT	FLOAT	FLOAT	NUM	NUM	NUM	NUM	NUM	NUM	NUM	NUM	NUM	NUM	NUM	NUM	NUM	NUM	NUM
编号	随机编号	attr编号	逻辑表编号	阵营编号	名称	称号	x轴坐标	z轴坐标	朝向	脚本编号	重生时间	分组编号	队伍编号	基础AI	AI文件	巡逻路径	商店0	商店1	商店2	商店3	名誉ID	等级	镜像组
0	235961	9774	170035	6	战场召集人	亚洲联军	212	96	31	-1	120000	-1	-1	3	-1	-1	-1	-1	-1	-1	-1	100	0	
1	235962	9775	170034	5	战场召集人	斯拉夫联军	58	186	14	-1	120000	-1	-1	3	-1	-1	-1	-1	-1	-1	-1	100	0	
2	235963	9772	170028	6	本阵传送人	亚洲联军	193	181	0	0	120000	-1	-1	3	0	-1	-1	-1	-1	-1	-1	100	0	
3	235964	9772	170029	6	战前传送人	亚洲联军	37	210	4	0	120000	-1	-1	3	0	-1	-1	-1	-1	-1	-1	100	0	
4	235965	9773	170032	6	离开战场传送人	亚洲联军	209	181	18	0	120000	-1	-1	3	0	-1	-1	-1	-1	-1	-1	100	0	
5	235966	9772	170030	5	本阵传送人	斯拉夫联军	59	78	18	0	120000	-1	-1	3	0	-1	-1	-1	-1	-1	-1	100	0	
6	235967	9772	170031	5	战前传送人	斯拉夫联军	193	45	27	0	120000	-1	-1	3	0	-1	-1	-1	-1	-1	-1	100	0	
7	235968	9773	170033	5	离开战场传送人	斯拉夫联军	42	78	0	0	120000	-1	-1	3	0	-1	-1	-1	-1	-1	-1	100	0	
