NUM	NUM	NUM	NUM	NUM	TEXT	TEXT	FLOAT	FLOAT	NUM	NUM	NUM	NUM	NUM	NUM	NUM	NUM	NUM	NUM	NUM	NUM	NUM	NUM	NUM
園催	昧字園催	attr園催	貸辞燕園催	專唔園催	兆各	各催	x已恫炎	z已恫炎	劾﨑	重云園催	嶷伏扮寂	蛍怏園催	錦礼園催	児粥AI	AI猟周	儔貸揃抄	斌糾0	斌糾1	斌糾2	斌糾3	兆圉ID	吉雫	承崧怏
0	20	2146	120200	20	謌蒙倉	隈声廉僉吸作	29.067616	35.459648	0	0	10000	-1	-1	3	0	-1	-1	-1	-1	-1	-1	98	0	
1	22	2136	120201	20	材旋	哂鯉声僉吸作	33.768173	30.186085	24	0	10000	-1	-1	3	0	-1	-1	-1	-1	-1	-1	98	0	
2	39	1381	120202	20	査帽	袋瀧僉吸作	189.409424	147.188538	18	0	10000	-1	-1	3	0	-1	-1	-1	-1	-1	-1	98	0	
3	55	1380	120203	20	献席針	袋瀧僉吸作	189.432007	103.495003	18	0	10000	-1	-1	3	0	-1	-1	-1	-1	-1	-1	98	0	
4	2	2135	120206	20	隈声廉楠平		233.970108	213.549271	28	0	10000	-1	-1	3	0	-1	-1	-1	-1	-1	-1	98	0	
5	6	2135	120206	20	隈声廉楠平		235.405441	224.27684	10	0	10000	-1	-1	3	0	-1	-1	-1	-1	-1	-1	98	0	
6	7	2135	120206	20	隈声廉楠平		232.025558	32.267109	27	0	10000	-1	-1	3	0	-1	-1	-1	-1	-1	-1	98	0	
7	8	2135	120206	20	隈声廉楠平		231.86969	43.58997	9	0	10000	-1	-1	3	0	-1	-1	-1	-1	-1	-1	98	0	
8	9	2135	120206	20	隈声廉楠平		59.381191	65.743591	32	0	10000	-1	-1	3	0	-1	-1	-1	-1	-1	-1	98	0	
9	10	2135	120206	20	隈声廉楠平		65.063065	96.777313	32	0	10000	-1	-1	3	0	-1	-1	-1	-1	-1	-1	98	0	
10	11	2135	120206	20	隈声廉楠平		67.602608	93.604301	32	0	10000	-1	-1	3	0	-1	-1	-1	-1	-1	-1	98	0	
11	12	2135	120206	20	隈声廉楠平		42.674335	51.321041	32	0	10000	-1	-1	3	0	-1	-1	-1	-1	-1	-1	98	0	
12	13	2135	120206	20	隈声廉楠平		36.622372	45.138046	14	0	10000	-1	-1	3	0	-1	-1	-1	-1	-1	-1	98	0	
13	14	2135	120206	20	隈声廉楠平		48.886635	55.972973	14	0	10000	-1	-1	3	0	-1	-1	-1	-1	-1	-1	98	0	
14	15	2135	120206	20	隈声廉楠平		20.095078	47.621105	0	0	10000	-1	-1	3	0	-1	-1	-1	-1	-1	-1	98	0	
15	17	2135	120206	20	隈声廉楠平		26.424776	71.224098	4	0	10000	-1	-1	3	0	-1	-1	-1	-1	-1	-1	98	0	
16	18	2135	120206	20	隈声廉楠平		31.536104	84.759659	4	0	10000	-1	-1	3	0	-1	-1	-1	-1	-1	-1	98	0	
17	101	2135	120206	20	隈声廉楠平		48.401382	79.616478	16	0	10000	-1	-1	3	0	-1	-1	-1	-1	-1	-1	98	0	
18	19	2135	120206	20	隈声廉楠平		46.631493	64.779808	16	0	10000	-1	-1	3	0	-1	-1	-1	-1	-1	-1	98	0	
19	28	1377	120207	20	哂鯉声楠平		81.463928	35.992695	20	0	10000	-1	-1	3	0	-1	-1	-1	-1	-1	-1	98	0	
20	29	1377	120207	20	哂鯉声楠平		92.522217	58.589706	32	0	10000	-1	-1	3	0	-1	-1	-1	-1	-1	-1	98	0	
21	30	1377	120207	20	哂鯉声楠平		44.195568	36.637489	14	0	10000	-1	-1	3	0	-1	-1	-1	-1	-1	-1	98	0	
22	31	1377	120207	20	哂鯉声楠平		56.817371	45.950607	14	0	10000	-1	-1	3	0	-1	-1	-1	-1	-1	-1	98	0	
23	32	1377	120207	20	哂鯉声楠平		52.057865	42.393925	32	0	10000	-1	-1	3	0	-1	-1	-1	-1	-1	-1	98	0	
24	33	1377	120207	20	哂鯉声楠平		62.082069	24.428673	24	0	10000	-1	-1	3	0	-1	-1	-1	-1	-1	-1	98	0	
25	34	1377	120207	20	哂鯉声楠平		73.965225	28.19499	24	0	10000	-1	-1	3	0	-1	-1	-1	-1	-1	-1	98	0	
26	35	1377	120207	20	哂鯉声楠平		68.645721	55.455338	32	0	10000	-1	-1	3	0	-1	-1	-1	-1	-1	-1	98	0	
27	36	1377	120207	20	哂鯉声楠平		89.246925	63.015804	32	0	10000	-1	-1	3	0	-1	-1	-1	-1	-1	-1	98	0	
28	37	1377	120207	20	哂鯉声楠平		43.352283	22.598984	28	0	10000	-1	-1	3	0	-1	-1	-1	-1	-1	-1	98	0	
29	40	1379	120208	20	袋瀧淵去楠平		191.624359	137.944519	18	0	10000	-1	-1	3	0	-1	-1	-1	-1	-1	-1	98	0	
30	41	1379	120208	20	袋瀧淵去楠平		193.248352	169.869934	18	0	10000	-1	-1	3	0	-1	-1	-1	-1	-1	-1	98	0	
31	46	1379	120208	20	袋瀧淵去楠平		105.294891	131.098206	18	0	10000	-1	-1	3	0	-1	-1	-1	-1	-1	-1	98	0	
32	47	1379	120208	20	袋瀧淵去楠平		191.426025	149.635712	18	0	10000	-1	-1	3	0	-1	-1	-1	-1	-1	-1	98	0	
33	48	1379	120208	20	袋瀧淵去楠平		194.832565	161.797607	18	0	10000	-1	-1	3	0	-1	-1	-1	-1	-1	-1	98	0	
34	49	1379	120208	20	袋瀧淵去楠平		193.248917	165.405289	18	0	10000	-1	-1	3	0	-1	-1	-1	-1	-1	-1	98	0	
35	50	1379	120208	20	袋瀧淵去楠平		191.234314	144.299896	18	0	10000	-1	-1	3	0	-1	-1	-1	-1	-1	-1	98	0	
36	65	1379	120208	20	袋瀧淵去楠平		194.275146	141.009323	18	0	10000	-1	-1	3	0	-1	-1	-1	-1	-1	-1	98	0	
37	68	1379	120208	20	袋瀧淵去楠平		197.184387	134.308502	18	0	10000	-1	-1	3	0	-1	-1	-1	-1	-1	-1	98	0	
38	69	1379	120208	20	袋瀧淵去楠平		216.81311	148.532791	0	0	10000	-1	-1	3	0	-1	-1	-1	-1	-1	-1	98	0	
39	70	1379	120208	20	袋瀧淵去楠平		184.279846	132.523834	9	0	10000	-1	-1	3	0	-1	-1	-1	-1	-1	-1	98	0	
40	74	1379	120208	20	袋瀧淵去楠平		211.421158	141.401993	0	0	10000	-1	-1	3	0	-1	-1	-1	-1	-1	-1	98	0	
41	75	1379	120208	20	袋瀧淵去楠平		211.591644	134.238495	9	0	10000	-1	-1	3	0	-1	-1	-1	-1	-1	-1	98	0	
42	87	1379	120208	20	袋瀧淵去楠平		201.064407	134.193207	18	0	10000	-1	-1	3	0	-1	-1	-1	-1	-1	-1	98	0	
43	77	1379	120208	20	袋瀧淵去楠平		216.684265	155.225922	0	0	10000	-1	-1	3	0	-1	-1	-1	-1	-1	-1	98	0	
44	112	1379	120208	20	袋瀧淵去楠平		158.067795	132.135757	18	0	10000	-1	-1	3	0	-1	-1	-1	-1	-1	-1	98	0	
45	113	1379	120208	20	袋瀧淵去楠平		152.841507	132.233719	9	0	10000	-1	-1	3	0	-1	-1	-1	-1	-1	-1	98	0	
46	114	1379	120209	20	淵泳誼	袋瀧淵去楠平妖海	142.483551	131.42334	15	0	10000	-1	-1	3	0	-1	-1	-1	-1	-1	-1	98	0	
47	115	1379	120208	20	袋瀧淵去楠平		128.191574	134.225327	9	0	10000	-1	-1	3	0	-1	-1	-1	-1	-1	-1	98	0	
48	116	1379	120208	20	袋瀧淵去楠平		122.984589	130.709351	9	0	10000	-1	-1	3	0	-1	-1	-1	-1	-1	-1	98	0	
49	51	1379	120208	20	袋瀧淵去楠平		194.873672	156.992218	18	0	10000	-1	-1	3	0	-1	-1	-1	-1	-1	-1	98	0	
50	57	1379	120208	20	袋瀧淵去楠平		105.291397	124.696793	18	0	10000	-1	-1	3	0	-1	-1	-1	-1	-1	-1	98	0	
51	58	1379	120208	20	袋瀧淵去楠平		190.974823	100.288467	18	0	10000	-1	-1	3	0	-1	-1	-1	-1	-1	-1	98	0	
52	59	1379	120208	20	袋瀧淵去楠平		191.621262	111.576508	18	0	10000	-1	-1	3	0	-1	-1	-1	-1	-1	-1	98	0	
53	60	1379	120208	20	袋瀧淵去楠平		191.777512	107.437981	18	0	10000	-1	-1	3	0	-1	-1	-1	-1	-1	-1	98	0	
54	61	1379	120208	20	袋瀧淵去楠平		190.84111	89.230103	18	0	10000	-1	-1	3	0	-1	-1	-1	-1	-1	-1	98	0	
55	62	1379	120208	20	袋瀧淵去楠平		191.029388	95.861122	18	0	10000	-1	-1	3	0	-1	-1	-1	-1	-1	-1	98	0	
56	71	1379	120208	20	袋瀧淵去楠平		184.370697	123.89769	27	0	10000	-1	-1	3	0	-1	-1	-1	-1	-1	-1	98	0	
57	72	1379	120208	20	袋瀧淵去楠平		197.402466	123.100266	18	0	10000	-1	-1	3	0	-1	-1	-1	-1	-1	-1	98	0	
58	66	1379	120208	20	袋瀧淵去楠平		194.659348	114.972229	18	0	10000	-1	-1	3	0	-1	-1	-1	-1	-1	-1	98	0	
59	67	1379	120208	20	袋瀧淵去楠平		217.064758	102.535187	0	0	10000	-1	-1	3	0	-1	-1	-1	-1	-1	-1	98	0	
60	76	1379	120208	20	袋瀧淵去楠平		211.752533	115.3461	0	0	10000	-1	-1	3	0	-1	-1	-1	-1	-1	-1	98	0	
61	78	1379	120208	20	袋瀧淵去楠平		217.121887	109.443405	0	0	10000	-1	-1	3	0	-1	-1	-1	-1	-1	-1	98	0	
62	73	1379	120208	20	袋瀧淵去楠平		211.433533	123.162254	27	0	10000	-1	-1	3	0	-1	-1	-1	-1	-1	-1	98	0	
63	107	1379	120208	20	袋瀧淵去楠平		158.126541	124.33577	18	0	10000	-1	-1	3	0	-1	-1	-1	-1	-1	-1	98	0	
64	108	1379	120208	20	袋瀧淵去楠平		152.359344	122.176552	27	0	10000	-1	-1	3	0	-1	-1	-1	-1	-1	-1	98	0	
65	109	1379	120208	20	袋瀧淵去楠平		145.821915	120.081528	27	0	10000	-1	-1	3	0	-1	-1	-1	-1	-1	-1	98	0	
66	111	1379	120208	20	袋瀧淵去楠平		122.773972	124.549118	27	0	10000	-1	-1	3	0	-1	-1	-1	-1	-1	-1	98	0	
67	88	1379	120208	20	袋瀧淵去楠平		201.494568	123.138138	18	0	10000	-1	-1	3	0	-1	-1	-1	-1	-1	-1	98	0	
68	63	1379	120211	20	袋瀧淵去土汚		158.114639	164.028549	0	0	10000	-1	-1	3	0	-1	-1	-1	-1	-1	-1	98	0	
69	64	1379	120211	20	袋瀧淵去土汚		158.288208	167.585938	0	0	10000	-1	-1	3	0	-1	-1	-1	-1	-1	-1	98	0	
70	80	43	120212	20	淵典畢膨弊	舞淵袋瀧縮司	240.167999	130.369995	22	0	10000	-1	-1	3	0	-1	-1	-1	-1	-1	-1	98	0	
71	81	44	120213	20	從丗麼縮嗅誹帽		237.764801	132.383072	4	0	10000	-1	-1	3	0	-1	-1	-1	-1	-1	-1	98	0	
72	82	45	120214	20	清丗麼縮畢人帽		227.588196	110.453362	27	0	10000	-1	-1	3	0	-1	-1	-1	-1	-1	-1	98	0	
73	102	42	120215	20	縮平		237.536377	135.193756	3	0	10000	-1	-1	3	0	-1	-1	-1	-1	-1	-1	98	0	
74	103	42	120215	20	縮平		229.578751	109.241585	27	0	10000	-1	-1	3	0	-1	-1	-1	-1	-1	-1	98	0	
75	79	42	120215	20	縮平	 	241.164612	128.328934	18	0	10000	-1	-1	3	0	-1	-1	-1	-1	-1	-1	98	0	
76	104	42	120215	20	縮平		241.0625	132.635132	18	0	10000	-1	-1	3	0	-1	-1	-1	-1	-1	-1	98	0	
77	105	42	120215	20	縮平		235.651947	132.156372	3	0	10000	-1	-1	3	0	-1	-1	-1	-1	-1	-1	98	0	
78	106	42	120215	20	縮平		225.201721	109.233643	27	0	10000	-1	-1	3	0	-1	-1	-1	-1	-1	-1	98	0	
79	117	1915	120216	20	鬲穫議肖酎		155.454056	21.610645	27	0	10000	-1	-1	3	0	-1	-1	-1	-1	-1	-1	98	0	
80	118	1915	120217	20	滴健致責		166.950302	22.328037	28	0	10000	-1	-1	3	0	-1	-1	-1	-1	-1	-1	98	0	
81	119	1915	120218	20	鬲穫議肖酎		146.786209	27.019453	35	0	10000	-1	-1	3	0	-1	-1	-1	-1	-1	-1	98	0	
82	120	166	-1	20	 		183.884216	26.557314	0	0	10000	-1	-1	2	0	-1	-1	-1	-1	-1	-1	98	0	
83	121	166	-1	20	 		180.162292	25.728409	0	0	10000	-1	-1	2	0	-1	-1	-1	-1	-1	-1	98	0	
84	122	166	-1	20	 		182.168915	26.899971	12	0	10000	-1	-1	2	0	-1	-1	-1	-1	-1	-1	98	0	
85	123	363	-1	20	 		182.385086	24.869951	32	0	10000	-1	-1	2	0	-1	-1	-1	-1	-1	-1	98	0	
86	125	163	-1	20	 		149.621231	23.177013	0	0	10000	-1	-1	2	0	-1	-1	-1	-1	-1	-1	98	0	
87	89	167	-1	20	 	 	183.992065	173.295029	9	0	10000	-1	-1	3	0	-1	-1	-1	-1	-1	-1	98	0	
88	90	168	-1	20	 	 	181.669785	173.193069	9	0	10000	-1	-1	3	0	-1	-1	-1	-1	-1	-1	98	0	
89	91	169	-1	20	 	 	176.021362	173.272797	9	0	10000	-1	-1	3	0	-1	-1	-1	-1	-1	-1	98	0	
90	92	170	-1	20	 	 	173.70578	173.486511	9	0	10000	-1	-1	3	0	-1	-1	-1	-1	-1	-1	98	0	
91	93	171	-1	20	 	 	182.80928	86.922302	27	0	10000	-1	-1	3	0	-1	-1	-1	-1	-1	-1	98	0	
92	94	172	-1	20	 	 	181.103455	86.885818	27	0	10000	-1	-1	3	0	-1	-1	-1	-1	-1	-1	98	0	
93	95	169	-1	20	 	 	176.297623	86.814934	27	0	10000	-1	-1	3	0	-1	-1	-1	-1	-1	-1	98	0	
94	96	167	-1	20	 	 	174.483612	86.940536	27	0	10000	-1	-1	3	0	-1	-1	-1	-1	-1	-1	98	0	
95	97	168	-1	20	 	 	32.047714	86.590172	4	0	10000	-1	-1	3	0	-1	-1	-1	-1	-1	-1	98	0	
96	98	169	-1	20	 	 	27.309814	73.244957	4	0	10000	-1	-1	3	0	-1	-1	-1	-1	-1	-1	98	0	
97	99	170	-1	20	 	 	64.297821	24.682344	24	0	10000	-1	-1	3	0	-1	-1	-1	-1	-1	-1	98	0	
98	100	171	-1	20	 	 	76.216827	28.483624	24	0	10000	-1	-1	3	0	-1	-1	-1	-1	-1	-1	98	0	
99	315	98	-1	20	 	 	147.10881	20.982237	0	0	10000	-1	-1	2	0	-1	-1	-1	-1	-1	-1	98	0	
100	316	98	-1	20	 	 	147.25499	21.591866	0	0	10000	-1	-1	2	0	-1	-1	-1	-1	-1	-1	98	0	
101	317	98	-1	20	 	 	147.165558	21.196671	0	0	10000	-1	-1	2	0	-1	-1	-1	-1	-1	-1	98	0	
102	318	98	-1	20	 	 	147.30098	21.006973	0	0	10000	-1	-1	2	0	-1	-1	-1	-1	-1	-1	98	0	
103	1505230	1379	120208	20	袋瀧淵去楠平		146.211975	134.266998	9	0	10000	-1	-1	3	0	-1	-1	-1	-1	-1	-1	98	0	
104	1505231	1379	120208	20	袋瀧淵去楠平		139.879684	136.907974	9	0	10000	-1	-1	3	0	-1	-1	-1	-1	-1	-1	98	0	
105	1505232	1379	120208	20	袋瀧淵去楠平		133.9785	136.945084	9	0	10000	-1	-1	3	0	-1	-1	-1	-1	-1	-1	98	0	
106	1505233	1379	120208	20	袋瀧淵去楠平		127.884842	122.335609	27	0	10000	-1	-1	3	0	-1	-1	-1	-1	-1	-1	98	0	
107	1505234	1379	120208	20	袋瀧淵去楠平		134.132019	118.016281	27	0	10000	-1	-1	3	0	-1	-1	-1	-1	-1	-1	98	0	
108	1505235	1379	120208	20	袋瀧淵去楠平		139.728683	117.674301	27	0	10000	-1	-1	3	0	-1	-1	-1	-1	-1	-1	98	0	
109	14512917	2102	120219	-1	甑右囁	廉尢嘱険由芳	227.471451	113.272705	9	-1	1000	-1	-1	3	0	-1	-1	-1	-1	-1	-1	98	0	
110	14512933	2119	120220	-1	夕蒙唖今	廉尢繍嘱	229.353241	114.437675	9	-1	1000	-1	-1	3	0	-1	-1	-1	-1	-1	-1	98	0	
111	14512936	2119	120221	-1	艮払憬	廉尢繍嘱	78.756561	176.696167	13	-1	1000	-1	-1	3	0	-1	-1	-1	-1	-1	-1	98	0	
112	14512938	2120	120222	-1	拶隅岬	廉尢繍嘱	76.19838	169.323746	31	-1	1000	-1	-1	3	0	-1	-1	-1	-1	-1	-1	98	0	
113	14512941	2120	120223	-1	砕櫛梁	廉尢繍嘱	81.331169	173.77153	13	-1	1000	-1	-1	3	0	-1	-1	-1	-1	-1	-1	98	0	
114	14512954	1152	120224	-1	埒革析繁		238.862122	120.612061	19	-1	1000	-1	-1	3	0	-1	-1	-1	-1	-1	-1	98	0	
115	14513184	2118	120225	-1	檀硬啾平		91.754219	168.196167	13	-1	1000	-1	-1	3	0	-1	-1	-1	-1	-1	-1	98	0	
116	14513186	2118	120225	-1	檀硬啾平		87.022087	174.431992	13	-1	1000	-1	-1	3	0	-1	-1	-1	-1	-1	-1	98	0	
117	14513187	2118	120225	-1	檀硬啾平		75.329826	164.134781	33	-1	1000	-1	-1	3	0	-1	-1	-1	-1	-1	-1	98	0	
118	14513190	2118	120225	-1	檀硬啾平		77.603142	161.189728	33	-1	1000	-1	-1	3	0	-1	-1	-1	-1	-1	-1	98	0	
119	14513192	2118	120225	-1	檀硬啾平		80.113304	158.116837	33	-1	1000	-1	-1	3	0	-1	-1	-1	-1	-1	-1	98	0	
120	14513194	2118	120225	-1	檀硬啾平		137.031174	130.847534	33	-1	1000	-1	-1	3	0	-1	-1	-1	-1	-1	-1	98	0	
121	14513196	2118	120225	-1	檀硬啾平		70.809326	177.908401	5	-1	1000	-1	-1	3	0	-1	-1	-1	-1	-1	-1	98	0	
122	14513198	2118	120225	-1	檀硬啾平		138.955795	126.988831	33	-1	1000	-1	-1	3	0	-1	-1	-1	-1	-1	-1	98	0	
123	14513231	2250	120226	-1	劣萎	廉尢嘱念傑由芳	73.697662	172.392181	33	-1	1000	-1	-1	3	0	-1	-1	-1	-1	-1	-1	98	0	
124	14513400	2127	120227	-1	釦蟻决耳隅	廉尢嘱寄尾諾	71.426926	167.535034	36	-1	1000	-1	-1	3	0	-1	-1	-1	-1	-1	-1	98	0	
125	15958726	882	120228	-1	甑扎	諮匂唔富芳	89.297218	171.425629	14	-1	1000	-1	-1	3	0	-1	-1	-1	-1	-1	-1	98	0	
126	15958729	2118	120229	-1	檀硬啾平		225.133698	114.490089	9	-1	1000	-1	-1	3	0	-1	-1	-1	-1	-1	-1	98	0	
127	15958760	2118	120229	-1	檀硬啾平		73.819572	180.528748	5	-1	1000	-1	-1	3	0	-1	-1	-1	-1	-1	-1	98	0	
128	16342483	2101	120230	-1	堀音岬		139.354752	129.577454	32	-1	1000	-1	-1	3	0	-1	-1	-1	-1	-1	-1	98	0	
129	408668	2139	120231	-1	鬲穫議肖酎		81.410927	168.048187	23	-1	1000	-1	-1	3	-1	-1	-1	-1	-1	-1	-1	98	0	
130	408670	2140	120232	-1	鬲穫議肖酎		157.190964	20.531963	24	-1	1000	-1	-1	3	0	-1	-1	-1	-1	-1	-1	98	0	
131	16343857	16106	120233	20	偉脅	廉尢嘱由芳	73.970238	177.344879	5	0	10000	-1	-1	3	0	-1	-1	-1	-1	-1	-1	98	0	
132	16343863	1104	-1	21	麹鮪議菜丗繁		171.28801	92.012901	0	0	10000	-1	-1	1	0	-1	-1	-1	-1	-1	-1	10	0	
133	16343864	1104	-1	21	麹鮪議菜丗繁		169.759338	91.400841	0	0	10000	-1	-1	1	0	-1	-1	-1	-1	-1	-1	10	0	
134	16343865	1104	-1	21	麹鮪議菜丗繁		170.31987	89.533897	0	0	10000	-1	-1	1	0	-1	-1	-1	-1	-1	-1	10	0	
135	16343866	1104	-1	21	麹鮪議菜丗繁		169.980591	93.865585	0	0	10000	-1	-1	1	0	-1	-1	-1	-1	-1	-1	10	0	
136	16343867	1104	-1	21	麹鮪議菜丗繁		171.403152	87.841713	0	0	10000	-1	-1	1	0	-1	-1	-1	-1	-1	-1	10	0	
137	16343868	1104	-1	21	麹鮪議菜丗繁		172.154053	89.528526	0	0	10000	-1	-1	1	0	-1	-1	-1	-1	-1	-1	10	0	
