NUM	NUM	NUM	NUM	NUM	TEXT	TEXT	FLOAT	FLOAT	NUM	NUM	NUM	NUM	NUM	NUM	NUM	NUM	NUM	NUM	NUM	NUM	NUM	NUM	NUM
编号	随机编号	attr编号	逻辑表编号	阵营编号	名称	称号	x轴坐标	z轴坐标	朝向	脚本编号	重生时间	分组编号	队伍编号	基础AI	AI文件	巡逻路径	商店0	商店1	商店2	商店3	名誉ID	等级	镜像组
0	1	4497	132000	-1	中心广场	敦煌王国传送人	255	115	27	-1	1000	-1	-1	3	0	-1	-1	-1	-1	-1	-1	60	0	
1	2	4498	101134	-1	灵宝村	敦煌王国传送人	59	119	9	-1	1000	-1	-1	3	0	-1	-1	-1	-1	-1	-1	60	0	
2	3	4499	101135	-1	铁骑镇	敦煌王国传送人	465.202545	42.779842	28	-1	1000	-1	-1	3	0	-1	-1	-1	-1	-1	-1	60	0	
3	4	4500	101136	-1	月牙湾	敦煌王国传送人	116	341	9	-1	1000	-1	-1	3	0	-1	-1	-1	-1	-1	-1	60	0	
4	5	4402	101137	-1	瀚月关	敦煌王国传送人	344	412	9	-1	1000	-1	-1	3	0	-1	-1	-1	-1	-1	-1	60	0	
5	6	4499	101138	-1	南城关隘	敦煌王国传送人	211	275	9	-1	1000	-1	-1	3	0	-1	-1	-1	-1	-1	-1	60	0	
6	7	4500	101139	-1	圣山遗迹	敦煌王国传送人	456	319	9	-1	1000	-1	-1	3	0	-1	-1	-1	-1	-1	-1	60	0	
7	8	1188	132004	-1	都由干	津贴管理人	293.375458	207.44606	9	-1	30000	-1	-1	3	0	-1	-1	-1	-1	-1	-1	60	0	
8	9	1314	132006	-1	撒都尤	杂货商人	213.985641	89.607536	27	-1	30000	-1	-1	3	0	-1	-1	-1	-1	-1	-1	60	0	
9	10	1314	132006	-1	撒都尤	杂货商人	283.765289	168.176636	27	-1	30000	-1	-1	3	0	-1	-1	-1	-1	-1	-1	60	0	
10	11	1322	132008	-1	马哈孜	骑乘繁殖大师	317.800873	118.218163	9	-1	30000	-1	-1	3	0	-1	-1	-1	-1	-1	-1	60	0	
11	12	1319	132009	-1	伊斯马里	骑乘恢复商人	284.232727	125.32547	18	-1	30000	-1	-1	3	0	-1	-1	-1	-1	-1	-1	60	0	
12	13	1318	132010	-1	保备多	藏宝洞传送人	306.907257	59.086525	18	-1	30000	-1	-1	3	0	-1	-1	-1	-1	-1	-1	60	0	
13	14	1311	132011	-1	祖堆莱	轮回台传送人	234.60231	98.811058	27	-1	30000	-1	-1	3	0	-1	-1	-1	-1	-1	-1	60	0	
14	15	4205	132016	-1	巫贤	王城贤者	245	86	0	-1	30000	-1	-1	3	0	-1	-1	-1	-1	-1	-1	60	0	
15	16	4260	132017	-1	伊盛	免费治疗医师	219.938004	166.600006	26	-1	30000	-1	-1	3	0	-1	-1	-1	-1	-1	-1	60	0	
16	17	1323	132018	-1	篾筹迪	帮战发布人	297.891144	181.347595	18	-1	30000	-1	-1	3	0	-1	-1	-1	-1	-1	-1	60	0	
17	18	420	132019	-1	都据吉	国战发布人	300.677032	207.908798	9	-1	30000	-1	-1	3	0	-1	-1	-1	-1	-1	-1	60	0	
18	19	4233	132020	-1	壹其座	帮会任务发布人	297.864441	189.24353	18	-1	30000	-1	-1	3	0	-1	-1	-1	-1	-1	-1	60	0	
19	20	4214	132021	-1	固库	国家管理员	304.778259	199.658508	18	-1	30000	-1	-1	3	0	-1	-1	-1	-1	-1	-1	60	0	
20	21	4210	132022	-1	杰伊	帮会管理员	296.586365	185.265579	18	-1	30000	-1	-1	3	0	-1	-1	-1	-1	-1	-1	60	0	
21	22	4258	132023	-1	拜答戈	师徒管理员	320.878418	156.462753	18	-1	30000	-1	-1	3	0	-1	-1	-1	-1	-1	-1	60	0	
22	23	4253	132024	-1	干不幻	声望商店	221.547501	115.593407	9	-1	30000	-1	-1	3	0	-1	-1	-1	-1	-1	-1	60	0	
23	24	4271	132025	-1	忽饰	药品商人	281.706726	150.536194	9	-1	30000	-1	-1	3	0	-1	-1	-1	-1	-1	-1	60	0	
24	25	1310	132026	-1	谢帖伊	防具商人	296.925049	150.787125	9	-1	30000	-1	-1	3	0	-1	-1	-1	-1	-1	-1	60	0	
25	26	4224	132027	-1	麻扎	武器商人	291.61676	150.687271	9	-1	30000	-1	-1	3	0	-1	-1	-1	-1	-1	-1	60	0	
26	27	1099	132028	-1	梵贝	领双管理员	238.766525	129.025146	10	-1	30000	-1	-1	3	0	-1	-1	-1	-1	-1	-1	60	0	
27	28	4222	132029	-1	江克尔	装备铭刻大师	319.696686	85.193398	27	-1	30000	-1	-1	3	0	-1	-1	-1	-1	-1	-1	60	0	
28	29	1317	132030	-1	布奎	装备保值大师	312.313599	77.521309	18	-1	30000	-1	-1	3	0	-1	-1	-1	-1	-1	-1	60	0	
29	30	4231	123850	-1	史慧	装备升级大师	311.427979	72.725922	19	0	10000	-1	-1	3	0	-1	-1	-1	-1	-1	-1	60	0	
30	31	4252	132031	-1	马依力	骑乘道具商人	325.776428	124.624199	9	-1	30000	-1	-1	3	0	-1	-1	-1	-1	-1	-1	60	0	
31	32	4290	132032	-1	吾买尔	荣誉商店	188.208084	116.123299	9	-1	30000	-1	-1	3	0	-1	-1	-1	-1	-1	-1	60	0	
32	33	4228	132033	-1	吉雅德	帮会商店	210.549057	115.893661	9	-1	30000	-1	-1	3	0	-1	-1	-1	-1	-1	-1	60	0	
33	34	1313	132034	-1	羌力	装备升星大师	313.237549	82.514259	18	-1	30000	-1	-1	3	0	-1	-1	-1	-1	-1	-1	60	0	
34	35	4227	132035	-1	音莱	装备镶嵌大师	326.283417	85.49633	26	-1	30000	-1	-1	3	0	-1	-1	-1	-1	-1	-1	60	0	
35	36	4227	132036	-1	宝珠	印度珠宝大师	193.169235	161.431519	0	-1	30000	-1	-1	3	0	-1	-1	-1	-1	-1	-1	60	0	
36	37	4277	132037	-1	黄柏	中原草药大师	216.535355	142.678528	8	-1	30000	-1	-1	3	0	-1	-1	-1	-1	-1	-1	60	0	
37	38	4208	132038	-1	马穆多尔	骑乘技能大师	320.028625	123.229561	0	-1	30000	-1	-1	3	0	-1	-1	-1	-1	-1	-1	60	0	
38	39	1346	132040	-1	景彦多	三环副本传送人	308.029785	54.918087	18	-1	30000	-1	-1	3	0	-1	-1	-1	-1	-1	-1	60	0	
39	40	1315	132041	-1	金常佐	内政任务发布人	242.845871	102.575729	27	-1	30000	-1	-1	3	0	-1	-1	-1	-1	-1	-1	60	0	
40	41	4237	132042	-1	龙嫣	龙眼石兑换	192.179916	116.855446	9	-1	30000	-1	-1	3	0	-1	-1	-1	-1	-1	-1	60	0	
41	42	1122	132043	-1	武士技能大师		188.162659	40.785683	0	-1	30000	-1	-1	3	0	-1	-1	-1	-1	-1	-1	60	0	
42	43	1123	132044	-1	剑侠技能大师		187.074249	45.124825	0	-1	30000	-1	-1	3	0	-1	-1	-1	-1	-1	-1	60	0	
43	44	1125	132045	-1	火枪手技能大师		188.003113	53.032578	0	-1	30000	-1	-1	3	0	-1	-1	-1	-1	-1	-1	60	0	
44	45	1124	132046	-1	骑射手技能大师		187.943115	48.944611	0	-1	30000	-1	-1	3	0	-1	-1	-1	-1	-1	-1	60	0	
45	46	1127	132047	-1	萨满技能大师		187.940002	61.241249	0	-1	30000	-1	-1	3	0	-1	-1	-1	-1	-1	-1	60	0	
46	47	1126	132048	-1	先知技能大师		187.017899	57.098007	0	-1	30000	-1	-1	3	0	-1	-1	-1	-1	-1	-1	60	0	
47	48	4297	132049	-1	十字军技能大师		209.936646	60.89502	18	-1	30000	-1	-1	3	0	-1	-1	-1	-1	-1	-1	60	0	
48	49	4298	132050	-1	圣火使技能大师		210.660904	57.057716	18	-1	30000	-1	-1	3	0	-1	-1	-1	-1	-1	-1	60	0	
49	50	4299	132051	-1	刺客技能大师		210.043777	52.92918	18	-1	30000	-1	-1	3	0	-1	-1	-1	-1	-1	-1	60	0	
50	51	4300	132052	-1	近卫军技能大师		210.147171	49.037148	18	-1	30000	-1	-1	3	0	-1	-1	-1	-1	-1	-1	60	0	
51	52	4301	132053	-1	僧侣技能大师		210.049438	41.13834	18	-1	30000	-1	-1	3	0	-1	-1	-1	-1	-1	-1	60	0	
52	53	4302	132054	-1	隐修士技能大师		211.045502	45.058945	18	-1	30000	-1	-1	3	0	-1	-1	-1	-1	-1	-1	60	0	
53	54	21759	132002	-1	万事通		255	85	27	-1	30000	-1	-1	3	0	-1	-1	-1	-1	-1	-1	60	0	
54	55	4248	132055	-1	朋多尔	好友管理员	321.220612	151.98848	18	-1	30000	-1	-1	3	0	-1	-1	-1	-1	-1	-1	60	0	
55	56	1099	132056	-1	梅伊娜	领奖大使	275.877838	98.800079	27	-1	30000	-1	-1	3	0	-1	-1	-1	-1	-1	-1	60	0	
56	57	1315	132057	-1	金焕音	银票兑换	278.854675	98.837219	27	-1	30000	-1	-1	3	0	-1	-1	-1	-1	-1	-1	60	0	
57	58	4241	132058	-1	阿琳娜	宝箱活动使	265.182007	86.173088	18	-1	30000	-1	-1	3	0	-1	-1	-1	-1	-1	-1	60	0	
58	59	1316	132060	-1	藏储	仓库管理员	231.481537	151.200699	0	-1	30000	-1	-1	3	0	-1	-1	-1	-1	-1	-1	60	0	
59	60	1316	132061	-1	藏备	仓库管理员	268.385162	169.13147	9	-1	30000	-1	-1	3	0	-1	-1	-1	-1	-1	-1	60	0	
60	61	4260	132062	-1	娜斯	免费治疗医师	283.348663	128.414215	18	-1	30000	-1	-1	3	0	-1	-1	-1	-1	-1	-1	60	0	
61	62	1315	132063	-1	脱麻彻	王国押运官	203.624451	172.129562	0	-1	30000	-1	-1	3	0	-1	-1	-1	-1	-1	-1	60	0	
62	63	4226	132064	-1	金酷	钱庄	272.843384	98.796432	27	-1	30000	-1	-1	3	0	-1	-1	-1	-1	-1	-1	60	0	
63	64	1314	132065	-1	卜卓	王国采集大师	214.290833	149.017044	17	-1	30000	-1	-1	3	0	-1	-1	-1	-1	-1	-1	60	0	
64	65	1313	132066	-1	瓦旷	王国采矿大师	194.007004	165.783157	1	-1	30000	-1	-1	3	0	-1	-1	-1	-1	-1	-1	60	0	
65	66	4217	132067	-1	达烈	王国捕捉大师	191.406509	146.09198	3	-1	30000	-1	-1	3	0	-1	-1	-1	-1	-1	-1	60	0	
66	67	1322	132068	-1	牧仁	蒙古驯马大师	184.938004	143.779617	4	-1	30000	-1	-1	3	0	-1	-1	-1	-1	-1	-1	60	0	
67	68	4282	132069	-1	代辛仁	威望商店	214.755814	115.918221	9	-1	30000	-1	-1	3	0	-1	-1	-1	-1	-1	-1	60	0	
68	69	444	132071	-1	善途	删除任务道具人	182.341949	90.227341	0	-1	30000	-1	-1	3	0	-1	-1	-1	-1	-1	-1	60	0	
69	70	1311	132072	-1	成紫	装备鎏金大师	296.29776	81.062439	36	-1	30000	-1	-1	3	0	-1	-1	-1	-1	-1	-1	60	0	
70	71	1312	132073	-1	达乌其	突厥锻造大师	216.354645	133.215988	27	-1	30000	-1	-1	3	0	-1	-1	-1	-1	-1	-1	60	0	
71	72	4292	132074	-1	达奎甲	罗马铸甲大师	212.21405	133.367279	26	-1	30000	-1	-1	3	0	-1	-1	-1	-1	-1	-1	60	0	
72	73	4279	132075	-1	美珠	波斯工艺大师	193.028687	156.594009	36	-1	30000	-1	-1	3	0	-1	-1	-1	-1	-1	-1	60	0	
73	74	1090	132076	-1	载力雍	装备回收	296.290771	75.647751	1	-1	30000	-1	-1	3	0	-1	-1	-1	-1	-1	-1	60	0	
74	75	13467	132156	-1	扈国	王城御卫长	182.723969	111.366417	4	-1	30000	-1	-1	3	0	-1	-1	-1	-1	-1	-1	60	0	
75	76	4230	132080	-1	筹岚妆	外装大师	329.570435	89.037834	18	-1	30000	-1	-1	3	0	-1	-1	-1	-1	-1	-1	60	0	
76	77	1319	132155	-1	马来亚	战马征集使	477.399994	44.457199	27	-1	30000	-1	-1	3	0	-1	-1	-1	-1	-1	-1	60	0	
77	78	4264	132070	-1	约赛芙	排行榜挑战赛主持人	273.690948	128.791702	9	-1	30000	-1	-1	3	0	-1	-1	-1	-1	-1	-1	60	0	
78	79	4209	132163	-1	条曹	转职管理人	319.727875	140.931808	18	-1	30000	-1	-1	3	0	-1	-1	-1	-1	-1	-1	60	0	
79	80	1317	132157	-1	脱占彻	战车押运官	203.656784	179.960861	0	-1	30000	-1	-1	3	0	-1	-1	-1	-1	-1	-1	60	0	
80	81	1320	132164	-1	呼蚩满	敦煌大将军	248.145004	57.041191	31	-1	30000	-1	-1	3	0	-1	-1	-1	-1	-1	-1	60	0	
81	82	1096	132165	-1	阿史那战	领地管理员	238.019791	46.97707	27	-1	30000	-1	-1	3	0	-1	-1	-1	-1	-1	-1	60	0	
82	83	207	132168	-1	呼恪守	守护管理员	271.802582	47.277187	27	-1	30000	-1	-1	3	0	-1	-1	-1	-1	-1	-1	60	0	
83	84	4380	132077	-1	钥匙老人	剧场传送人	196.248734	36.503437	31	-1	30000	-1	-1	3	0	-1	-1	-1	-1	-1	-1	60	0	
84	85	1319	132169	-1	观任武	删除角色管理人	182.476257	85.429726	35	-1	10000	-1	-1	3	0	-1	-1	-1	-1	-1	-1	60	0	
85	86	1190	138059	-1	 	敦煌国王	255	42	27	-1	14400000	-1	-1	27	-1	-1	-1	-1	-1	-1	-1	60	0	
86	87	1193	138060	-1	 	敦煌朱雀之主	248	40	28	-1	14400000	-1	-1	27	-1	-1	-1	-1	-1	-1	-1	60	0	
87	88	1194	138061	-1	 	敦煌青龙之主	262	40	26	-1	14400000	-1	-1	27	-1	-1	-1	-1	-1	-1	-1	60	0	
88	89	1644	101703	-1	黎宪升	离线代练管理员	232.417877	128.178207	35	-1	30000	-1	-1	3	0	-1	-1	-1	-1	-1	-1	60	0	
89	90	1096	132153	-1	阿什楚戈	侍卫统领	263.483948	57.041191	22	-1	30000	-1	-1	3	0	-1	-1	-1	-1	-1	-1	80	0	
90	91	11960	101230	-1	廉集	迷宫指引人	195.343979	202.059158	7	-1	10000	-1	-1	3	0	-1	-1	-1	-1	-1	-1	60	0	
91	92	4247	132170	-1	马荣	骑乘炼化大师	327.564423	118.434906	17	-1	30000	-1	-1	3	0	-1	-1	-1	-1	-1	-1	60	0	
92	93	1901	132173	-1	王守仁	秘洞看守人	365.458008	194.610992	0	-1	10000	-1	-1	20	0	-1	-1	-1	-1	-1	-1	60	0	
93	94	3	141161	-1	休宜夏	战车修理大师	284.173584	131.874863	18	-1	30000	-1	-1	3	0	-1	-1	-1	-1	-1	-1	60	0	
94	95	4252	132098	20	荣玉欢	战车荣誉商店	194.406143	116.912704	9	-1	30000	-1	-1	3	0	-1	-1	-1	-1	-1	-1	60	0	
95	96	4274	405004	-1	赵惠	物品找回管理人	208.28746	87.566643	27	-1	30000	-1	-1	3	0	-1	-1	-1	-1	-1	-1	60	0	
96	97	1321	132175	-1	柴令之	挑战副本传送人	306.954742	40.202129	18	-1	30000	-1	-1	3	0	-1	-1	-1	-1	-1	-1	60	0	
97	98	1323	132176	-1	夸父	跨服副本传送人	307.956146	44.127754	18	-1	30000	-1	-1	3	0	-1	-1	-1	-1	-1	-1	60	0	
98	99	212	133539	-1	耶律虞	50级圣山地宫	469.475342	314.382233	18	-1	30000	-1	-1	3	0	-1	-1	-1	-1	-1	-1	50	0	
99	100	213	133540	-1	耶律潭	60级圣山地宫	470.698212	319.00293	18	-1	30000	-1	-1	3	0	-1	-1	-1	-1	-1	-1	60	0	
100	101	224	133541	-1	耶律修	70级圣山地宫	470.454498	322.680817	18	-1	30000	-1	-1	3	0	-1	-1	-1	-1	-1	-1	70	0	
101	102	225	133542	-1	耶律英	75级圣山地宫	469.136719	326.890381	18	-1	30000	-1	-1	3	0	-1	-1	-1	-1	-1	-1	75	0	
102	103	211	133543	-1	耶律杰	80级圣山地宫	468.231995	330.031372	18	-1	30000	-1	-1	3	0	-1	-1	-1	-1	-1	-1	80	0	
103	104	207	133544	-1	耶律睿	85级圣山地宫	465.654022	333.878723	16	-1	30000	-1	-1	3	0	-1	-1	-1	-1	-1	-1	85	0	
104	105	87	133545	-1	耶律德	90级圣山地宫	439.829834	317.572998	35	-1	30000	-1	-1	3	0	-1	-1	-1	-1	-1	-1	90	0	
105	106	224	133546	-1	耶律勇	95级圣山地宫	440.11615	322.635529	0	-1	30000	-1	-1	3	0	-1	-1	-1	-1	-1	-1	95	0	
106	107	211	133547	-1	耶律辉	100级圣山地宫	440.971497	326.313965	2	-1	30000	-1	-1	3	0	-1	-1	-1	-1	-1	-1	100	0	
107	108	211	133548	-1	耶律宏	105级圣山地宫	441.831268	330.249573	2	-1	10000	-1	-1	3	0	-1	-1	-1	-1	-1	-1	105	0	
108	109	211	133549	-1	耶律齐	110级圣山地宫	442.913452	334.897308	4	-1	10000	-1	-1	3	0	-1	-1	-1	-1	-1	-1	110	0	
109	110	211	133551	-1	耶律图	115级圣山地宫	445.341156	338.579712	6	-1	10000	-1	-1	3	0	-1	-1	-1	-1	-1	-1	115	0	
110	111	1320	400736	-1	羌龙	图腾龙魂任务发布人	248.738297	288.232391	31	-1	10000	-1	-1	3	0	-1	-1	-1	-1	-1	-1	70	0	
111	112	444	132158	-1	海大	飞艇管理员	222.237793	271.575134	8	-1	30000	-1	-1	3	0	-1	-1	-1	-1	-1	-1	30	0	
112	113	86	132159	-1	珐琅	瀚月关商人	349.173218	419.753845	13	-1	30000	-1	-1	3	0	-1	-1	-1	-1	-1	-1	60	0	
113	114	218	132160	-1	鲁布	城东商人	375.881989	92.637703	32	-1	30000	-1	-1	3	0	-1	-1	-1	-1	-1	-1	60	0	
114	115	84	132161	-1	马柯	城西商人	121.392853	113.510643	36	-1	30000	-1	-1	3	0	-1	-1	-1	-1	-1	-1	60	0	
115	116	1115	132162	-1	刀勒	王城游商	210.650757	104.909172	0	-1	30000	-1	-1	3	0	8	-1	-1	-1	-1	-1	60	0	
116	117	167	-1	20	 		460.152039	38.657326	22	-1	10000	-1	-1	3	0	-1	-1	-1	-1	-1	-1	60	0	
117	118	196	-1	20	 		471.788635	38.100842	36	-1	10000	-1	-1	3	0	-1	-1	-1	-1	-1	-1	60	0	
118	119	188	-1	20	 		472.151215	40.57922	0	-1	10000	-1	-1	3	0	-1	-1	-1	-1	-1	-1	60	0	
119	120	4363	132082	-1	敦煌御卫		223.800095	43.426212	27	-1	1000	-1	-1	20	-1	-1	-1	-1	-1	-1	-1	60	0	
120	121	4363	132082	-1	敦煌御卫		287.006561	50.642208	9	-1	1000	-1	-1	20	-1	-1	-1	-1	-1	-1	-1	60	0	
121	122	4363	132081	-1	敦煌御卫		287.258057	43.612694	27	-1	1000	-1	-1	20	-1	-1	-1	-1	-1	-1	-1	60	0	
122	123	4363	132082	-1	敦煌御卫		223.034775	51.042831	9	-1	1000	-1	-1	20	-1	-1	-1	-1	-1	-1	-1	60	0	
123	124	4363	132083	-1	敦煌御卫		247.6008	53.793613	29	-1	1000	-1	-1	20	-1	-1	-1	-1	-1	-1	-1	60	0	
124	125	4363	132084	-1	敦煌御卫		204.398041	37.112305	23	-1	1000	-1	-1	20	-1	-1	-1	-1	-1	-1	-1	60	0	
125	126	4363	132085	-1	敦煌御卫		298.189819	68.423416	35	-1	1000	-1	-1	20	-1	-1	-1	-1	-1	-1	-1	60	0	
126	127	4363	132086	-1	敦煌御卫		261.720215	67.007988	19	-1	1000	-1	-1	20	-1	-1	-1	-1	-1	-1	-1	60	0	
127	128	4363	132087	-1	敦煌御卫		241.824936	38.843418	28	-1	1000	-1	-1	20	-1	-1	-1	-1	-1	-1	-1	60	0	
128	129	4363	132088	-1	敦煌御卫		267.896851	38.322403	26	-1	1000	-1	-1	20	-1	-1	-1	-1	-1	-1	-1	60	0	
129	130	4363	132089	-1	敦煌御卫		245.748184	55.507618	32	-1	1000	-1	-1	20	-1	-1	-1	-1	-1	-1	-1	60	0	
130	131	4363	132090	-1	敦煌御卫		263.737854	53.793613	24	-1	1000	-1	-1	20	-1	-1	-1	-1	-1	-1	-1	60	0	
131	132	4363	132091	-1	敦煌御卫		240.998947	50.681366	29	-1	1000	-1	-1	20	-1	-1	-1	-1	-1	-1	-1	60	0	
132	133	4363	132092	-1	敦煌御卫		248.705307	66.384178	35	-1	1000	-1	-1	20	-1	-1	-1	-1	-1	-1	-1	60	0	
133	134	4363	132093	-1	敦煌御卫		249.35762	203.109772	0	-1	1000	-1	-1	3	-1	-1	-1	-1	-1	-1	-1	60	0	
134	135	4363	132095	-1	敦煌御卫		264.282745	77.979568	19	-1	1000	-1	-1	20	-1	-1	-1	-1	-1	-1	-1	60	0	
135	136	4363	132096	-1	敦煌御卫		269.054016	50.642502	27	-1	1000	-1	-1	20	-1	-1	-1	-1	-1	-1	-1	60	0	
136	137	4363	132097	-1	敦煌御卫		245.090912	77.524727	35	-1	1000	-1	-1	20	-1	-1	-1	-1	-1	-1	-1	60	0	
137	138	4363	132081	-1	敦煌御卫		182.249329	114.143593	3	-1	1000	-1	-1	20	-1	-1	-1	-1	-1	-1	-1	60	0	
138	139	4363	132082	-1	敦煌御卫		246.527466	95.632965	31	-1	1000	-1	-1	20	-1	-1	-1	-1	-1	-1	-1	60	0	
139	140	4363	132083	-1	敦煌御卫		263.99707	95.957703	23	-1	1000	-1	-1	20	-1	-1	-1	-1	-1	-1	-1	60	0	
140	141	4363	132084	-1	敦煌御卫		333.258179	109.863792	13	-1	1000	-1	-1	20	-1	-1	-1	-1	-1	-1	-1	60	0	
141	142	4363	132085	-1	敦煌御卫		250.302795	221.933838	3	-1	1000	-1	-1	3	-1	-1	-1	-1	-1	-1	-1	60	0	
142	143	4363	132086	-1	敦煌御卫		228.67981	111.655685	0	-1	1000	-1	-1	20	-1	-1	-1	-1	-1	-1	-1	60	0	
143	144	4363	132087	-1	敦煌御卫		202.948288	67.188927	23	-1	1000	-1	-1	20	-1	-1	-1	-1	-1	-1	-1	60	0	
144	145	4363	132088	-1	敦煌御卫		461.45755	337.876373	12	-1	1000	-1	-1	20	-1	-1	-1	-1	-1	-1	-1	60	0	
145	146	4363	132089	-1	敦煌御卫		308.620026	61.069103	15	-1	1000	-1	-1	20	-1	-1	-1	-1	-1	-1	-1	60	0	
146	147	4363	132090	-1	敦煌御卫		361.419952	109.233643	4	-1	1000	-1	-1	20	-1	-1	-1	-1	-1	-1	-1	60	0	
147	148	4363	132091	-1	敦煌御卫		361.59729	101.818642	31	-1	1000	-1	-1	20	-1	-1	-1	-1	-1	-1	-1	60	0	
148	149	4363	132092	-1	敦煌御卫		265.742859	55.507618	22	-1	1000	-1	-1	20	-1	-1	-1	-1	-1	-1	-1	60	0	
149	150	4363	132093	-1	敦煌御卫		259.696259	230.119904	23	-1	1000	-1	-1	3	-1	-1	-1	-1	-1	-1	-1	60	0	
150	151	4363	132094	-1	敦煌御卫		250.332642	229.989426	32	-1	1000	-1	-1	3	-1	-1	-1	-1	-1	-1	-1	60	0	
151	152	4363	132095	-1	敦煌御卫		259.578217	265.881134	15	-1	1000	-1	-1	3	-1	-1	-1	-1	-1	-1	-1	60	0	
152	153	4363	132096	-1	敦煌御卫		250.77655	265.699646	3	-1	1000	-1	-1	3	-1	-1	-1	-1	-1	-1	-1	60	0	
153	154	4363	132097	-1	敦煌御卫		194.837677	67.031403	31	-1	1000	-1	-1	20	-1	-1	-1	-1	-1	-1	-1	60	0	
154	155	4363	132081	-1	敦煌御卫		249.121246	132.471939	33	-1	1000	-1	-1	20	-1	-1	-1	-1	-1	-1	-1	60	0	
155	156	4363	132082	-1	敦煌御卫		307.813232	37.254826	23	-1	1000	-1	-1	20	-1	-1	-1	-1	-1	-1	-1	60	0	
156	157	4363	132083	-1	敦煌御卫		259.561157	203.2332	18	-1	1000	-1	-1	3	-1	-1	-1	-1	-1	-1	-1	60	0	
157	158	4363	132084	-1	敦煌御卫		179.855133	111.852493	3	-1	1000	-1	-1	20	-1	-1	-1	-1	-1	-1	-1	60	0	
158	159	4363	132086	-1	敦煌御卫		307.595825	68.8601	19	-1	1000	-1	-1	20	-1	-1	-1	-1	-1	-1	-1	60	0	
159	160	4363	132087	-1	敦煌御卫		453.757324	339.520233	9	-1	1000	-1	-1	20	-1	-1	-1	-1	-1	-1	-1	60	0	
160	161	4363	132088	-1	敦煌御卫		174.334381	110.024353	5	-1	1000	-1	-1	20	-1	-1	-1	-1	-1	-1	-1	60	0	
161	162	4363	132089	-1	敦煌御卫		260.750732	132.627243	21	-1	1000	-1	-1	20	-1	-1	-1	-1	-1	-1	-1	60	0	
162	163	4363	132090	-1	敦煌御卫		248.145569	285.737518	31	-1	1000	-1	-1	3	-1	-1	-1	-1	-1	-1	-1	60	0	
163	164	4363	132091	-1	敦煌御卫		259.966187	168.410538	19	-1	1000	-1	-1	20	-1	-1	-1	-1	-1	-1	-1	60	0	
164	165	4363	132094	-1	敦煌御卫		260.455719	251.318298	21	-1	1000	-1	-1	3	-1	-1	-1	-1	-1	-1	-1	60	0	
165	166	4363	132096	-1	敦煌御卫		174.009247	100.472679	31	-1	1000	-1	-1	20	-1	-1	-1	-1	-1	-1	-1	60	0	
166	167	4363	132097	-1	敦煌御卫		245.862335	287.308441	30	-1	1000	-1	-1	3	-1	-1	-1	-1	-1	-1	-1	60	0	
167	168	4363	132091	-1	敦煌御卫		283.026459	109.927483	9	-1	1000	-1	-1	20	-1	-1	-1	-1	-1	-1	-1	60	0	
168	169	4363	132092	-1	敦煌御卫		283.387848	99.386673	27	-1	1000	-1	-1	20	-1	-1	-1	-1	-1	-1	-1	60	0	
169	170	4363	132093	-1	敦煌御卫		147.805679	109.443321	13	-1	1000	-1	-1	20	-1	-1	-1	-1	-1	-1	-1	60	0	
170	171	4363	132085	-1	敦煌御卫		250.012054	169.238251	34	-1	1000	-1	-1	20	-1	-1	-1	-1	-1	-1	-1	60	0	
171	172	4363	132085	-1	敦煌御卫		147.972153	101.955193	23	-1	1000	-1	-1	20	-1	-1	-1	-1	-1	-1	-1	60	0	
172	173	4363	132092	-1	敦煌御卫		333.315094	100.236649	23	-1	1000	-1	-1	20	-1	-1	-1	-1	-1	-1	-1	60	0	
173	174	4363	132093	-1	敦煌御卫		193.876892	36.6833	31	-1	1000	-1	-1	20	-1	-1	-1	-1	-1	-1	-1	60	0	
174	175	4363	132095	-1	敦煌御卫		260.377899	222.056961	14	-1	1000	-1	-1	3	-1	-1	-1	-1	-1	-1	-1	60	0	
175	176	4363	132137	-1	敦煌巡卫		223.527878	104.918678	0	-1	1000	-1	-1	20	-1	3	-1	-1	-1	-1	-1	60	0	
176	177	4363	132138	-1	敦煌巡卫		261.981995	214.671005	17	-1	1000	-1	-1	20	-1	1	-1	-1	-1	-1	-1	60	0	
177	178	4363	132139	-1	敦煌巡卫		229.19635	102.723541	1	-1	1000	-1	-1	20	-1	2	-1	-1	-1	-1	-1	60	0	
178	179	4363	-1	-1	敦煌御卫		265.140717	90.451424	23	-1	1000	-1	-1	20	-1	-1	-1	-1	-1	-1	-1	60	0	
179	180	4363	-1	-1	敦煌御卫		203.874207	202.903275	13	-1	1000	-1	-1	20	-1	-1	-1	-1	-1	-1	-1	60	0	
180	181	4363	-1	-1	敦煌御卫		249.292007	251.468002	32	-1	1000	-1	-1	3	-1	-1	-1	-1	-1	-1	-1	60	0	
181	182	4363	-1	-1	敦煌御卫		202.359192	184.86705	3	-1	1000	-1	-1	20	-1	-1	-1	-1	-1	-1	-1	60	0	
182	183	4363	-1	-1	敦煌御卫		245.422012	90.62738	29	-1	1000	-1	-1	20	-1	-1	-1	-1	-1	-1	-1	60	0	
183	184	4363	-1	-1	敦煌御卫		233.980286	171.292908	29	-1	1000	-1	-1	20	-1	-1	-1	-1	-1	-1	-1	60	0	
184	185	4363	-1	-1	敦煌御卫		234.05603	182.723145	7	-1	1000	-1	-1	20	-1	-1	-1	-1	-1	-1	-1	60	0	
185	186	208	138182	-1	金矿主哈尔巴拉		203.69754	391.894318	27	-1	30000	-1	-1	3	0	-1	-1	-1	-1	-1	-1	60	0	
186	187	1101	138161	-1	格根哈斯	金矿洞卫队长	214.527679	396.250641	24	-1	30000	-1	-1	3	0	-1	-1	-1	-1	-1	-1	60	0	
187	188	2	138160	-1	根格里苏	监工	197.028366	401.874298	22	-1	30000	-1	-1	3	0	-1	-1	-1	-1	-1	-1	60	0	
188	189	4	138185	-1	工头萨鲁		205.786774	391.113708	24	-1	30000	-1	-1	3	0	-1	-1	-1	-1	-1	-1	60	0	
189	190	4	138189	-1	工头宝力		207.735565	412.873535	24	-1	30000	-1	-1	3	0	-1	-1	-1	-1	-1	-1	60	0	
190	191	1100	138162	-1	金矿洞卫兵		222.495743	405.864197	28	-1	30000	-1	-1	3	0	-1	-1	-1	-1	-1	-1	60	0	
191	192	1100	138163	-1	金矿洞卫兵		223.026199	420.372162	4	-1	30000	-1	-1	3	0	-1	-1	-1	-1	-1	-1	60	0	
192	193	4	138183	-1	惊慌的矿工		217.653091	397.490021	14	-1	30000	-1	-1	3	0	-1	-1	-1	-1	-1	-1	60	0	
193	194	4	138184	-1	惊慌的矿工		217.613159	395.655243	18	-1	30000	-1	-1	3	0	-1	-1	-1	-1	-1	-1	60	0	
194	195	4	138188	-1	受伤的矿工		216.52388	388.906586	26	-1	30000	-1	-1	3	0	-1	-1	-1	-1	-1	-1	60	0	
195	196	4	138156	-1	矿工		190.019028	408.494446	6	-1	30000	-1	-1	3	0	-1	-1	-1	-1	-1	-1	60	0	
196	197	4	138157	-1	矿工		188.224686	402.381195	27	-1	30000	-1	-1	3	0	-1	-1	-1	-1	-1	-1	60	0	
197	198	4	138158	-1	矿工		205.787796	418.787811	18	-1	30000	-1	-1	3	0	-1	-1	-1	-1	-1	-1	60	0	
198	199	4	138159	-1	矿工		203.205185	413.199463	27	-1	30000	-1	-1	3	0	-1	-1	-1	-1	-1	-1	60	0	
199	200	71	138190	-1	托娅		270.559326	344.100433	34	-1	30000	-1	-1	3	0	-1	-1	-1	-1	-1	-1	60	0	
200	201	16	138191	-1	郭守业	大元官员	278.003998	58.908592	18	-1	30000	-1	-1	3	0	-1	-1	-1	-1	-1	-1	60	0	
201	202	46	138517	-1	阿塔儿	群牧监	231.769638	61.583572	35	-1	30000	-1	-1	3	0	-1	-1	-1	-1	-1	-1	60	0	
202	203	47	138518	-1	忽秃鲁	司农监	231.389145	57.649395	35	-1	30000	-1	-1	3	0	-1	-1	-1	-1	-1	-1	60	0	
203	204	75	138519	-1	赤不花	大司政	234.750198	65.306175	9	-1	30000	-1	-1	3	0	-1	-1	-1	-1	-1	-1	60	0	
204	205	7	138108	-1	巴根		116.480324	346.708008	11	-1	30000	-1	-1	3	0	-1	-1	-1	-1	-1	-1	60	0	
205	206	85	138126	-1	巴穆特		128.66452	346.423553	9	-1	30000	-1	-1	3	0	-1	-1	-1	-1	-1	-1	60	0	
206	207	73	138110	-1	卓玛		112.895126	344.58783	33	-1	30000	-1	-1	3	0	-1	-1	-1	-1	-1	-1	60	0	
207	208	224	138166	-1	术忽台	赤老温家族	343.614929	391.983002	19	-1	30000	-1	-1	3	0	-1	-1	-1	-1	-1	-1	60	0	
208	209	153	138167	-1	呼和	赤老温家族	342.151245	388.602234	27	-1	30000	-1	-1	3	0	-1	-1	-1	-1	-1	-1	60	0	
209	210	153	138168	-1	巴图	赤老温家族	347.534363	392.248901	19	-1	30000	-1	-1	3	0	-1	-1	-1	-1	-1	-1	60	0	
210	211	152	138187	-1	乌恩其	赤老温家族	363.645935	412.500397	22	-1	30000	-1	-1	3	0	-1	-1	-1	-1	-1	-1	60	0	
211	212	152	138180	-1	赤老温家族卫士		319.150696	376.492462	26	-1	30000	-1	-1	3	0	-1	-1	-1	-1	-1	-1	60	0	
212	213	152	138181	-1	赤老温家族卫士		313.347595	381.99234	35	-1	30000	-1	-1	3	0	-1	-1	-1	-1	-1	-1	60	0	
213	214	153	138111	-1	赛罕	博尔术家族	80.716736	285.910095	31	-1	30000	-1	-1	3	0	-1	-1	-1	-1	-1	-1	60	0	
214	215	153	138127	-1	木图	博尔术家族	78.506165	293.671661	35	-1	30000	-1	-1	3	0	-1	-1	-1	-1	-1	-1	60	0	
215	216	153	138112	-1	乌力罕	木华黎家族	284.635986	329.024994	23	-1	30000	-1	-1	3	0	-1	-1	-1	-1	-1	-1	60	0	
216	217	153	138155	-1	乌恩	木华黎家族	278.715027	332.894897	0	-1	30000	-1	-1	3	0	-1	-1	-1	-1	-1	-1	60	0	
217	218	153	138254	-1	察鲁	木华黎家族	384.415009	70.838203	32	-1	30000	-1	-1	3	0	-1	-1	-1	-1	-1	-1	30	0	
218	219	153	138266	-1	速和	木华黎家族	363.043457	296.732971	0	-1	30000	-1	-1	3	0	-1	-1	-1	-1	-1	-1	30	0	
219	220	153	138267	-1	速罕	木华黎家族	352.774048	287.068848	1	-1	30000	-1	-1	3	0	-1	-1	-1	-1	-1	-1	30	0	
220	221	47	138256	-1	忽林池	木华黎家族	353.898621	285.574585	33	-1	30000	-1	-1	3	0	-1	-1	-1	-1	-1	-1	30	0	
221	222	153	138276	-1	坎木	木华黎家族	362.494293	283.815094	8	-1	30000	-1	-1	3	0	-1	-1	-1	-1	-1	-1	30	0	
222	223	5	138083	-1	耶律闵	耶律楚材家族	49.267715	142.732132	35	-1	30000	-1	-1	3	0	-1	-1	-1	-1	-1	-1	30	0	
223	224	16	138084	-1	耶律让	耶律楚材家族	53.518021	138.210739	27	-1	30000	-1	-1	3	0	-1	-1	-1	-1	-1	-1	30	0	
224	225	87	138602	-1	耶律伟奇	耶律楚材家族	61.620029	170.958878	1	-1	30000	-1	-1	3	0	-1	-1	-1	-1	-1	-1	30	0	
225	226	46	138611	-1	托里图	博尔术家族	92.488289	317.306183	14	-1	30000	-1	-1	3	0	-1	-1	-1	-1	-1	-1	30	0	
226	227	46	138613	-1	忽尔阔出	博尔术家族	79.591766	316.953186	2	-1	30000	-1	-1	3	0	-1	-1	-1	-1	-1	-1	30	0	
227	228	47	138617	-1	吉吉不哥	博尔术家族	82.586548	315.38855	6	-1	30000	-1	-1	3	0	-1	-1	-1	-1	-1	-1	30	0	
228	229	88	138113	-1	巴拉		70.42984	131.216736	26	-1	30000	-1	-1	3	0	-1	-1	-1	-1	-1	-1	60	0	
229	230	48	138114	-1	阿木尔		63.142925	174.755402	3	-1	30000	-1	-1	3	0	-1	-1	-1	-1	-1	-1	60	0	
230	231	33	138115	-1	乌克		64.084541	187.982788	3	-1	30000	-1	-1	3	0	-1	-1	-1	-1	-1	-1	60	0	
231	232	6	138117	-1	阿木古郎	灯塔村村长	215.774261	473.269897	11	-1	1000	-1	-1	3	0	-1	-1	-1	-1	-1	-1	60	0	
232	233	203	138118	-1	卡木	灯塔卫队长	219.586761	463.949188	30	-1	30000	-1	-1	3	0	-1	-1	-1	-1	-1	-1	60	0	
233	234	2	138121	-1	铁汉	灯塔村村民	204.582809	469.199219	0	-1	30000	-1	-1	3	0	-1	-1	-1	-1	-1	-1	60	0	
234	235	19	138120	-1	娜娅		219.323792	471.695801	18	-1	30000	-1	-1	3	0	-1	-1	-1	-1	-1	-1	60	0	
235	236	76	138123	-1	马可波罗	大元和亲使	277.911743	63.545624	18	-1	30000	-1	-1	3	0	-1	-1	-1	-1	-1	-1	60	0	
236	237	58	138154	-1	乌玛		271.981354	345.629181	6	-1	30000	-1	-1	3	0	-1	-1	-1	-1	-1	-1	60	0	
237	238	61	138164	-1	乌兰图娅		333.60318	416.805664	2	-1	30000	-1	-1	3	0	-1	-1	-1	-1	-1	-1	60	0	
238	239	92	138165	-1	乌吉斯格朗	乌兰图娅的庶母	339.161621	421.113281	5	-1	30000	-1	-1	3	0	-1	-1	-1	-1	-1	-1	60	0	
239	240	444	138169	-1	长者乌合		342.132751	390.835571	28	-1	30000	-1	-1	3	0	-1	-1	-1	-1	-1	-1	60	0	
240	241	2	138170	-1	乌猛		336.022217	382.116119	26	-1	30000	-1	-1	3	0	-1	-1	-1	-1	-1	-1	60	0	
241	242	30	138171	-1	乌兰		328.84903	379.465515	22	-1	30000	-1	-1	3	0	-1	-1	-1	-1	-1	-1	60	0	
242	243	21	138172	-1	娜娜		336.135376	403.740967	6	-1	30000	-1	-1	3	0	-1	-1	-1	-1	-1	-1	60	0	
243	244	22	138173	-1	乌虎		337.103119	401.240356	31	-1	30000	-1	-1	3	0	-1	-1	-1	-1	-1	-1	60	0	
244	245	39	138252	-1	买买提	回鹘商人	396.129364	93.868225	20	-1	30000	-1	-1	3	0	-1	-1	-1	-1	-1	-1	30	0	
245	246	37	138253	-1	买买提的随从		397.666595	92.272141	22	-1	30000	-1	-1	3	0	-1	-1	-1	-1	-1	-1	30	0	
246	247	122	138259	-1	金帐汗国护卫		355.220734	272.029694	12	-1	30000	-1	-1	3	0	-1	-1	-1	-1	-1	-1	30	0	
247	248	122	138260	-1	金帐汗国护卫		352.74115	272.558563	8	-1	30000	-1	-1	3	0	-1	-1	-1	-1	-1	-1	30	0	
248	249	79	138261	-1	斯特林	金帐汗国使团	353.368073	270.098236	12	-1	30000	-1	-1	3	0	-1	-1	-1	-1	-1	-1	30	0	
249	250	4	138262	-1	农夫桂恒		375.078308	268.87912	18	-1	30000	-1	-1	3	0	-1	-1	-1	-1	-1	-1	30	0	
250	251	1101	138263	-1	驿丞穆合		385.606812	72.91246	30	-1	30000	-1	-1	3	0	-1	-1	-1	-1	-1	-1	30	0	
251	252	33	138264	-1	桂小坏		409.876862	340.968048	27	-1	30000	-1	-1	2	0	-1	-1	-1	-1	-1	-1	30	0	
252	253	92	138258	-1	老妇人柯玛		410.753021	346.81781	18	-1	30000	-1	-1	3	0	-1	-1	-1	-1	-1	-1	30	0	
253	254	87	138270	-1	拉木尔	大牧场主	359.548737	277.22467	0	-1	30000	-1	-1	3	0	-1	-1	-1	-1	-1	-1	30	0	
254	255	88	138271	-1	盘力	牧场看守人	401.211548	329.351288	11	-1	30000	-1	-1	3	0	-1	-1	-1	-1	-1	-1	30	0	
255	256	138	-1	-1	商队护卫		396.806854	90.156799	18	-1	30000	-1	-1	3	0	-1	-1	-1	-1	-1	-1	30	0	
256	257	138	-1	-1	商队护卫		395.770569	100.131042	18	-1	30000	-1	-1	3	0	-1	-1	-1	-1	-1	-1	30	0	
257	258	85	138651	-1	都都尔		351.786011	241.722	31	-1	30000	-1	-1	3	0	-1	-1	-1	-1	-1	-1	30	0	
258	259	61	138653	-1	兰琪格		365.466461	188.322327	0	-1	30000	-1	-1	3	0	-1	-1	-1	-1	-1	-1	30	0	
259	260	48	138654	-1	阿勒和		381.118866	87.45932	29	-1	30000	-1	-1	3	0	-1	-1	-1	-1	-1	-1	30	0	
260	261	86	138605	-1	多多尔朵	药材贩子	72.094147	144.466949	18	-1	30000	-1	-1	3	0	-1	-1	-1	-1	-1	-1	30	0	
261	262	62	138607	-1	娜姬古尔		49.599876	140.217865	32	-1	30000	-1	-1	3	0	-1	-1	-1	-1	-1	-1	30	0	
262	263	93	138608	-1	朵儿图	牧羊人	61.850197	130.700134	35	-1	30000	-1	-1	3	0	-1	-1	-1	-1	-1	-1	30	0	
263	264	12006	138609	-1	帖木赫	王城防务军校尉	91.914871	99.46611	22	-1	30000	-1	-1	3	0	-1	-1	-1	-1	-1	-1	30	0	
264	265	39	138610	-1	别勒台勒		78.617569	159.188263	30	-1	30000	-1	-1	3	0	-1	-1	-1	-1	-1	-1	30	0	
265	266	58	138623	-1	塔娅		340.606476	404.495209	20	-1	30000	-1	-1	3	0	-1	-1	-1	-1	-1	-1	30	0	
266	267	74	138627	-1	黛莉丝		88.534828	317.127441	12	-1	30000	-1	-1	3	0	-1	-1	-1	-1	-1	-1	30	0	
267	268	91	138628	-1	赌徒阿克莫		346.435059	422.883881	11	-1	30000	-1	-1	3	0	-1	-1	-1	-1	-1	-1	30	0	
268	269	60	138629	-1	呼帖格	逃难人	266.099823	431.774963	16	-1	30000	-1	-1	3	0	-1	-1	-1	-1	-1	-1	30	0	
269	270	57	138630	-1	阿次尔格	逃难人	263.517883	428.773926	26	-1	30000	-1	-1	3	0	-1	-1	-1	-1	-1	-1	30	0	
270	271	83	138632	-1	浑呼	逃难人	273.912689	434.567688	24	-1	30000	-1	-1	3	0	-1	-1	-1	-1	-1	-1	30	0	
271	272	88	138637	-1	牧场看守人		400.528015	300.559998	19	-1	30000	-1	-1	3	0	-1	-1	-1	-1	-1	-1	30	0	
272	273	93	138636	-1	放牧人		377.689758	262.966858	14	-1	30000	-1	-1	3	0	-1	-1	-1	-1	-1	-1	30	0	
273	274	39	138642	-1	包尔汗随从		377.952148	115.677109	7	-1	30000	-1	-1	3	0	-1	-1	-1	-1	-1	-1	30	0	
274	275	52	138643	-1	包尔汗		377.51944	113.712372	3	-1	30000	-1	-1	3	0	-1	-1	-1	-1	-1	-1	30	0	
275	276	4363	132137	-1	敦煌巡卫		196.772003	135.464996	0	-1	1000	-1	-1	20	-1	4	-1	-1	-1	-1	-1	60	0	
276	277	4363	132138	-1	敦煌巡卫		226.376007	171.436005	17	-1	1000	-1	-1	20	-1	5	-1	-1	-1	-1	-1	60	0	
277	278	4363	132139	-1	敦煌巡卫		317.568848	174.927185	1	-1	1000	-1	-1	20	-1	6	-1	-1	-1	-1	-1	60	0	
278	279	4363	132139	-1	敦煌巡卫		296.19696	141.110168	1	-1	1000	-1	-1	20	-1	7	-1	-1	-1	-1	-1	60	0	
279	280	224	132154	-1	阿鲁图	运镖回复人	237	445.069183	0	-1	1000	-1	-1	3	0	-1	-1	-1	-1	-1	-1	50	0	
280	281	4316	-1	20	敦煌卫兵		237	449	5	0	10000	-1	-1	20	0	-1	-1	-1	-1	-1	-1	60	0	
281	282	4316	-1	20	敦煌卫兵		234	442	4	0	10000	-1	-1	20	0	-1	-1	-1	-1	-1	-1	60	0	
282	283	21024	540000	-1	酒帆	酒坊老板	186.682022	129.569977	36	-1	30000	-1	-1	3	0	-1	-1	-1	-1	-1	-1	60	0	
283	284	21287	540001	-1	李大福	果农	222.451935	142.164398	8	-1	30000	-1	-1	3	0	-1	-1	-1	-1	-1	-1	60	0	
284	285	21062	540002	-1	刘婆婆		198.990997	144.32045	22	-1	30000	-1	-1	3	0	-1	-1	-1	-1	-1	-1	60	0	
285	286	22364	540003	-1	乌娜		198.031693	146.499496	8	-1	30000	-1	-1	3	0	-1	-1	-1	-1	-1	-1	60	0	
286	287	21510	540004	-1	苏日娜		315.237183	138.156586	28	-1	30000	-1	-1	3	0	-1	-1	-1	-1	-1	-1	60	0	
287	288	21193	540005	-1	耿至善	私塾先生	231.142624	156.840378	36	-1	30000	-1	-1	3	0	-1	-1	-1	-1	-1	-1	60	0	
288	289	22372	540006	-1	鬼运算元	算命先生	213.433472	160.866837	20	-1	30000	-1	-1	3	0	-1	-1	-1	-1	-1	-1	60	0	
289	290	22320	540007	-1	崔嬷嬷	含香楼	246	193	3	-1	30000	-1	-1	3	0	-1	-1	-1	-1	-1	-1	60	0	
290	291	21736	540008	-1	阿古达木		314.221191	192.805573	10	-1	30000	-1	-1	3	0	-1	-1	-1	-1	-1	-1	60	0	
291	292	21735	540009	-1	赵王爷		307.038483	206.182449	16	-1	30000	-1	-1	3	0	-1	-1	-1	-1	-1	-1	60	0	
292	293	21085	540010	-1	柯敏郡主		311.929901	193.35527	8	-1	30000	-1	-1	3	0	-1	-1	-1	-1	-1	-1	60	0	
293	294	22324	540011	-1	乌兰图娅	王妃	306.925079	208.386185	15	-1	30000	-1	-1	3	0	-1	-1	-1	-1	-1	-1	60	0	
294	295	22374	540012	-1	小英	丫鬟	310.548859	194.067032	6	-1	30000	-1	-1	3	0	-1	-1	-1	-1	-1	-1	60	0	
295	296	22343	540013	-1	张牧	马夫	309.651215	119.127136	14	-1	30000	-1	-1	3	0	-1	-1	-1	-1	-1	-1	60	0	
296	297	21357	540014	-1	李和良	鱼贩子	303.835327	162.849228	31	-1	30000	-1	-1	3	0	-1	-1	-1	-1	-1	-1	60	0	
297	298	21285	540015	-1	孙归邈	药农	274.823761	157.970749	18	-1	30000	-1	-1	3	0	-1	-1	-1	-1	-1	-1	60	0	
298	299	22372	540016	-1	廖先生	郎中	294.107391	118.74556	9	-1	30000	-1	-1	3	0	-1	-1	-1	-1	-1	-1	60	0	
299	300	22119	540017	-1	卓力格图	古董商	294.499512	168.031158	28	-1	30000	-1	-1	3	0	-1	-1	-1	-1	-1	-1	60	0	
300	301	21465	540018	-1	美玉	富家小姐	259.368774	178.220352	19	-1	30000	-1	-1	3	0	-1	-1	-1	-1	-1	-1	60	0	
301	302	22373	540019	-1	铃兰		227.571091	214.948456	10	-1	30000	-1	-1	3	0	-1	-1	-1	-1	-1	-1	60	0	
302	303	22385	-1	-1	  	 	316.022217	194.138138	12	-1	30000	-1	-1	3	0	-1	-1	-1	-1	-1	-1	60	0	
303	304	21031	540020	-1	巴图	商人	246.646973	191.645172	0	-1	30000	-1	-1	3	0	-1	-1	-1	-1	-1	-1	60	0	
304	305	21732	540021	-1	朝鲁	商人	274.589264	169.816467	11	-1	30000	-1	-1	3	0	-1	-1	-1	-1	-1	-1	60	0	
305	306	22591	540022	-1	古怪的乞丐		203.430496	154.575867	30	-1	30000	-1	-1	3	0	-1	-1	-1	-1	-1	-1	60	0	
306	307	22337	540023	-1	王甫		226.823135	122.6325	32	-1	30000	-1	-1	3	0	-1	-1	-1	-1	-1	-1	60	0	
307	308	22371	540024	-1	白璞	书生	227.491714	130.211334	4	-1	30000	-1	-1	3	0	-1	-1	-1	-1	-1	-1	60	0	
308	309	2422	-1	21	马栏坡响匪		419.026855	181.297638	0	0	10000	-1	-1	1	0	-1	-1	-1	-1	-1	-1	79	0	
309	310	2422	-1	21	马栏坡响匪		420.131195	179.141525	0	0	10000	-1	-1	1	0	-1	-1	-1	-1	-1	-1	79	0	
310	311	2422	-1	21	马栏坡响匪		418.645874	179.42923	0	0	10000	-1	-1	1	0	-1	-1	-1	-1	-1	-1	79	0	
311	312	2422	-1	21	马栏坡响匪		418.790314	177.813095	0	0	10000	-1	-1	1	0	-1	-1	-1	-1	-1	-1	79	0	
312	313	2422	-1	21	马栏坡响匪		417.345032	180.212463	0	0	10000	-1	-1	1	0	-1	-1	-1	-1	-1	-1	79	0	
313	314	2422	-1	21	马栏坡响匪		449.761932	180.263657	0	0	10000	-1	-1	1	0	-1	-1	-1	-1	-1	-1	79	0	
314	315	2422	-1	21	马栏坡响匪		447.700256	178.73317	0	0	10000	-1	-1	1	0	-1	-1	-1	-1	-1	-1	79	0	
315	316	2422	-1	21	马栏坡响匪		447.579132	177.228729	0	0	10000	-1	-1	1	0	-1	-1	-1	-1	-1	-1	79	0	
316	317	2422	-1	21	马栏坡响匪		448.649658	176.294327	0	0	10000	-1	-1	1	0	-1	-1	-1	-1	-1	-1	79	0	
317	318	2422	-1	21	马栏坡响匪		449.994446	177.925308	0	0	10000	-1	-1	1	0	-1	-1	-1	-1	-1	-1	79	0	
318	319	2422	-1	21	马栏坡响匪		466.287262	147.575653	0	0	10000	-1	-1	1	0	-1	-1	-1	-1	-1	-1	79	0	
319	320	2422	-1	21	马栏坡响匪		466.365112	145.81311	0	0	10000	-1	-1	1	0	-1	-1	-1	-1	-1	-1	79	0	
320	321	2422	-1	21	马栏坡响匪		464.899414	147.199783	0	0	10000	-1	-1	1	0	-1	-1	-1	-1	-1	-1	79	0	
321	322	2422	-1	21	马栏坡响匪		465.490906	149.074875	0	0	10000	-1	-1	1	0	-1	-1	-1	-1	-1	-1	79	0	
322	323	2422	-1	21	马栏坡响匪		464.610382	145.352737	0	0	10000	-1	-1	1	0	-1	-1	-1	-1	-1	-1	79	0	
323	324	2422	-1	21	马栏坡响匪		458.625183	119.130257	0	0	10000	-1	-1	1	0	-1	-1	-1	-1	-1	-1	79	0	
324	325	2422	-1	21	马栏坡响匪		457.456665	120.191063	0	0	10000	-1	-1	1	0	-1	-1	-1	-1	-1	-1	79	0	
325	326	2422	-1	21	马栏坡响匪		456.89444	118.11306	0	0	10000	-1	-1	1	0	-1	-1	-1	-1	-1	-1	79	0	
326	327	2422	-1	21	马栏坡响匪		455.689362	119.897064	0	0	10000	-1	-1	1	0	-1	-1	-1	-1	-1	-1	79	0	
327	328	2422	-1	21	马栏坡响匪		455.745392	121.407898	0	0	10000	-1	-1	1	0	-1	-1	-1	-1	-1	-1	79	0	
328	329	2422	-1	21	马栏坡响匪		436.069397	100.330055	0	0	10000	-1	-1	1	0	-1	-1	-1	-1	-1	-1	79	0	
329	330	2422	-1	21	马栏坡响匪		435.946106	103.461983	0	0	10000	-1	-1	1	0	-1	-1	-1	-1	-1	-1	79	0	
330	331	2422	-1	21	马栏坡响匪		434.942017	102.37294	0	0	10000	-1	-1	1	0	-1	-1	-1	-1	-1	-1	79	0	
331	332	2422	-1	21	马栏坡响匪		433.915466	101.20549	0	0	10000	-1	-1	1	0	-1	-1	-1	-1	-1	-1	79	0	
332	333	2422	-1	21	马栏坡响匪		433.95575	103.680389	0	0	10000	-1	-1	1	0	-1	-1	-1	-1	-1	-1	79	0	
333	334	2422	-1	21	马栏坡响匪		434.538116	132.295166	0	0	10000	-1	-1	1	0	-1	-1	-1	-1	-1	-1	79	0	
334	335	2422	-1	21	马栏坡响匪		434.50473	131.003983	0	0	10000	-1	-1	1	0	-1	-1	-1	-1	-1	-1	79	0	
335	336	2422	-1	21	马栏坡响匪		434.4729	129.432373	0	0	10000	-1	-1	1	0	-1	-1	-1	-1	-1	-1	79	0	
336	337	2422	-1	21	马栏坡响匪		433.03064	131.248703	0	0	10000	-1	-1	1	0	-1	-1	-1	-1	-1	-1	79	0	
337	338	2422	-1	21	马栏坡响匪		432.838318	129.353287	0	0	10000	-1	-1	1	0	-1	-1	-1	-1	-1	-1	79	0	
338	339	2422	-1	21	马栏坡响匪		437.249939	159.601532	0	0	10000	-1	-1	1	0	-1	-1	-1	-1	-1	-1	79	0	
339	340	2422	-1	21	马栏坡响匪		438.765808	158.06366	0	0	10000	-1	-1	1	0	-1	-1	-1	-1	-1	-1	79	0	
340	341	2422	-1	21	马栏坡响匪		436.239563	157.280167	0	0	10000	-1	-1	1	0	-1	-1	-1	-1	-1	-1	79	0	
341	342	2422	-1	21	马栏坡响匪		436.742096	156.055328	0	0	10000	-1	-1	1	0	-1	-1	-1	-1	-1	-1	79	0	
342	343	2422	-1	21	马栏坡响匪		434.632172	158.367981	0	0	10000	-1	-1	1	0	-1	-1	-1	-1	-1	-1	79	0	
343	344	2422	-1	21	马栏坡响匪		410.525421	141.925644	0	0	10000	-1	-1	1	0	-1	-1	-1	-1	-1	-1	79	0	
344	345	2422	-1	21	马栏坡响匪		412.208496	143.337418	0	0	10000	-1	-1	1	0	-1	-1	-1	-1	-1	-1	79	0	
345	346	2422	-1	21	马栏坡响匪		412.147064	142.095123	0	0	10000	-1	-1	1	0	-1	-1	-1	-1	-1	-1	79	0	
346	347	2422	-1	21	马栏坡响匪		411.61319	141.269821	0	0	10000	-1	-1	1	0	-1	-1	-1	-1	-1	-1	79	0	
347	348	2422	-1	21	马栏坡响匪		413.301117	140.873871	0	0	10000	-1	-1	1	0	-1	-1	-1	-1	-1	-1	79	0	
348	349	2422	-1	21	马栏坡响匪		419.228882	113.471725	0	0	10000	-1	-1	1	0	-1	-1	-1	-1	-1	-1	79	0	
349	350	2422	-1	21	马栏坡响匪		417.669189	114.225578	0	0	10000	-1	-1	1	0	-1	-1	-1	-1	-1	-1	79	0	
350	351	2422	-1	21	马栏坡响匪		419.00473	114.961143	0	0	10000	-1	-1	1	0	-1	-1	-1	-1	-1	-1	79	0	
351	352	2422	-1	21	马栏坡响匪		421.096161	113.792282	0	0	10000	-1	-1	1	0	-1	-1	-1	-1	-1	-1	79	0	
352	353	2422	-1	21	马栏坡响匪		420.426605	112.106537	0	0	10000	-1	-1	1	0	-1	-1	-1	-1	-1	-1	79	0	
353	354	2422	-1	21	马栏坡响匪		406.598511	197.252609	0	0	10000	-1	-1	1	0	-1	-1	-1	-1	-1	-1	79	0	
354	355	2422	-1	21	马栏坡响匪		407.825775	195.747528	0	0	10000	-1	-1	1	0	-1	-1	-1	-1	-1	-1	79	0	
355	356	2422	-1	21	马栏坡响匪		406.842804	195.591766	0	0	10000	-1	-1	1	0	-1	-1	-1	-1	-1	-1	79	0	
356	357	2422	-1	21	马栏坡响匪		408.434479	193.231201	0	0	10000	-1	-1	1	0	-1	-1	-1	-1	-1	-1	79	0	
357	358	2422	-1	21	马栏坡响匪		406.318909	194.6604	0	0	10000	-1	-1	1	0	-1	-1	-1	-1	-1	-1	79	0	
358	359	2426	-1	21	马栏坡响匪头子		435.651001	159.163406	0	0	10000	-1	-1	1	0	-1	-1	-1	-1	-1	-1	79	0	
359	360	2423	-1	21	草原牧霸		393.254333	320.031708	0	0	10000	-1	-1	1	0	-1	-1	-1	-1	-1	-1	79	0	
360	361	2423	-1	21	草原牧霸		394.299713	318.034088	0	0	10000	-1	-1	1	0	-1	-1	-1	-1	-1	-1	79	0	
361	362	2423	-1	21	草原牧霸		393.030243	318.18219	0	0	10000	-1	-1	1	0	-1	-1	-1	-1	-1	-1	79	0	
362	363	2423	-1	21	草原牧霸		393.61731	317.272675	0	0	10000	-1	-1	1	0	-1	-1	-1	-1	-1	-1	79	0	
363	364	2423	-1	21	草原牧霸		392.034302	318.449097	0	0	10000	-1	-1	1	0	-1	-1	-1	-1	-1	-1	79	0	
364	365	2423	-1	21	草原牧霸		373.471222	330.028809	0	0	10000	-1	-1	1	0	-1	-1	-1	-1	-1	-1	79	0	
365	366	2423	-1	21	草原牧霸		373.996826	328.16333	0	0	10000	-1	-1	1	0	-1	-1	-1	-1	-1	-1	79	0	
366	367	2423	-1	21	草原牧霸		376.048645	330.397888	0	0	10000	-1	-1	1	0	-1	-1	-1	-1	-1	-1	79	0	
367	368	2423	-1	21	草原牧霸		374.404144	330.13089	0	0	10000	-1	-1	1	0	-1	-1	-1	-1	-1	-1	79	0	
368	369	2423	-1	21	草原牧霸		375.782898	328.243958	0	0	10000	-1	-1	1	0	-1	-1	-1	-1	-1	-1	79	0	
369	370	2423	-1	21	草原牧霸		399.524994	282.960999	0	0	10000	-1	-1	1	0	-1	-1	-1	-1	-1	-1	79	0	
370	371	2423	-1	21	草原牧霸		399.015259	284.587219	0	0	10000	-1	-1	1	0	-1	-1	-1	-1	-1	-1	79	0	
371	372	2423	-1	21	草原牧霸		398.047668	283.623352	0	0	10000	-1	-1	1	0	-1	-1	-1	-1	-1	-1	79	0	
372	373	2423	-1	21	草原牧霸		398.110413	284.488403	0	0	10000	-1	-1	1	0	-1	-1	-1	-1	-1	-1	79	0	
373	374	2423	-1	21	草原牧霸		397.842468	286.833984	0	0	10000	-1	-1	1	0	-1	-1	-1	-1	-1	-1	79	0	
374	375	2423	-1	21	草原牧霸		377.756805	285.571838	0	0	10000	-1	-1	1	0	-1	-1	-1	-1	-1	-1	79	0	
375	376	2423	-1	21	草原牧霸		377.06546	287.140045	0	0	10000	-1	-1	1	0	-1	-1	-1	-1	-1	-1	79	0	
376	377	2423	-1	21	草原牧霸		378.030518	287.658325	0	0	10000	-1	-1	1	0	-1	-1	-1	-1	-1	-1	79	0	
377	378	2423	-1	21	草原牧霸		378.861908	287.125763	0	0	10000	-1	-1	1	0	-1	-1	-1	-1	-1	-1	79	0	
378	379	2423	-1	21	草原牧霸		378.704193	286.546051	0	0	10000	-1	-1	1	0	-1	-1	-1	-1	-1	-1	79	0	
379	380	2423	-1	21	草原牧霸		386.517883	300.259308	0	0	10000	-1	-1	1	0	-1	-1	-1	-1	-1	-1	79	0	
380	381	2423	-1	21	草原牧霸		385.050751	300.650696	0	0	10000	-1	-1	1	0	-1	-1	-1	-1	-1	-1	79	0	
381	382	2423	-1	21	草原牧霸		386.031921	298.329712	0	0	10000	-1	-1	1	0	-1	-1	-1	-1	-1	-1	79	0	
382	383	2423	-1	21	草原牧霸		384.120941	299.19635	0	0	10000	-1	-1	1	0	-1	-1	-1	-1	-1	-1	79	0	
383	384	2423	-1	21	草原牧霸		384.760925	297.786774	0	0	10000	-1	-1	1	0	-1	-1	-1	-1	-1	-1	79	0	
384	385	2423	-1	21	草原牧霸		375.689911	309.238983	0	0	10000	-1	-1	1	0	-1	-1	-1	-1	-1	-1	79	0	
385	386	2423	-1	21	草原牧霸		375.991943	307.533569	0	0	10000	-1	-1	1	0	-1	-1	-1	-1	-1	-1	79	0	
386	387	2423	-1	21	草原牧霸		374.222076	308.947906	0	0	10000	-1	-1	1	0	-1	-1	-1	-1	-1	-1	79	0	
387	388	2423	-1	21	草原牧霸		375.145905	307.409821	0	0	10000	-1	-1	1	0	-1	-1	-1	-1	-1	-1	79	0	
388	389	2423	-1	21	草原牧霸		391.04306	272.001434	0	0	10000	-1	-1	1	0	-1	-1	-1	-1	-1	-1	79	0	
389	390	2423	-1	21	草原牧霸		373.766052	307.202026	0	0	10000	-1	-1	1	0	-1	-1	-1	-1	-1	-1	79	0	
390	391	2423	-1	21	草原牧霸		390.102936	273.53595	0	0	10000	-1	-1	1	0	-1	-1	-1	-1	-1	-1	79	0	
391	392	2423	-1	21	草原牧霸		391.230164	273.133667	0	0	10000	-1	-1	1	0	-1	-1	-1	-1	-1	-1	79	0	
392	393	2423	-1	21	草原牧霸		389.348755	272.553192	0	0	10000	-1	-1	1	0	-1	-1	-1	-1	-1	-1	79	0	
393	394	2423	-1	21	草原牧霸		390.127533	271.506409	0	0	10000	-1	-1	1	0	-1	-1	-1	-1	-1	-1	79	0	
394	395	2427	-1	21	草原牧霸头领		388.187042	298.867798	0	0	10000	-1	-1	1	0	-1	-1	-1	-1	-1	-1	79	0	
395	396	2424	-1	21	猎獾		177.586304	366.451996	0	0	10000	-1	-1	1	0	-1	-1	-1	-1	-1	-1	79	0	
396	397	2424	-1	21	猎獾		175.595398	365.350281	0	0	10000	-1	-1	1	0	-1	-1	-1	-1	-1	-1	79	0	
397	398	2424	-1	21	猎獾		175.469894	367.751038	0	0	10000	-1	-1	1	0	-1	-1	-1	-1	-1	-1	79	0	
398	399	2424	-1	21	猎獾		174.809021	366.515289	0	0	10000	-1	-1	1	0	-1	-1	-1	-1	-1	-1	79	0	
399	400	2424	-1	21	猎獾		176.710999	364.406799	0	0	10000	-1	-1	1	0	-1	-1	-1	-1	-1	-1	79	0	
400	401	2424	-1	21	猎獾		185.429428	352.483978	0	0	10000	-1	-1	1	0	-1	-1	-1	-1	-1	-1	79	0	
401	402	2424	-1	21	猎獾		185.343079	354.053589	0	0	10000	-1	-1	1	0	-1	-1	-1	-1	-1	-1	79	0	
402	403	2424	-1	21	猎獾		188.841873	352.023926	0	0	10000	-1	-1	1	0	-1	-1	-1	-1	-1	-1	79	0	
403	404	2424	-1	21	猎獾		187.846466	353.302399	0	0	10000	-1	-1	1	0	-1	-1	-1	-1	-1	-1	79	0	
404	405	2424	-1	21	猎獾		188.151062	355.040161	0	0	10000	-1	-1	1	0	-1	-1	-1	-1	-1	-1	79	0	
405	406	2424	-1	21	猎獾		188.951614	374.214783	0	0	10000	-1	-1	1	0	-1	-1	-1	-1	-1	-1	79	0	
406	407	2424	-1	21	猎獾		189.190292	372.170959	0	0	10000	-1	-1	1	0	-1	-1	-1	-1	-1	-1	79	0	
407	408	2424	-1	21	猎獾		191.427399	372.602264	0	0	10000	-1	-1	1	0	-1	-1	-1	-1	-1	-1	79	0	
408	409	2424	-1	21	猎獾		191.233521	371.201172	0	0	10000	-1	-1	1	0	-1	-1	-1	-1	-1	-1	79	0	
409	410	2424	-1	21	猎獾		189.477631	370.81601	0	0	10000	-1	-1	1	0	-1	-1	-1	-1	-1	-1	79	0	
410	411	2424	-1	21	猎獾		233.438263	359.85968	0	0	10000	-1	-1	1	0	-1	-1	-1	-1	-1	-1	79	0	
411	412	2424	-1	21	猎獾		231.459732	358.858276	0	0	10000	-1	-1	1	0	-1	-1	-1	-1	-1	-1	79	0	
412	413	2424	-1	21	猎獾		233.530365	358.443085	0	0	10000	-1	-1	1	0	-1	-1	-1	-1	-1	-1	79	0	
413	414	2424	-1	21	猎獾		230.604858	360.615417	0	0	10000	-1	-1	1	0	-1	-1	-1	-1	-1	-1	79	0	
414	415	2424	-1	21	猎獾		232.311401	357.134521	0	0	10000	-1	-1	1	0	-1	-1	-1	-1	-1	-1	79	0	
415	416	2424	-1	21	猎獾		231.953979	344.88446	0	0	10000	-1	-1	1	0	-1	-1	-1	-1	-1	-1	79	0	
416	417	2424	-1	21	猎獾		232.503677	346.153198	0	0	10000	-1	-1	1	0	-1	-1	-1	-1	-1	-1	79	0	
417	418	2424	-1	21	猎獾		234.523315	345.131805	0	0	10000	-1	-1	1	0	-1	-1	-1	-1	-1	-1	79	0	
418	419	2424	-1	21	猎獾		234.947021	346.503052	0	0	10000	-1	-1	1	0	-1	-1	-1	-1	-1	-1	79	0	
419	420	2424	-1	21	猎獾		233.328522	347.699066	0	0	10000	-1	-1	1	0	-1	-1	-1	-1	-1	-1	79	0	
420	421	2424	-1	21	猎獾		212.69014	368.718903	0	0	10000	-1	-1	1	0	-1	-1	-1	-1	-1	-1	79	0	
421	422	2424	-1	21	猎獾		210.914108	368.831177	0	0	10000	-1	-1	1	0	-1	-1	-1	-1	-1	-1	79	0	
422	423	2424	-1	21	猎獾		212.246094	367.055847	0	0	10000	-1	-1	1	0	-1	-1	-1	-1	-1	-1	79	0	
423	424	2424	-1	21	猎獾		211.907532	367.981049	0	0	10000	-1	-1	1	0	-1	-1	-1	-1	-1	-1	79	0	
424	425	2424	-1	21	猎獾		212.149399	370.293976	0	0	10000	-1	-1	1	0	-1	-1	-1	-1	-1	-1	79	0	
425	426	2424	-1	21	猎獾		201.505203	361.285431	0	0	10000	-1	-1	1	0	-1	-1	-1	-1	-1	-1	79	0	
426	427	2424	-1	21	猎獾		201.743225	359.734955	0	0	10000	-1	-1	1	0	-1	-1	-1	-1	-1	-1	79	0	
427	428	2424	-1	21	猎獾		203.747864	361.415466	0	0	10000	-1	-1	1	0	-1	-1	-1	-1	-1	-1	79	0	
428	429	2424	-1	21	猎獾		203.48349	360.225739	0	0	10000	-1	-1	1	0	-1	-1	-1	-1	-1	-1	79	0	
429	430	2424	-1	21	猎獾		203.356369	358.771423	0	0	10000	-1	-1	1	0	-1	-1	-1	-1	-1	-1	79	0	
430	431	2424	-1	21	猎獾		218.114136	352.246033	0	0	10000	-1	-1	1	0	-1	-1	-1	-1	-1	-1	79	0	
431	432	2424	-1	21	猎獾		217.722153	351.007141	0	0	10000	-1	-1	1	0	-1	-1	-1	-1	-1	-1	79	0	
432	433	2424	-1	21	猎獾		216.086349	351.814056	0	0	10000	-1	-1	1	0	-1	-1	-1	-1	-1	-1	79	0	
433	434	2424	-1	21	猎獾		218.18396	353.890564	0	0	10000	-1	-1	1	0	-1	-1	-1	-1	-1	-1	79	0	
434	435	2424	-1	21	猎獾		215.996475	353.653046	0	0	10000	-1	-1	1	0	-1	-1	-1	-1	-1	-1	79	0	
435	436	2428	-1	21	猎獾王		208.750565	357.578369	0	0	10000	-1	-1	1	0	-1	-1	-1	-1	-1	-1	79	0	
436	437	2423	-1	21	草原牧霸		183.334137	308.955933	0	0	10000	-1	-1	1	0	-1	-1	-1	-1	-1	-1	79	0	
437	438	2423	-1	21	草原牧霸		181.904816	309.299683	0	0	10000	-1	-1	1	0	-1	-1	-1	-1	-1	-1	79	0	
438	439	2423	-1	21	草原牧霸		182.211426	307.822968	0	0	10000	-1	-1	1	0	-1	-1	-1	-1	-1	-1	79	0	
439	440	2423	-1	21	草原牧霸		180.023071	307.405182	0	0	10000	-1	-1	1	0	-1	-1	-1	-1	-1	-1	79	0	
440	441	2423	-1	21	草原牧霸		180.439529	309.641571	0	0	10000	-1	-1	1	0	-1	-1	-1	-1	-1	-1	79	0	
441	442	2423	-1	21	草原牧霸		189.31601	278.001221	0	0	10000	-1	-1	1	0	-1	-1	-1	-1	-1	-1	79	0	
442	443	2423	-1	21	草原牧霸		188.516449	280.049072	0	0	10000	-1	-1	1	0	-1	-1	-1	-1	-1	-1	79	0	
443	444	2423	-1	21	草原牧霸		187.10556	278.717499	0	0	10000	-1	-1	1	0	-1	-1	-1	-1	-1	-1	79	0	
444	445	2423	-1	21	草原牧霸		187.553741	281.565613	0	0	10000	-1	-1	1	0	-1	-1	-1	-1	-1	-1	79	0	
445	446	2423	-1	21	草原牧霸		185.297501	280.111816	0	0	10000	-1	-1	1	0	-1	-1	-1	-1	-1	-1	79	0	
446	447	2423	-1	21	草原牧霸		218.520279	293.885376	0	0	10000	-1	-1	1	0	-1	-1	-1	-1	-1	-1	79	0	
447	448	2423	-1	21	草原牧霸		219.726196	293.610718	0	0	10000	-1	-1	1	0	-1	-1	-1	-1	-1	-1	79	0	
448	449	2423	-1	21	草原牧霸		218.040756	293.542389	0	0	10000	-1	-1	1	0	-1	-1	-1	-1	-1	-1	79	0	
449	450	2423	-1	21	草原牧霸		217.797516	292.454376	0	0	10000	-1	-1	1	0	-1	-1	-1	-1	-1	-1	79	0	
450	451	2423	-1	21	草原牧霸		219.279861	292.436768	0	0	10000	-1	-1	1	0	-1	-1	-1	-1	-1	-1	79	0	
451	452	2423	-1	21	草原牧霸		200.745819	298.570313	0	0	10000	-1	-1	1	0	-1	-1	-1	-1	-1	-1	79	0	
452	453	2423	-1	21	草原牧霸		201.069763	300.806274	0	0	10000	-1	-1	1	0	-1	-1	-1	-1	-1	-1	79	0	
453	454	2423	-1	21	草原牧霸		201.557571	299.499176	0	0	10000	-1	-1	1	0	-1	-1	-1	-1	-1	-1	79	0	
454	455	2423	-1	21	草原牧霸		199.706909	298.335327	0	0	10000	-1	-1	1	0	-1	-1	-1	-1	-1	-1	79	0	
455	456	2423	-1	21	草原牧霸		200.005798	299.880737	0	0	10000	-1	-1	1	0	-1	-1	-1	-1	-1	-1	79	0	
456	457	2423	-1	21	草原牧霸		219.290894	307.55835	0	0	10000	-1	-1	1	0	-1	-1	-1	-1	-1	-1	79	0	
457	458	2423	-1	21	草原牧霸		220.023102	306.802887	0	0	10000	-1	-1	1	0	-1	-1	-1	-1	-1	-1	79	0	
458	459	2423	-1	21	草原牧霸		221.320755	307.330963	0	0	10000	-1	-1	1	0	-1	-1	-1	-1	-1	-1	79	0	
459	460	2423	-1	21	草原牧霸		220.049118	308.642242	0	0	10000	-1	-1	1	0	-1	-1	-1	-1	-1	-1	79	0	
460	461	2423	-1	21	草原牧霸		221.355133	308.760315	0	0	10000	-1	-1	1	0	-1	-1	-1	-1	-1	-1	79	0	
461	462	2423	-1	21	草原牧霸		297.855225	279.963623	0	0	10000	-1	-1	1	0	-1	-1	-1	-1	-1	-1	79	0	
462	463	2423	-1	21	草原牧霸		297.683868	277.981934	0	0	10000	-1	-1	1	0	-1	-1	-1	-1	-1	-1	79	0	
463	464	2423	-1	21	草原牧霸		316.519623	285.528717	0	0	10000	-1	-1	1	0	-1	-1	-1	-1	-1	-1	79	0	
464	465	2423	-1	21	草原牧霸		315.742706	283.776764	0	0	10000	-1	-1	1	0	-1	-1	-1	-1	-1	-1	79	0	
465	466	2423	-1	21	草原牧霸		299.71106	279.522675	0	0	10000	-1	-1	1	0	-1	-1	-1	-1	-1	-1	79	0	
466	467	2423	-1	21	草原牧霸		318.729858	285.290009	0	0	10000	-1	-1	1	0	-1	-1	-1	-1	-1	-1	79	0	
467	468	2423	-1	21	草原牧霸		317.251709	284.546051	0	0	10000	-1	-1	1	0	-1	-1	-1	-1	-1	-1	79	0	
468	469	2423	-1	21	草原牧霸		318.216095	283.530579	0	0	10000	-1	-1	1	0	-1	-1	-1	-1	-1	-1	79	0	
469	470	2423	-1	21	草原牧霸		299.060577	278.460266	0	0	10000	-1	-1	1	0	-1	-1	-1	-1	-1	-1	79	0	
470	471	2423	-1	21	草原牧霸		299.204071	281.34964	0	0	10000	-1	-1	1	0	-1	-1	-1	-1	-1	-1	79	0	
471	472	2425	-1	21	灰野猪		90.318069	74.011856	0	0	10000	-1	-1	1	0	-1	-1	-1	-1	-1	-1	79	0	
472	473	2425	-1	21	灰野猪		101.339226	54.879395	0	0	10000	-1	-1	1	0	-1	-1	-1	-1	-1	-1	79	0	
473	474	2425	-1	21	灰野猪		92.072578	76.545433	0	0	10000	-1	-1	1	0	-1	-1	-1	-1	-1	-1	79	0	
474	475	2425	-1	21	灰野猪		110.242401	85.07859	0	0	10000	-1	-1	1	0	-1	-1	-1	-1	-1	-1	79	0	
475	476	2425	-1	21	灰野猪		91.735458	74.414665	0	0	10000	-1	-1	1	0	-1	-1	-1	-1	-1	-1	79	0	
476	477	2425	-1	21	灰野猪		112.338188	87.112305	0	0	10000	-1	-1	1	0	-1	-1	-1	-1	-1	-1	79	0	
477	478	2425	-1	21	灰野猪		113.675568	68.997871	0	0	10000	-1	-1	1	0	-1	-1	-1	-1	-1	-1	79	0	
478	479	2425	-1	21	灰野猪		112.099106	71.352089	0	0	10000	-1	-1	1	0	-1	-1	-1	-1	-1	-1	79	0	
479	480	2425	-1	21	灰野猪		113.629791	68.05471	0	0	10000	-1	-1	1	0	-1	-1	-1	-1	-1	-1	79	0	
480	481	2425	-1	21	灰野猪		118.53125	44.443966	0	0	10000	-1	-1	1	0	-1	-1	-1	-1	-1	-1	79	0	
481	482	2425	-1	21	灰野猪		118.410576	46.148205	0	0	10000	-1	-1	1	0	-1	-1	-1	-1	-1	-1	79	0	
482	483	2425	-1	21	灰野猪		120.125793	49.118553	0	0	10000	-1	-1	1	0	-1	-1	-1	-1	-1	-1	79	0	
483	484	2425	-1	21	灰野猪		124.270332	30.700527	0	0	10000	-1	-1	1	0	-1	-1	-1	-1	-1	-1	79	0	
484	485	2425	-1	21	灰野猪		136.536438	48.032383	0	0	10000	-1	-1	1	0	-1	-1	-1	-1	-1	-1	79	0	
485	486	2425	-1	21	灰野猪		113.830582	85.519432	0	0	10000	-1	-1	1	0	-1	-1	-1	-1	-1	-1	79	0	
486	487	2425	-1	21	灰野猪		110.861908	68.678047	0	0	10000	-1	-1	1	0	-1	-1	-1	-1	-1	-1	79	0	
487	488	2425	-1	21	灰野猪		121.524582	44.7533	0	0	10000	-1	-1	1	0	-1	-1	-1	-1	-1	-1	79	0	
488	489	2425	-1	21	灰野猪		129.39769	30.218437	0	0	10000	-1	-1	1	0	-1	-1	-1	-1	-1	-1	79	0	
489	490	2425	-1	21	灰野猪		127.196617	32.720665	0	0	10000	-1	-1	1	0	-1	-1	-1	-1	-1	-1	79	0	
490	491	2425	-1	21	灰野猪		133.083496	69.563416	0	0	10000	-1	-1	1	0	-1	-1	-1	-1	-1	-1	79	0	
491	492	2425	-1	21	灰野猪		131.538452	71.63781	0	0	10000	-1	-1	1	0	-1	-1	-1	-1	-1	-1	79	0	
492	493	2425	-1	21	灰野猪		141.642212	46.050549	0	0	10000	-1	-1	1	0	-1	-1	-1	-1	-1	-1	79	0	
493	494	2425	-1	21	灰野猪		139.374405	47.583927	0	0	10000	-1	-1	1	0	-1	-1	-1	-1	-1	-1	79	0	
494	495	2425	-1	21	灰野猪		133.02803	67.375664	0	0	10000	-1	-1	1	0	-1	-1	-1	-1	-1	-1	79	0	
495	496	2425	-1	21	灰野猪		135.419708	68.486404	0	0	10000	-1	-1	1	0	-1	-1	-1	-1	-1	-1	79	0	
496	497	2425	-1	21	灰野猪		114.313736	70.285706	0	0	10000	-1	-1	1	0	-1	-1	-1	-1	-1	-1	79	0	
497	498	2425	-1	21	灰野猪		104.812386	56.166073	0	0	10000	-1	-1	1	0	-1	-1	-1	-1	-1	-1	79	0	
498	499	2425	-1	21	灰野猪		104.007355	54.439785	0	0	10000	-1	-1	1	0	-1	-1	-1	-1	-1	-1	79	0	
499	500	2425	-1	21	灰野猪		126.562553	28.760937	0	0	10000	-1	-1	1	0	-1	-1	-1	-1	-1	-1	79	0	
500	501	2425	-1	21	灰野猪		102.518845	56.660431	0	0	10000	-1	-1	1	0	-1	-1	-1	-1	-1	-1	79	0	
501	502	2425	-1	21	灰野猪		138.56282	45.708946	0	0	10000	-1	-1	1	0	-1	-1	-1	-1	-1	-1	79	0	
502	503	2425	-1	21	灰野猪		102.674294	52.395432	0	0	10000	-1	-1	1	0	-1	-1	-1	-1	-1	-1	79	0	
503	504	2425	-1	21	灰野猪		88.638596	75.578049	0	0	10000	-1	-1	1	0	-1	-1	-1	-1	-1	-1	79	0	
504	505	2425	-1	21	灰野猪		88.089584	74.404144	0	0	10000	-1	-1	1	0	-1	-1	-1	-1	-1	-1	79	0	
505	506	2425	-1	21	灰野猪		111.317413	82.359589	0	0	10000	-1	-1	1	0	-1	-1	-1	-1	-1	-1	79	0	
506	507	2425	-1	21	灰野猪		134.607193	66.228905	0	0	10000	-1	-1	1	0	-1	-1	-1	-1	-1	-1	79	0	
507	508	2425	-1	21	灰野猪		120.571465	46.704571	0	0	10000	-1	-1	1	0	-1	-1	-1	-1	-1	-1	79	0	
508	509	2425	-1	21	灰野猪		126.598503	31.157011	0	0	10000	-1	-1	1	0	-1	-1	-1	-1	-1	-1	79	0	
509	510	2425	-1	21	灰野猪		112.487778	83.634651	0	0	10000	-1	-1	1	0	-1	-1	-1	-1	-1	-1	79	0	
510	511	2425	-1	21	灰野猪		140.348602	48.522404	0	0	10000	-1	-1	1	0	-1	-1	-1	-1	-1	-1	79	0	
511	512	2429	-1	21	灰野猪王		119.330513	57.847092	0	0	10000	-1	-1	1	0	-1	-1	-1	-1	-1	-1	79	0	
512	513	12006	-1	-1	王城防务军		96.009468	98.971916	21	0	10000	-1	-1	3	0	-1	-1	-1	-1	-1	-1	60	0	
513	514	12006	-1	-1	王城防务军		91.271667	95.647987	26	0	10000	-1	-1	3	0	-1	-1	-1	-1	-1	-1	60	0	
514	515	4501	-1	20	  		99.267929	105.899925	20	0	10000	-1	-1	3	0	-1	-1	-1	-1	-1	-1	60	0	
515	516	9779	129748	20	屠城战传送石		211.239655	416.512573	0	0	10000	-1	-1	3	0	-1	-1	-1	-1	-1	-1	60	0	
516	517	9779	129749	20	屠城战传送石		367.009247	346.581207	0	0	10000	-1	-1	3	0	-1	-1	-1	-1	-1	-1	60	0	
517	518	4363	-1	-1	敦煌御卫		285.884033	210.674438	9	0	1000	-1	-1	20	-1	-1	-1	-1	-1	-1	-1	60	0	
518	519	4363	-1	-1	敦煌御卫		302.760773	193.555527	18	0	1000	-1	-1	20	-1	-1	-1	-1	-1	-1	-1	60	0	
519	520	4363	-1	-1	敦煌御卫		302.658447	175.992722	18	0	1000	-1	-1	20	-1	-1	-1	-1	-1	-1	-1	60	0	
521	522	3840	400040	20			96	69	32	-1	2000	-1	-1	5	0	12	-1	-1	-1	-1	-1	20	0	
522	523	3841	400041	20			400	60	32	-1	2000	-1	-1	5	0	13	-1	-1	-1	-1	-1	20	0	
523	524	3842	400042	20			103	277	32	-1	2000	-1	-1	5	0	14	-1	-1	-1	-1	-1	20	0	
524	525	3843	400043	20			449	280	32	-1	2000	-1	-1	5	0	15	-1	-1	-1	-1	-1	20	0	
525	526	3844	400044	20			232	313	32	-1	2000	-1	-1	5	0	16	-1	-1	-1	-1	-1	20	0	
526	527	3845	400045	20			314	305	32	-1	2000	-1	-1	5	0	17	-1	-1	-1	-1	-1	20	0	
527	528	22816	132177	-1	大萨满赫鲁	新手成长大使	199	53	27	-1	10000	-1	-1	3	0	-1	-1	-1	-1	-1	-1	60	0	
528	529	1322	123855	20	庄元喜	庄园使者	266	128	9	-1	10000	-1	-1	3	0	-1	-1	-1	-1	-1	-1	60	0	
530	531	4207	141180	20	芮芯	新兵招募大使	244	128	9	-1	10000	-1	-1	3	0	-1	-1	-1	-1	-1	-1	60	0	
