NUM	NUM	NUM	NUM	NUM	TEXT	TEXT	FLOAT	FLOAT	NUM	NUM	NUM	NUM	NUM	NUM	NUM	NUM	NUM	NUM	NUM	NUM	NUM	NUM	NUM
園催	昧字園催	attr園催	貸辞燕園催	專唔園催	兆各	各催	x已恫炎	z已恫炎	劾﨑	重云園催	嶷伏扮寂	蛍怏園催	錦礼園催	児粥AI	AI猟周	儔貸揃抄	斌糾0	斌糾1	斌糾2	斌糾3	兆圉ID	吉雫	承崧怏
0	1	65323	-1	21	菟岱楠平		40	68	0	0	10000	-1	-1	1	0	-1	-1	-1	-1	-1	-1	80	0
1	2	65323	-1	21	菟岱楠平		40	68	0	0	10000	-1	-1	1	0	-1	-1	-1	-1	-1	-1	80	0
2	3	65323	-1	21	菟岱楠平		40	68	0	0	10000	-1	-1	1	0	-1	-1	-1	-1	-1	-1	80	0
3	4	65323	-1	21	菟岱楠平		40	68	0	0	10000	-1	-1	1	0	-1	-1	-1	-1	-1	-1	80	0
4	5	65323	-1	21	菟岱楠平		40	68	0	0	10000	-1	-1	1	0	-1	-1	-1	-1	-1	-1	80	0
5	6	65323	-1	21	菟岱楠平		40	68	0	0	10000	-1	-1	1	0	-1	-1	-1	-1	-1	-1	80	0
6	7	65323	-1	21	菟岱楠平		40	68	0	0	10000	-1	-1	1	0	-1	-1	-1	-1	-1	-1	80	0
7	8	65323	-1	21	菟岱楠平		40	68	0	0	10000	-1	-1	1	0	-1	-1	-1	-1	-1	-1	80	0
8	9	65323	-1	21	菟岱楠平		40	68	0	0	10000	-1	-1	1	0	-1	-1	-1	-1	-1	-1	80	0
9	10	65323	-1	21	菟岱楠平		40	68	0	0	10000	-1	-1	1	0	-1	-1	-1	-1	-1	-1	80	0
10	11	65323	-1	21	菟岱楠平		40	68	0	0	10000	-1	-1	1	0	-1	-1	-1	-1	-1	-1	80	0
11	12	65323	-1	21	菟岱楠平		40	68	0	0	10000	-1	-1	1	0	-1	-1	-1	-1	-1	-1	80	0
12	13	65323	-1	21	菟岱楠平		40	88	0	0	10000	-1	-1	1	0	-1	-1	-1	-1	-1	-1	80	0
13	14	65323	-1	21	菟岱楠平		40	88	0	0	10000	-1	-1	1	0	-1	-1	-1	-1	-1	-1	80	0
14	15	65323	-1	21	菟岱楠平		40	88	0	0	10000	-1	-1	1	0	-1	-1	-1	-1	-1	-1	80	0
15	16	65323	-1	21	菟岱楠平		40	88	0	0	10000	-1	-1	1	0	-1	-1	-1	-1	-1	-1	80	0
16	17	65323	-1	21	菟岱楠平		40	88	0	0	10000	-1	-1	1	0	-1	-1	-1	-1	-1	-1	80	0
17	18	65323	-1	21	菟岱楠平		40	88	0	0	10000	-1	-1	1	0	-1	-1	-1	-1	-1	-1	80	0
18	19	65323	-1	21	菟岱楠平		40	88	0	0	10000	-1	-1	1	0	-1	-1	-1	-1	-1	-1	80	0
19	20	65323	-1	21	菟岱楠平		40	88	0	0	10000	-1	-1	1	0	-1	-1	-1	-1	-1	-1	80	0
20	21	65323	-1	21	菟岱楠平		40	88	0	0	10000	-1	-1	1	0	-1	-1	-1	-1	-1	-1	80	0
21	22	65323	-1	21	菟岱楠平		40	88	0	0	10000	-1	-1	1	0	-1	-1	-1	-1	-1	-1	80	0
22	23	65323	-1	21	菟岱楠平		40	88	0	0	10000	-1	-1	1	0	-1	-1	-1	-1	-1	-1	80	0
23	24	65323	-1	21	菟岱楠平		40	88	0	0	10000	-1	-1	1	0	-1	-1	-1	-1	-1	-1	80	0
24	25	65323	-1	21	菟岱楠平		40	118	0	0	10000	-1	-1	1	0	-1	-1	-1	-1	-1	-1	80	0
25	26	65323	-1	21	菟岱楠平		40	118	0	0	10000	-1	-1	1	0	-1	-1	-1	-1	-1	-1	80	0
26	27	65323	-1	21	菟岱楠平		40	118	0	0	10000	-1	-1	1	0	-1	-1	-1	-1	-1	-1	80	0
27	28	65323	-1	21	菟岱楠平		40	118	0	0	10000	-1	-1	1	0	-1	-1	-1	-1	-1	-1	80	0
28	29	65323	-1	21	菟岱楠平		40	118	0	0	10000	-1	-1	1	0	-1	-1	-1	-1	-1	-1	80	0
29	30	65323	-1	21	菟岱楠平		40	118	0	0	10000	-1	-1	1	0	-1	-1	-1	-1	-1	-1	80	0
30	31	65323	-1	21	菟岱楠平		40	118	0	0	10000	-1	-1	1	0	-1	-1	-1	-1	-1	-1	80	0
31	32	65323	-1	21	菟岱楠平		40	118	0	0	10000	-1	-1	1	0	-1	-1	-1	-1	-1	-1	80	0
32	33	65323	-1	21	菟岱楠平		40	118	0	0	10000	-1	-1	1	0	-1	-1	-1	-1	-1	-1	80	0
33	34	65323	-1	21	菟岱楠平		40	118	0	0	10000	-1	-1	1	0	-1	-1	-1	-1	-1	-1	80	0
34	35	65323	-1	21	菟岱楠平		40	118	0	0	10000	-1	-1	1	0	-1	-1	-1	-1	-1	-1	80	0
35	36	65323	-1	21	菟岱楠平		40	118	0	0	10000	-1	-1	1	0	-1	-1	-1	-1	-1	-1	80	0
36	37	65323	-1	21	菟岱楠平		60	118	0	0	10000	-1	-1	1	0	-1	-1	-1	-1	-1	-1	80	0
37	38	65323	-1	21	菟岱楠平		60	118	0	0	10000	-1	-1	1	0	-1	-1	-1	-1	-1	-1	80	0
38	39	65323	-1	21	菟岱楠平		60	118	0	0	10000	-1	-1	1	0	-1	-1	-1	-1	-1	-1	80	0
39	40	65323	-1	21	菟岱楠平		60	118	0	0	10000	-1	-1	1	0	-1	-1	-1	-1	-1	-1	80	0
40	41	65323	-1	21	菟岱楠平		60	118	0	0	10000	-1	-1	1	0	-1	-1	-1	-1	-1	-1	80	0
41	42	65323	-1	21	菟岱楠平		60	118	0	0	10000	-1	-1	1	0	-1	-1	-1	-1	-1	-1	80	0
42	43	65323	-1	21	菟岱楠平		60	118	0	0	10000	-1	-1	1	0	-1	-1	-1	-1	-1	-1	80	0
43	44	65323	-1	21	菟岱楠平		60	118	0	0	10000	-1	-1	1	0	-1	-1	-1	-1	-1	-1	80	0
44	45	65323	-1	21	菟岱楠平		60	118	0	0	10000	-1	-1	1	0	-1	-1	-1	-1	-1	-1	80	0
45	46	65323	-1	21	菟岱楠平		60	118	0	0	10000	-1	-1	1	0	-1	-1	-1	-1	-1	-1	80	0
46	47	65323	-1	21	菟岱楠平		60	118	0	0	10000	-1	-1	1	0	-1	-1	-1	-1	-1	-1	80	0
47	48	65323	-1	21	菟岱楠平		60	118	0	0	10000	-1	-1	1	0	-1	-1	-1	-1	-1	-1	80	0
48	49	65323	-1	21	菟岱楠平		80	118	0	0	10000	-1	-1	1	0	-1	-1	-1	-1	-1	-1	80	0
49	50	65323	-1	21	菟岱楠平		80	118	0	0	10000	-1	-1	1	0	-1	-1	-1	-1	-1	-1	80	0
50	51	65323	-1	21	菟岱楠平		80	118	0	0	10000	-1	-1	1	0	-1	-1	-1	-1	-1	-1	80	0
51	52	65323	-1	21	菟岱楠平		80	118	0	0	10000	-1	-1	1	0	-1	-1	-1	-1	-1	-1	80	0
52	53	65323	-1	21	菟岱楠平		80	118	0	0	10000	-1	-1	1	0	-1	-1	-1	-1	-1	-1	80	0
53	54	65323	-1	21	菟岱楠平		80	118	0	0	10000	-1	-1	1	0	-1	-1	-1	-1	-1	-1	80	0
54	55	65323	-1	21	菟岱楠平		80	118	0	0	10000	-1	-1	1	0	-1	-1	-1	-1	-1	-1	80	0
55	56	65323	-1	21	菟岱楠平		80	118	0	0	10000	-1	-1	1	0	-1	-1	-1	-1	-1	-1	80	0
56	57	65323	-1	21	菟岱楠平		80	118	0	0	10000	-1	-1	1	0	-1	-1	-1	-1	-1	-1	80	0
57	58	65323	-1	21	菟岱楠平		80	118	0	0	10000	-1	-1	1	0	-1	-1	-1	-1	-1	-1	80	0
58	59	65323	-1	21	菟岱楠平		80	118	0	0	10000	-1	-1	1	0	-1	-1	-1	-1	-1	-1	80	0
59	60	65323	-1	21	菟岱楠平		80	118	0	0	10000	-1	-1	1	0	-1	-1	-1	-1	-1	-1	80	0
60	61	65323	-1	21	菟岱楠平		110	118	0	0	10000	-1	-1	1	0	-1	-1	-1	-1	-1	-1	80	0
61	62	65323	-1	21	菟岱楠平		110	118	0	0	10000	-1	-1	1	0	-1	-1	-1	-1	-1	-1	80	0
62	63	65323	-1	21	菟岱楠平		110	118	0	0	10000	-1	-1	1	0	-1	-1	-1	-1	-1	-1	80	0
63	64	65323	-1	21	菟岱楠平		110	118	0	0	10000	-1	-1	1	0	-1	-1	-1	-1	-1	-1	80	0
64	65	65323	-1	21	菟岱楠平		110	118	0	0	10000	-1	-1	1	0	-1	-1	-1	-1	-1	-1	80	0
65	66	65323	-1	21	菟岱楠平		110	118	0	0	10000	-1	-1	1	0	-1	-1	-1	-1	-1	-1	80	0
66	67	65323	-1	21	菟岱楠平		110	118	0	0	10000	-1	-1	1	0	-1	-1	-1	-1	-1	-1	80	0
67	68	65323	-1	21	菟岱楠平		110	118	0	0	10000	-1	-1	1	0	-1	-1	-1	-1	-1	-1	80	0
68	69	65323	-1	21	菟岱楠平		110	118	0	0	10000	-1	-1	1	0	-1	-1	-1	-1	-1	-1	80	0
69	70	65323	-1	21	菟岱楠平		110	118	0	0	10000	-1	-1	1	0	-1	-1	-1	-1	-1	-1	80	0
70	71	65323	-1	21	菟岱楠平		110	118	0	0	10000	-1	-1	1	0	-1	-1	-1	-1	-1	-1	80	0
71	72	65323	-1	21	菟岱楠平		110	118	0	0	10000	-1	-1	1	0	-1	-1	-1	-1	-1	-1	80	0
72	73	65323	-1	21	菟岱楠平		120	95	0	0	10000	-1	-1	1	0	-1	-1	-1	-1	-1	-1	80	0
73	74	65323	-1	21	菟岱楠平		120	95	0	0	10000	-1	-1	1	0	-1	-1	-1	-1	-1	-1	80	0
74	75	65323	-1	21	菟岱楠平		120	95	0	0	10000	-1	-1	1	0	-1	-1	-1	-1	-1	-1	80	0
75	76	65323	-1	21	菟岱楠平		120	95	0	0	10000	-1	-1	1	0	-1	-1	-1	-1	-1	-1	80	0
76	77	65323	-1	21	菟岱楠平		120	95	0	0	10000	-1	-1	1	0	-1	-1	-1	-1	-1	-1	80	0
77	78	65323	-1	21	菟岱楠平		120	95	0	0	10000	-1	-1	1	0	-1	-1	-1	-1	-1	-1	80	0
78	79	65323	-1	21	菟岱楠平		120	95	0	0	10000	-1	-1	1	0	-1	-1	-1	-1	-1	-1	80	0
79	80	65323	-1	21	菟岱楠平		120	95	0	0	10000	-1	-1	1	0	-1	-1	-1	-1	-1	-1	80	0
80	81	65323	-1	21	菟岱楠平		120	95	0	0	10000	-1	-1	1	0	-1	-1	-1	-1	-1	-1	80	0
81	82	65323	-1	21	菟岱楠平		120	95	0	0	10000	-1	-1	1	0	-1	-1	-1	-1	-1	-1	80	0
82	83	65323	-1	21	菟岱楠平		120	95	0	0	10000	-1	-1	1	0	-1	-1	-1	-1	-1	-1	80	0
83	84	65323	-1	21	菟岱楠平		120	95	0	0	10000	-1	-1	1	0	-1	-1	-1	-1	-1	-1	80	0
84	85	65323	-1	21	菟岱楠平		120	95	0	0	10000	-1	-1	1	0	-1	-1	-1	-1	-1	-1	80	0
85	86	65323	-1	21	菟岱楠平		120	95	0	0	10000	-1	-1	1	0	-1	-1	-1	-1	-1	-1	80	0
86	87	65323	-1	21	菟岱楠平		120	95	0	0	10000	-1	-1	1	0	-1	-1	-1	-1	-1	-1	80	0
87	88	65323	-1	21	菟岱楠平		120	95	0	0	10000	-1	-1	1	0	-1	-1	-1	-1	-1	-1	80	0
88	89	65323	-1	21	菟岱楠平		120	95	0	0	10000	-1	-1	1	0	-1	-1	-1	-1	-1	-1	80	0
89	90	65323	-1	21	菟岱楠平		120	95	0	0	10000	-1	-1	1	0	-1	-1	-1	-1	-1	-1	80	0
90	91	65323	-1	21	菟岱楠平		120	95	0	0	10000	-1	-1	1	0	-1	-1	-1	-1	-1	-1	80	0
91	92	65323	-1	21	菟岱楠平		120	95	0	0	10000	-1	-1	1	0	-1	-1	-1	-1	-1	-1	80	0
92	93	65323	-1	21	菟岱楠平		120	95	0	0	10000	-1	-1	1	0	-1	-1	-1	-1	-1	-1	80	0
93	94	65323	-1	21	菟岱楠平		120	95	0	0	10000	-1	-1	1	0	-1	-1	-1	-1	-1	-1	80	0
94	95	65323	-1	21	菟岱楠平		120	95	0	0	10000	-1	-1	1	0	-1	-1	-1	-1	-1	-1	80	0
95	96	65323	-1	21	菟岱楠平		120	95	0	0	10000	-1	-1	1	0	-1	-1	-1	-1	-1	-1	80	0
96	97	65323	-1	21	菟岱楠平		90	90	0	0	10000	-1	-1	1	0	-1	-1	-1	-1	-1	-1	80	0
97	98	65323	-1	21	菟岱楠平		90	90	0	0	10000	-1	-1	1	0	-1	-1	-1	-1	-1	-1	80	0
98	99	65323	-1	21	菟岱楠平		90	90	0	0	10000	-1	-1	1	0	-1	-1	-1	-1	-1	-1	80	0
99	100	65323	-1	21	菟岱楠平		90	90	0	0	10000	-1	-1	1	0	-1	-1	-1	-1	-1	-1	80	0
100	101	65323	-1	21	菟岱楠平		90	90	0	0	10000	-1	-1	1	0	-1	-1	-1	-1	-1	-1	80	0
101	102	65323	-1	21	菟岱楠平		90	90	0	0	10000	-1	-1	1	0	-1	-1	-1	-1	-1	-1	80	0
102	103	65323	-1	21	菟岱楠平		90	90	0	0	10000	-1	-1	1	0	-1	-1	-1	-1	-1	-1	80	0
103	104	65323	-1	21	菟岱楠平		90	90	0	0	10000	-1	-1	1	0	-1	-1	-1	-1	-1	-1	80	0
104	105	65323	-1	21	菟岱楠平		90	90	0	0	10000	-1	-1	1	0	-1	-1	-1	-1	-1	-1	80	0
105	106	65323	-1	21	菟岱楠平		90	90	0	0	10000	-1	-1	1	0	-1	-1	-1	-1	-1	-1	80	0
106	107	65323	-1	21	菟岱楠平		90	90	0	0	10000	-1	-1	1	0	-1	-1	-1	-1	-1	-1	80	0
107	108	65323	-1	21	菟岱楠平		90	90	0	0	10000	-1	-1	1	0	-1	-1	-1	-1	-1	-1	80	0
108	109	65323	-1	21	菟岱楠平		80	48	0	0	10000	-1	-1	1	0	-1	-1	-1	-1	-1	-1	80	0
109	110	65323	-1	21	菟岱楠平		80	48	0	0	10000	-1	-1	1	0	-1	-1	-1	-1	-1	-1	80	0
110	111	65323	-1	21	菟岱楠平		80	48	0	0	10000	-1	-1	1	0	-1	-1	-1	-1	-1	-1	80	0
111	112	65323	-1	21	菟岱楠平		80	48	0	0	10000	-1	-1	1	0	-1	-1	-1	-1	-1	-1	80	0
112	113	65323	-1	21	菟岱楠平		80	48	0	0	10000	-1	-1	1	0	-1	-1	-1	-1	-1	-1	80	0
113	114	65323	-1	21	菟岱楠平		80	48	0	0	10000	-1	-1	1	0	-1	-1	-1	-1	-1	-1	80	0
114	115	65323	-1	21	菟岱楠平		80	48	0	0	10000	-1	-1	1	0	-1	-1	-1	-1	-1	-1	80	0
115	116	65323	-1	21	菟岱楠平		80	48	0	0	10000	-1	-1	1	0	-1	-1	-1	-1	-1	-1	80	0
116	117	65323	-1	21	菟岱楠平		80	48	0	0	10000	-1	-1	1	0	-1	-1	-1	-1	-1	-1	80	0
117	118	65323	-1	21	菟岱楠平		80	48	0	0	10000	-1	-1	1	0	-1	-1	-1	-1	-1	-1	80	0
118	119	65323	-1	21	菟岱楠平		80	48	0	0	10000	-1	-1	1	0	-1	-1	-1	-1	-1	-1	80	0
119	120	65323	-1	21	菟岱楠平		80	48	0	0	10000	-1	-1	1	0	-1	-1	-1	-1	-1	-1	80	0
120	121	65323	-1	21	菟岱楠平		80	48	0	0	10000	-1	-1	1	0	-1	-1	-1	-1	-1	-1	80	0
121	122	65323	-1	21	菟岱楠平		80	48	0	0	10000	-1	-1	1	0	-1	-1	-1	-1	-1	-1	80	0
122	123	65323	-1	21	菟岱楠平		80	48	0	0	10000	-1	-1	1	0	-1	-1	-1	-1	-1	-1	80	0
123	124	65323	-1	21	菟岱楠平		80	48	0	0	10000	-1	-1	1	0	-1	-1	-1	-1	-1	-1	80	0
124	125	65323	-1	21	菟岱楠平		80	48	0	0	10000	-1	-1	1	0	-1	-1	-1	-1	-1	-1	80	0
125	126	65323	-1	21	菟岱楠平		80	48	0	0	10000	-1	-1	1	0	-1	-1	-1	-1	-1	-1	80	0
126	127	65323	-1	21	菟岱楠平		80	48	0	0	10000	-1	-1	1	0	-1	-1	-1	-1	-1	-1	80	0
127	128	65323	-1	21	菟岱楠平		80	48	0	0	10000	-1	-1	1	0	-1	-1	-1	-1	-1	-1	80	0
128	129	65323	-1	21	菟岱楠平		80	48	0	0	10000	-1	-1	1	0	-1	-1	-1	-1	-1	-1	80	0
129	130	65323	-1	21	菟岱楠平		80	48	0	0	10000	-1	-1	1	0	-1	-1	-1	-1	-1	-1	80	0
130	131	65323	-1	21	菟岱楠平		80	48	0	0	10000	-1	-1	1	0	-1	-1	-1	-1	-1	-1	80	0
131	132	65323	-1	21	菟岱楠平		80	48	0	0	10000	-1	-1	1	0	-1	-1	-1	-1	-1	-1	80	0
132	133	65323	-1	21	菟岱楠平		81	57	0	0	10000	-1	-1	1	0	-1	-1	-1	-1	-1	-1	80	0
133	134	65323	-1	21	菟岱楠平		81	57	0	0	10000	-1	-1	1	0	-1	-1	-1	-1	-1	-1	80	0
134	135	65323	-1	21	菟岱楠平		81	57	0	0	10000	-1	-1	1	0	-1	-1	-1	-1	-1	-1	80	0
135	136	65323	-1	21	菟岱楠平		81	57	0	0	10000	-1	-1	1	0	-1	-1	-1	-1	-1	-1	80	0
136	137	65323	-1	21	菟岱楠平		81	57	0	0	10000	-1	-1	1	0	-1	-1	-1	-1	-1	-1	80	0
137	138	65323	-1	21	菟岱楠平		81	57	0	0	10000	-1	-1	1	0	-1	-1	-1	-1	-1	-1	80	0
138	139	65323	-1	21	菟岱楠平		81	57	0	0	10000	-1	-1	1	0	-1	-1	-1	-1	-1	-1	80	0
139	140	65323	-1	21	菟岱楠平		81	57	0	0	10000	-1	-1	1	0	-1	-1	-1	-1	-1	-1	80	0
140	141	65323	-1	21	菟岱楠平		81	57	0	0	10000	-1	-1	1	0	-1	-1	-1	-1	-1	-1	80	0
141	142	65323	-1	21	菟岱楠平		81	57	0	0	10000	-1	-1	1	0	-1	-1	-1	-1	-1	-1	80	0
142	143	65323	-1	21	菟岱楠平		81	57	0	0	10000	-1	-1	1	0	-1	-1	-1	-1	-1	-1	80	0
143	144	65323	-1	21	菟岱楠平		81	57	0	0	10000	-1	-1	1	0	-1	-1	-1	-1	-1	-1	80	0
144	145	65323	-1	21	菟岱楠平		113	48	0	0	10000	-1	-1	1	0	-1	-1	-1	-1	-1	-1	80	0
145	146	65323	-1	21	菟岱楠平		113	48	0	0	10000	-1	-1	1	0	-1	-1	-1	-1	-1	-1	80	0
146	147	65323	-1	21	菟岱楠平		113	48	0	0	10000	-1	-1	1	0	-1	-1	-1	-1	-1	-1	80	0
147	148	65323	-1	21	菟岱楠平		113	48	0	0	10000	-1	-1	1	0	-1	-1	-1	-1	-1	-1	80	0
148	149	65323	-1	21	菟岱楠平		113	48	0	0	10000	-1	-1	1	0	-1	-1	-1	-1	-1	-1	80	0
149	150	65323	-1	21	菟岱楠平		113	48	0	0	10000	-1	-1	1	0	-1	-1	-1	-1	-1	-1	80	0
150	151	65323	-1	21	菟岱楠平		113	48	0	0	10000	-1	-1	1	0	-1	-1	-1	-1	-1	-1	80	0
151	152	65323	-1	21	菟岱楠平		113	48	0	0	10000	-1	-1	1	0	-1	-1	-1	-1	-1	-1	80	0
152	153	65323	-1	21	菟岱楠平		113	48	0	0	10000	-1	-1	1	0	-1	-1	-1	-1	-1	-1	80	0
153	154	65323	-1	21	菟岱楠平		113	48	0	0	10000	-1	-1	1	0	-1	-1	-1	-1	-1	-1	80	0
154	155	65323	-1	21	菟岱楠平		113	48	0	0	10000	-1	-1	1	0	-1	-1	-1	-1	-1	-1	80	0
155	156	65323	-1	21	菟岱楠平		113	48	0	0	10000	-1	-1	1	0	-1	-1	-1	-1	-1	-1	80	0
156	157	65323	-1	21	菟岱楠平		143	56	0	0	10000	-1	-1	1	0	-1	-1	-1	-1	-1	-1	80	0
157	158	65323	-1	21	菟岱楠平		143	56	0	0	10000	-1	-1	1	0	-1	-1	-1	-1	-1	-1	80	0
158	159	65323	-1	21	菟岱楠平		143	56	0	0	10000	-1	-1	1	0	-1	-1	-1	-1	-1	-1	80	0
159	160	65323	-1	21	菟岱楠平		143	56	0	0	10000	-1	-1	1	0	-1	-1	-1	-1	-1	-1	80	0
160	161	65323	-1	21	菟岱楠平		143	56	0	0	10000	-1	-1	1	0	-1	-1	-1	-1	-1	-1	80	0
161	162	65323	-1	21	菟岱楠平		143	56	0	0	10000	-1	-1	1	0	-1	-1	-1	-1	-1	-1	80	0
162	163	65323	-1	21	菟岱楠平		143	56	0	0	10000	-1	-1	1	0	-1	-1	-1	-1	-1	-1	80	0
163	164	65323	-1	21	菟岱楠平		143	56	0	0	10000	-1	-1	1	0	-1	-1	-1	-1	-1	-1	80	0
164	165	65323	-1	21	菟岱楠平		143	56	0	0	10000	-1	-1	1	0	-1	-1	-1	-1	-1	-1	80	0
165	166	65323	-1	21	菟岱楠平		143	56	0	0	10000	-1	-1	1	0	-1	-1	-1	-1	-1	-1	80	0
166	167	65323	-1	21	菟岱楠平		143	56	0	0	10000	-1	-1	1	0	-1	-1	-1	-1	-1	-1	80	0
167	168	65323	-1	21	菟岱楠平		143	56	0	0	10000	-1	-1	1	0	-1	-1	-1	-1	-1	-1	80	0
168	169	65323	-1	21	菟岱楠平		144	48	0	0	10000	-1	-1	1	0	-1	-1	-1	-1	-1	-1	80	0
169	170	65323	-1	21	菟岱楠平		144	48	0	0	10000	-1	-1	1	0	-1	-1	-1	-1	-1	-1	80	0
170	171	65323	-1	21	菟岱楠平		144	48	0	0	10000	-1	-1	1	0	-1	-1	-1	-1	-1	-1	80	0
171	172	65323	-1	21	菟岱楠平		144	48	0	0	10000	-1	-1	1	0	-1	-1	-1	-1	-1	-1	80	0
172	173	65323	-1	21	菟岱楠平		144	48	0	0	10000	-1	-1	1	0	-1	-1	-1	-1	-1	-1	80	0
173	174	65323	-1	21	菟岱楠平		144	48	0	0	10000	-1	-1	1	0	-1	-1	-1	-1	-1	-1	80	0
174	175	65323	-1	21	菟岱楠平		144	48	0	0	10000	-1	-1	1	0	-1	-1	-1	-1	-1	-1	80	0
175	176	65323	-1	21	菟岱楠平		144	48	0	0	10000	-1	-1	1	0	-1	-1	-1	-1	-1	-1	80	0
176	177	65323	-1	21	菟岱楠平		144	48	0	0	10000	-1	-1	1	0	-1	-1	-1	-1	-1	-1	80	0
177	178	65323	-1	21	菟岱楠平		144	48	0	0	10000	-1	-1	1	0	-1	-1	-1	-1	-1	-1	80	0
178	179	65323	-1	21	菟岱楠平		144	48	0	0	10000	-1	-1	1	0	-1	-1	-1	-1	-1	-1	80	0
179	180	65323	-1	21	菟岱楠平		144	48	0	0	10000	-1	-1	1	0	-1	-1	-1	-1	-1	-1	80	0
180	181	65323	-1	21	菟岱楠平		186	54	0	0	10000	-1	-1	1	0	-1	-1	-1	-1	-1	-1	80	0
181	182	65323	-1	21	菟岱楠平		186	54	0	0	10000	-1	-1	1	0	-1	-1	-1	-1	-1	-1	80	0
182	183	65323	-1	21	菟岱楠平		186	54	0	0	10000	-1	-1	1	0	-1	-1	-1	-1	-1	-1	80	0
183	184	65323	-1	21	菟岱楠平		186	54	0	0	10000	-1	-1	1	0	-1	-1	-1	-1	-1	-1	80	0
184	185	65323	-1	21	菟岱楠平		186	54	0	0	10000	-1	-1	1	0	-1	-1	-1	-1	-1	-1	80	0
185	186	65323	-1	21	菟岱楠平		186	54	0	0	10000	-1	-1	1	0	-1	-1	-1	-1	-1	-1	80	0
186	187	65323	-1	21	菟岱楠平		186	54	0	0	10000	-1	-1	1	0	-1	-1	-1	-1	-1	-1	80	0
187	188	65323	-1	21	菟岱楠平		186	54	0	0	10000	-1	-1	1	0	-1	-1	-1	-1	-1	-1	80	0
188	189	65323	-1	21	菟岱楠平		186	54	0	0	10000	-1	-1	1	0	-1	-1	-1	-1	-1	-1	80	0
189	190	65323	-1	21	菟岱楠平		186	54	0	0	10000	-1	-1	1	0	-1	-1	-1	-1	-1	-1	80	0
190	191	65323	-1	21	菟岱楠平		186	54	0	0	10000	-1	-1	1	0	-1	-1	-1	-1	-1	-1	80	0
191	192	65323	-1	21	菟岱楠平		186	54	0	0	10000	-1	-1	1	0	-1	-1	-1	-1	-1	-1	80	0
192	193	65323	-1	21	菟岱楠平		184	52	0	0	10000	-1	-1	1	0	-1	-1	-1	-1	-1	-1	80	0
193	194	65323	-1	21	菟岱楠平		184	52	0	0	10000	-1	-1	1	0	-1	-1	-1	-1	-1	-1	80	0
194	195	65323	-1	21	菟岱楠平		184	52	0	0	10000	-1	-1	1	0	-1	-1	-1	-1	-1	-1	80	0
195	196	65323	-1	21	菟岱楠平		184	52	0	0	10000	-1	-1	1	0	-1	-1	-1	-1	-1	-1	80	0
196	197	65323	-1	21	菟岱楠平		184	52	0	0	10000	-1	-1	1	0	-1	-1	-1	-1	-1	-1	80	0
197	198	65323	-1	21	菟岱楠平		184	52	0	0	10000	-1	-1	1	0	-1	-1	-1	-1	-1	-1	80	0
198	199	65323	-1	21	菟岱楠平		186	84	0	0	10000	-1	-1	1	0	-1	-1	-1	-1	-1	-1	80	0
199	200	65323	-1	21	菟岱楠平		186	84	0	0	10000	-1	-1	1	0	-1	-1	-1	-1	-1	-1	80	0
200	201	65323	-1	21	菟岱楠平		186	84	0	0	10000	-1	-1	1	0	-1	-1	-1	-1	-1	-1	80	0
201	202	65323	-1	21	菟岱楠平		186	84	0	0	10000	-1	-1	1	0	-1	-1	-1	-1	-1	-1	80	0
202	203	65323	-1	21	菟岱楠平		186	84	0	0	10000	-1	-1	1	0	-1	-1	-1	-1	-1	-1	80	0
203	204	65323	-1	21	菟岱楠平		186	84	0	0	10000	-1	-1	1	0	-1	-1	-1	-1	-1	-1	80	0
204	205	65323	-1	21	菟岱楠平		186	84	0	0	10000	-1	-1	1	0	-1	-1	-1	-1	-1	-1	80	0
205	206	65323	-1	21	菟岱楠平		186	84	0	0	10000	-1	-1	1	0	-1	-1	-1	-1	-1	-1	80	0
206	207	65323	-1	21	菟岱楠平		186	84	0	0	10000	-1	-1	1	0	-1	-1	-1	-1	-1	-1	80	0
207	208	65323	-1	21	菟岱楠平		186	84	0	0	10000	-1	-1	1	0	-1	-1	-1	-1	-1	-1	80	0
208	209	65323	-1	21	菟岱楠平		186	84	0	0	10000	-1	-1	1	0	-1	-1	-1	-1	-1	-1	80	0
209	210	65323	-1	21	菟岱楠平		186	84	0	0	10000	-1	-1	1	0	-1	-1	-1	-1	-1	-1	80	0
210	211	65323	-1	21	菟岱楠平		150	92	0	0	10000	-1	-1	1	0	-1	-1	-1	-1	-1	-1	80	0
211	212	65323	-1	21	菟岱楠平		150	92	0	0	10000	-1	-1	1	0	-1	-1	-1	-1	-1	-1	80	0
212	213	65323	-1	21	菟岱楠平		150	92	0	0	10000	-1	-1	1	0	-1	-1	-1	-1	-1	-1	80	0
213	214	65323	-1	21	菟岱楠平		150	92	0	0	10000	-1	-1	1	0	-1	-1	-1	-1	-1	-1	80	0
214	215	65323	-1	21	菟岱楠平		150	92	0	0	10000	-1	-1	1	0	-1	-1	-1	-1	-1	-1	80	0
215	216	65323	-1	21	菟岱楠平		150	92	0	0	10000	-1	-1	1	0	-1	-1	-1	-1	-1	-1	80	0
216	217	65323	-1	21	菟岱楠平		150	92	0	0	10000	-1	-1	1	0	-1	-1	-1	-1	-1	-1	80	0
217	218	65323	-1	21	菟岱楠平		150	92	0	0	10000	-1	-1	1	0	-1	-1	-1	-1	-1	-1	80	0
218	219	65323	-1	21	菟岱楠平		150	92	0	0	10000	-1	-1	1	0	-1	-1	-1	-1	-1	-1	80	0
219	220	65323	-1	21	菟岱楠平		150	92	0	0	10000	-1	-1	1	0	-1	-1	-1	-1	-1	-1	80	0
220	221	65323	-1	21	菟岱楠平		150	92	0	0	10000	-1	-1	1	0	-1	-1	-1	-1	-1	-1	80	0
221	222	65323	-1	21	菟岱楠平		150	92	0	0	10000	-1	-1	1	0	-1	-1	-1	-1	-1	-1	80	0
222	223	65323	-1	21	菟岱楠平		154	119	0	0	10000	-1	-1	1	0	-1	-1	-1	-1	-1	-1	80	0
223	224	65323	-1	21	菟岱楠平		154	119	0	0	10000	-1	-1	1	0	-1	-1	-1	-1	-1	-1	80	0
224	225	65323	-1	21	菟岱楠平		154	119	0	0	10000	-1	-1	1	0	-1	-1	-1	-1	-1	-1	80	0
225	226	65323	-1	21	菟岱楠平		154	119	0	0	10000	-1	-1	1	0	-1	-1	-1	-1	-1	-1	80	0
226	227	65323	-1	21	菟岱楠平		154	119	0	0	10000	-1	-1	1	0	-1	-1	-1	-1	-1	-1	80	0
227	228	65323	-1	21	菟岱楠平		154	119	0	0	10000	-1	-1	1	0	-1	-1	-1	-1	-1	-1	80	0
228	229	65323	-1	21	菟岱楠平		154	119	0	0	10000	-1	-1	1	0	-1	-1	-1	-1	-1	-1	80	0
229	230	65323	-1	21	菟岱楠平		154	119	0	0	10000	-1	-1	1	0	-1	-1	-1	-1	-1	-1	80	0
230	231	65323	-1	21	菟岱楠平		154	119	0	0	10000	-1	-1	1	0	-1	-1	-1	-1	-1	-1	80	0
231	232	65323	-1	21	菟岱楠平		154	119	0	0	10000	-1	-1	1	0	-1	-1	-1	-1	-1	-1	80	0
232	233	65323	-1	21	菟岱楠平		154	119	0	0	10000	-1	-1	1	0	-1	-1	-1	-1	-1	-1	80	0
233	234	65323	-1	21	菟岱楠平		154	119	0	0	10000	-1	-1	1	0	-1	-1	-1	-1	-1	-1	80	0
234	235	65323	-1	21	菟岱楠平		185	119	0	0	10000	-1	-1	1	0	-1	-1	-1	-1	-1	-1	80	0
235	236	65323	-1	21	菟岱楠平		185	119	0	0	10000	-1	-1	1	0	-1	-1	-1	-1	-1	-1	80	0
236	237	65323	-1	21	菟岱楠平		185	119	0	0	10000	-1	-1	1	0	-1	-1	-1	-1	-1	-1	80	0
237	238	65323	-1	21	菟岱楠平		185	119	0	0	10000	-1	-1	1	0	-1	-1	-1	-1	-1	-1	80	0
238	239	65323	-1	21	菟岱楠平		185	119	0	0	10000	-1	-1	1	0	-1	-1	-1	-1	-1	-1	80	0
239	240	65323	-1	21	菟岱楠平		185	119	0	0	10000	-1	-1	1	0	-1	-1	-1	-1	-1	-1	80	0
240	241	65323	-1	21	菟岱楠平		185	119	0	0	10000	-1	-1	1	0	-1	-1	-1	-1	-1	-1	80	0
241	242	65323	-1	21	菟岱楠平		185	119	0	0	10000	-1	-1	1	0	-1	-1	-1	-1	-1	-1	80	0
242	243	65323	-1	21	菟岱楠平		185	119	0	0	10000	-1	-1	1	0	-1	-1	-1	-1	-1	-1	80	0
243	244	65323	-1	21	菟岱楠平		185	119	0	0	10000	-1	-1	1	0	-1	-1	-1	-1	-1	-1	80	0
244	245	65323	-1	21	菟岱楠平		185	119	0	0	10000	-1	-1	1	0	-1	-1	-1	-1	-1	-1	80	0
245	246	65323	-1	21	菟岱楠平		185	119	0	0	10000	-1	-1	1	0	-1	-1	-1	-1	-1	-1	80	0
246	247	65323	-1	21	菟岱楠平		218	119	0	0	10000	-1	-1	1	0	-1	-1	-1	-1	-1	-1	80	0
247	248	65323	-1	21	菟岱楠平		218	119	0	0	10000	-1	-1	1	0	-1	-1	-1	-1	-1	-1	80	0
248	249	65323	-1	21	菟岱楠平		218	119	0	0	10000	-1	-1	1	0	-1	-1	-1	-1	-1	-1	80	0
249	250	65323	-1	21	菟岱楠平		218	119	0	0	10000	-1	-1	1	0	-1	-1	-1	-1	-1	-1	80	0
250	251	65323	-1	21	菟岱楠平		218	119	0	0	10000	-1	-1	1	0	-1	-1	-1	-1	-1	-1	80	0
251	252	65323	-1	21	菟岱楠平		218	119	0	0	10000	-1	-1	1	0	-1	-1	-1	-1	-1	-1	80	0
252	253	65323	-1	21	菟岱楠平		218	119	0	0	10000	-1	-1	1	0	-1	-1	-1	-1	-1	-1	80	0
253	254	65323	-1	21	菟岱楠平		218	119	0	0	10000	-1	-1	1	0	-1	-1	-1	-1	-1	-1	80	0
254	255	65323	-1	21	菟岱楠平		218	119	0	0	10000	-1	-1	1	0	-1	-1	-1	-1	-1	-1	80	0
255	256	65323	-1	21	菟岱楠平		218	119	0	0	10000	-1	-1	1	0	-1	-1	-1	-1	-1	-1	80	0
256	257	65323	-1	21	菟岱楠平		218	119	0	0	10000	-1	-1	1	0	-1	-1	-1	-1	-1	-1	80	0
257	258	65323	-1	21	菟岱楠平		218	119	0	0	10000	-1	-1	1	0	-1	-1	-1	-1	-1	-1	80	0
258	259	65323	-1	21	菟岱楠平		218	68	0	0	10000	-1	-1	1	0	-1	-1	-1	-1	-1	-1	80	0
259	260	65323	-1	21	菟岱楠平		218	68	0	0	10000	-1	-1	1	0	-1	-1	-1	-1	-1	-1	80	0
260	261	65323	-1	21	菟岱楠平		218	68	0	0	10000	-1	-1	1	0	-1	-1	-1	-1	-1	-1	80	0
261	262	65323	-1	21	菟岱楠平		218	68	0	0	10000	-1	-1	1	0	-1	-1	-1	-1	-1	-1	80	0
262	263	65323	-1	21	菟岱楠平		218	68	0	0	10000	-1	-1	1	0	-1	-1	-1	-1	-1	-1	80	0
263	264	65323	-1	21	菟岱楠平		218	68	0	0	10000	-1	-1	1	0	-1	-1	-1	-1	-1	-1	80	0
264	265	65323	-1	21	菟岱楠平		218	68	0	0	10000	-1	-1	1	0	-1	-1	-1	-1	-1	-1	80	0
265	266	65323	-1	21	菟岱楠平		218	68	0	0	10000	-1	-1	1	0	-1	-1	-1	-1	-1	-1	80	0
266	267	65323	-1	21	菟岱楠平		218	68	0	0	10000	-1	-1	1	0	-1	-1	-1	-1	-1	-1	80	0
267	268	65323	-1	21	菟岱楠平		218	68	0	0	10000	-1	-1	1	0	-1	-1	-1	-1	-1	-1	80	0
268	269	65323	-1	21	菟岱楠平		218	68	0	0	10000	-1	-1	1	0	-1	-1	-1	-1	-1	-1	80	0
269	270	65323	-1	21	菟岱楠平		218	68	0	0	10000	-1	-1	1	0	-1	-1	-1	-1	-1	-1	80	0
270	271	65323	-1	21	菟岱楠平		213	152	0	0	10000	-1	-1	1	0	-1	-1	-1	-1	-1	-1	80	0
271	272	65323	-1	21	菟岱楠平		213	152	0	0	10000	-1	-1	1	0	-1	-1	-1	-1	-1	-1	80	0
272	273	65323	-1	21	菟岱楠平		213	152	0	0	10000	-1	-1	1	0	-1	-1	-1	-1	-1	-1	80	0
273	274	65323	-1	21	菟岱楠平		213	152	0	0	10000	-1	-1	1	0	-1	-1	-1	-1	-1	-1	80	0
274	275	65323	-1	21	菟岱楠平		213	152	0	0	10000	-1	-1	1	0	-1	-1	-1	-1	-1	-1	80	0
275	276	65323	-1	21	菟岱楠平		213	152	0	0	10000	-1	-1	1	0	-1	-1	-1	-1	-1	-1	80	0
276	277	65323	-1	21	菟岱楠平		213	152	0	0	10000	-1	-1	1	0	-1	-1	-1	-1	-1	-1	80	0
277	278	65323	-1	21	菟岱楠平		213	152	0	0	10000	-1	-1	1	0	-1	-1	-1	-1	-1	-1	80	0
278	279	65323	-1	21	菟岱楠平		213	152	0	0	10000	-1	-1	1	0	-1	-1	-1	-1	-1	-1	80	0
279	280	65323	-1	21	菟岱楠平		225	152	0	0	10000	-1	-1	1	0	-1	-1	-1	-1	-1	-1	80	0
280	281	65323	-1	21	菟岱楠平		225	152	0	0	10000	-1	-1	1	0	-1	-1	-1	-1	-1	-1	80	0
281	282	65323	-1	21	菟岱楠平		225	152	0	0	10000	-1	-1	1	0	-1	-1	-1	-1	-1	-1	80	0
282	283	65323	-1	21	菟岱楠平		225	152	0	0	10000	-1	-1	1	0	-1	-1	-1	-1	-1	-1	80	0
283	284	65323	-1	21	菟岱楠平		225	152	0	0	10000	-1	-1	1	0	-1	-1	-1	-1	-1	-1	80	0
284	285	65323	-1	21	菟岱楠平		225	152	0	0	10000	-1	-1	1	0	-1	-1	-1	-1	-1	-1	80	0
285	286	65323	-1	21	菟岱楠平		225	152	0	0	10000	-1	-1	1	0	-1	-1	-1	-1	-1	-1	80	0
286	287	65323	-1	21	菟岱楠平		225	152	0	0	10000	-1	-1	1	0	-1	-1	-1	-1	-1	-1	80	0
287	288	65323	-1	21	菟岱楠平		225	152	0	0	10000	-1	-1	1	0	-1	-1	-1	-1	-1	-1	80	0
288	289	65323	-1	21	菟岱楠平		225	165	0	0	10000	-1	-1	1	0	-1	-1	-1	-1	-1	-1	80	0
289	290	65323	-1	21	菟岱楠平		225	165	0	0	10000	-1	-1	1	0	-1	-1	-1	-1	-1	-1	80	0
290	291	65323	-1	21	菟岱楠平		225	165	0	0	10000	-1	-1	1	0	-1	-1	-1	-1	-1	-1	80	0
291	292	65323	-1	21	菟岱楠平		225	165	0	0	10000	-1	-1	1	0	-1	-1	-1	-1	-1	-1	80	0
292	293	65323	-1	21	菟岱楠平		225	165	0	0	10000	-1	-1	1	0	-1	-1	-1	-1	-1	-1	80	0
293	294	65323	-1	21	菟岱楠平		225	165	0	0	10000	-1	-1	1	0	-1	-1	-1	-1	-1	-1	80	0
294	295	65323	-1	21	菟岱楠平		225	165	0	0	10000	-1	-1	1	0	-1	-1	-1	-1	-1	-1	80	0
295	296	65323	-1	21	菟岱楠平		225	165	0	0	10000	-1	-1	1	0	-1	-1	-1	-1	-1	-1	80	0
296	297	65323	-1	21	菟岱楠平		225	165	0	0	10000	-1	-1	1	0	-1	-1	-1	-1	-1	-1	80	0
297	298	65323	-1	21	菟岱楠平		213	165	0	0	10000	-1	-1	1	0	-1	-1	-1	-1	-1	-1	80	0
298	299	65323	-1	21	菟岱楠平		213	165	0	0	10000	-1	-1	1	0	-1	-1	-1	-1	-1	-1	80	0
299	300	65323	-1	21	菟岱楠平		213	165	0	0	10000	-1	-1	1	0	-1	-1	-1	-1	-1	-1	80	0
300	301	65323	-1	21	菟岱楠平		213	165	0	0	10000	-1	-1	1	0	-1	-1	-1	-1	-1	-1	80	0
301	302	65323	-1	21	菟岱楠平		213	165	0	0	10000	-1	-1	1	0	-1	-1	-1	-1	-1	-1	80	0
302	303	65323	-1	21	菟岱楠平		213	165	0	0	10000	-1	-1	1	0	-1	-1	-1	-1	-1	-1	80	0
303	304	65323	-1	21	菟岱楠平		213	165	0	0	10000	-1	-1	1	0	-1	-1	-1	-1	-1	-1	80	0
304	305	65323	-1	21	菟岱楠平		213	165	0	0	10000	-1	-1	1	0	-1	-1	-1	-1	-1	-1	80	0
305	306	65323	-1	21	菟岱楠平		213	165	0	0	10000	-1	-1	1	0	-1	-1	-1	-1	-1	-1	80	0
306	307	65323	-1	21	菟岱楠平		154	152	0	0	10000	-1	-1	1	0	-1	-1	-1	-1	-1	-1	80	0
307	308	65323	-1	21	菟岱楠平		154	152	0	0	10000	-1	-1	1	0	-1	-1	-1	-1	-1	-1	80	0
308	309	65323	-1	21	菟岱楠平		154	152	0	0	10000	-1	-1	1	0	-1	-1	-1	-1	-1	-1	80	0
309	310	65323	-1	21	菟岱楠平		154	152	0	0	10000	-1	-1	1	0	-1	-1	-1	-1	-1	-1	80	0
310	311	65323	-1	21	菟岱楠平		154	152	0	0	10000	-1	-1	1	0	-1	-1	-1	-1	-1	-1	80	0
311	312	65323	-1	21	菟岱楠平		154	152	0	0	10000	-1	-1	1	0	-1	-1	-1	-1	-1	-1	80	0
312	313	65323	-1	21	菟岱楠平		154	152	0	0	10000	-1	-1	1	0	-1	-1	-1	-1	-1	-1	80	0
313	314	65323	-1	21	菟岱楠平		154	152	0	0	10000	-1	-1	1	0	-1	-1	-1	-1	-1	-1	80	0
314	315	65323	-1	21	菟岱楠平		154	152	0	0	10000	-1	-1	1	0	-1	-1	-1	-1	-1	-1	80	0
315	316	65323	-1	21	菟岱楠平		166	152	0	0	10000	-1	-1	1	0	-1	-1	-1	-1	-1	-1	80	0
316	317	65323	-1	21	菟岱楠平		166	152	0	0	10000	-1	-1	1	0	-1	-1	-1	-1	-1	-1	80	0
317	318	65323	-1	21	菟岱楠平		166	152	0	0	10000	-1	-1	1	0	-1	-1	-1	-1	-1	-1	80	0
318	319	65323	-1	21	菟岱楠平		166	152	0	0	10000	-1	-1	1	0	-1	-1	-1	-1	-1	-1	80	0
319	320	65323	-1	21	菟岱楠平		166	152	0	0	10000	-1	-1	1	0	-1	-1	-1	-1	-1	-1	80	0
320	321	65323	-1	21	菟岱楠平		166	152	0	0	10000	-1	-1	1	0	-1	-1	-1	-1	-1	-1	80	0
321	322	65323	-1	21	菟岱楠平		166	152	0	0	10000	-1	-1	1	0	-1	-1	-1	-1	-1	-1	80	0
322	323	65323	-1	21	菟岱楠平		166	152	0	0	10000	-1	-1	1	0	-1	-1	-1	-1	-1	-1	80	0
323	324	65323	-1	21	菟岱楠平		166	152	0	0	10000	-1	-1	1	0	-1	-1	-1	-1	-1	-1	80	0
324	325	65323	-1	21	菟岱楠平		166	165	0	0	10000	-1	-1	1	0	-1	-1	-1	-1	-1	-1	80	0
325	326	65323	-1	21	菟岱楠平		166	165	0	0	10000	-1	-1	1	0	-1	-1	-1	-1	-1	-1	80	0
326	327	65323	-1	21	菟岱楠平		166	165	0	0	10000	-1	-1	1	0	-1	-1	-1	-1	-1	-1	80	0
327	328	65323	-1	21	菟岱楠平		166	165	0	0	10000	-1	-1	1	0	-1	-1	-1	-1	-1	-1	80	0
328	329	65323	-1	21	菟岱楠平		166	165	0	0	10000	-1	-1	1	0	-1	-1	-1	-1	-1	-1	80	0
329	330	65323	-1	21	菟岱楠平		166	165	0	0	10000	-1	-1	1	0	-1	-1	-1	-1	-1	-1	80	0
330	331	65323	-1	21	菟岱楠平		166	165	0	0	10000	-1	-1	1	0	-1	-1	-1	-1	-1	-1	80	0
331	332	65323	-1	21	菟岱楠平		166	165	0	0	10000	-1	-1	1	0	-1	-1	-1	-1	-1	-1	80	0
332	333	65323	-1	21	菟岱楠平		166	165	0	0	10000	-1	-1	1	0	-1	-1	-1	-1	-1	-1	80	0
333	334	65323	-1	21	菟岱楠平		95	165	0	0	10000	-1	-1	1	0	-1	-1	-1	-1	-1	-1	80	0
334	335	65323	-1	21	菟岱楠平		95	165	0	0	10000	-1	-1	1	0	-1	-1	-1	-1	-1	-1	80	0
335	336	65323	-1	21	菟岱楠平		95	165	0	0	10000	-1	-1	1	0	-1	-1	-1	-1	-1	-1	80	0
336	337	65323	-1	21	菟岱楠平		95	165	0	0	10000	-1	-1	1	0	-1	-1	-1	-1	-1	-1	80	0
337	338	65323	-1	21	菟岱楠平		95	165	0	0	10000	-1	-1	1	0	-1	-1	-1	-1	-1	-1	80	0
338	339	65323	-1	21	菟岱楠平		95	165	0	0	10000	-1	-1	1	0	-1	-1	-1	-1	-1	-1	80	0
339	340	65323	-1	21	菟岱楠平		95	165	0	0	10000	-1	-1	1	0	-1	-1	-1	-1	-1	-1	80	0
340	341	65323	-1	21	菟岱楠平		95	165	0	0	10000	-1	-1	1	0	-1	-1	-1	-1	-1	-1	80	0
341	342	65323	-1	21	菟岱楠平		95	165	0	0	10000	-1	-1	1	0	-1	-1	-1	-1	-1	-1	80	0
342	343	65323	-1	21	菟岱楠平		95	152	0	0	10000	-1	-1	1	0	-1	-1	-1	-1	-1	-1	80	0
343	344	65323	-1	21	菟岱楠平		95	152	0	0	10000	-1	-1	1	0	-1	-1	-1	-1	-1	-1	80	0
344	345	65323	-1	21	菟岱楠平		95	152	0	0	10000	-1	-1	1	0	-1	-1	-1	-1	-1	-1	80	0
345	346	65323	-1	21	菟岱楠平		95	152	0	0	10000	-1	-1	1	0	-1	-1	-1	-1	-1	-1	80	0
346	347	65323	-1	21	菟岱楠平		95	152	0	0	10000	-1	-1	1	0	-1	-1	-1	-1	-1	-1	80	0
347	348	65323	-1	21	菟岱楠平		95	152	0	0	10000	-1	-1	1	0	-1	-1	-1	-1	-1	-1	80	0
348	349	65323	-1	21	菟岱楠平		95	152	0	0	10000	-1	-1	1	0	-1	-1	-1	-1	-1	-1	80	0
349	350	65323	-1	21	菟岱楠平		95	152	0	0	10000	-1	-1	1	0	-1	-1	-1	-1	-1	-1	80	0
350	351	65323	-1	21	菟岱楠平		95	152	0	0	10000	-1	-1	1	0	-1	-1	-1	-1	-1	-1	80	0
351	352	65323	-1	21	菟岱楠平		107	152	0	0	10000	-1	-1	1	0	-1	-1	-1	-1	-1	-1	80	0
352	353	65323	-1	21	菟岱楠平		107	152	0	0	10000	-1	-1	1	0	-1	-1	-1	-1	-1	-1	80	0
353	354	65323	-1	21	菟岱楠平		107	152	0	0	10000	-1	-1	1	0	-1	-1	-1	-1	-1	-1	80	0
354	355	65323	-1	21	菟岱楠平		107	152	0	0	10000	-1	-1	1	0	-1	-1	-1	-1	-1	-1	80	0
355	356	65323	-1	21	菟岱楠平		107	152	0	0	10000	-1	-1	1	0	-1	-1	-1	-1	-1	-1	80	0
356	357	65323	-1	21	菟岱楠平		107	152	0	0	10000	-1	-1	1	0	-1	-1	-1	-1	-1	-1	80	0
357	358	65323	-1	21	菟岱楠平		107	152	0	0	10000	-1	-1	1	0	-1	-1	-1	-1	-1	-1	80	0
358	359	65323	-1	21	菟岱楠平		107	152	0	0	10000	-1	-1	1	0	-1	-1	-1	-1	-1	-1	80	0
359	360	65323	-1	21	菟岱楠平		107	152	0	0	10000	-1	-1	1	0	-1	-1	-1	-1	-1	-1	80	0
360	361	65323	-1	21	菟岱楠平		107	165	0	0	10000	-1	-1	1	0	-1	-1	-1	-1	-1	-1	80	0
361	362	65323	-1	21	菟岱楠平		107	165	0	0	10000	-1	-1	1	0	-1	-1	-1	-1	-1	-1	80	0
362	363	65323	-1	21	菟岱楠平		107	165	0	0	10000	-1	-1	1	0	-1	-1	-1	-1	-1	-1	80	0
363	364	65323	-1	21	菟岱楠平		107	165	0	0	10000	-1	-1	1	0	-1	-1	-1	-1	-1	-1	80	0
364	365	65323	-1	21	菟岱楠平		107	165	0	0	10000	-1	-1	1	0	-1	-1	-1	-1	-1	-1	80	0
365	366	65323	-1	21	菟岱楠平		107	165	0	0	10000	-1	-1	1	0	-1	-1	-1	-1	-1	-1	80	0
366	367	65323	-1	21	菟岱楠平		107	165	0	0	10000	-1	-1	1	0	-1	-1	-1	-1	-1	-1	80	0
367	368	65323	-1	21	菟岱楠平		107	165	0	0	10000	-1	-1	1	0	-1	-1	-1	-1	-1	-1	80	0
368	369	65323	-1	21	菟岱楠平		107	165	0	0	10000	-1	-1	1	0	-1	-1	-1	-1	-1	-1	80	0
369	370	65323	-1	21	菟岱楠平		95	165	0	0	10000	-1	-1	1	0	-1	-1	-1	-1	-1	-1	80	0
370	371	65323	-1	21	菟岱楠平		95	165	0	0	10000	-1	-1	1	0	-1	-1	-1	-1	-1	-1	80	0
371	372	65323	-1	21	菟岱楠平		95	165	0	0	10000	-1	-1	1	0	-1	-1	-1	-1	-1	-1	80	0
372	373	65323	-1	21	菟岱楠平		95	165	0	0	10000	-1	-1	1	0	-1	-1	-1	-1	-1	-1	80	0
373	374	65323	-1	21	菟岱楠平		95	165	0	0	10000	-1	-1	1	0	-1	-1	-1	-1	-1	-1	80	0
374	375	65323	-1	21	菟岱楠平		95	165	0	0	10000	-1	-1	1	0	-1	-1	-1	-1	-1	-1	80	0
375	376	65323	-1	21	菟岱楠平		95	165	0	0	10000	-1	-1	1	0	-1	-1	-1	-1	-1	-1	80	0
376	377	65323	-1	21	菟岱楠平		95	165	0	0	10000	-1	-1	1	0	-1	-1	-1	-1	-1	-1	80	0
377	378	65323	-1	21	菟岱楠平		95	165	0	0	10000	-1	-1	1	0	-1	-1	-1	-1	-1	-1	80	0
378	379	65323	-1	21	菟岱楠平		36	152	0	0	10000	-1	-1	1	0	-1	-1	-1	-1	-1	-1	80	0
379	380	65323	-1	21	菟岱楠平		36	152	0	0	10000	-1	-1	1	0	-1	-1	-1	-1	-1	-1	80	0
380	381	65323	-1	21	菟岱楠平		36	152	0	0	10000	-1	-1	1	0	-1	-1	-1	-1	-1	-1	80	0
381	382	65323	-1	21	菟岱楠平		36	152	0	0	10000	-1	-1	1	0	-1	-1	-1	-1	-1	-1	80	0
382	383	65323	-1	21	菟岱楠平		36	152	0	0	10000	-1	-1	1	0	-1	-1	-1	-1	-1	-1	80	0
383	384	65323	-1	21	菟岱楠平		36	152	0	0	10000	-1	-1	1	0	-1	-1	-1	-1	-1	-1	80	0
384	385	65323	-1	21	菟岱楠平		36	152	0	0	10000	-1	-1	1	0	-1	-1	-1	-1	-1	-1	80	0
385	386	65323	-1	21	菟岱楠平		36	152	0	0	10000	-1	-1	1	0	-1	-1	-1	-1	-1	-1	80	0
386	387	65323	-1	21	菟岱楠平		36	152	0	0	10000	-1	-1	1	0	-1	-1	-1	-1	-1	-1	80	0
387	388	65323	-1	21	菟岱楠平		48	152	0	0	10000	-1	-1	1	0	-1	-1	-1	-1	-1	-1	80	0
388	389	65323	-1	21	菟岱楠平		48	152	0	0	10000	-1	-1	1	0	-1	-1	-1	-1	-1	-1	80	0
389	390	65323	-1	21	菟岱楠平		48	152	0	0	10000	-1	-1	1	0	-1	-1	-1	-1	-1	-1	80	0
390	391	65323	-1	21	菟岱楠平		48	152	0	0	10000	-1	-1	1	0	-1	-1	-1	-1	-1	-1	80	0
391	392	65323	-1	21	菟岱楠平		48	152	0	0	10000	-1	-1	1	0	-1	-1	-1	-1	-1	-1	80	0
392	393	65323	-1	21	菟岱楠平		48	152	0	0	10000	-1	-1	1	0	-1	-1	-1	-1	-1	-1	80	0
393	394	65323	-1	21	菟岱楠平		48	152	0	0	10000	-1	-1	1	0	-1	-1	-1	-1	-1	-1	80	0
394	395	65323	-1	21	菟岱楠平		48	152	0	0	10000	-1	-1	1	0	-1	-1	-1	-1	-1	-1	80	0
395	396	65323	-1	21	菟岱楠平		48	152	0	0	10000	-1	-1	1	0	-1	-1	-1	-1	-1	-1	80	0
396	397	65323	-1	21	菟岱楠平		48	165	0	0	10000	-1	-1	1	0	-1	-1	-1	-1	-1	-1	80	0
397	398	65323	-1	21	菟岱楠平		48	165	0	0	10000	-1	-1	1	0	-1	-1	-1	-1	-1	-1	80	0
398	399	65323	-1	21	菟岱楠平		48	165	0	0	10000	-1	-1	1	0	-1	-1	-1	-1	-1	-1	80	0
399	400	65323	-1	21	菟岱楠平		48	165	0	0	10000	-1	-1	1	0	-1	-1	-1	-1	-1	-1	80	0
400	401	65323	-1	21	菟岱楠平		48	165	0	0	10000	-1	-1	1	0	-1	-1	-1	-1	-1	-1	80	0
401	402	65323	-1	21	菟岱楠平		48	165	0	0	10000	-1	-1	1	0	-1	-1	-1	-1	-1	-1	80	0
402	403	65323	-1	21	菟岱楠平		48	165	0	0	10000	-1	-1	1	0	-1	-1	-1	-1	-1	-1	80	0
403	404	65323	-1	21	菟岱楠平		48	165	0	0	10000	-1	-1	1	0	-1	-1	-1	-1	-1	-1	80	0
404	405	65323	-1	21	菟岱楠平		48	165	0	0	10000	-1	-1	1	0	-1	-1	-1	-1	-1	-1	80	0
405	406	65323	-1	21	菟岱楠平		36	165	0	0	10000	-1	-1	1	0	-1	-1	-1	-1	-1	-1	80	0
406	407	65323	-1	21	菟岱楠平		36	165	0	0	10000	-1	-1	1	0	-1	-1	-1	-1	-1	-1	80	0
407	408	65323	-1	21	菟岱楠平		36	165	0	0	10000	-1	-1	1	0	-1	-1	-1	-1	-1	-1	80	0
408	409	65323	-1	21	菟岱楠平		36	165	0	0	10000	-1	-1	1	0	-1	-1	-1	-1	-1	-1	80	0
409	410	65323	-1	21	菟岱楠平		36	165	0	0	10000	-1	-1	1	0	-1	-1	-1	-1	-1	-1	80	0
410	411	65323	-1	21	菟岱楠平		36	165	0	0	10000	-1	-1	1	0	-1	-1	-1	-1	-1	-1	80	0
411	412	65323	-1	21	菟岱楠平		36	165	0	0	10000	-1	-1	1	0	-1	-1	-1	-1	-1	-1	80	0
412	413	65323	-1	21	菟岱楠平		36	165	0	0	10000	-1	-1	1	0	-1	-1	-1	-1	-1	-1	80	0
413	414	65323	-1	21	菟岱楠平		36	165	0	0	10000	-1	-1	1	0	-1	-1	-1	-1	-1	-1	80	0
414	415	65323	-1	21	菟岱楠平		220	95	0	0	10000	-1	-1	1	0	-1	-1	-1	-1	-1	-1	80	0
415	416	65323	-1	21	菟岱楠平		220	95	0	0	10000	-1	-1	1	0	-1	-1	-1	-1	-1	-1	80	0
416	417	65323	-1	21	菟岱楠平		220	95	0	0	10000	-1	-1	1	0	-1	-1	-1	-1	-1	-1	80	0
417	418	65323	-1	21	菟岱楠平		220	95	0	0	10000	-1	-1	1	0	-1	-1	-1	-1	-1	-1	80	0
418	419	65323	-1	21	菟岱楠平		220	95	0	0	10000	-1	-1	1	0	-1	-1	-1	-1	-1	-1	80	0
419	420	65323	-1	21	菟岱楠平		220	95	0	0	10000	-1	-1	1	0	-1	-1	-1	-1	-1	-1	80	0
420	421	65323	-1	21	菟岱楠平		220	95	0	0	10000	-1	-1	1	0	-1	-1	-1	-1	-1	-1	80	0
421	422	65323	-1	21	菟岱楠平		220	95	0	0	10000	-1	-1	1	0	-1	-1	-1	-1	-1	-1	80	0
422	423	65323	-1	21	菟岱楠平		220	95	0	0	10000	-1	-1	1	0	-1	-1	-1	-1	-1	-1	80	0
423	424	65323	-1	21	菟岱楠平		220	95	0	0	10000	-1	-1	1	0	-1	-1	-1	-1	-1	-1	80	0
424	425	65323	-1	21	菟岱楠平		220	95	0	0	10000	-1	-1	1	0	-1	-1	-1	-1	-1	-1	80	0
425	426	65323	-1	21	菟岱楠平		220	95	0	0	10000	-1	-1	1	0	-1	-1	-1	-1	-1	-1	80	0
426	427	65323	-1	21	菟岱楠平		224	213	0	0	10000	-1	-1	1	0	-1	-1	-1	-1	-1	-1	80	0
427	428	65323	-1	21	菟岱楠平		224	213	0	0	10000	-1	-1	1	0	-1	-1	-1	-1	-1	-1	80	0
428	429	65323	-1	21	菟岱楠平		224	213	0	0	10000	-1	-1	1	0	-1	-1	-1	-1	-1	-1	80	0
429	430	65323	-1	21	菟岱楠平		224	213	0	0	10000	-1	-1	1	0	-1	-1	-1	-1	-1	-1	80	0
430	431	65323	-1	21	菟岱楠平		224	213	0	0	10000	-1	-1	1	0	-1	-1	-1	-1	-1	-1	80	0
431	432	65323	-1	21	菟岱楠平		224	213	0	0	10000	-1	-1	1	0	-1	-1	-1	-1	-1	-1	80	0
432	433	65323	-1	21	菟岱楠平		224	213	0	0	10000	-1	-1	1	0	-1	-1	-1	-1	-1	-1	80	0
433	434	65323	-1	21	菟岱楠平		224	213	0	0	10000	-1	-1	1	0	-1	-1	-1	-1	-1	-1	80	0
434	435	65323	-1	21	菟岱楠平		224	213	0	0	10000	-1	-1	1	0	-1	-1	-1	-1	-1	-1	80	0
435	436	65323	-1	21	菟岱楠平		224	213	0	0	10000	-1	-1	1	0	-1	-1	-1	-1	-1	-1	80	0
436	437	65323	-1	21	菟岱楠平		224	213	0	0	10000	-1	-1	1	0	-1	-1	-1	-1	-1	-1	80	0
437	438	65323	-1	21	菟岱楠平		224	213	0	0	10000	-1	-1	1	0	-1	-1	-1	-1	-1	-1	80	0
438	439	65323	-1	21	菟岱楠平		214	213	0	0	10000	-1	-1	1	0	-1	-1	-1	-1	-1	-1	80	0
439	440	65323	-1	21	菟岱楠平		214	213	0	0	10000	-1	-1	1	0	-1	-1	-1	-1	-1	-1	80	0
440	441	65323	-1	21	菟岱楠平		214	213	0	0	10000	-1	-1	1	0	-1	-1	-1	-1	-1	-1	80	0
441	442	65323	-1	21	菟岱楠平		214	213	0	0	10000	-1	-1	1	0	-1	-1	-1	-1	-1	-1	80	0
442	443	65323	-1	21	菟岱楠平		214	213	0	0	10000	-1	-1	1	0	-1	-1	-1	-1	-1	-1	80	0
443	444	65323	-1	21	菟岱楠平		214	213	0	0	10000	-1	-1	1	0	-1	-1	-1	-1	-1	-1	80	0
444	445	65323	-1	21	菟岱楠平		214	213	0	0	10000	-1	-1	1	0	-1	-1	-1	-1	-1	-1	80	0
445	446	65323	-1	21	菟岱楠平		214	213	0	0	10000	-1	-1	1	0	-1	-1	-1	-1	-1	-1	80	0
446	447	65323	-1	21	菟岱楠平		214	213	0	0	10000	-1	-1	1	0	-1	-1	-1	-1	-1	-1	80	0
447	448	65323	-1	21	菟岱楠平		214	213	0	0	10000	-1	-1	1	0	-1	-1	-1	-1	-1	-1	80	0
448	449	65323	-1	21	菟岱楠平		214	213	0	0	10000	-1	-1	1	0	-1	-1	-1	-1	-1	-1	80	0
449	450	65323	-1	21	菟岱楠平		214	213	0	0	10000	-1	-1	1	0	-1	-1	-1	-1	-1	-1	80	0
450	451	65323	-1	21	菟岱楠平		165	213	0	0	10000	-1	-1	1	0	-1	-1	-1	-1	-1	-1	80	0
451	452	65323	-1	21	菟岱楠平		165	213	0	0	10000	-1	-1	1	0	-1	-1	-1	-1	-1	-1	80	0
452	453	65323	-1	21	菟岱楠平		165	213	0	0	10000	-1	-1	1	0	-1	-1	-1	-1	-1	-1	80	0
453	454	65323	-1	21	菟岱楠平		165	213	0	0	10000	-1	-1	1	0	-1	-1	-1	-1	-1	-1	80	0
454	455	65323	-1	21	菟岱楠平		165	213	0	0	10000	-1	-1	1	0	-1	-1	-1	-1	-1	-1	80	0
455	456	65323	-1	21	菟岱楠平		165	213	0	0	10000	-1	-1	1	0	-1	-1	-1	-1	-1	-1	80	0
456	457	65323	-1	21	菟岱楠平		165	213	0	0	10000	-1	-1	1	0	-1	-1	-1	-1	-1	-1	80	0
457	458	65323	-1	21	菟岱楠平		165	213	0	0	10000	-1	-1	1	0	-1	-1	-1	-1	-1	-1	80	0
458	459	65323	-1	21	菟岱楠平		165	213	0	0	10000	-1	-1	1	0	-1	-1	-1	-1	-1	-1	80	0
459	460	65323	-1	21	菟岱楠平		165	213	0	0	10000	-1	-1	1	0	-1	-1	-1	-1	-1	-1	80	0
460	461	65323	-1	21	菟岱楠平		165	213	0	0	10000	-1	-1	1	0	-1	-1	-1	-1	-1	-1	80	0
461	462	65323	-1	21	菟岱楠平		165	213	0	0	10000	-1	-1	1	0	-1	-1	-1	-1	-1	-1	80	0
462	463	65323	-1	21	菟岱楠平		155	213	0	0	10000	-1	-1	1	0	-1	-1	-1	-1	-1	-1	80	0
463	464	65323	-1	21	菟岱楠平		155	213	0	0	10000	-1	-1	1	0	-1	-1	-1	-1	-1	-1	80	0
464	465	65323	-1	21	菟岱楠平		155	213	0	0	10000	-1	-1	1	0	-1	-1	-1	-1	-1	-1	80	0
465	466	65323	-1	21	菟岱楠平		155	213	0	0	10000	-1	-1	1	0	-1	-1	-1	-1	-1	-1	80	0
466	467	65323	-1	21	菟岱楠平		155	213	0	0	10000	-1	-1	1	0	-1	-1	-1	-1	-1	-1	80	0
467	468	65323	-1	21	菟岱楠平		155	213	0	0	10000	-1	-1	1	0	-1	-1	-1	-1	-1	-1	80	0
468	469	65323	-1	21	菟岱楠平		155	213	0	0	10000	-1	-1	1	0	-1	-1	-1	-1	-1	-1	80	0
469	470	65323	-1	21	菟岱楠平		155	213	0	0	10000	-1	-1	1	0	-1	-1	-1	-1	-1	-1	80	0
470	471	65323	-1	21	菟岱楠平		155	213	0	0	10000	-1	-1	1	0	-1	-1	-1	-1	-1	-1	80	0
471	472	65323	-1	21	菟岱楠平		155	213	0	0	10000	-1	-1	1	0	-1	-1	-1	-1	-1	-1	80	0
472	473	65323	-1	21	菟岱楠平		155	213	0	0	10000	-1	-1	1	0	-1	-1	-1	-1	-1	-1	80	0
473	474	65323	-1	21	菟岱楠平		155	213	0	0	10000	-1	-1	1	0	-1	-1	-1	-1	-1	-1	80	0
474	475	65323	-1	21	菟岱楠平		106	213	0	0	10000	-1	-1	1	0	-1	-1	-1	-1	-1	-1	80	0
475	476	65323	-1	21	菟岱楠平		106	213	0	0	10000	-1	-1	1	0	-1	-1	-1	-1	-1	-1	80	0
476	477	65323	-1	21	菟岱楠平		106	213	0	0	10000	-1	-1	1	0	-1	-1	-1	-1	-1	-1	80	0
477	478	65323	-1	21	菟岱楠平		106	213	0	0	10000	-1	-1	1	0	-1	-1	-1	-1	-1	-1	80	0
478	479	65323	-1	21	菟岱楠平		106	213	0	0	10000	-1	-1	1	0	-1	-1	-1	-1	-1	-1	80	0
479	480	65323	-1	21	菟岱楠平		106	213	0	0	10000	-1	-1	1	0	-1	-1	-1	-1	-1	-1	80	0
480	481	65323	-1	21	菟岱楠平		106	213	0	0	10000	-1	-1	1	0	-1	-1	-1	-1	-1	-1	80	0
481	482	65323	-1	21	菟岱楠平		106	213	0	0	10000	-1	-1	1	0	-1	-1	-1	-1	-1	-1	80	0
482	483	65323	-1	21	菟岱楠平		106	213	0	0	10000	-1	-1	1	0	-1	-1	-1	-1	-1	-1	80	0
483	484	65323	-1	21	菟岱楠平		106	213	0	0	10000	-1	-1	1	0	-1	-1	-1	-1	-1	-1	80	0
484	485	65323	-1	21	菟岱楠平		106	213	0	0	10000	-1	-1	1	0	-1	-1	-1	-1	-1	-1	80	0
485	486	65323	-1	21	菟岱楠平		106	213	0	0	10000	-1	-1	1	0	-1	-1	-1	-1	-1	-1	80	0
486	487	65323	-1	21	菟岱楠平		96	213	0	0	10000	-1	-1	1	0	-1	-1	-1	-1	-1	-1	80	0
487	488	65323	-1	21	菟岱楠平		96	213	0	0	10000	-1	-1	1	0	-1	-1	-1	-1	-1	-1	80	0
488	489	65323	-1	21	菟岱楠平		96	213	0	0	10000	-1	-1	1	0	-1	-1	-1	-1	-1	-1	80	0
489	490	65323	-1	21	菟岱楠平		96	213	0	0	10000	-1	-1	1	0	-1	-1	-1	-1	-1	-1	80	0
490	491	65323	-1	21	菟岱楠平		96	213	0	0	10000	-1	-1	1	0	-1	-1	-1	-1	-1	-1	80	0
491	492	65323	-1	21	菟岱楠平		96	213	0	0	10000	-1	-1	1	0	-1	-1	-1	-1	-1	-1	80	0
492	493	65323	-1	21	菟岱楠平		96	213	0	0	10000	-1	-1	1	0	-1	-1	-1	-1	-1	-1	80	0
493	494	65323	-1	21	菟岱楠平		96	213	0	0	10000	-1	-1	1	0	-1	-1	-1	-1	-1	-1	80	0
494	495	65323	-1	21	菟岱楠平		96	213	0	0	10000	-1	-1	1	0	-1	-1	-1	-1	-1	-1	80	0
495	496	65323	-1	21	菟岱楠平		96	213	0	0	10000	-1	-1	1	0	-1	-1	-1	-1	-1	-1	80	0
496	497	65323	-1	21	菟岱楠平		96	213	0	0	10000	-1	-1	1	0	-1	-1	-1	-1	-1	-1	80	0
497	498	65323	-1	21	菟岱楠平		96	213	0	0	10000	-1	-1	1	0	-1	-1	-1	-1	-1	-1	80	0
498	499	65323	-1	21	菟岱楠平		47	213	0	0	10000	-1	-1	1	0	-1	-1	-1	-1	-1	-1	80	0
499	500	65323	-1	21	菟岱楠平		47	213	0	0	10000	-1	-1	1	0	-1	-1	-1	-1	-1	-1	80	0
500	501	65323	-1	21	菟岱楠平		47	213	0	0	10000	-1	-1	1	0	-1	-1	-1	-1	-1	-1	80	0
501	502	65323	-1	21	菟岱楠平		47	213	0	0	10000	-1	-1	1	0	-1	-1	-1	-1	-1	-1	80	0
502	503	65323	-1	21	菟岱楠平		47	213	0	0	10000	-1	-1	1	0	-1	-1	-1	-1	-1	-1	80	0
503	504	65323	-1	21	菟岱楠平		47	213	0	0	10000	-1	-1	1	0	-1	-1	-1	-1	-1	-1	80	0
504	505	65323	-1	21	菟岱楠平		47	213	0	0	10000	-1	-1	1	0	-1	-1	-1	-1	-1	-1	80	0
505	506	65323	-1	21	菟岱楠平		47	213	0	0	10000	-1	-1	1	0	-1	-1	-1	-1	-1	-1	80	0
506	507	65323	-1	21	菟岱楠平		47	213	0	0	10000	-1	-1	1	0	-1	-1	-1	-1	-1	-1	80	0
507	508	65323	-1	21	菟岱楠平		47	213	0	0	10000	-1	-1	1	0	-1	-1	-1	-1	-1	-1	80	0
508	509	65323	-1	21	菟岱楠平		47	213	0	0	10000	-1	-1	1	0	-1	-1	-1	-1	-1	-1	80	0
509	510	65323	-1	21	菟岱楠平		47	213	0	0	10000	-1	-1	1	0	-1	-1	-1	-1	-1	-1	80	0
510	511	65323	-1	21	菟岱楠平		37	213	0	0	10000	-1	-1	1	0	-1	-1	-1	-1	-1	-1	80	0
511	512	65323	-1	21	菟岱楠平		37	213	0	0	10000	-1	-1	1	0	-1	-1	-1	-1	-1	-1	80	0
512	513	65323	-1	21	菟岱楠平		37	213	0	0	10000	-1	-1	1	0	-1	-1	-1	-1	-1	-1	80	0
513	514	65323	-1	21	菟岱楠平		37	213	0	0	10000	-1	-1	1	0	-1	-1	-1	-1	-1	-1	80	0
514	515	65323	-1	21	菟岱楠平		37	213	0	0	10000	-1	-1	1	0	-1	-1	-1	-1	-1	-1	80	0
515	516	65323	-1	21	菟岱楠平		37	213	0	0	10000	-1	-1	1	0	-1	-1	-1	-1	-1	-1	80	0
516	517	65323	-1	21	菟岱楠平		37	213	0	0	10000	-1	-1	1	0	-1	-1	-1	-1	-1	-1	80	0
517	518	65323	-1	21	菟岱楠平		37	213	0	0	10000	-1	-1	1	0	-1	-1	-1	-1	-1	-1	80	0
518	519	65323	-1	21	菟岱楠平		37	213	0	0	10000	-1	-1	1	0	-1	-1	-1	-1	-1	-1	80	0
519	520	65323	-1	21	菟岱楠平		37	213	0	0	10000	-1	-1	1	0	-1	-1	-1	-1	-1	-1	80	0
520	521	65323	-1	21	菟岱楠平		37	213	0	0	10000	-1	-1	1	0	-1	-1	-1	-1	-1	-1	80	0
521	522	65323	-1	21	菟岱楠平		37	213	0	0	10000	-1	-1	1	0	-1	-1	-1	-1	-1	-1	80	0
522	523	65323	-1	21	菟岱楠平		101	226	0	0	10000	-1	-1	1	0	-1	-1	-1	-1	-1	-1	80	0
523	524	65323	-1	21	菟岱楠平		101	226	0	0	10000	-1	-1	1	0	-1	-1	-1	-1	-1	-1	80	0
524	525	65323	-1	21	菟岱楠平		101	226	0	0	10000	-1	-1	1	0	-1	-1	-1	-1	-1	-1	80	0
525	526	65323	-1	21	菟岱楠平		101	226	0	0	10000	-1	-1	1	0	-1	-1	-1	-1	-1	-1	80	0
526	527	65323	-1	21	菟岱楠平		101	226	0	0	10000	-1	-1	1	0	-1	-1	-1	-1	-1	-1	80	0
527	528	65323	-1	21	菟岱楠平		101	226	0	0	10000	-1	-1	1	0	-1	-1	-1	-1	-1	-1	80	0
528	529	65323	-1	21	菟岱楠平		101	226	0	0	10000	-1	-1	1	0	-1	-1	-1	-1	-1	-1	80	0
529	530	65323	-1	21	菟岱楠平		101	226	0	0	10000	-1	-1	1	0	-1	-1	-1	-1	-1	-1	80	0
530	531	65323	-1	21	菟岱楠平		101	226	0	0	10000	-1	-1	1	0	-1	-1	-1	-1	-1	-1	80	0
531	532	65323	-1	21	菟岱楠平		101	226	0	0	10000	-1	-1	1	0	-1	-1	-1	-1	-1	-1	80	0
532	533	65323	-1	21	菟岱楠平		101	226	0	0	10000	-1	-1	1	0	-1	-1	-1	-1	-1	-1	80	0
533	534	65323	-1	21	菟岱楠平		101	226	0	0	10000	-1	-1	1	0	-1	-1	-1	-1	-1	-1	80	0
534	535	65323	-1	21	菟岱楠平		160	226	0	0	10000	-1	-1	1	0	-1	-1	-1	-1	-1	-1	80	0
535	536	65323	-1	21	菟岱楠平		160	226	0	0	10000	-1	-1	1	0	-1	-1	-1	-1	-1	-1	80	0
536	537	65323	-1	21	菟岱楠平		160	226	0	0	10000	-1	-1	1	0	-1	-1	-1	-1	-1	-1	80	0
537	538	65323	-1	21	菟岱楠平		160	226	0	0	10000	-1	-1	1	0	-1	-1	-1	-1	-1	-1	80	0
538	539	65323	-1	21	菟岱楠平		160	226	0	0	10000	-1	-1	1	0	-1	-1	-1	-1	-1	-1	80	0
539	540	65323	-1	21	菟岱楠平		160	226	0	0	10000	-1	-1	1	0	-1	-1	-1	-1	-1	-1	80	0
540	541	65323	-1	21	菟岱楠平		160	226	0	0	10000	-1	-1	1	0	-1	-1	-1	-1	-1	-1	80	0
541	542	65323	-1	21	菟岱楠平		160	226	0	0	10000	-1	-1	1	0	-1	-1	-1	-1	-1	-1	80	0
542	543	65323	-1	21	菟岱楠平		160	226	0	0	10000	-1	-1	1	0	-1	-1	-1	-1	-1	-1	80	0
543	544	65323	-1	21	菟岱楠平		160	226	0	0	10000	-1	-1	1	0	-1	-1	-1	-1	-1	-1	80	0
544	545	65323	-1	21	菟岱楠平		160	226	0	0	10000	-1	-1	1	0	-1	-1	-1	-1	-1	-1	80	0
545	546	65323	-1	21	菟岱楠平		160	226	0	0	10000	-1	-1	1	0	-1	-1	-1	-1	-1	-1	80	0
546	547	65323	-1	21	菟岱楠平		152	166	0	0	10000	-1	-1	1	0	-1	-1	-1	-1	-1	-1	80	0
547	548	65323	-1	21	菟岱楠平		152	166	0	0	10000	-1	-1	1	0	-1	-1	-1	-1	-1	-1	80	0
548	549	65323	-1	21	菟岱楠平		152	166	0	0	10000	-1	-1	1	0	-1	-1	-1	-1	-1	-1	80	0
549	550	65323	-1	21	菟岱楠平		152	166	0	0	10000	-1	-1	1	0	-1	-1	-1	-1	-1	-1	80	0
550	551	65323	-1	21	菟岱楠平		152	166	0	0	10000	-1	-1	1	0	-1	-1	-1	-1	-1	-1	80	0
551	552	65323	-1	21	菟岱楠平		152	166	0	0	10000	-1	-1	1	0	-1	-1	-1	-1	-1	-1	80	0
552	553	65323	-1	21	菟岱楠平		152	166	0	0	10000	-1	-1	1	0	-1	-1	-1	-1	-1	-1	80	0
553	554	65323	-1	21	菟岱楠平		152	166	0	0	10000	-1	-1	1	0	-1	-1	-1	-1	-1	-1	80	0
554	555	65323	-1	21	菟岱楠平		152	166	0	0	10000	-1	-1	1	0	-1	-1	-1	-1	-1	-1	80	0
555	556	65317	141404	20	拓學戴		40	23	27	0	10000	-1	-1	3	0	-1	-1	-1	-1	-1	-1	100	0
556	557	65317	141404	20	拓學戴		219	23	27	0	10000	-1	-1	3	0	-1	-1	-1	-1	-1	-1	100	0
