6780	体质	力量修正修值	13	耐力修正值	13	智力修正值	13	敏捷修正值	13																										15	STD_IMPACT_003	1	6780	6780	6780	1	1	1	0	0	0	0	0	0	1	-1	0	0	0	-1	0	0					1
6781	体质	力量修正修值	26	耐力修正值	26	智力修正值	26	敏捷修正值	26																										15	STD_IMPACT_003	1	6781	6781	6781	1	1	1	0	0	0	0	0	0	1	-1	0	0	0	-1	0	0					1
6782	体质	力量修正修值	39	耐力修正值	39	智力修正值	39	敏捷修正值	39																										15	STD_IMPACT_003	1	6782	6782	6782	1	1	1	0	0	0	0	0	0	1	-1	0	0	0	-1	0	0					1
6783	体质	力量修正修值	52	耐力修正值	52	智力修正值	52	敏捷修正值	52																										15	STD_IMPACT_003	1	6783	6783	6783	1	1	1	0	0	0	0	0	0	1	-1	0	0	0	-1	0	0					1
6784	体质	力量修正修值	65	耐力修正值	65	智力修正值	65	敏捷修正值	65																										15	STD_IMPACT_003	1	6784	6784	6784	1	1	1	0	0	0	0	0	0	1	-1	0	0	0	-1	0	0					1
6785	体质	力量修正修值	78	耐力修正值	78	智力修正值	78	敏捷修正值	78																										15	STD_IMPACT_003	1	6785	6785	6785	1	1	1	0	0	0	0	0	0	1	-1	0	0	0	-1	0	0					1
6786	体质	力量修正修值	91	耐力修正值	91	智力修正值	91	敏捷修正值	91																										15	STD_IMPACT_003	1	6786	6786	6786	1	1	1	0	0	0	0	0	0	1	-1	0	0	0	-1	0	0					1
6787	体质	力量修正修值	104	耐力修正值	104	智力修正值	104	敏捷修正值	104																										15	STD_IMPACT_003	1	6787	6787	6787	1	1	1	0	0	0	0	0	0	1	-1	0	0	0	-1	0	0					1
6788	体质	力量修正修值	117	耐力修正值	117	智力修正值	117	敏捷修正值	117																										15	STD_IMPACT_003	1	6788	6788	6788	1	1	1	0	0	0	0	0	0	1	-1	0	0	0	-1	0	0					1
6789	体质	力量修正修值	130	耐力修正值	130	智力修正值	130	敏捷修正值	130																										15	STD_IMPACT_003	1	6789	6789	6789	1	1	1	0	0	0	0	0	0	1	-1	0	0	0	-1	0	0					1
6790	体质	力量修正修值	143	耐力修正值	143	智力修正值	143	敏捷修正值	143																										15	STD_IMPACT_003	1	6790	6790	6790	1	1	1	0	0	0	0	0	0	1	-1	0	0	0	-1	0	0					1
6791	体质	力量修正修值	156	耐力修正值	156	智力修正值	156	敏捷修正值	156																										15	STD_IMPACT_003	1	6791	6791	6791	1	1	1	0	0	0	0	0	0	1	-1	0	0	0	-1	0	0					1
6792	体质	力量修正修值	169	耐力修正值	169	智力修正值	169	敏捷修正值	169																										15	STD_IMPACT_003	1	6792	6792	6792	1	1	1	0	0	0	0	0	0	1	-1	0	0	0	-1	0	0					1
6793	体质	力量修正修值	182	耐力修正值	182	智力修正值	182	敏捷修正值	182																										15	STD_IMPACT_003	1	6793	6793	6793	1	1	1	0	0	0	0	0	0	1	-1	0	0	0	-1	0	0					1
6794	体质	力量修正修值	195	耐力修正值	195	智力修正值	195	敏捷修正值	195																										15	STD_IMPACT_003	1	6794	6794	6794	1	1	1	0	0	0	0	0	0	1	-1	0	0	0	-1	0	0					1
6795	体质	力量修正修值	208	耐力修正值	208	智力修正值	208	敏捷修正值	208																										15	STD_IMPACT_003	1	6795	6795	6795	1	1	1	0	0	0	0	0	0	1	-1	0	0	0	-1	0	0					1
6796	体质	力量修正修值	221	耐力修正值	221	智力修正值	221	敏捷修正值	221																										15	STD_IMPACT_003	1	6796	6796	6796	1	1	1	0	0	0	0	0	0	1	-1	0	0	0	-1	0	0					1
6797	体质	力量修正修值	234	耐力修正值	234	智力修正值	234	敏捷修正值	234																										15	STD_IMPACT_003	1	6797	6797	6797	1	1	1	0	0	0	0	0	0	1	-1	0	0	0	-1	0	0					1
6798	体质	力量修正修值	247	耐力修正值	247	智力修正值	247	敏捷修正值	247																										15	STD_IMPACT_003	1	6798	6798	6798	1	1	1	0	0	0	0	0	0	1	-1	0	0	0	-1	0	0					1
6799	体质	力量修正修值	260	耐力修正值	260	智力修正值	260	敏捷修正值	260																										15	STD_IMPACT_003	1	6799	6799	6799	1	1	1	0	0	0	0	0	0	1	-1	0	0	0	-1	0	0					1
6800	体质	力量修正修值	273	耐力修正值	273	智力修正值	273	敏捷修正值	273																										15	STD_IMPACT_003	1	6800	6800	6800	1	1	1	0	0	0	0	0	0	1	-1	0	0	0	-1	0	0					1
6801	体质	力量修正修值	286	耐力修正值	286	智力修正值	286	敏捷修正值	286																										15	STD_IMPACT_003	1	6801	6801	6801	1	1	1	0	0	0	0	0	0	1	-1	0	0	0	-1	0	0					1
6802	体质	力量修正修值	299	耐力修正值	299	智力修正值	299	敏捷修正值	299																										15	STD_IMPACT_003	1	6802	6802	6802	1	1	1	0	0	0	0	0	0	1	-1	0	0	0	-1	0	0					1
6803	体质	力量修正修值	312	耐力修正值	312	智力修正值	312	敏捷修正值	312																										15	STD_IMPACT_003	1	6803	6803	6803	1	1	1	0	0	0	0	0	0	1	-1	0	0	0	-1	0	0					1
6804	体质	力量修正修值	325	耐力修正值	325	智力修正值	325	敏捷修正值	325																										15	STD_IMPACT_003	1	6804	6804	6804	1	1	1	0	0	0	0	0	0	1	-1	0	0	0	-1	0	0					1
6805	体质	力量修正修值	338	耐力修正值	338	智力修正值	338	敏捷修正值	338																										15	STD_IMPACT_003	1	6805	6805	6805	1	1	1	0	0	0	0	0	0	1	-1	0	0	0	-1	0	0					1
6806	体质	力量修正修值	351	耐力修正值	351	智力修正值	351	敏捷修正值	351																										15	STD_IMPACT_003	1	6806	6806	6806	1	1	1	0	0	0	0	0	0	1	-1	0	0	0	-1	0	0					1
6807	体质	力量修正修值	364	耐力修正值	364	智力修正值	364	敏捷修正值	364																										15	STD_IMPACT_003	1	6807	6807	6807	1	1	1	0	0	0	0	0	0	1	-1	0	0	0	-1	0	0					1
6808	体质	力量修正修值	377	耐力修正值	377	智力修正值	377	敏捷修正值	377																										15	STD_IMPACT_003	1	6808	6808	6808	1	1	1	0	0	0	0	0	0	1	-1	0	0	0	-1	0	0					1
6809	体质	力量修正修值	390	耐力修正值	390	智力修正值	390	敏捷修正值	390																										15	STD_IMPACT_003	1	6809	6809	6809	1	1	1	0	0	0	0	0	0	1	-1	0	0	0	-1	0	0					1
6810	体质	力量修正修值	403	耐力修正值	403	智力修正值	403	敏捷修正值	403																										15	STD_IMPACT_003	1	6810	6810	6810	1	1	1	0	0	0	0	0	0	1	-1	0	0	0	-1	0	0					1
6811	体质	力量修正修值	416	耐力修正值	416	智力修正值	416	敏捷修正值	416																										15	STD_IMPACT_003	1	6811	6811	6811	1	1	1	0	0	0	0	0	0	1	-1	0	0	0	-1	0	0					1
6812	体质	力量修正修值	429	耐力修正值	429	智力修正值	429	敏捷修正值	429																										15	STD_IMPACT_003	1	6812	6812	6812	1	1	1	0	0	0	0	0	0	1	-1	0	0	0	-1	0	0					1
6813	体质	力量修正修值	442	耐力修正值	442	智力修正值	442	敏捷修正值	442																										15	STD_IMPACT_003	1	6813	6813	6813	1	1	1	0	0	0	0	0	0	1	-1	0	0	0	-1	0	0					1
6814	体质	力量修正修值	455	耐力修正值	455	智力修正值	455	敏捷修正值	455																										15	STD_IMPACT_003	1	6814	6814	6814	1	1	1	0	0	0	0	0	0	1	-1	0	0	0	-1	0	0					1
6815	体质	力量修正修值	468	耐力修正值	468	智力修正值	468	敏捷修正值	468																										15	STD_IMPACT_003	1	6815	6815	6815	1	1	1	0	0	0	0	0	0	1	-1	0	0	0	-1	0	0					1
6816	体质	力量修正修值	481	耐力修正值	481	智力修正值	481	敏捷修正值	481																										15	STD_IMPACT_003	1	6816	6816	6816	1	1	1	0	0	0	0	0	0	1	-1	0	0	0	-1	0	0					1
6817	体质	力量修正修值	494	耐力修正值	494	智力修正值	494	敏捷修正值	494																										15	STD_IMPACT_003	1	6817	6817	6817	1	1	1	0	0	0	0	0	0	1	-1	0	0	0	-1	0	0					1
6818	体质	力量修正修值	507	耐力修正值	507	智力修正值	507	敏捷修正值	507																										15	STD_IMPACT_003	1	6818	6818	6818	1	1	1	0	0	0	0	0	0	1	-1	0	0	0	-1	0	0					1
6819	体质	力量修正修值	520	耐力修正值	520	智力修正值	520	敏捷修正值	520																										15	STD_IMPACT_003	1	6819	6819	6819	1	1	1	0	0	0	0	0	0	1	-1	0	0	0	-1	0	0					1
6820	体质	力量修正修值	533	耐力修正值	533	智力修正值	533	敏捷修正值	533																										15	STD_IMPACT_003	1	6820	6820	6820	1	1	1	0	0	0	0	0	0	1	-1	0	0	0	-1	0	0					1
6821	体质	力量修正修值	546	耐力修正值	546	智力修正值	546	敏捷修正值	546																										15	STD_IMPACT_003	1	6821	6821	6821	1	1	1	0	0	0	0	0	0	1	-1	0	0	0	-1	0	0					1
6822	体质	力量修正修值	559	耐力修正值	559	智力修正值	559	敏捷修正值	559																										15	STD_IMPACT_003	1	6822	6822	6822	1	1	1	0	0	0	0	0	0	1	-1	0	0	0	-1	0	0					1
6823	体质	力量修正修值	572	耐力修正值	572	智力修正值	572	敏捷修正值	572																										15	STD_IMPACT_003	1	6823	6823	6823	1	1	1	0	0	0	0	0	0	1	-1	0	0	0	-1	0	0					1
6824	体质	力量修正修值	585	耐力修正值	585	智力修正值	585	敏捷修正值	585																										15	STD_IMPACT_003	1	6824	6824	6824	1	1	1	0	0	0	0	0	0	1	-1	0	0	0	-1	0	0					1
6825	体质	力量修正修值	598	耐力修正值	598	智力修正值	598	敏捷修正值	598																										15	STD_IMPACT_003	1	6825	6825	6825	1	1	1	0	0	0	0	0	0	1	-1	0	0	0	-1	0	0					1
6826	体质	力量修正修值	611	耐力修正值	611	智力修正值	611	敏捷修正值	611																										15	STD_IMPACT_003	1	6826	6826	6826	1	1	1	0	0	0	0	0	0	1	-1	0	0	0	-1	0	0					1
6827	体质	力量修正修值	624	耐力修正值	624	智力修正值	624	敏捷修正值	624																										15	STD_IMPACT_003	1	6827	6827	6827	1	1	1	0	0	0	0	0	0	1	-1	0	0	0	-1	0	0					1
6828	体质	力量修正修值	637	耐力修正值	637	智力修正值	637	敏捷修正值	637																										15	STD_IMPACT_003	1	6828	6828	6828	1	1	1	0	0	0	0	0	0	1	-1	0	0	0	-1	0	0					1
6829	体质	力量修正修值	650	耐力修正值	650	智力修正值	650	敏捷修正值	650																										15	STD_IMPACT_003	1	6829	6829	6829	1	1	1	0	0	0	0	0	0	1	-1	0	0	0	-1	0	0					1
6830	体质	力量修正修值	663	耐力修正值	663	智力修正值	663	敏捷修正值	663																										15	STD_IMPACT_003	1	6830	6830	6830	1	1	1	0	0	0	0	0	0	1	-1	0	0	0	-1	0	0					1
6831	体质	力量修正修值	676	耐力修正值	676	智力修正值	676	敏捷修正值	676																										15	STD_IMPACT_003	1	6831	6831	6831	1	1	1	0	0	0	0	0	0	1	-1	0	0	0	-1	0	0					1
6832	体质	力量修正修值	689	耐力修正值	689	智力修正值	689	敏捷修正值	689																										15	STD_IMPACT_003	1	6832	6832	6832	1	1	1	0	0	0	0	0	0	1	-1	0	0	0	-1	0	0					1
6833	体质	力量修正修值	702	耐力修正值	702	智力修正值	702	敏捷修正值	702																										15	STD_IMPACT_003	1	6833	6833	6833	1	1	1	0	0	0	0	0	0	1	-1	0	0	0	-1	0	0					1
6834	体质	力量修正修值	715	耐力修正值	715	智力修正值	715	敏捷修正值	715																										15	STD_IMPACT_003	1	6834	6834	6834	1	1	1	0	0	0	0	0	0	1	-1	0	0	0	-1	0	0					1
6835	体质	力量修正修值	728	耐力修正值	728	智力修正值	728	敏捷修正值	728																										15	STD_IMPACT_003	1	6835	6835	6835	1	1	1	0	0	0	0	0	0	1	-1	0	0	0	-1	0	0					1
6836	体质	力量修正修值	741	耐力修正值	741	智力修正值	741	敏捷修正值	741																										15	STD_IMPACT_003	1	6836	6836	6836	1	1	1	0	0	0	0	0	0	1	-1	0	0	0	-1	0	0					1
6837	体质	力量修正修值	754	耐力修正值	754	智力修正值	754	敏捷修正值	754																										15	STD_IMPACT_003	1	6837	6837	6837	1	1	1	0	0	0	0	0	0	1	-1	0	0	0	-1	0	0					1
6838	体质	力量修正修值	767	耐力修正值	767	智力修正值	767	敏捷修正值	767																										15	STD_IMPACT_003	1	6838	6838	6838	1	1	1	0	0	0	0	0	0	1	-1	0	0	0	-1	0	0					1
6839	体质	力量修正修值	780	耐力修正值	780	智力修正值	780	敏捷修正值	780																										15	STD_IMPACT_003	1	6839	6839	6839	1	1	1	0	0	0	0	0	0	1	-1	0	0	0	-1	0	0					1
6840	体质	力量修正修值	793	耐力修正值	793	智力修正值	793	敏捷修正值	793																										15	STD_IMPACT_003	1	6840	6840	6840	1	1	1	0	0	0	0	0	0	1	-1	0	0	0	-1	0	0					1
6841	体质	力量修正修值	806	耐力修正值	806	智力修正值	806	敏捷修正值	806																										15	STD_IMPACT_003	1	6841	6841	6841	1	1	1	0	0	0	0	0	0	1	-1	0	0	0	-1	0	0					1
6842	体质	力量修正修值	819	耐力修正值	819	智力修正值	819	敏捷修正值	819																										15	STD_IMPACT_003	1	6842	6842	6842	1	1	1	0	0	0	0	0	0	1	-1	0	0	0	-1	0	0					1
6843	体质	力量修正修值	832	耐力修正值	832	智力修正值	832	敏捷修正值	832																										15	STD_IMPACT_003	1	6843	6843	6843	1	1	1	0	0	0	0	0	0	1	-1	0	0	0	-1	0	0					1
6844	体质	力量修正修值	845	耐力修正值	845	智力修正值	845	敏捷修正值	845																										15	STD_IMPACT_003	1	6844	6844	6844	1	1	1	0	0	0	0	0	0	1	-1	0	0	0	-1	0	0					1
6845	体质	力量修正修值	858	耐力修正值	858	智力修正值	858	敏捷修正值	858																										15	STD_IMPACT_003	1	6845	6845	6845	1	1	1	0	0	0	0	0	0	1	-1	0	0	0	-1	0	0					1
6846	体质	力量修正修值	871	耐力修正值	871	智力修正值	871	敏捷修正值	871																										15	STD_IMPACT_003	1	6846	6846	6846	1	1	1	0	0	0	0	0	0	1	-1	0	0	0	-1	0	0					1
6847	体质	力量修正修值	884	耐力修正值	884	智力修正值	884	敏捷修正值	884																										15	STD_IMPACT_003	1	6847	6847	6847	1	1	1	0	0	0	0	0	0	1	-1	0	0	0	-1	0	0					1
6848	体质	力量修正修值	897	耐力修正值	897	智力修正值	897	敏捷修正值	897																										15	STD_IMPACT_003	1	6848	6848	6848	1	1	1	0	0	0	0	0	0	1	-1	0	0	0	-1	0	0					1
6849	体质	力量修正修值	910	耐力修正值	910	智力修正值	910	敏捷修正值	910																										15	STD_IMPACT_003	1	6849	6849	6849	1	1	1	0	0	0	0	0	0	1	-1	0	0	0	-1	0	0					1
6850	体质	力量修正修值	923	耐力修正值	923	智力修正值	923	敏捷修正值	923																										15	STD_IMPACT_003	1	6850	6850	6850	1	1	1	0	0	0	0	0	0	1	-1	0	0	0	-1	0	0					1
6851	体质	力量修正修值	936	耐力修正值	936	智力修正值	936	敏捷修正值	936																										15	STD_IMPACT_003	1	6851	6851	6851	1	1	1	0	0	0	0	0	0	1	-1	0	0	0	-1	0	0					1
6852	体质	力量修正修值	949	耐力修正值	949	智力修正值	949	敏捷修正值	949																										15	STD_IMPACT_003	1	6852	6852	6852	1	1	1	0	0	0	0	0	0	1	-1	0	0	0	-1	0	0					1
6853	体质	力量修正修值	962	耐力修正值	962	智力修正值	962	敏捷修正值	962																										15	STD_IMPACT_003	1	6853	6853	6853	1	1	1	0	0	0	0	0	0	1	-1	0	0	0	-1	0	0					1
6854	体质	力量修正修值	975	耐力修正值	975	智力修正值	975	敏捷修正值	975																										15	STD_IMPACT_003	1	6854	6854	6854	1	1	1	0	0	0	0	0	0	1	-1	0	0	0	-1	0	0					1
6855	体质	力量修正修值	988	耐力修正值	988	智力修正值	988	敏捷修正值	988																										15	STD_IMPACT_003	1	6855	6855	6855	1	1	1	0	0	0	0	0	0	1	-1	0	0	0	-1	0	0					1
6856	体质	力量修正修值	1001	耐力修正值	1001	智力修正值	1001	敏捷修正值	1001																										15	STD_IMPACT_003	1	6856	6856	6856	1	1	1	0	0	0	0	0	0	1	-1	0	0	0	-1	0	0					1
6857	体质	力量修正修值	1014	耐力修正值	1014	智力修正值	1014	敏捷修正值	1014																										15	STD_IMPACT_003	1	6857	6857	6857	1	1	1	0	0	0	0	0	0	1	-1	0	0	0	-1	0	0					1
6858	体质	力量修正修值	1027	耐力修正值	1027	智力修正值	1027	敏捷修正值	1027																										15	STD_IMPACT_003	1	6858	6858	6858	1	1	1	0	0	0	0	0	0	1	-1	0	0	0	-1	0	0					1
6859	体质	力量修正修值	1040	耐力修正值	1040	智力修正值	1040	敏捷修正值	1040																										15	STD_IMPACT_003	1	6859	6859	6859	1	1	1	0	0	0	0	0	0	1	-1	0	0	0	-1	0	0					1
6860	体质	力量修正修值	1053	耐力修正值	1053	智力修正值	1053	敏捷修正值	1053																										15	STD_IMPACT_003	1	6860	6860	6860	1	1	1	0	0	0	0	0	0	1	-1	0	0	0	-1	0	0					1
6861	体质	力量修正修值	1066	耐力修正值	1066	智力修正值	1066	敏捷修正值	1066																										15	STD_IMPACT_003	1	6861	6861	6861	1	1	1	0	0	0	0	0	0	1	-1	0	0	0	-1	0	0					1
6862	体质	力量修正修值	1079	耐力修正值	1079	智力修正值	1079	敏捷修正值	1079																										15	STD_IMPACT_003	1	6862	6862	6862	1	1	1	0	0	0	0	0	0	1	-1	0	0	0	-1	0	0					1
6863	体质	力量修正修值	1092	耐力修正值	1092	智力修正值	1092	敏捷修正值	1092																										15	STD_IMPACT_003	1	6863	6863	6863	1	1	1	0	0	0	0	0	0	1	-1	0	0	0	-1	0	0					1
6864	体质	力量修正修值	1105	耐力修正值	1105	智力修正值	1105	敏捷修正值	1105																										15	STD_IMPACT_003	1	6864	6864	6864	1	1	1	0	0	0	0	0	0	1	-1	0	0	0	-1	0	0					1
6865	体质	力量修正修值	1118	耐力修正值	1118	智力修正值	1118	敏捷修正值	1118																										15	STD_IMPACT_003	1	6865	6865	6865	1	1	1	0	0	0	0	0	0	1	-1	0	0	0	-1	0	0					1
6866	体质	力量修正修值	1131	耐力修正值	1131	智力修正值	1131	敏捷修正值	1131																										15	STD_IMPACT_003	1	6866	6866	6866	1	1	1	0	0	0	0	0	0	1	-1	0	0	0	-1	0	0					1
6867	体质	力量修正修值	1144	耐力修正值	1144	智力修正值	1144	敏捷修正值	1144																										15	STD_IMPACT_003	1	6867	6867	6867	1	1	1	0	0	0	0	0	0	1	-1	0	0	0	-1	0	0					1
6868	体质	力量修正修值	1157	耐力修正值	1157	智力修正值	1157	敏捷修正值	1157																										15	STD_IMPACT_003	1	6868	6868	6868	1	1	1	0	0	0	0	0	0	1	-1	0	0	0	-1	0	0					1
6869	体质	力量修正修值	1170	耐力修正值	1170	智力修正值	1170	敏捷修正值	1170																										15	STD_IMPACT_003	1	6869	6869	6869	1	1	1	0	0	0	0	0	0	1	-1	0	0	0	-1	0	0					1
6870	体质	力量修正修值	1183	耐力修正值	1183	智力修正值	1183	敏捷修正值	1183																										15	STD_IMPACT_003	1	6870	6870	6870	1	1	1	0	0	0	0	0	0	1	-1	0	0	0	-1	0	0					1
