NUM	NUM	NUM	NUM	NUM	TEXT	TEXT	FLOAT	FLOAT	NUM	NUM	NUM	NUM	NUM	NUM	NUM	NUM	NUM	NUM	NUM	NUM	NUM	NUM	NUM
编号	随机编号	attr编号	逻辑表编号	阵营编号	名称	称号	x轴坐标	z轴坐标	朝向	脚本编号	重生时间	分组编号	队伍编号	基础AI	AI文件	巡逻路径	商店0	商店1	商店2	商店3	名誉ID	等级	镜像组
0	5691092	880	115001	20	成吉思汗	四海之王	184.713791	215.676575	12	-1	1000	-1	-1	3	0	-1	-1	-1	-1	-1	-1	80	0	
1	5691150	882	115005	20	忽必烈	拖雷之子	186.897598	211.795242	24	-1	1000	-1	-1	3	0	-1	-1	-1	-1	-1	-1	80	0	
2	5691154	882	115004	20	蒙哥	拖雷之子	185.633865	209.73291	24	-1	1000	-1	-1	3	0	-1	-1	-1	-1	-1	-1	80	0	
3	5691159	881	115002	20	丘处机	长春真人	182.884811	216.686523	6	-1	1000	-1	-1	3	0	-1	-1	-1	-1	-1	-1	80	0	
4	5691161	882	115007	20	郭宝玉	火器营少帅	180.693512	213.748505	33	-1	1000	-1	-1	3	0	-1	-1	-1	-1	-1	-1	80	0	
5	5691165	882	115008	20	拔都	术赤之子	180.3172	215.554291	35	-1	1000	-1	-1	3	0	-1	-1	-1	-1	-1	-1	80	0	
6	5692150	1167	115016	20	耶律楚材	治天下匠	220.661346	102.545685	27	-1	1000	-1	-1	3	0	-1	-1	-1	-1	-1	-1	80	0	
7	5692546	882	115003	20	旭烈兀	拖雷之子	179.182938	213.211945	35	-1	1000	-1	-1	3	0	-1	-1	-1	-1	-1	-1	80	0	
8	5692556	887	115006	20	哲别	神射手	186.702682	214.918549	16	-1	1000	-1	-1	3	0	-1	-1	-1	-1	-1	-1	80	0	
9	5694318	888	-1	21	斡思剌黑	花剌子模二王子	29.486198	120.554321	33	-1	1000	-1	-1	6	0	-1	-1	-1	-1	-1	-1	80	0	
10	5694593	859	115009	20	旭烈兀	拖雷之子	59.050308	54.996407	16	-1	1000	-1	-1	3	0	-1	-1	-1	-1	-1	-1	80	0	
11	5714630	889	-1	21	摩诃末	花剌子模国王	173.071991	51.798996	15	-1	1000	-1	-1	6	0	-1	-1	-1	-1	-1	-1	80	0	
12	5714822	1152	115000	20	钥匙老人		178.2314	221.280182	8	-1	1000	-1	-1	3	0	-1	-1	-1	-1	-1	-1	80	0	
13	6022079	860	-1	-1	蒙古勇士		223.611053	103.126312	27	-1	1000	-1	-1	3	0	-1	-1	-1	-1	-1	-1	80	0	
14	6022086	860	-1	-1	蒙古勇士		217.297699	102.376923	27	-1	1000	-1	-1	3	0	-1	-1	-1	-1	-1	-1	80	0	
15	6022103	860	-1	-1	蒙古勇士		222.393707	100.813652	27	-1	1000	-1	-1	3	0	-1	-1	-1	-1	-1	-1	80	0	
16	6022104	860	-1	-1	蒙古勇士		219.062195	100.345863	27	-1	1000	-1	-1	3	0	-1	-1	-1	-1	-1	-1	80	0	
17	6022122	860	-1	-1	蒙古勇士		217.013367	97.312943	12	-1	1000	-1	-1	3	0	-1	-1	-1	-1	-1	-1	80	0	
18	6022125	860	-1	-1	蒙古勇士		224.679672	98.695557	2	-1	1000	-1	-1	3	0	-1	-1	-1	-1	-1	-1	80	0	
19	6023990	859	115010	20	郭宝玉	火器营少帅	56.184296	123.147675	20	-1	1000	-1	-1	3	0	-1	-1	-1	-1	-1	-1	80	0	
20	6024017	860	-1	-1	蒙古勇士		57.402855	124.513992	18	-1	1000	-1	-1	3	0	-1	-1	-1	-1	-1	-1	80	0	
21	6024019	860	-1	-1	蒙古勇士		57.869652	121.532608	20	-1	1000	-1	-1	3	0	-1	-1	-1	-1	-1	-1	80	0	
22	6024093	860	-1	-1	蒙古勇士		59.649048	124.31739	18	-1	1000	-1	-1	3	0	-1	-1	-1	-1	-1	-1	80	0	
23	6024097	860	-1	-1	蒙古勇士		59.997375	121.212288	20	-1	1000	-1	-1	3	0	-1	-1	-1	-1	-1	-1	80	0	
24	6024408	859	115011	20	拔都	术赤之子	140.5	39.5	25	-1	1000	-1	-1	3	0	-1	-1	-1	-1	-1	-1	80	0	
25	6024692	860	-1	-1	蒙古勇士		60.916954	53.939781	16	-1	1000	-1	-1	3	0	-1	-1	-1	-1	-1	-1	80	0	
26	6024695	860	-1	-1	蒙古勇士		59.348206	57.255135	16	-1	1000	-1	-1	3	0	-1	-1	-1	-1	-1	-1	80	0	
27	6024697	860	-1	-1	蒙古勇士		61.630516	59.032661	16	-1	1000	-1	-1	3	0	-1	-1	-1	-1	-1	-1	80	0	
28	6024699	860	-1	-1	蒙古勇士		63.233368	55.482712	18	-1	1000	-1	-1	3	0	-1	-1	-1	-1	-1	-1	80	0	
29	6025802	894	-1	21	突厥伏兵		129.177048	204.889572	35	-1	1000	-1	-1	1	0	-1	-1	-1	-1	-1	-1	80	0	
30	6025804	894	-1	21	突厥伏兵		134.933411	204.400024	35	-1	1000	-1	-1	1	0	-1	-1	-1	-1	-1	-1	80	0	
31	6025806	894	-1	21	突厥伏兵		122.869713	186.07666	35	-1	1000	-1	-1	1	0	-1	-1	-1	-1	-1	-1	80	0	
32	6025807	894	-1	21	突厥伏兵		129.959091	184.439987	35	-1	1000	-1	-1	1	0	-1	-1	-1	-1	-1	-1	80	0	
33	6025809	894	-1	21	突厥伏兵		123.317703	195.953842	35	-1	1000	-1	-1	1	0	-1	-1	-1	-1	-1	-1	80	0	
34	6025810	894	-1	21	突厥伏兵		113.921677	176.9776	35	-1	1000	-1	-1	1	0	-1	-1	-1	-1	-1	-1	80	0	
35	6025814	894	-1	21	突厥伏兵		121.249626	179.778839	35	-1	1000	-1	-1	1	0	-1	-1	-1	-1	-1	-1	80	0	
36	6025817	894	-1	21	突厥伏兵		131.278702	197.350098	35	-1	1000	-1	-1	1	0	-1	-1	-1	-1	-1	-1	80	0	
37	6025819	894	-1	21	突厥伏兵		123.640846	201.001373	35	-1	1000	-1	-1	1	0	-1	-1	-1	-1	-1	-1	80	0	
38	6025826	894	-1	21	突厥伏兵		125.162628	205.924835	35	-1	1000	-1	-1	1	0	-1	-1	-1	-1	-1	-1	80	0	
39	6025830	894	-1	21	突厥伏兵		136.380234	185.675598	35	-1	1000	-1	-1	1	0	-1	-1	-1	-1	-1	-1	80	0	
40	6025831	894	-1	21	突厥伏兵		130.875336	190.917664	35	-1	1000	-1	-1	1	0	-1	-1	-1	-1	-1	-1	80	0	
41	6025835	894	-1	21	突厥伏兵		138.39595	199.028473	35	-1	1000	-1	-1	1	0	-1	-1	-1	-1	-1	-1	80	0	
42	6025838	894	-1	21	突厥伏兵		119.788956	182.015747	35	-1	1000	-1	-1	1	0	-1	-1	-1	-1	-1	-1	80	0	
43	6025854	894	-1	21	突厥伏兵		133.972748	179.351105	35	-1	1000	-1	-1	1	0	-1	-1	-1	-1	-1	-1	80	0	
44	6027709	893	-1	21	突厥侦察兵		170.793991	179.007629	27	-1	1000	-1	-1	1	0	-1	-1	-1	-1	-1	-1	80	0	
45	6027711	893	-1	21	突厥侦察兵		174.787811	186.020844	27	-1	1000	-1	-1	1	0	-1	-1	-1	-1	-1	-1	80	0	
46	6027713	893	-1	21	突厥侦察兵		175.814758	175.708038	27	-1	1000	-1	-1	1	0	-1	-1	-1	-1	-1	-1	80	0	
47	6027714	893	-1	21	突厥侦察兵		179.448975	181.207916	27	-1	1000	-1	-1	1	0	-1	-1	-1	-1	-1	-1	80	0	
48	6027717	893	-1	21	突厥侦察兵		186.914688	178.382568	27	-1	1000	-1	-1	1	0	-1	-1	-1	-1	-1	-1	80	0	
49	6027718	893	-1	21	突厥侦察兵		183.742935	171.819458	27	-1	1000	-1	-1	1	0	-1	-1	-1	-1	-1	-1	80	0	
50	6027720	893	-1	21	突厥侦察兵		191.745193	184.056076	27	-1	1000	-1	-1	1	0	-1	-1	-1	-1	-1	-1	80	0	
51	6027723	893	-1	21	突厥侦察兵		198.14328	174.865082	27	-1	1000	-1	-1	1	0	-1	-1	-1	-1	-1	-1	80	0	
52	6027724	893	-1	21	突厥侦察兵		191.921539	170.030396	27	-1	1000	-1	-1	1	0	-1	-1	-1	-1	-1	-1	80	0	
53	6027726	893	-1	21	突厥侦察兵		199.453491	181.701508	27	-1	1000	-1	-1	1	0	-1	-1	-1	-1	-1	-1	80	0	
54	6027728	893	-1	21	突厥侦察兵		207.217178	177.617798	27	-1	1000	-1	-1	1	0	-1	-1	-1	-1	-1	-1	80	0	
55	6027730	893	-1	21	突厥侦察兵		203.218018	170.946747	27	-1	1000	-1	-1	1	0	-1	-1	-1	-1	-1	-1	80	0	
56	6027731	893	-1	21	突厥侦察兵		200.966339	162.200409	27	-1	1000	-1	-1	1	0	-1	-1	-1	-1	-1	-1	80	0	
57	6027733	893	-1	21	突厥侦察兵		216.745087	169.683762	27	-1	1000	-1	-1	1	0	-1	-1	-1	-1	-1	-1	80	0	
58	6028448	902	-1	21	突厥右翼军		72.353592	43.61319	21	-1	1000	-1	-1	1	0	-1	-1	-1	-1	-1	-1	80	0	
59	6028454	902	-1	21	突厥右翼军		76.212112	44.897522	21	-1	1000	-1	-1	1	0	-1	-1	-1	-1	-1	-1	80	0	
60	6028456	902	-1	21	突厥右翼军		80.474167	46.122345	21	-1	1000	-1	-1	1	0	-1	-1	-1	-1	-1	-1	80	0	
61	6028457	902	-1	21	突厥右翼军		81.865158	43.103699	21	-1	1000	-1	-1	1	0	-1	-1	-1	-1	-1	-1	80	0	
62	6028459	902	-1	21	突厥右翼军		77.664795	41.056419	21	-1	1000	-1	-1	1	0	-1	-1	-1	-1	-1	-1	80	0	
63	6028461	902	-1	21	突厥右翼军		73.904419	39.186295	21	-1	1000	-1	-1	1	0	-1	-1	-1	-1	-1	-1	80	0	
64	6028463	902	-1	21	突厥右翼军		76.225822	36.234276	21	-1	1000	-1	-1	1	0	-1	-1	-1	-1	-1	-1	80	0	
65	6028465	902	-1	21	突厥右翼军		80.619385	38.032196	21	-1	1000	-1	-1	1	0	-1	-1	-1	-1	-1	-1	80	0	
66	6028466	902	-1	21	突厥右翼军		84.139381	39.784927	21	-1	1000	-1	-1	1	0	-1	-1	-1	-1	-1	-1	80	0	
67	6028487	900	-1	21	右翼军统领		69.661682	38.728706	23	-1	1000	-1	-1	1	0	-1	-1	-1	-1	-1	-1	80	0	
68	6036739	899	-1	21	左翼军统领		49.358498	75.775711	4	-1	1000	-1	-1	1	0	-1	-1	-1	-1	-1	-1	80	0	
69	6036832	901	-1	21	突厥左翼军		44.174118	76.300125	4	-1	1000	-1	-1	1	0	-1	-1	-1	-1	-1	-1	80	0	
70	6036834	901	-1	21	突厥左翼军		46.326225	78.866035	4	-1	1000	-1	-1	1	0	-1	-1	-1	-1	-1	-1	80	0	
71	6036840	901	-1	21	突厥左翼军		47.286873	82.375137	4	-1	1000	-1	-1	1	0	-1	-1	-1	-1	-1	-1	80	0	
72	6036841	901	-1	21	突厥左翼军		45.505028	83.813896	4	-1	1000	-1	-1	1	0	-1	-1	-1	-1	-1	-1	80	0	
73	6036843	901	-1	21	突厥左翼军		43.075645	79.626373	4	-1	1000	-1	-1	1	0	-1	-1	-1	-1	-1	-1	80	0	
74	6036844	901	-1	21	突厥左翼军		40.275917	76.90139	4	-1	1000	-1	-1	1	0	-1	-1	-1	-1	-1	-1	80	0	
75	6036852	901	-1	21	突厥左翼军		48.956543	85.008667	4	-1	1000	-1	-1	1	0	-1	-1	-1	-1	-1	-1	80	0	
76	6036853	901	-1	21	突厥左翼军		46.399155	86.319046	4	-1	1000	-1	-1	1	0	-1	-1	-1	-1	-1	-1	80	0	
77	6036865	901	-1	21	突厥左翼军		48.632217	77.411926	4	-1	1000	-1	-1	1	0	-1	-1	-1	-1	-1	-1	80	0	
78	6036930	901	-1	21	突厥左翼军		51.705032	83.745819	4	-1	1000	-1	-1	1	0	-1	-1	-1	-1	-1	-1	80	0	
79	6036935	901	-1	21	突厥左翼军		36.78376	73.821198	4	-1	1000	-1	-1	1	0	-1	-1	-1	-1	-1	-1	80	0	
80	6036943	901	-1	21	突厥左翼军		40.494568	73.487579	4	-1	1000	-1	-1	1	0	-1	-1	-1	-1	-1	-1	80	0	
81	6043208	904	-1	21	突厥精锐兵		225.673523	50.205467	27	-1	1000	-1	-1	1	0	-1	-1	-1	-1	-1	-1	80	0	
82	6043211	904	-1	21	突厥精锐兵		229.924377	54.678131	27	-1	1000	-1	-1	1	0	-1	-1	-1	-1	-1	-1	80	0	
83	6043212	904	-1	21	突厥精锐兵		230.934601	51.106636	27	-1	1000	-1	-1	1	0	-1	-1	-1	-1	-1	-1	80	0	
84	6043214	904	-1	21	突厥精锐兵		228.008484	57.702888	27	-1	1000	-1	-1	1	0	-1	-1	-1	-1	-1	-1	80	0	
85	6043216	904	-1	21	突厥精锐兵		227.703644	60.310463	27	-1	1000	-1	-1	1	0	-1	-1	-1	-1	-1	-1	80	0	
86	6043218	904	-1	21	突厥精锐兵		225.989532	60.230896	27	-1	1000	-1	-1	1	0	-1	-1	-1	-1	-1	-1	80	0	
87	6043221	904	-1	21	突厥精锐兵		224.724945	64.49321	27	-1	1000	-1	-1	1	0	-1	-1	-1	-1	-1	-1	80	0	
88	6043230	904	-1	21	突厥精锐兵		222.937897	66.59906	27	-1	1000	-1	-1	1	0	-1	-1	-1	-1	-1	-1	80	0	
89	6043236	904	-1	21	突厥精锐兵		212.581329	73.244232	27	-1	1000	-1	-1	1	0	-1	-1	-1	-1	-1	-1	80	0	
90	6043238	904	-1	21	突厥精锐兵		220.944031	71.22583	27	-1	1000	-1	-1	1	0	-1	-1	-1	-1	-1	-1	80	0	
91	6043240	904	-1	21	突厥精锐兵		217.44606	68.251404	27	-1	1000	-1	-1	1	0	-1	-1	-1	-1	-1	-1	80	0	
92	6043604	882	115012	20	蒙哥	拖雷之子	122.709999	121.129997	2	-1	1000	-1	-1	3	0	-1	-1	-1	-1	-1	-1	80	0	
93	6045125	898	-1	21	突厥轻步兵统领		168.676849	92.450851	27	-1	1000	-1	-1	6	0	-1	-1	-1	-1	-1	-1	80	0	
94	6045183	895	-1	21	突厥轻步兵		167.239838	87.956955	32	-1	1000	-1	-1	1	0	-1	-1	-1	-1	-1	-1	80	0	
95	6045186	895	-1	21	突厥轻步兵		165.538528	91.634094	32	-1	1000	-1	-1	1	0	-1	-1	-1	-1	-1	-1	80	0	
96	6045187	895	-1	21	突厥轻步兵		165.111404	86.028961	32	-1	1000	-1	-1	1	0	-1	-1	-1	-1	-1	-1	80	0	
97	6045189	895	-1	21	突厥轻步兵		163.634888	89.783417	32	-1	1000	-1	-1	1	0	-1	-1	-1	-1	-1	-1	80	0	
98	6045193	895	-1	21	突厥轻步兵		162.134293	84.671036	32	-1	1000	-1	-1	1	0	-1	-1	-1	-1	-1	-1	80	0	
99	6045194	895	-1	21	突厥轻步兵		160.45752	87.908569	32	-1	1000	-1	-1	1	0	-1	-1	-1	-1	-1	-1	80	0	
100	6045202	895	-1	21	突厥轻步兵		163.88559	93.551498	32	-1	1000	-1	-1	1	0	-1	-1	-1	-1	-1	-1	80	0	
101	6045204	895	-1	21	突厥轻步兵		161.15918	91.81765	32	-1	1000	-1	-1	1	0	-1	-1	-1	-1	-1	-1	80	0	
102	6045206	895	-1	21	突厥轻步兵		158.243439	90.423172	32	-1	1000	-1	-1	1	0	-1	-1	-1	-1	-1	-1	80	0	
103	6045577	897	-1	21	突厥重骑兵统领		148.911331	84.894104	0	-1	1000	-1	-1	6	0	-1	-1	-1	-1	-1	-1	80	0	
104	6045605	896	-1	21	突厥重骑兵		145.762405	81.870316	0	-1	1000	-1	-1	1	0	-1	-1	-1	-1	-1	-1	80	0	
105	6045607	896	-1	21	突厥重骑兵		145.922409	84.915237	0	-1	1000	-1	-1	1	0	-1	-1	-1	-1	-1	-1	80	0	
106	6045608	896	-1	21	突厥重骑兵		146.483246	88.154678	36	-1	1000	-1	-1	1	0	-1	-1	-1	-1	-1	-1	80	0	
107	6045610	896	-1	21	突厥重骑兵		141.843597	80.783203	0	-1	1000	-1	-1	1	0	-1	-1	-1	-1	-1	-1	80	0	
108	6045613	896	-1	21	突厥重骑兵		141.872986	84.167938	0	-1	1000	-1	-1	1	0	-1	-1	-1	-1	-1	-1	80	0	
109	6045614	896	-1	21	突厥重骑兵		142.346954	87.791763	0	-1	1000	-1	-1	1	0	-1	-1	-1	-1	-1	-1	80	0	
110	6045616	896	-1	21	突厥重骑兵		138.234741	86.721832	0	-1	1000	-1	-1	1	0	-1	-1	-1	-1	-1	-1	80	0	
111	6045617	896	-1	21	突厥重骑兵		137.528336	83.370209	0	-1	1000	-1	-1	1	0	-1	-1	-1	-1	-1	-1	80	0	
112	6045619	896	-1	21	突厥重骑兵		137.030975	80.130302	0	-1	1000	-1	-1	1	0	-1	-1	-1	-1	-1	-1	80	0	
113	6045954	894	-1	21	突厥伏击兵		95.133316	116.397652	35	-1	1000	-1	-1	1	0	-1	-1	-1	-1	-1	-1	80	0	
114	6045957	894	-1	21	突厥伏击兵		88.193176	116.470901	35	-1	1000	-1	-1	1	0	-1	-1	-1	-1	-1	-1	80	0	
115	6045959	894	-1	21	突厥伏击兵		93.761536	108.561569	35	-1	1000	-1	-1	1	0	-1	-1	-1	-1	-1	-1	80	0	
116	6045960	894	-1	21	突厥伏击兵		98.214005	104.491104	35	-1	1000	-1	-1	1	0	-1	-1	-1	-1	-1	-1	80	0	
117	6045981	894	-1	21	突厥伏击兵		104.595245	107.407913	31	-1	1000	-1	-1	1	0	-1	-1	-1	-1	-1	-1	80	0	
118	6045954	894	-1	21	突厥伏击兵		93.379517	119.563705	35	-1	1000	-1	-1	1	0	-1	-1	-1	-1	-1	-1	80	0	
119	6045957	894	-1	21	突厥伏击兵		96.858521	107.47258	35	-1	1000	-1	-1	1	0	-1	-1	-1	-1	-1	-1	80	0	
120	6045959	894	-1	21	突厥伏击兵		98.474251	119.75486	35	-1	1000	-1	-1	1	0	-1	-1	-1	-1	-1	-1	80	0	
121	6045960	894	-1	21	突厥伏击兵		99.4683	113.841743	35	-1	1000	-1	-1	1	0	-1	-1	-1	-1	-1	-1	80	0	
122	6045981	894	-1	21	突厥伏击兵		98.104996	96.832451	31	-1	1000	-1	-1	1	0	-1	-1	-1	-1	-1	-1	80	0	
123	6045954	894	-1	21	突厥伏击兵		98.87915	110.90554	35	-1	1000	-1	-1	1	0	-1	-1	-1	-1	-1	-1	80	0	
124	6045957	894	-1	21	突厥伏击兵		90.185318	111.257156	35	-1	1000	-1	-1	1	0	-1	-1	-1	-1	-1	-1	80	0	
125	6045959	894	-1	21	突厥伏击兵		94.341187	102.562317	35	-1	1000	-1	-1	1	0	-1	-1	-1	-1	-1	-1	80	0	
126	6045960	894	-1	21	突厥伏击兵		102.845428	103.488724	35	-1	1000	-1	-1	1	0	-1	-1	-1	-1	-1	-1	80	0	
127	6045981	894	-1	21	突厥伏击兵		106.059265	101.874321	31	-1	1000	-1	-1	1	0	-1	-1	-1	-1	-1	-1	80	0	
128	6045954	894	-1	21	突厥伏击兵		90.993896	115.851555	35	-1	1000	-1	-1	1	0	-1	-1	-1	-1	-1	-1	80	0	
129	6045957	894	-1	21	突厥伏击兵		93.050217	111.878891	35	-1	1000	-1	-1	1	0	-1	-1	-1	-1	-1	-1	80	0	
130	6045959	894	-1	21	突厥伏击兵		89.404305	106.016464	35	-1	1000	-1	-1	1	0	-1	-1	-1	-1	-1	-1	80	0	
131	6045960	894	-1	21	突厥伏击兵		102.022964	109.973373	35	-1	1000	-1	-1	1	0	-1	-1	-1	-1	-1	-1	80	0	
132	6045981	894	-1	21	突厥伏击兵		102.10791	97.392815	31	-1	1000	-1	-1	1	0	-1	-1	-1	-1	-1	-1	80	0	
133	6047041	905	-1	24	蒙古勇士		52.421829	51.904015	14	-1	1000	-1	-1	0	0	-1	-1	-1	-1	-1	-1	80	0	
134	6047044	905	-1	24	蒙古勇士		54.994614	49.29335	16	-1	1000	-1	-1	0	0	-1	-1	-1	-1	-1	-1	80	0	
135	6047097	905	-1	24	蒙古勇士		41.53141	42.551895	14	-1	1000	-1	-1	0	0	-1	-1	-1	-1	-1	-1	80	0	
136	6047100	905	-1	24	蒙古勇士		44.680992	39.854179	16	-1	1000	-1	-1	0	0	-1	-1	-1	-1	-1	-1	80	0	
137	6201346	904	-1	21	突厥近卫军		35.819748	119.188316	35	-1	1000	-1	-1	1	0	-1	-1	-1	-1	-1	-1	80	0	
138	6201350	904	-1	21	突厥近卫军		29.876503	125.005531	31	-1	1000	-1	-1	1	0	-1	-1	-1	-1	-1	-1	80	0	
139	6201352	904	-1	21	突厥近卫军		34.523605	122.66153	31	-1	1000	-1	-1	1	0	-1	-1	-1	-1	-1	-1	80	0	
140	6201354	904	-1	21	突厥近卫军		29.56916	133.657822	31	-1	1000	-1	-1	1	0	-1	-1	-1	-1	-1	-1	80	0	
141	6201355	904	-1	21	突厥近卫军		33.427498	130.22258	31	-1	1000	-1	-1	1	0	-1	-1	-1	-1	-1	-1	80	0	
142	6201357	904	-1	21	突厥近卫军		31.759651	141.523773	7	-1	1000	-1	-1	1	0	-1	-1	-1	-1	-1	-1	80	0	
143	6201359	904	-1	21	突厥近卫军		35.818787	137.714783	7	-1	1000	-1	-1	1	0	-1	-1	-1	-1	-1	-1	80	0	
144	6201360	904	-1	21	突厥近卫军		35.624481	141.738266	7	-1	1000	-1	-1	1	0	-1	-1	-1	-1	-1	-1	80	0	
145	6201362	904	-1	21	突厥近卫军		29.326241	144.95137	7	-1	1000	-1	-1	1	0	-1	-1	-1	-1	-1	-1	80	0	
146	6201364	904	-1	21	突厥近卫军		35.337936	148.688126	7	-1	1000	-1	-1	1	0	-1	-1	-1	-1	-1	-1	80	0	
147	6201366	904	-1	21	突厥近卫军		28.089882	150.824158	3	-1	1000	-1	-1	1	0	-1	-1	-1	-1	-1	-1	80	0	
148	6201372	904	-1	21	突厥近卫军		32.30555	111.409348	35	-1	1000	-1	-1	1	0	-1	-1	-1	-1	-1	-1	80	0	
149	6201373	904	-1	21	突厥近卫军		38.328964	113.913559	31	-1	1000	-1	-1	1	0	-1	-1	-1	-1	-1	-1	80	0	
150	6201375	904	-1	21	突厥近卫军		36.495682	109.630356	27	-1	1000	-1	-1	1	0	-1	-1	-1	-1	-1	-1	80	0	
151	6201376	904	-1	21	突厥近卫军		29.174965	115.175987	35	-1	1000	-1	-1	1	0	-1	-1	-1	-1	-1	-1	80	0	
152	6201458	904	-1	21	突厥近卫军		40.084435	35.66304	27	-1	1000	-1	-1	1	0	-1	-1	-1	-1	-1	-1	80	0	
153	6201460	904	-1	21	突厥近卫军		37.864693	36.808723	27	-1	1000	-1	-1	1	0	-1	-1	-1	-1	-1	-1	80	0	
154	6201531	904	-1	21	突厥近卫军		49.839996	46.716469	27	-1	1000	-1	-1	1	0	-1	-1	-1	-1	-1	-1	80	0	
155	6201571	904	-1	21	突厥近卫军		41.276878	38.861641	32	-1	1000	-1	-1	1	0	-1	-1	-1	-1	-1	-1	80	0	
156	6201729	904	-1	21	突厥近卫军		49.359428	48.31324	27	-1	1000	-1	-1	1	0	-1	-1	-1	-1	-1	-1	80	0	
157	6202541	909	-1	21	亦合鲁	突厥猛将	231.658264	45.799438	27	-1	1000	-1	-1	6	0	-1	-1	-1	-1	-1	-1	80	0	
158	6319714	912	-1	21	突厥残兵		143.319016	56.243126	11	-1	1000	-1	-1	1	0	-1	-1	-1	-1	-1	-1	10	0	
159	6319724	912	-1	21	突厥残兵		158.773087	44.046211	15	-1	1000	-1	-1	1	0	-1	-1	-1	-1	-1	-1	80	0	
160	6319727	912	-1	21	突厥残兵		156.914108	51.993042	11	-1	1000	-1	-1	1	0	-1	-1	-1	-1	-1	-1	80	0	
161	6319730	912	-1	21	突厥残兵		165.823135	53.541161	27	-1	1000	-1	-1	1	0	-1	-1	-1	-1	-1	-1	80	0	
162	6319734	912	-1	21	突厥残兵		166.684418	47.066574	15	-1	1000	-1	-1	1	0	-1	-1	-1	-1	-1	-1	80	0	
163	6319739	912	-1	21	突厥残兵		136.020508	55.973122	7	-1	1000	-1	-1	1	0	-1	-1	-1	-1	-1	-1	80	0	
164	6319777	905	-1	24	蒙古勇士		46.752686	44.899208	27	-1	1000	-1	-1	5	0	-1	-1	-1	-1	-1	-1	80	0	
165	6569643	905	-1	24	蒙古勇士		98.818199	131.045425	2	-1	1000	-1	-1	5	0	-1	-1	-1	-1	-1	-1	80	0	
166	6889162	904	-1	21	突厥近卫军		37.177307	54.148376	27	-1	1000	-1	-1	1	0	-1	-1	-1	-1	-1	-1	80	0	
167	6889163	904	-1	21	突厥近卫军		42.311249	51.245605	32	-1	1000	-1	-1	1	0	-1	-1	-1	-1	-1	-1	80	0	
168	6889169	904	-1	21	突厥近卫军		33.500099	49.500923	27	-1	1000	-1	-1	1	0	-1	-1	-1	-1	-1	-1	80	0	
169	6889172	904	-1	21	突厥近卫军		57.86956	33.030403	27	-1	1000	-1	-1	1	0	-1	-1	-1	-1	-1	-1	80	0	
170	6889176	905	-1	24	蒙古勇士		59.849335	41.244591	14	-1	1000	-1	-1	5	0	-1	-1	-1	-1	-1	-1	80	0	
171	6889202	905	-1	24	蒙古勇士		62.381233	45.645927	16	-1	1000	-1	-1	5	0	-1	-1	-1	-1	-1	-1	80	0	
172	6889864	905	-1	24	蒙古勇士		41.818901	54.154472	16	-1	1000	-1	-1	5	0	-1	-1	-1	-1	-1	-1	80	0	
173	6889881	905	-1	24	蒙古勇士		46.337387	52.539551	12	-1	1000	-1	-1	5	0	-1	-1	-1	-1	-1	-1	80	0	
174	6889923	904	-1	21	突厥近卫军		57.479546	43.931908	0	-1	1000	-1	-1	1	0	-1	-1	-1	-1	-1	-1	80	0	
175	6889929	904	-1	21	突厥近卫军		43.508606	56.090889	6	-1	1000	-1	-1	1	0	-1	-1	-1	-1	-1	-1	80	0	
176	7164867	912	-1	21	突厥残兵		127.503311	53.927017	7	-1	1000	-1	-1	1	0	-1	-1	-1	-1	-1	-1	80	0	
177	7164871	912	-1	21	突厥残兵		128.147308	58.493263	7	-1	1000	-1	-1	1	0	-1	-1	-1	-1	-1	-1	80	0	
178	7164877	912	-1	21	突厥残兵		131.062592	50.523315	3	-1	1000	-1	-1	1	0	-1	-1	-1	-1	-1	-1	80	0	
179	7164887	912	-1	21	突厥残兵		150.875336	48.425613	11	-1	1000	-1	-1	1	0	-1	-1	-1	-1	-1	-1	80	0	
180	7164911	905	-1	24	蒙古勇士		146.237839	42.470413	28	-1	1000	-1	-1	5	0	-1	-1	-1	-1	-1	-1	80	0	
181	7164912	905	-1	24	蒙古勇士		140.095184	44.003128	27	-1	1000	-1	-1	5	0	-1	-1	-1	-1	-1	-1	80	0	
182	7164914	905	-1	24	蒙古勇士		136.877655	37.423912	16	-1	1000	-1	-1	5	0	-1	-1	-1	-1	-1	-1	80	0	
183	7164915	905	-1	24	蒙古勇士		143.583389	34.782951	4	-1	1000	-1	-1	5	0	-1	-1	-1	-1	-1	-1	80	0	
184	7251472	880	115014	20	疲惫的成吉思汗		125.783524	122.469498	18	-1	1000	-1	-1	3	0	-1	-1	-1	-1	-1	-1	80	0	
185	7251535	887	115013	20	疲惫的哲别		125.243866	119.366837	27	-1	1000	-1	-1	3	0	-1	-1	-1	-1	-1	-1	80	0	
186	7251543	882	115015	20	疲惫的忽必烈		122.763351	124.674812	2	-1	1000	-1	-1	3	0	-1	-1	-1	-1	-1	-1	80	0	
187	7251642	905	-1	-1	蒙古勇士		120.702148	107.402176	12	-1	1000	-1	-1	3	0	-1	-1	-1	-1	-1	-1	80	0	
188	7251645	905	-1	-1	蒙古勇士		116.323364	107.068634	9	-1	1000	-1	-1	3	0	-1	-1	-1	-1	-1	-1	80	0	
189	7251650	905	-1	-1	蒙古勇士		118.061798	131.514557	27	-1	1000	-1	-1	3	0	-1	-1	-1	-1	-1	-1	80	0	
190	7251652	905	-1	-1	蒙古勇士		109.964043	128.557693	27	-1	1000	-1	-1	3	0	-1	-1	-1	-1	-1	-1	80	0	
191	7251654	905	-1	-1	蒙古勇士		106.439354	123.158379	18	-1	1000	-1	-1	3	0	-1	-1	-1	-1	-1	-1	80	0	
192	7251656	905	-1	-1	蒙古勇士		107.83654	117.124603	18	-1	1000	-1	-1	3	0	-1	-1	-1	-1	-1	-1	80	0	
193	7251668	905	-1	-1	蒙古勇士		128.220276	127.785301	29	-1	1000	-1	-1	3	0	-1	-1	-1	-1	-1	-1	80	0	
194	7252803	860	-1	-1	蒙古勇士		196.477722	205.543335	7	-1	1000	-1	-1	3	0	-1	-1	-1	-1	-1	-1	80	0	
195	7252805	860	-1	-1	蒙古勇士		193.627045	205.622818	7	-1	1000	-1	-1	3	0	-1	-1	-1	-1	-1	-1	80	0	
196	7252809	860	-1	-1	蒙古勇士		190.944473	205.696091	7	-1	1000	-1	-1	3	0	-1	-1	-1	-1	-1	-1	80	0	
197	7252812	860	-1	-1	蒙古勇士		196.278198	202.935211	7	-1	1000	-1	-1	3	0	-1	-1	-1	-1	-1	-1	80	0	
198	7252814	860	-1	-1	蒙古勇士		193.414673	203.180298	7	-1	1000	-1	-1	3	0	-1	-1	-1	-1	-1	-1	80	0	
199	7252816	860	-1	-1	蒙古勇士		190.685822	203.402283	7	-1	1000	-1	-1	3	0	-1	-1	-1	-1	-1	-1	80	0	
200	7252819	860	-1	-1	蒙古勇士		196.144684	200.720016	7	-1	1000	-1	-1	3	0	-1	-1	-1	-1	-1	-1	80	0	
201	7252821	860	-1	-1	蒙古勇士		193.262833	200.813828	7	-1	1000	-1	-1	3	0	-1	-1	-1	-1	-1	-1	80	0	
202	7252823	860	-1	-1	蒙古勇士		190.60791	200.981384	7	-1	1000	-1	-1	3	0	-1	-1	-1	-1	-1	-1	80	0	
203	7252861	890	-1	-1	蒙古将军		188.187088	205.946136	10	-1	1000	-1	-1	3	0	-1	-1	-1	-1	-1	-1	80	0	
204	7252904	860	-1	-1	蒙古勇士		169.932434	219.958893	9	-1	1000	-1	-1	3	0	-1	-1	-1	-1	-1	-1	80	0	
205	7252905	860	-1	-1	蒙古勇士		169.641388	217.203461	9	-1	1000	-1	-1	3	0	-1	-1	-1	-1	-1	-1	80	0	
206	7252908	860	-1	-1	蒙古勇士		169.519775	214.917206	9	-1	1000	-1	-1	3	0	-1	-1	-1	-1	-1	-1	80	0	
207	7252910	860	-1	-1	蒙古勇士		166.891083	220.058075	9	-1	1000	-1	-1	3	0	-1	-1	-1	-1	-1	-1	80	0	
208	7252917	860	-1	-1	蒙古勇士		163.9048	220.160934	9	-1	1000	-1	-1	3	0	-1	-1	-1	-1	-1	-1	80	0	
209	7252919	860	-1	-1	蒙古勇士		163.962067	218.113754	9	-1	1000	-1	-1	3	0	-1	-1	-1	-1	-1	-1	80	0	
210	7252923	860	-1	-1	蒙古勇士		164.034225	215.676697	9	-1	1000	-1	-1	3	0	-1	-1	-1	-1	-1	-1	80	0	
211	7252927	890	-1	-1	蒙古将军		169.658417	212.888809	10	-1	1000	-1	-1	3	0	-1	-1	-1	-1	-1	-1	80	0	
212	7253027	860	-1	-1	蒙古勇士		166.675919	215.251312	9	-1	1000	-1	-1	3	0	-1	-1	-1	-1	-1	-1	80	0	
213	7253030	860	-1	-1	蒙古勇士		166.883636	217.640381	9	-1	1000	-1	-1	3	0	-1	-1	-1	-1	-1	-1	80	0	
214	7161814	25012	150512	20			25	18	27	-1	1000	-1	-1	3	0	-1	-1	-1	-1	-1	-1	100	0	
215	7252905	1630	115017	20	巴格达百姓		91.277115	211.96405	29	-1	1000	-1	-1	3	0	-1	-1	-1	-1	-1	-1	80	0	
216	7252908	1629	115018	20	巴格达百姓		65.488739	190.419281	9	-1	1000	-1	-1	3	0	-1	-1	-1	-1	-1	-1	80	0	
217	7252910	1628	115019	20	巴格达百姓		68.872269	196.955078	1	-1	1000	-1	-1	3	0	-1	-1	-1	-1	-1	-1	80	0	
218	7252917	1909	115020	20	巴格达百姓		90.064865	186.31485	25	-1	1000	-1	-1	3	0	-1	-1	-1	-1	-1	-1	80	0	
219	7252919	1629	115021	20	巴格达百姓		96.856422	222.709961	9	-1	1000	-1	-1	3	0	-1	-1	-1	-1	-1	-1	80	0	
220	7252923	1911	115022	20	巴格达百姓		104.460342	194.967621	17	-1	1000	-1	-1	3	0	-1	-1	-1	-1	-1	-1	80	0	
