NUM	NUM	NUM	NUM	NUM	TEXT	TEXT	FLOAT	FLOAT	NUM	NUM	NUM	NUM	NUM	NUM	NUM	NUM	NUM	NUM	NUM	NUM	NUM	NUM	NUM
编号	随机编号	attr编号	逻辑表编号	阵营编号	名称	称号	x轴坐标	z轴坐标	朝向	脚本编号	重生时间	分组编号	队伍编号	基础AI	AI文件	巡逻路径	商店0	商店1	商店2	商店3	名誉ID	等级	镜像组
0	1505229	9813	-1	21	密尔顿	条顿之王爪牙	22	225	5	300619	10000	-1	-1	1	0	-1	-1	-1	-1	-1	-1	95	0	
1	1505233	9831	400604	21	领地图腾	东欧地区	244.5	130.5	18	-1	180000	-1	-1	3	0	-1	-1	-1	-1	-1	-1	95	0	
2	20	2146	400491	20	腓特烈	勃兰登堡选帝侯	29.169268	35.625401	0	0	10000	-1	-1	3	0	-1	-1	-1	-1	-1	-1	95	0	
3	22	2136	400492	20	亨利	萨克森选帝侯	33.729725	30.458935	24	0	10000	-1	-1	3	0	-1	-1	-1	-1	-1	-1	95	0	
4	39	1381	400493	20	汉斯	莱茵选帝侯	189.409424	147.188538	18	0	10000	-1	-1	3	0	-1	-1	-1	-1	-1	-1	95	0	
5	55	1380	400494	20	弗朗克	波西米亚选帝侯	189.432007	103.495003	18	0	10000	-1	-1	3	0	-1	-1	-1	-1	-1	-1	95	0	
6	2	2135	400495	20	勃兰登堡骑士		233.970108	213.549271	28	0	10000	-1	-1	3	0	-1	-1	-1	-1	-1	-1	95	0	
7	3	2135	400496	20	骑士长		232.004684	223.656189	10	0	10000	-1	-1	3	0	-1	-1	-1	-1	-1	-1	95	0	
8	6	2135	400497	20	勃兰登堡骑士		235.405441	224.27684	10	0	10000	-1	-1	3	0	-1	-1	-1	-1	-1	-1	95	0	
9	7	2135	400498	20	勃兰登堡骑士		232.025558	32.267109	27	0	10000	-1	-1	3	0	-1	-1	-1	-1	-1	-1	95	0	
10	8	2135	400499	20	勃兰登堡骑士		231.86969	43.58997	9	0	10000	-1	-1	3	0	-1	-1	-1	-1	-1	-1	95	0	
11	9	2135	400495	20	勃兰登堡骑士		59.381191	65.743591	32	0	10000	-1	-1	3	0	-1	-1	-1	-1	-1	-1	95	0	
12	10	2135	400496	20	勃兰登堡骑士		65.063065	96.777313	32	0	10000	-1	-1	3	0	-1	-1	-1	-1	-1	-1	95	0	
13	11	2135	400497	20	勃兰登堡骑士		67.602608	93.604301	32	0	10000	-1	-1	3	0	-1	-1	-1	-1	-1	-1	95	0	
14	12	2135	400498	20	勃兰登堡骑士		42.674335	51.321041	32	0	10000	-1	-1	3	0	-1	-1	-1	-1	-1	-1	95	0	
15	13	2135	400499	20	勃兰登堡骑士		36.622372	45.138046	14	0	10000	-1	-1	3	0	-1	-1	-1	-1	-1	-1	95	0	
16	14	2135	400495	20	勃兰登堡骑士		48.886635	55.972973	14	0	10000	-1	-1	3	0	-1	-1	-1	-1	-1	-1	95	0	
17	15	2135	400496	20	勃兰登堡骑士		20.095078	47.621105	0	0	10000	-1	-1	3	0	-1	-1	-1	-1	-1	-1	95	0	
18	17	2135	400497	20	勃兰登堡骑士		26.424776	71.224098	4	0	10000	-1	-1	3	0	-1	-1	-1	-1	-1	-1	95	0	
19	18	2135	400498	20	勃兰登堡骑士		31.536104	84.759659	4	0	10000	-1	-1	3	0	-1	-1	-1	-1	-1	-1	95	0	
20	101	2135	400499	20	勃兰登堡骑士		48.401382	79.616478	16	0	10000	-1	-1	3	0	-1	-1	-1	-1	-1	-1	95	0	
21	19	2135	400497	20	勃兰登堡骑士		46.631493	64.779808	16	0	10000	-1	-1	3	0	-1	-1	-1	-1	-1	-1	95	0	
22	28	1377	400500	20	萨克森骑士		81.463928	35.992695	20	0	10000	-1	-1	3	0	-1	-1	-1	-1	-1	-1	95	0	
23	29	1377	400501	20	萨克森骑士		92.522217	58.589706	32	0	10000	-1	-1	3	0	-1	-1	-1	-1	-1	-1	95	0	
24	30	1377	400502	20	萨克森骑士		44.195568	36.637489	14	0	10000	-1	-1	3	0	-1	-1	-1	-1	-1	-1	95	0	
25	31	1377	400500	20	萨克森骑士		56.817371	45.950607	14	0	10000	-1	-1	3	0	-1	-1	-1	-1	-1	-1	95	0	
26	32	1377	400501	20	萨克森骑士		52.057865	42.393925	32	0	10000	-1	-1	3	0	-1	-1	-1	-1	-1	-1	95	0	
27	33	1377	400502	20	萨克森骑士		62.082069	24.428673	24	0	10000	-1	-1	3	0	-1	-1	-1	-1	-1	-1	95	0	
28	34	1377	400500	20	萨克森骑士		73.965225	28.19499	24	0	10000	-1	-1	3	0	-1	-1	-1	-1	-1	-1	95	0	
29	35	1377	400501	20	萨克森骑士		68.645721	55.455338	32	0	10000	-1	-1	3	0	-1	-1	-1	-1	-1	-1	95	0	
30	36	1377	400502	20	萨克森骑士		89.246925	63.015804	32	0	10000	-1	-1	3	0	-1	-1	-1	-1	-1	-1	95	0	
31	37	1377	400500	20	萨克森骑士		43.352283	22.598984	28	0	10000	-1	-1	3	0	-1	-1	-1	-1	-1	-1	95	0	
32	40	1378	400503	20	莱茵骑士		191.624359	137.944519	18	0	10000	-1	-1	3	0	-1	-1	-1	-1	-1	-1	95	0	
33	41	1378	400504	20	莱茵骑士		193.248352	169.869934	18	0	10000	-1	-1	3	0	-1	-1	-1	-1	-1	-1	95	0	
34	46	1378	400505	20	莱茵骑士		105.294891	131.098206	18	0	10000	-1	-1	3	0	-1	-1	-1	-1	-1	-1	95	0	
35	47	1378	400506	20	莱茵骑士		191.426025	149.635712	18	0	10000	-1	-1	3	0	-1	-1	-1	-1	-1	-1	95	0	
36	48	1378	400507	20	莱茵骑士		194.832565	161.797607	18	0	10000	-1	-1	3	0	-1	-1	-1	-1	-1	-1	95	0	
37	49	1378	400503	20	莱茵骑士		193.248917	165.405289	18	0	10000	-1	-1	3	0	-1	-1	-1	-1	-1	-1	95	0	
38	50	1378	400504	20	莱茵骑士		191.234314	144.299896	18	0	10000	-1	-1	3	0	-1	-1	-1	-1	-1	-1	95	0	
39	65	1378	400505	20	莱茵骑士	 	194.275146	141.009323	18	0	10000	-1	-1	3	0	-1	-1	-1	-1	-1	-1	95	0	
40	68	1378	400506	20	莱茵骑士		196.890411	134.61676	9	0	10000	-1	-1	3	0	-1	-1	-1	-1	-1	-1	95	0	
41	69	1378	400507	20	莱茵骑士		216.81311	148.532791	0	0	10000	-1	-1	3	0	-1	-1	-1	-1	-1	-1	95	0	
42	70	1378	400503	20	莱茵骑士		184.009262	132.362228	9	0	10000	-1	-1	3	0	-1	-1	-1	-1	-1	-1	95	0	
43	74	1378	400504	20	莱茵骑士		211.421158	141.401993	0	0	10000	-1	-1	3	0	-1	-1	-1	-1	-1	-1	95	0	
44	75	1378	400505	20	莱茵骑士		211.591644	134.238495	9	0	10000	-1	-1	3	0	-1	-1	-1	-1	-1	-1	95	0	
45	87	1378	400506	20	莱茵骑士		200.932129	134.375687	9	0	10000	-1	-1	3	0	-1	-1	-1	-1	-1	-1	95	0	
46	77	1378	400507	20	莱茵骑士		216.684265	155.225922	0	0	10000	-1	-1	3	0	-1	-1	-1	-1	-1	-1	95	0	
47	112	1378	400503	20	莱茵骑士		158.067795	132.135757	9	0	10000	-1	-1	3	0	-1	-1	-1	-1	-1	-1	95	0	
48	113	1378	400504	20	莱茵骑士		152.841507	132.233719	9	0	10000	-1	-1	3	0	-1	-1	-1	-1	-1	-1	95	0	
49	114	1378	400505	20	莱茵骑士团长		137.182083	134.567764	9	0	10000	-1	-1	3	0	-1	-1	-1	-1	-1	-1	95	0	
50	115	1378	400506	20	莱茵骑士		128.191574	134.225327	9	0	10000	-1	-1	3	0	-1	-1	-1	-1	-1	-1	95	0	
51	116	1378	400507	20	莱茵骑士		122.911385	130.178009	9	0	10000	-1	-1	3	0	-1	-1	-1	-1	-1	-1	95	0	
52	51	1378	400507	20	莱茵骑士		194.873672	156.992218	18	0	10000	-1	-1	3	0	-1	-1	-1	-1	-1	-1	95	0	
53	57	1379	400508	20	波西米亚骑士		105.291397	124.696793	18	0	10000	-1	-1	3	0	-1	-1	-1	-1	-1	-1	95	0	
54	58	1379	400509	20	波西米亚骑士		190.974823	100.288467	18	0	10000	-1	-1	3	0	-1	-1	-1	-1	-1	-1	95	0	
55	59	1379	400510	20	波西米亚骑士		191.621262	111.576508	18	0	10000	-1	-1	3	0	-1	-1	-1	-1	-1	-1	95	0	
56	60	1379	400511	20	波西米亚骑士		191.777512	107.437981	18	0	10000	-1	-1	3	0	-1	-1	-1	-1	-1	-1	95	0	
57	61	1379	400508	20	波西米亚骑士		190.84111	89.230103	18	0	10000	-1	-1	3	0	-1	-1	-1	-1	-1	-1	95	0	
58	62	1379	400509	20	波西米亚骑士		191.029388	95.861122	18	0	10000	-1	-1	3	0	-1	-1	-1	-1	-1	-1	95	0	
59	71	1379	400510	20	波西米亚骑士		183.784821	123.729362	27	0	10000	-1	-1	3	0	-1	-1	-1	-1	-1	-1	95	0	
60	72	1379	400511	20	波西米亚骑士		197.310654	122.676254	27	0	10000	-1	-1	3	0	-1	-1	-1	-1	-1	-1	95	0	
61	66	1379	400508	20	波西米亚骑士		194.659348	114.972229	18	0	10000	-1	-1	3	0	-1	-1	-1	-1	-1	-1	95	0	
62	67	1379	400509	20	波西米亚骑士		217.064758	102.535187	0	0	10000	-1	-1	3	0	-1	-1	-1	-1	-1	-1	95	0	
63	76	1379	400510	20	波西米亚骑士		211.752533	115.3461	0	0	10000	-1	-1	3	0	-1	-1	-1	-1	-1	-1	95	0	
64	78	1379	400511	20	波西米亚骑士		217.121887	109.443405	0	0	10000	-1	-1	3	0	-1	-1	-1	-1	-1	-1	95	0	
65	73	1379	400508	20	波西米亚骑士		211.433533	123.162254	27	0	10000	-1	-1	3	0	-1	-1	-1	-1	-1	-1	95	0	
66	107	1379	400509	20	波西米亚骑士		158.126541	124.33577	27	0	10000	-1	-1	3	0	-1	-1	-1	-1	-1	-1	95	0	
67	108	1379	400510	20	波西米亚骑士		152.359344	122.176552	27	0	10000	-1	-1	3	0	-1	-1	-1	-1	-1	-1	95	0	
68	109	1379	400511	20	波西米亚骑士		145.821915	120.081528	27	0	10000	-1	-1	3	0	-1	-1	-1	-1	-1	-1	95	0	
69	110	1379	400508	20	波西米亚骑士团长		136.922775	121.480736	27	0	10000	-1	-1	3	0	-1	-1	-1	-1	-1	-1	95	0	
70	111	1379	400509	20	波西米亚骑士		122.8078	124.379143	27	0	10000	-1	-1	3	0	-1	-1	-1	-1	-1	-1	95	0	
71	88	1379	400510	20	波西米亚骑士		201.221344	122.896385	27	0	10000	-1	-1	3	0	-1	-1	-1	-1	-1	-1	95	0	
72	63	1378	400512	20	莱茵炮兵		158.114639	164.028549	0	0	10000	-1	-1	3	0	-1	-1	-1	-1	-1	-1	95	0	
73	64	1378	400513	20	莱茵炮兵		158.288208	167.585938	0	0	10000	-1	-1	3	0	-1	-1	-1	-1	-1	-1	95	0	
74	80	43	400514	20	红衣主教马丁		228.091644	92.352959	27	0	10000	-1	-1	3	0	-1	-1	-1	-1	-1	-1	95	0	
75	81	44	400515	20	紫衣教士约克		226.307877	96.055107	4	0	10000	-1	-1	3	0	-1	-1	-1	-1	-1	-1	95	0	
76	82	45	400516	20	蓝衣教士哈瑞		230.159912	96.321335	12	0	10000	-1	-1	3	0	-1	-1	-1	-1	-1	-1	95	0	
77	102	42	400517	20	教士		223.51886	98.480255	3	0	10000	-1	-1	3	0	-1	-1	-1	-1	-1	-1	95	0	
78	103	42	400518	20	教士		232.753479	97.271957	13	0	10000	-1	-1	3	0	-1	-1	-1	-1	-1	-1	95	0	
79	79	42	400519	20	教士	 	224.55014	90.44178	27	0	10000	-1	-1	3	0	-1	-1	-1	-1	-1	-1	95	0	
80	104	42	400517	20	教士		231.314362	90.30999	27	0	10000	-1	-1	3	0	-1	-1	-1	-1	-1	-1	95	0	
81	105	42	400518	20	教士		226.402237	99.707039	7	0	10000	-1	-1	3	0	-1	-1	-1	-1	-1	-1	95	0	
82	106	42	400519	20	教士		230.475861	99.518768	13	0	10000	-1	-1	3	0	-1	-1	-1	-1	-1	-1	95	0	
83	117	1915	400520	20	农夫约翰		152.915375	22.288437	27	0	10000	-1	-1	3	0	-1	-1	-1	-1	-1	-1	95	0	
84	118	1915	400521	20	农夫米勒		208.478195	20.056572	28	0	10000	-1	-1	3	0	-1	-1	-1	-1	-1	-1	95	0	
85	119	1915	400522	20	农夫汤姆		146.910263	26.912842	35	0	10000	-1	-1	3	0	-1	-1	-1	-1	-1	-1	95	0	
86	120	166	-1	20	 		210.830978	21.442295	0	0	10000	-1	-1	2	0	-1	-1	-1	-1	-1	-1	95	0	
87	121	166	-1	20	 		210.651825	21.828907	0	0	10000	-1	-1	2	0	-1	-1	-1	-1	-1	-1	95	0	
88	122	166	-1	20	 		210.553162	21.513184	0	0	10000	-1	-1	2	0	-1	-1	-1	-1	-1	-1	95	0	
89	123	363	-1	20	 		210.904358	21.475567	0	0	10000	-1	-1	2	0	-1	-1	-1	-1	-1	-1	95	0	
90	124	255	-1	20	 		210.894592	21.354073	0	0	10000	-1	-1	2	0	-1	-1	-1	-1	-1	-1	95	0	
91	125	163	-1	20	 		151.482498	24.551172	0	0	10000	-1	-1	2	0	-1	-1	-1	-1	-1	-1	95	0	
92	89	167	-1	20	 	 	183.992065	173.295029	9	0	10000	-1	-1	3	0	-1	-1	-1	-1	-1	-1	95	0	
93	90	168	-1	20	 	 	181.669785	173.193069	9	0	10000	-1	-1	3	0	-1	-1	-1	-1	-1	-1	95	0	
94	91	169	-1	20	 	 	176.021362	173.272797	9	0	10000	-1	-1	3	0	-1	-1	-1	-1	-1	-1	95	0	
95	92	170	-1	20	 	 	173.70578	173.486511	9	0	10000	-1	-1	3	0	-1	-1	-1	-1	-1	-1	95	0	
96	93	171	-1	20	 	 	182.80928	86.922302	27	0	10000	-1	-1	3	0	-1	-1	-1	-1	-1	-1	95	0	
97	94	172	-1	20	 	 	181.103455	86.885818	27	0	10000	-1	-1	3	0	-1	-1	-1	-1	-1	-1	95	0	
98	95	169	-1	20	 	 	176.297623	86.814934	27	0	10000	-1	-1	3	0	-1	-1	-1	-1	-1	-1	95	0	
99	96	167	-1	20	 	 	174.483612	86.940536	27	0	10000	-1	-1	3	0	-1	-1	-1	-1	-1	-1	95	0	
100	97	168	-1	20	 	 	32.047714	86.590172	4	0	10000	-1	-1	3	0	-1	-1	-1	-1	-1	-1	95	0	
101	98	169	-1	20	 	 	27.309814	73.244957	4	0	10000	-1	-1	3	0	-1	-1	-1	-1	-1	-1	95	0	
102	99	170	-1	20	 	 	64.297821	24.682344	24	0	10000	-1	-1	3	0	-1	-1	-1	-1	-1	-1	95	0	
103	100	171	-1	20	 	 	76.216827	28.483624	24	0	10000	-1	-1	3	0	-1	-1	-1	-1	-1	-1	95	0	
104	126	2224	-1	21	黑森林蜘蛛		153.990891	229.105515	0	300640	10000	-1	-1	1	0	-1	-1	-1	-1	-1	-1	95	0	
105	127	2224	-1	21	黑森林蜘蛛		73.471146	181.85733	0	300640	10000	-1	-1	1	0	-1	-1	-1	-1	-1	-1	95	0	
106	128	2224	-1	21	黑森林蜘蛛		72.746315	182.104034	0	300640	10000	-1	-1	1	0	-1	-1	-1	-1	-1	-1	95	0	
107	129	2224	-1	21	黑森林蜘蛛		73.181129	181.804504	0	300640	10000	-1	-1	1	0	-1	-1	-1	-1	-1	-1	95	0	
108	130	2224	-1	21	黑森林蜘蛛		72.906136	182.257736	0	300640	10000	-1	-1	1	0	-1	-1	-1	-1	-1	-1	95	0	
109	131	2224	-1	21	黑森林蜘蛛		72.606262	182.023148	0	300640	10000	-1	-1	1	0	-1	-1	-1	-1	-1	-1	95	0	
110	132	2224	-1	21	黑森林蜘蛛		72.79306	182.820145	0	300640	10000	-1	-1	1	0	-1	-1	-1	-1	-1	-1	95	0	
111	133	2224	-1	21	黑森林蜘蛛		72.833557	182.686279	0	300640	10000	-1	-1	1	0	-1	-1	-1	-1	-1	-1	95	0	
112	134	2224	-1	21	黑森林蜘蛛		72.676132	182.322189	0	300640	10000	-1	-1	1	0	-1	-1	-1	-1	-1	-1	95	0	
113	135	2224	-1	21	黑森林蜘蛛		73.321335	181.428925	0	300640	10000	-1	-1	1	0	-1	-1	-1	-1	-1	-1	95	0	
114	136	2224	-1	21	黑森林蜘蛛		73.154358	181.560242	0	300640	10000	-1	-1	1	0	-1	-1	-1	-1	-1	-1	95	0	
115	137	2224	-1	21	黑森林蜘蛛		72.732857	182.277039	0	300640	10000	-1	-1	1	0	-1	-1	-1	-1	-1	-1	95	0	
116	138	2224	-1	21	黑森林蜘蛛		78.321091	162.055038	0	300640	10000	-1	-1	1	0	-1	-1	-1	-1	-1	-1	95	0	
117	139	2224	-1	21	黑森林蜘蛛		78.727394	162.061584	0	300640	10000	-1	-1	1	0	-1	-1	-1	-1	-1	-1	95	0	
118	140	2224	-1	21	黑森林蜘蛛		78.70858	161.988129	0	300640	10000	-1	-1	1	0	-1	-1	-1	-1	-1	-1	95	0	
119	141	2224	-1	21	黑森林蜘蛛		78.743393	161.617798	0	300640	10000	-1	-1	1	0	-1	-1	-1	-1	-1	-1	95	0	
120	142	2224	-1	21	黑森林蜘蛛		78.927948	161.691055	0	300640	10000	-1	-1	1	0	-1	-1	-1	-1	-1	-1	95	0	
121	143	2224	-1	21	黑森林蜘蛛		78.836037	161.238464	0	300640	10000	-1	-1	1	0	-1	-1	-1	-1	-1	-1	95	0	
122	144	2224	-1	21	黑森林蜘蛛		78.596931	162.065781	0	300640	10000	-1	-1	1	0	-1	-1	-1	-1	-1	-1	95	0	
123	145	2224	-1	21	黑森林蜘蛛		78.61866	161.675461	0	300640	10000	-1	-1	1	0	-1	-1	-1	-1	-1	-1	95	0	
124	146	2224	-1	21	黑森林蜘蛛		78.569244	162.027222	0	300640	10000	-1	-1	1	0	-1	-1	-1	-1	-1	-1	95	0	
125	147	2224	-1	21	黑森林蜘蛛		78.566559	162.007584	0	300640	10000	-1	-1	1	0	-1	-1	-1	-1	-1	-1	95	0	
126	148	2224	-1	21	黑森林蜘蛛		78.39698	161.973282	0	300640	10000	-1	-1	1	0	-1	-1	-1	-1	-1	-1	95	0	
127	149	2224	-1	21	黑森林蜘蛛		95.70105	186.566467	0	300640	10000	-1	-1	1	0	-1	-1	-1	-1	-1	-1	95	0	
128	150	2224	-1	21	黑森林蜘蛛		95.70105	186.566467	0	300640	10000	-1	-1	1	0	-1	-1	-1	-1	-1	-1	95	0	
129	151	2224	-1	21	黑森林蜘蛛		95.70105	186.566467	0	300640	10000	-1	-1	1	0	-1	-1	-1	-1	-1	-1	95	0	
130	152	2224	-1	21	黑森林蜘蛛		95.70105	186.566467	0	300640	10000	-1	-1	1	0	-1	-1	-1	-1	-1	-1	95	0	
131	153	2224	-1	21	黑森林蜘蛛		95.70105	186.566467	0	300640	10000	-1	-1	1	0	-1	-1	-1	-1	-1	-1	95	0	
132	154	2224	-1	21	黑森林蜘蛛		95.70105	186.566467	0	300640	10000	-1	-1	1	0	-1	-1	-1	-1	-1	-1	95	0	
133	155	2224	-1	21	黑森林蜘蛛		95.70105	186.566467	0	300640	10000	-1	-1	1	0	-1	-1	-1	-1	-1	-1	95	0	
134	156	2224	-1	21	黑森林蜘蛛		95.70105	186.566467	0	300640	10000	-1	-1	1	0	-1	-1	-1	-1	-1	-1	95	0	
135	157	2224	-1	21	黑森林蜘蛛		95.70105	186.566467	0	300640	10000	-1	-1	1	0	-1	-1	-1	-1	-1	-1	95	0	
136	158	2224	-1	21	黑森林蜘蛛		95.70105	186.566467	0	300640	10000	-1	-1	1	0	-1	-1	-1	-1	-1	-1	95	0	
137	159	2224	-1	21	黑森林蜘蛛		95.70105	186.566467	0	300640	10000	-1	-1	1	0	-1	-1	-1	-1	-1	-1	95	0	
138	160	2224	-1	21	黑森林蜘蛛		118.032486	213.927567	0	300640	10000	-1	-1	1	0	-1	-1	-1	-1	-1	-1	95	0	
139	161	2224	-1	21	黑森林蜘蛛		117.972191	214.135742	0	300640	10000	-1	-1	1	0	-1	-1	-1	-1	-1	-1	95	0	
140	162	2224	-1	21	黑森林蜘蛛		118.344543	213.450729	0	300640	10000	-1	-1	1	0	-1	-1	-1	-1	-1	-1	95	0	
141	163	2224	-1	21	黑森林蜘蛛		118.344543	213.450729	0	300640	10000	-1	-1	1	0	-1	-1	-1	-1	-1	-1	95	0	
142	164	2224	-1	21	黑森林蜘蛛		118.344543	213.450729	0	300640	10000	-1	-1	1	0	-1	-1	-1	-1	-1	-1	95	0	
143	165	2224	-1	21	黑森林蜘蛛		118.344543	213.450729	0	300640	10000	-1	-1	1	0	-1	-1	-1	-1	-1	-1	95	0	
144	166	2224	-1	21	黑森林蜘蛛		118.344543	213.450729	0	300640	10000	-1	-1	1	0	-1	-1	-1	-1	-1	-1	95	0	
145	167	2224	-1	21	黑森林蜘蛛		118.344543	213.450729	0	300640	10000	-1	-1	1	0	-1	-1	-1	-1	-1	-1	95	0	
146	168	2224	-1	21	黑森林蜘蛛		118.344543	213.450729	0	300640	10000	-1	-1	1	0	-1	-1	-1	-1	-1	-1	95	0	
147	169	2224	-1	21	黑森林蜘蛛		118.344543	213.450729	0	300640	10000	-1	-1	1	0	-1	-1	-1	-1	-1	-1	95	0	
148	170	2224	-1	21	黑森林蜘蛛		118.344543	213.450729	0	300640	10000	-1	-1	1	0	-1	-1	-1	-1	-1	-1	95	0	
149	171	2224	-1	21	黑森林蜘蛛		128.61055	229.850647	0	300640	10000	-1	-1	1	0	-1	-1	-1	-1	-1	-1	95	0	
150	172	2224	-1	21	黑森林蜘蛛		128.709122	229.135101	0	300640	10000	-1	-1	1	0	-1	-1	-1	-1	-1	-1	95	0	
151	173	2224	-1	21	黑森林蜘蛛		128.878998	230.09726	0	300640	10000	-1	-1	1	0	-1	-1	-1	-1	-1	-1	95	0	
152	174	2224	-1	21	黑森林蜘蛛		128.878998	230.09726	0	300640	10000	-1	-1	1	0	-1	-1	-1	-1	-1	-1	95	0	
153	175	2224	-1	21	黑森林蜘蛛		128.878998	230.09726	0	300640	10000	-1	-1	1	0	-1	-1	-1	-1	-1	-1	95	0	
154	176	2224	-1	21	黑森林蜘蛛		128.878998	230.09726	0	300640	10000	-1	-1	1	0	-1	-1	-1	-1	-1	-1	95	0	
155	177	2224	-1	21	黑森林蜘蛛		128.878998	230.09726	0	300640	10000	-1	-1	1	0	-1	-1	-1	-1	-1	-1	95	0	
156	178	2224	-1	21	黑森林蜘蛛		128.878998	230.09726	0	300640	10000	-1	-1	1	0	-1	-1	-1	-1	-1	-1	95	0	
157	179	2224	-1	21	黑森林蜘蛛		128.878998	230.09726	0	300640	10000	-1	-1	1	0	-1	-1	-1	-1	-1	-1	95	0	
158	180	2224	-1	21	黑森林蜘蛛		128.878998	230.09726	0	300640	10000	-1	-1	1	0	-1	-1	-1	-1	-1	-1	95	0	
159	181	2224	-1	21	黑森林蜘蛛		153.44043	228.813065	0	300640	10000	-1	-1	1	0	-1	-1	-1	-1	-1	-1	95	0	
160	182	2224	-1	21	黑森林蜘蛛		153.434265	229.100327	0	300640	10000	-1	-1	1	0	-1	-1	-1	-1	-1	-1	95	0	
161	183	2224	-1	21	黑森林蜘蛛		153.318085	228.767776	0	300640	10000	-1	-1	1	0	-1	-1	-1	-1	-1	-1	95	0	
162	184	2224	-1	21	黑森林蜘蛛		152.763763	228.725754	0	300640	10000	-1	-1	1	0	-1	-1	-1	-1	-1	-1	95	0	
163	185	2224	-1	21	黑森林蜘蛛		224.175827	235.621384	0	300640	10000	-1	-1	1	0	-1	-1	-1	-1	-1	-1	95	0	
164	186	2224	-1	21	黑森林蜘蛛		156.616821	229.10643	0	300640	10000	-1	-1	1	0	-1	-1	-1	-1	-1	-1	95	0	
165	187	2224	-1	21	黑森林蜘蛛		156.616821	229.10643	0	300640	10000	-1	-1	1	0	-1	-1	-1	-1	-1	-1	95	0	
166	188	2224	-1	21	黑森林蜘蛛		156.616821	229.10643	0	300640	10000	-1	-1	1	0	-1	-1	-1	-1	-1	-1	95	0	
167	189	2224	-1	21	黑森林蜘蛛		156.616821	229.10643	0	300640	10000	-1	-1	1	0	-1	-1	-1	-1	-1	-1	95	0	
168	190	2224	-1	21	黑森林蜘蛛		156.616821	229.10643	0	300640	10000	-1	-1	1	0	-1	-1	-1	-1	-1	-1	95	0	
169	191	2224	-1	21	黑森林蜘蛛		156.616821	229.10643	0	300640	10000	-1	-1	1	0	-1	-1	-1	-1	-1	-1	95	0	
170	192	2224	-1	21	黑森林蜘蛛		156.616821	229.10643	0	300640	10000	-1	-1	1	0	-1	-1	-1	-1	-1	-1	95	0	
171	193	2224	-1	21	黑森林蜘蛛		156.616821	229.10643	0	300640	10000	-1	-1	1	0	-1	-1	-1	-1	-1	-1	95	0	
172	194	2224	-1	21	黑森林蜘蛛		156.616821	229.10643	0	300640	10000	-1	-1	1	0	-1	-1	-1	-1	-1	-1	95	0	
173	195	2224	-1	21	黑森林蜘蛛		156.616821	229.10643	0	300640	10000	-1	-1	1	0	-1	-1	-1	-1	-1	-1	95	0	
174	196	2224	-1	21	黑森林蜘蛛		156.27739	229.239166	0	300640	10000	-1	-1	1	0	-1	-1	-1	-1	-1	-1	95	0	
175	197	2224	-1	21	黑森林蜘蛛		184.01741	232.550278	0	300640	10000	-1	-1	1	0	-1	-1	-1	-1	-1	-1	95	0	
176	198	2224	-1	21	黑森林蜘蛛		184.01741	232.550278	0	300640	10000	-1	-1	1	0	-1	-1	-1	-1	-1	-1	95	0	
177	199	2224	-1	21	黑森林蜘蛛		184.01741	232.550278	0	300640	10000	-1	-1	1	0	-1	-1	-1	-1	-1	-1	95	0	
178	200	2224	-1	21	黑森林蜘蛛		184.01741	232.550278	0	300640	10000	-1	-1	1	0	-1	-1	-1	-1	-1	-1	95	0	
179	201	2224	-1	21	黑森林蜘蛛		184.01741	232.550278	0	300640	10000	-1	-1	1	0	-1	-1	-1	-1	-1	-1	95	0	
180	202	2224	-1	21	黑森林蜘蛛		184.01741	232.550278	0	300640	10000	-1	-1	1	0	-1	-1	-1	-1	-1	-1	95	0	
181	203	2224	-1	21	黑森林蜘蛛		184.01741	232.550278	0	300640	10000	-1	-1	1	0	-1	-1	-1	-1	-1	-1	95	0	
182	204	2224	-1	21	黑森林蜘蛛		184.01741	232.550278	0	300640	10000	-1	-1	1	0	-1	-1	-1	-1	-1	-1	95	0	
183	205	2224	-1	21	黑森林蜘蛛		184.01741	232.550278	0	300640	10000	-1	-1	1	0	-1	-1	-1	-1	-1	-1	95	0	
184	206	2224	-1	21	黑森林蜘蛛		184.01741	232.550278	0	300640	10000	-1	-1	1	0	-1	-1	-1	-1	-1	-1	95	0	
185	207	2224	-1	21	黑森林蜘蛛		184.01741	232.550278	0	300640	10000	-1	-1	1	0	-1	-1	-1	-1	-1	-1	95	0	
186	208	2224	-1	21	黑森林蜘蛛		206.745071	232.985779	0	300640	10000	-1	-1	1	0	-1	-1	-1	-1	-1	-1	95	0	
187	209	2224	-1	21	黑森林蜘蛛		206.745071	232.985779	0	300640	10000	-1	-1	1	0	-1	-1	-1	-1	-1	-1	95	0	
188	210	2224	-1	21	黑森林蜘蛛		206.745071	232.985779	0	300640	10000	-1	-1	1	0	-1	-1	-1	-1	-1	-1	95	0	
189	211	2224	-1	21	黑森林蜘蛛		206.745071	232.985779	0	300640	10000	-1	-1	1	0	-1	-1	-1	-1	-1	-1	95	0	
190	212	2224	-1	21	黑森林蜘蛛		206.745071	232.985779	0	300640	10000	-1	-1	1	0	-1	-1	-1	-1	-1	-1	95	0	
191	213	2224	-1	21	黑森林蜘蛛		206.745071	232.985779	0	300640	10000	-1	-1	1	0	-1	-1	-1	-1	-1	-1	95	0	
192	214	2224	-1	21	黑森林蜘蛛		206.745071	232.985779	0	300640	10000	-1	-1	1	0	-1	-1	-1	-1	-1	-1	95	0	
193	215	2224	-1	21	黑森林蜘蛛		206.745071	232.985779	0	300640	10000	-1	-1	1	0	-1	-1	-1	-1	-1	-1	95	0	
194	216	2224	-1	21	黑森林蜘蛛		206.745071	232.985779	0	300640	10000	-1	-1	1	0	-1	-1	-1	-1	-1	-1	95	0	
195	217	2224	-1	21	黑森林蜘蛛		206.745071	232.985779	0	300640	10000	-1	-1	1	0	-1	-1	-1	-1	-1	-1	95	0	
196	218	2224	-1	21	黑森林蜘蛛		206.745071	232.985779	0	300640	10000	-1	-1	1	0	-1	-1	-1	-1	-1	-1	95	0	
197	219	2224	-1	21	黑森林蜘蛛		224.175827	235.621384	0	300640	10000	-1	-1	1	0	-1	-1	-1	-1	-1	-1	95	0	
198	220	2224	-1	21	黑森林蜘蛛		224.175827	235.621384	0	300640	10000	-1	-1	1	0	-1	-1	-1	-1	-1	-1	95	0	
199	221	2224	-1	21	黑森林蜘蛛		224.175827	235.621384	0	300640	10000	-1	-1	1	0	-1	-1	-1	-1	-1	-1	95	0	
200	222	2224	-1	21	黑森林蜘蛛		224.175827	235.621384	0	300640	10000	-1	-1	1	0	-1	-1	-1	-1	-1	-1	95	0	
201	223	2224	-1	21	黑森林蜘蛛		224.175827	235.621384	0	300640	10000	-1	-1	1	0	-1	-1	-1	-1	-1	-1	95	0	
202	224	2224	-1	21	黑森林蜘蛛		224.175827	235.621384	0	300640	10000	-1	-1	1	0	-1	-1	-1	-1	-1	-1	95	0	
203	225	2224	-1	21	黑森林蜘蛛		224.175827	235.621384	0	300640	10000	-1	-1	1	0	-1	-1	-1	-1	-1	-1	95	0	
204	226	2224	-1	21	黑森林蜘蛛		224.175827	235.621384	0	300640	10000	-1	-1	1	0	-1	-1	-1	-1	-1	-1	95	0	
205	227	2224	-1	21	黑森林蜘蛛		224.175827	235.621384	0	300640	10000	-1	-1	1	0	-1	-1	-1	-1	-1	-1	95	0	
206	228	2225	-1	21	日尔曼长尾蝎		53.457066	130.564835	0	300640	10000	-1	-1	1	0	-1	-1	-1	-1	-1	-1	95	0	
207	229	2225	-1	21	日尔曼长尾蝎		28.105663	104.528984	0	300640	10000	-1	-1	1	0	-1	-1	-1	-1	-1	-1	95	0	
208	230	2225	-1	21	日尔曼长尾蝎		28.204941	104.856026	0	300640	10000	-1	-1	1	0	-1	-1	-1	-1	-1	-1	95	0	
209	231	2225	-1	21	日尔曼长尾蝎		28.104542	105.135071	0	300640	10000	-1	-1	1	0	-1	-1	-1	-1	-1	-1	95	0	
210	232	2225	-1	21	日尔曼长尾蝎		28.381338	105.076836	0	300640	10000	-1	-1	1	0	-1	-1	-1	-1	-1	-1	95	0	
211	233	2225	-1	21	日尔曼长尾蝎		28.328848	104.674904	0	300640	10000	-1	-1	1	0	-1	-1	-1	-1	-1	-1	95	0	
212	234	2225	-1	21	日尔曼长尾蝎		28.896484	104.448029	0	300640	10000	-1	-1	1	0	-1	-1	-1	-1	-1	-1	95	0	
213	235	2225	-1	21	日尔曼长尾蝎		28.925449	104.752083	0	300640	10000	-1	-1	1	0	-1	-1	-1	-1	-1	-1	95	0	
214	236	2225	-1	21	日尔曼长尾蝎		29.171543	104.733063	0	300640	10000	-1	-1	1	0	-1	-1	-1	-1	-1	-1	95	0	
215	237	2225	-1	21	日尔曼长尾蝎		28.722363	105.033684	0	300640	10000	-1	-1	1	0	-1	-1	-1	-1	-1	-1	95	0	
216	238	2225	-1	21	日尔曼长尾蝎		28.336699	104.885902	0	300640	10000	-1	-1	1	0	-1	-1	-1	-1	-1	-1	95	0	
217	239	2225	-1	21	日尔曼长尾蝎		28.910351	104.332092	0	300640	10000	-1	-1	1	0	-1	-1	-1	-1	-1	-1	95	0	
218	240	2225	-1	21	日尔曼长尾蝎		26.992579	129.892044	0	300640	10000	-1	-1	1	0	-1	-1	-1	-1	-1	-1	95	0	
219	241	2225	-1	21	日尔曼长尾蝎		26.853779	130.134216	0	300640	10000	-1	-1	1	0	-1	-1	-1	-1	-1	-1	95	0	
220	242	2225	-1	21	日尔曼长尾蝎		26.728954	130.055481	0	300640	10000	-1	-1	1	0	-1	-1	-1	-1	-1	-1	95	0	
221	243	2225	-1	21	日尔曼长尾蝎		26.33082	130.498932	0	300640	10000	-1	-1	1	0	-1	-1	-1	-1	-1	-1	95	0	
222	244	2225	-1	21	日尔曼长尾蝎		27.08169	129.970795	0	300640	10000	-1	-1	1	0	-1	-1	-1	-1	-1	-1	95	0	
223	245	2225	-1	21	日尔曼长尾蝎		27.33543	130.13295	0	300640	10000	-1	-1	1	0	-1	-1	-1	-1	-1	-1	95	0	
224	246	2225	-1	21	日尔曼长尾蝎		26.632559	130.336288	0	300640	10000	-1	-1	1	0	-1	-1	-1	-1	-1	-1	95	0	
225	247	2225	-1	21	日尔曼长尾蝎		27.35503	130.62001	0	300640	10000	-1	-1	1	0	-1	-1	-1	-1	-1	-1	95	0	
226	248	2225	-1	21	日尔曼长尾蝎		26.698965	130.095795	0	300640	10000	-1	-1	1	0	-1	-1	-1	-1	-1	-1	95	0	
227	249	2225	-1	21	日尔曼长尾蝎		27.497286	130.213135	0	300640	10000	-1	-1	1	0	-1	-1	-1	-1	-1	-1	95	0	
228	250	2225	-1	21	日尔曼长尾蝎		27.33543	130.13295	0	300640	10000	-1	-1	1	0	-1	-1	-1	-1	-1	-1	95	0	
229	251	2225	-1	21	日尔曼长尾蝎		27.44083	129.926132	0	300640	10000	-1	-1	1	0	-1	-1	-1	-1	-1	-1	95	0	
230	252	2225	-1	21	日尔曼长尾蝎		53.440556	130.421936	0	300640	10000	-1	-1	1	0	-1	-1	-1	-1	-1	-1	95	0	
231	253	2225	-1	21	日尔曼长尾蝎		53.440556	130.421936	0	300640	10000	-1	-1	1	0	-1	-1	-1	-1	-1	-1	95	0	
232	254	2225	-1	21	日尔曼长尾蝎		53.472523	130.387253	0	300640	10000	-1	-1	1	0	-1	-1	-1	-1	-1	-1	95	0	
233	255	2225	-1	21	日尔曼长尾蝎		53.472523	130.387253	0	300640	10000	-1	-1	1	0	-1	-1	-1	-1	-1	-1	95	0	
234	256	2225	-1	21	日尔曼长尾蝎		53.472523	130.387253	0	300640	10000	-1	-1	1	0	-1	-1	-1	-1	-1	-1	95	0	
235	257	2225	-1	21	日尔曼长尾蝎		53.472523	130.387253	0	300640	10000	-1	-1	1	0	-1	-1	-1	-1	-1	-1	95	0	
236	258	2225	-1	21	日尔曼长尾蝎		53.472523	130.387253	0	300640	10000	-1	-1	1	0	-1	-1	-1	-1	-1	-1	95	0	
237	259	2225	-1	21	日尔曼长尾蝎		53.472523	130.387253	0	300640	10000	-1	-1	1	0	-1	-1	-1	-1	-1	-1	95	0	
238	260	2225	-1	21	日尔曼长尾蝎		53.472523	130.387253	0	300640	10000	-1	-1	1	0	-1	-1	-1	-1	-1	-1	95	0	
239	261	2225	-1	21	日尔曼长尾蝎		53.472523	130.387253	0	300640	10000	-1	-1	1	0	-1	-1	-1	-1	-1	-1	95	0	
240	262	2225	-1	21	日尔曼长尾蝎		53.472523	130.387253	0	300640	10000	-1	-1	1	0	-1	-1	-1	-1	-1	-1	95	0	
241	263	2225	-1	21	日尔曼长尾蝎		94.835602	40.072392	0	300640	10000	-1	-1	1	0	-1	-1	-1	-1	-1	-1	95	0	
242	264	2225	-1	21	日尔曼长尾蝎		125.631378	27.287188	0	300640	10000	-1	-1	1	0	-1	-1	-1	-1	-1	-1	95	0	
243	265	2225	-1	21	日尔曼长尾蝎		94.772659	39.882462	0	300640	10000	-1	-1	1	0	-1	-1	-1	-1	-1	-1	95	0	
244	266	2225	-1	21	日尔曼长尾蝎		95.051872	39.586258	0	300640	10000	-1	-1	1	0	-1	-1	-1	-1	-1	-1	95	0	
245	267	2225	-1	21	日尔曼长尾蝎		95.029694	40.075947	0	300640	10000	-1	-1	1	0	-1	-1	-1	-1	-1	-1	95	0	
246	268	2225	-1	21	日尔曼长尾蝎		94.827019	39.808868	0	300640	10000	-1	-1	1	0	-1	-1	-1	-1	-1	-1	95	0	
247	269	2225	-1	21	日尔曼长尾蝎		94.842186	39.504025	0	300640	10000	-1	-1	1	0	-1	-1	-1	-1	-1	-1	95	0	
248	271	2225	-1	21	日尔曼长尾蝎		104.44194	23.178301	0	300640	10000	-1	-1	1	0	-1	-1	-1	-1	-1	-1	95	0	
249	281	2225	-1	21	日尔曼长尾蝎		125.470139	27.782843	0	300640	10000	-1	-1	1	0	-1	-1	-1	-1	-1	-1	95	0	
250	282	2225	-1	21	日尔曼长尾蝎		125.470139	27.782843	0	300640	10000	-1	-1	1	0	-1	-1	-1	-1	-1	-1	95	0	
251	283	2225	-1	21	日尔曼长尾蝎		125.470139	27.782843	0	300640	10000	-1	-1	1	0	-1	-1	-1	-1	-1	-1	95	0	
252	284	2225	-1	21	日尔曼长尾蝎		125.470139	27.782843	0	300640	10000	-1	-1	1	0	-1	-1	-1	-1	-1	-1	95	0	
253	285	2225	-1	21	日尔曼长尾蝎		125.470139	27.782843	0	300640	10000	-1	-1	1	0	-1	-1	-1	-1	-1	-1	95	0	
254	286	2225	-1	21	日尔曼长尾蝎		125.470139	27.782843	0	300640	10000	-1	-1	1	0	-1	-1	-1	-1	-1	-1	95	0	
255	287	2225	-1	21	日尔曼长尾蝎		125.470139	27.782843	0	300640	10000	-1	-1	1	0	-1	-1	-1	-1	-1	-1	95	0	
256	288	2225	-1	21	日尔曼长尾蝎		125.470139	27.782843	0	300640	10000	-1	-1	1	0	-1	-1	-1	-1	-1	-1	95	0	
257	289	2225	-1	21	日尔曼长尾蝎		125.470139	27.782843	0	300640	10000	-1	-1	1	0	-1	-1	-1	-1	-1	-1	95	0	
258	290	2225	-1	21	日尔曼长尾蝎		125.470139	27.782843	0	300640	10000	-1	-1	1	0	-1	-1	-1	-1	-1	-1	95	0	
259	291	2225	-1	21	日尔曼长尾蝎		94.835602	40.072392	0	300640	10000	-1	-1	1	0	-1	-1	-1	-1	-1	-1	95	0	
260	292	2225	-1	21	日尔曼长尾蝎		94.835602	40.072392	0	300640	10000	-1	-1	1	0	-1	-1	-1	-1	-1	-1	95	0	
261	293	2225	-1	21	日尔曼长尾蝎		94.835602	40.072392	0	300640	10000	-1	-1	1	0	-1	-1	-1	-1	-1	-1	95	0	
262	294	2225	-1	21	日尔曼长尾蝎		94.835602	40.072392	0	300640	10000	-1	-1	1	0	-1	-1	-1	-1	-1	-1	95	0	
263	295	2225	-1	21	日尔曼长尾蝎		104.811432	23.076523	0	300640	10000	-1	-1	1	0	-1	-1	-1	-1	-1	-1	95	0	
264	296	2225	-1	21	日尔曼长尾蝎		104.92131	23.029356	0	300640	10000	-1	-1	1	0	-1	-1	-1	-1	-1	-1	95	0	
265	297	2225	-1	21	日尔曼长尾蝎		104.793419	22.799833	0	300640	10000	-1	-1	1	0	-1	-1	-1	-1	-1	-1	95	0	
266	298	2225	-1	21	日尔曼长尾蝎		104.664078	23.125547	0	300640	10000	-1	-1	1	0	-1	-1	-1	-1	-1	-1	95	0	
267	299	2225	-1	21	日尔曼长尾蝎		104.846275	23.034161	0	300640	10000	-1	-1	1	0	-1	-1	-1	-1	-1	-1	95	0	
268	300	2225	-1	21	日尔曼长尾蝎		105.231079	23.166807	0	300640	10000	-1	-1	1	0	-1	-1	-1	-1	-1	-1	95	0	
269	301	2225	-1	21	日尔曼长尾蝎		104.834007	23.036211	0	300640	10000	-1	-1	1	0	-1	-1	-1	-1	-1	-1	95	0	
270	302	2225	-1	21	日尔曼长尾蝎		104.742599	23.070097	0	300640	10000	-1	-1	1	0	-1	-1	-1	-1	-1	-1	95	0	
271	303	2225	-1	21	日尔曼长尾蝎		104.75914	23.13253	0	300640	10000	-1	-1	1	0	-1	-1	-1	-1	-1	-1	95	0	
272	304	2225	-1	21	日尔曼长尾蝎		104.757095	23.023018	0	300640	10000	-1	-1	1	0	-1	-1	-1	-1	-1	-1	95	0	
273	305	2225	-1	21	日尔曼长尾蝎		125.631378	27.287188	0	300640	10000	-1	-1	1	0	-1	-1	-1	-1	-1	-1	95	0	
274	306	2225	-1	21	日尔曼长尾蝎		125.631378	27.287188	0	300640	10000	-1	-1	1	0	-1	-1	-1	-1	-1	-1	95	0	
275	307	2225	-1	21	日尔曼长尾蝎		104.757889	23.069815	0	300640	10000	-1	-1	1	0	-1	-1	-1	-1	-1	-1	95	0	
276	308	2225	-1	21	日尔曼长尾蝎		104.711922	23.071495	0	300640	10000	-1	-1	1	0	-1	-1	-1	-1	-1	-1	95	0	
277	309	2225	-1	21	日尔曼长尾蝎		28.627851	104.981689	0	300640	10000	-1	-1	1	0	-1	-1	-1	-1	-1	-1	95	0	
278	310	2225	-1	21	日尔曼长尾蝎		28.314941	104.791351	0	300640	10000	-1	-1	1	0	-1	-1	-1	-1	-1	-1	95	0	
279	311	2225	-1	21	日尔曼长尾蝎		29.21003	104.715263	0	300640	10000	-1	-1	1	0	-1	-1	-1	-1	-1	-1	95	0	
280	312	2225	-1	21	日尔曼长尾蝎		29.233116	104.277954	0	300640	10000	-1	-1	1	0	-1	-1	-1	-1	-1	-1	95	0	
281	313	2225	-1	21	日尔曼长尾蝎		53.457066	130.564835	0	300640	10000	-1	-1	1	0	-1	-1	-1	-1	-1	-1	95	0	
282	314	2225	-1	21	日尔曼长尾蝎		53.457066	130.564835	0	300640	10000	-1	-1	1	0	-1	-1	-1	-1	-1	-1	95	0	
283	315	98	-1	20	 	 	147.10881	20.982237	0	0	10000	-1	-1	2	0	-1	-1	-1	-1	-1	-1	95	0	
284	316	98	-1	20	 	 	147.25499	21.591866	0	0	10000	-1	-1	2	0	-1	-1	-1	-1	-1	-1	95	0	
285	317	98	-1	20	 	 	147.165558	21.196671	0	0	10000	-1	-1	2	0	-1	-1	-1	-1	-1	-1	95	0	
286	318	98	-1	20	 	 	147.30098	21.006973	0	0	10000	-1	-1	2	0	-1	-1	-1	-1	-1	-1	95	0	
287	319	2224	-1	21	黑森林蜘蛛		128.61055	229.850647	0	300640	10000	-1	-1	1	0	-1	-1	-1	-1	-1	-1	95	0	
288	320	2224	-1	21	黑森林蜘蛛		128.61055	229.850647	0	300640	10000	-1	-1	1	0	-1	-1	-1	-1	-1	-1	95	0	
289	321	2224	-1	21	黑森林蜘蛛		128.61055	229.850647	0	300640	10000	-1	-1	1	0	-1	-1	-1	-1	-1	-1	95	0	
290	322	2224	-1	21	黑森林蜘蛛		128.61055	229.850647	0	300640	10000	-1	-1	1	0	-1	-1	-1	-1	-1	-1	95	0	
291	323	2224	-1	21	黑森林蜘蛛		128.61055	229.850647	0	300640	10000	-1	-1	1	0	-1	-1	-1	-1	-1	-1	95	0	
292	324	2224	-1	21	黑森林蜘蛛		128.61055	229.850647	0	300640	10000	-1	-1	1	0	-1	-1	-1	-1	-1	-1	95	0	
293	325	2224	-1	21	黑森林蜘蛛		95.70105	186.566467	0	300640	10000	-1	-1	1	0	-1	-1	-1	-1	-1	-1	95	0	
294	326	2224	-1	21	黑森林蜘蛛		95.70105	186.566467	0	300640	10000	-1	-1	1	0	-1	-1	-1	-1	-1	-1	95	0	
295	327	2224	-1	21	黑森林蜘蛛		95.70105	186.566467	0	300640	10000	-1	-1	1	0	-1	-1	-1	-1	-1	-1	95	0	
296	328	2224	-1	21	黑森林蜘蛛		95.70105	186.566467	0	300640	10000	-1	-1	1	0	-1	-1	-1	-1	-1	-1	95	0	
297	1505230	1378	400506	20	莱茵骑士		146.211975	134.266998	9	0	10000	-1	-1	3	0	-1	-1	-1	-1	-1	-1	95	0	
298	1505231	1378	400507	20	莱茵骑士		139.8797	136.907974	9	0	10000	-1	-1	3	0	-1	-1	-1	-1	-1	-1	95	0	
299	1505232	1378	400505	20	莱茵骑士		133.9785	136.945084	9	0	10000	-1	-1	3	0	-1	-1	-1	-1	-1	-1	95	0	
300	1505233	1379	400508	20	波西米亚骑士		127.884842	122.335609	27	0	10000	-1	-1	3	0	-1	-1	-1	-1	-1	-1	95	0	
301	1505234	1379	400509	20	波西米亚骑士		134.132019	118.016281	27	0	10000	-1	-1	3	0	-1	-1	-1	-1	-1	-1	95	0	
302	1505235	1379	400510	20	波西米亚骑士		139.728683	117.674301	27	0	10000	-1	-1	3	0	-1	-1	-1	-1	-1	-1	95	0	
303	7336799	4295	101695	-1	组队指引人		204	39	9	-1	1000	-1	-1	3	0	-1	-1	-1	-1	-1	-1	100	0	
