NUM	NUM	NUM	NUM	NUM	TEXT	TEXT	FLOAT	FLOAT	NUM	NUM	NUM	NUM	NUM	NUM	NUM	NUM	NUM	NUM	NUM	NUM	NUM	NUM	NUM
编号	随机编号	attr编号	逻辑表编号	阵营编号	名称	称号	x轴坐标	z轴坐标	朝向	脚本编号	重生时间	分组编号	队伍编号	基础AI	AI文件	巡逻路径	商店0	商店1	商店2	商店3	名誉ID	等级	镜像组
0	15052370	2298	101215	-1	阿尔金山	领地传送人	96	138	5	-1	1000	-1	-1	3	0	-1	-1	-1	-1	-1	-1	100	0	
1	15053839	9803	-1	21	萨拉不花	恒河之王爪牙	107.666	216.095001	9	300619	10000	-1	-1	1	0	-1	-1	-1	-1	-1	-1	60	0	
2	15053803	836	400276	20	回鹘勇士		232.216187	165.889877	19	0	10000	-1	-1	3	0	-1	-1	-1	-1	-1	-1	60	0	
3	15053804	836	400277	20	回鹘勇士		29.390039	117.472183	0	0	10000	-1	-1	3	0	-1	-1	-1	-1	-1	-1	60	0	
4	15053854	836	400276	20	回鹘勇士		30.429882	109.930237	0	0	10000	-1	-1	3	0	-1	-1	-1	-1	-1	-1	60	0	
5	15053805	836	400277	20	回鹘勇士		231.632553	161.363541	19	0	10000	-1	-1	3	0	-1	-1	-1	-1	-1	-1	60	0	
6	15053734	836	400276	20	回鹘勇士		174.48996	149.726257	27	0	10000	-1	-1	3	0	-1	-1	-1	-1	-1	-1	60	0	
7	15053738	836	400277	20	回鹘勇士		190.464661	113.133682	27	0	10000	-1	-1	3	0	-1	-1	-1	-1	-1	-1	60	0	
8	15053739	836	400276	20	回鹘勇士		181.484024	116.622757	27	0	10000	-1	-1	3	0	-1	-1	-1	-1	-1	-1	60	0	
9	15053740	836	400277	20	回鹘勇士		182.689865	163.731934	27	0	10000	-1	-1	3	0	-1	-1	-1	-1	-1	-1	60	0	
10	15053741	836	400276	20	回鹘勇士		174.329956	138.611176	27	0	10000	-1	-1	3	0	-1	-1	-1	-1	-1	-1	60	0	
11	15053742	836	400277	20	回鹘勇士		173.990509	163.504349	27	0	10000	-1	-1	3	0	-1	-1	-1	-1	-1	-1	60	0	
12	15053743	836	400276	20	回鹘勇士		176.511032	116.66687	27	0	10000	-1	-1	3	0	-1	-1	-1	-1	-1	-1	60	0	
13	15053744	836	400277	20	回鹘勇士		203.727448	92.973099	9	0	10000	-1	-1	3	0	-1	-1	-1	-1	-1	-1	60	0	
14	15053745	836	400276	20	回鹘勇士		196.125275	113.322098	27	0	10000	-1	-1	3	0	-1	-1	-1	-1	-1	-1	60	0	
15	15053746	836	400277	20	回鹘勇士		204.193207	108.167831	27	0	10000	-1	-1	3	0	-1	-1	-1	-1	-1	-1	60	0	
16	15053747	836	400276	20	回鹘勇士		214.922775	108.313141	27	0	10000	-1	-1	3	0	-1	-1	-1	-1	-1	-1	60	0	
17	15053748	836	400277	20	回鹘勇士		215.174438	93.876892	9	0	10000	-1	-1	3	0	-1	-1	-1	-1	-1	-1	60	0	
18	15053749	836	400276	20	回鹘勇士		182.383514	138.670425	27	0	10000	-1	-1	3	0	-1	-1	-1	-1	-1	-1	60	0	
19	15053750	836	400277	20	回鹘勇士		182.586304	149.543121	27	0	10000	-1	-1	3	0	-1	-1	-1	-1	-1	-1	60	0	
20	15053750	836	400287	20	回鹘勇士队长		223	160	27	0	10000	-1	-1	3	0	-1	-1	-1	-1	-1	-1	60	0	
21	15053750	836	400288	20	回鹘勇士队长		35	120	9	0	10000	-1	-1	3	0	-1	-1	-1	-1	-1	-1	60	0	
22	15053751	57	400272	20	阿拉坦	回鹘长老	179.014008	118.550003	27	0	10000	-1	-1	3	0	-1	-1	-1	-1	-1	-1	60	0	
23	15053757	38	400279	20	买买提		189.588104	129.103424	18	0	10000	-1	-1	3	0	-1	-1	-1	-1	-1	-1	60	0	
24	15053759	72	400280	20	买买提之妻		189.652695	131.576736	18	0	10000	-1	-1	3	0	-1	-1	-1	-1	-1	-1	60	0	
25	15053760	81	400281	20	商人巴依尔		207.01062	121.613266	12	0	10000	-1	-1	3	0	-1	-1	-1	-1	-1	-1	60	0	
26	15053761	71	400282	20	少女伊嫣古丽		168.755173	119.747116	0	0	10000	-1	-1	3	0	-1	-1	-1	-1	-1	-1	60	0	
27	15053762	39	400283	20	克里木		170.692307	131.735535	0	0	10000	-1	-1	3	0	-1	-1	-1	-1	-1	-1	60	0	
28	15053764	5808	-1	20	 		207.166275	119.812195	12	0	10000	-1	-1	3	0	-1	-1	-1	-1	-1	-1	60	0	
29	15053769	1375	400274	20	党项勇士		221.863434	34.916016	24	0	10000	-1	-1	3	0	-1	-1	-1	-1	-1	-1	60	0	
30	15053770	1376	400270	20	岱森达	党项长老	219.446655	35.000221	24	0	10000	-1	-1	3	0	-1	-1	-1	-1	-1	-1	60	0	
31	15053773	1375	400274	20	党项勇士		210.589996	34.484016	20	0	10000	-1	-1	3	0	-1	-1	-1	-1	-1	-1	60	0	
32	15053791	1375	400275	20	党项勇士		218.570541	32.347557	24	0	10000	-1	-1	3	0	-1	-1	-1	-1	-1	-1	60	0	
33	15053775	73	400271	20	麦拉斯		221.883698	39.277634	18	0	10000	-1	-1	3	0	-1	-1	-1	-1	-1	-1	60	0	
34	15053779	74	400278	20	公主侍女		194.396606	114.812195	27	0	10000	-1	-1	3	0	-1	-1	-1	-1	-1	-1	60	0	
35	15053780	70	400273	20	诺敏	回鹘公主	193.443085	115.638046	27	0	10000	-1	-1	3	0	-1	-1	-1	-1	-1	-1	60	0	
36	15053792	98	-1	20	 		219.835083	42.712151	0	0	10000	-1	-1	3	0	-1	-1	-1	-1	-1	-1	60	0	
37	15053793	98	-1	20	 		220.807632	42.965645	0	0	10000	-1	-1	1	0	-1	-1	-1	-1	-1	-1	60	0	
38	15053794	98	-1	20	 		220.326401	44.506165	0	0	10000	-1	-1	1	0	-1	-1	-1	-1	-1	-1	60	0	
39	15053795	98	-1	20	 		220.211639	43.61425	0	0	10000	-1	-1	3	0	-1	-1	-1	-1	-1	-1	60	0	
40	15053796	98	-1	20	 		221.186218	43.787766	0	0	10000	-1	-1	3	0	-1	-1	-1	-1	-1	-1	60	0	
41	15053800	1840	-1	20	 		208.187317	36.428116	20	0	10000	-1	-1	3	0	-1	-1	-1	-1	-1	-1	60	0	
42	15053837	39	400284	20	牧羊人阿木尔		50.822952	224.658295	6	0	10000	-1	-1	3	0	-1	-1	-1	-1	-1	-1	60	0	
43	15053841	166	-1	20	 		40	224	0	0	10000	-1	-1	2	0	-1	-1	-1	-1	-1	-1	60	0	
44	15053842	304	-1	20	 		40	223	0	0	10000	-1	-1	2	0	-1	-1	-1	-1	-1	-1	60	0	
45	15053843	363	-1	20	 		41	224	0	0	10000	-1	-1	2	0	-1	-1	-1	-1	-1	-1	60	0	
46	15053844	255	-1	20	 		41	223	0	0	10000	-1	-1	2	0	-1	-1	-1	-1	-1	-1	60	0	
47	15053845	55	400285	20	村长霍都巴依		36.221794	31.265049	32	0	10000	-1	-1	3	0	-1	-1	-1	-1	-1	-1	60	0	
48	15053851	37	400286	20	村民江格尔		26.591541	41.290863	0	0	10000	-1	-1	3	0	-1	-1	-1	-1	-1	-1	60	0	
49	15053852	861	-1	20	 		24.774269	49.317337	8	0	10000	-1	-1	3	0	-1	-1	-1	-1	-1	-1	75	0	
50	15053853	5808	-1	20	 		40.051407	31.794189	0	0	10000	-1	-1	3	0	-1	-1	-1	-1	-1	-1	10	0	
51	15053719	9764	-1	21	山妖		215.940475	221.627075	0	300640	10000	-1	-1	1	0	-1	-1	-1	-1	-1	-1	60	0	
52	15053719	9764	-1	21	山妖		191.272446	210.574432	0	300640	10000	-1	-1	1	0	-1	-1	-1	-1	-1	-1	60	0	
53	15053719	9764	-1	21	山妖		191.346283	210.830933	0	300640	10000	-1	-1	1	0	-1	-1	-1	-1	-1	-1	60	0	
54	15053719	9764	-1	21	山妖		191.23703	210.682129	0	300640	10000	-1	-1	1	0	-1	-1	-1	-1	-1	-1	60	0	
55	15053719	9764	-1	21	山妖		191.127182	210.948654	0	300640	10000	-1	-1	1	0	-1	-1	-1	-1	-1	-1	60	0	
56	15053719	9764	-1	21	山妖		191.254822	210.837479	0	300640	10000	-1	-1	1	0	-1	-1	-1	-1	-1	-1	60	0	
57	15053719	9764	-1	21	山妖		191.744553	210.651062	0	300640	10000	-1	-1	1	0	-1	-1	-1	-1	-1	-1	60	0	
58	15053719	9764	-1	21	山妖		191.19722	210.314453	0	300640	10000	-1	-1	1	0	-1	-1	-1	-1	-1	-1	60	0	
59	15053719	9764	-1	21	山妖		191.473434	210.719635	0	300640	10000	-1	-1	1	0	-1	-1	-1	-1	-1	-1	60	0	
60	15053719	9764	-1	21	山妖		191.479416	210.770096	0	300640	10000	-1	-1	1	0	-1	-1	-1	-1	-1	-1	60	0	
61	15053720	9764	-1	21	山妖		160.28418	200.504333	0	300640	10000	-1	-1	1	0	-1	-1	-1	-1	-1	-1	60	0	
62	15053720	9764	-1	21	山妖		160.28418	200.504333	0	300640	10000	-1	-1	1	0	-1	-1	-1	-1	-1	-1	60	0	
63	15053720	9764	-1	21	山妖		160.28418	200.504333	0	300640	10000	-1	-1	1	0	-1	-1	-1	-1	-1	-1	60	0	
64	15053720	9764	-1	21	山妖		160.28418	200.504333	0	300640	10000	-1	-1	1	0	-1	-1	-1	-1	-1	-1	60	0	
65	15053720	9764	-1	21	山妖		160.28418	200.504333	0	300640	10000	-1	-1	1	0	-1	-1	-1	-1	-1	-1	60	0	
66	15053720	9764	-1	21	山妖		160.28418	200.504333	0	300640	10000	-1	-1	1	0	-1	-1	-1	-1	-1	-1	60	0	
67	15053720	9764	-1	21	山妖		160.28418	200.504333	0	300640	10000	-1	-1	1	0	-1	-1	-1	-1	-1	-1	60	0	
68	15053720	9764	-1	21	山妖		160.28418	200.504333	0	300640	10000	-1	-1	1	0	-1	-1	-1	-1	-1	-1	60	0	
69	15053720	9764	-1	21	山妖		160.28418	200.504333	0	300640	10000	-1	-1	1	0	-1	-1	-1	-1	-1	-1	60	0	
70	15053720	9764	-1	21	山妖		160.28418	200.504333	0	300640	10000	-1	-1	1	0	-1	-1	-1	-1	-1	-1	60	0	
71	15053721	9764	-1	21	山妖		161.655823	223.965836	0	300640	10000	-1	-1	1	0	-1	-1	-1	-1	-1	-1	60	0	
72	15053721	9764	-1	21	山妖		161.655823	223.965836	0	300640	10000	-1	-1	1	0	-1	-1	-1	-1	-1	-1	60	0	
73	15053721	9764	-1	21	山妖		161.655823	223.965836	0	300640	10000	-1	-1	1	0	-1	-1	-1	-1	-1	-1	60	0	
74	15053721	9764	-1	21	山妖		161.655823	223.965836	0	300640	10000	-1	-1	1	0	-1	-1	-1	-1	-1	-1	60	0	
75	15053721	9764	-1	21	山妖		161.655823	223.965836	0	300640	10000	-1	-1	1	0	-1	-1	-1	-1	-1	-1	60	0	
76	15053721	9764	-1	21	山妖		161.655823	223.965836	0	300640	10000	-1	-1	1	0	-1	-1	-1	-1	-1	-1	60	0	
77	15053721	9764	-1	21	山妖		161.655823	223.965836	0	300640	10000	-1	-1	1	0	-1	-1	-1	-1	-1	-1	60	0	
78	15053721	9764	-1	21	山妖		161.655823	223.965836	0	300640	10000	-1	-1	1	0	-1	-1	-1	-1	-1	-1	60	0	
79	15053721	9764	-1	21	山妖		161.655823	223.965836	0	300640	10000	-1	-1	1	0	-1	-1	-1	-1	-1	-1	60	0	
80	15053721	9764	-1	21	山妖		161.655823	223.965836	0	300640	10000	-1	-1	1	0	-1	-1	-1	-1	-1	-1	60	0	
81	15053722	9764	-1	21	山妖		137.529007	200.798752	0	300640	10000	-1	-1	1	0	-1	-1	-1	-1	-1	-1	60	0	
82	15053722	9764	-1	21	山妖		137.466537	200.200745	0	300640	10000	-1	-1	1	0	-1	-1	-1	-1	-1	-1	60	0	
83	15053722	9764	-1	21	山妖		137.945267	200.488022	0	300640	10000	-1	-1	1	0	-1	-1	-1	-1	-1	-1	60	0	
84	15053722	9764	-1	21	山妖		137.290237	200.745239	0	300640	10000	-1	-1	1	0	-1	-1	-1	-1	-1	-1	60	0	
85	15053722	9764	-1	21	山妖		138.004959	200.487045	0	300640	10000	-1	-1	1	0	-1	-1	-1	-1	-1	-1	60	0	
86	15053722	9764	-1	21	山妖		137.706268	200.434372	0	300640	10000	-1	-1	1	0	-1	-1	-1	-1	-1	-1	60	0	
87	15053722	9764	-1	21	山妖		137.527817	200.559372	0	300640	10000	-1	-1	1	0	-1	-1	-1	-1	-1	-1	60	0	
88	15053722	9764	-1	21	山妖		137.525604	199.957169	0	300640	10000	-1	-1	1	0	-1	-1	-1	-1	-1	-1	60	0	
89	15053722	9764	-1	21	山妖		137.406174	199.900192	0	300640	10000	-1	-1	1	0	-1	-1	-1	-1	-1	-1	60	0	
90	15053722	9764	-1	21	山妖		137.526062	200.138535	0	300640	10000	-1	-1	1	0	-1	-1	-1	-1	-1	-1	60	0	
91	15053723	9764	-1	21	山妖		122.311371	207.338074	0	300640	10000	-1	-1	1	0	-1	-1	-1	-1	-1	-1	60	0	
92	15053723	9764	-1	21	山妖		122.248505	207.281158	0	300640	10000	-1	-1	1	0	-1	-1	-1	-1	-1	-1	60	0	
93	15053723	9764	-1	21	山妖		122.433853	207.274643	0	300640	10000	-1	-1	1	0	-1	-1	-1	-1	-1	-1	60	0	
94	15053723	9764	-1	21	山妖		122.808792	207.557144	0	300640	10000	-1	-1	1	0	-1	-1	-1	-1	-1	-1	60	0	
95	15053723	9764	-1	21	山妖		123.302841	207.775452	0	300640	10000	-1	-1	1	0	-1	-1	-1	-1	-1	-1	60	0	
96	15053723	9764	-1	21	山妖		122.492477	207.033051	0	300640	10000	-1	-1	1	0	-1	-1	-1	-1	-1	-1	60	0	
97	15053723	9764	-1	21	山妖		122.432312	207.155182	0	300640	10000	-1	-1	1	0	-1	-1	-1	-1	-1	-1	60	0	
98	15053723	9764	-1	21	山妖		122.308182	207.099884	0	300640	10000	-1	-1	1	0	-1	-1	-1	-1	-1	-1	60	0	
99	15053723	9764	-1	21	山妖		122.990982	207.370743	0	300640	10000	-1	-1	1	0	-1	-1	-1	-1	-1	-1	60	0	
100	15053723	9764	-1	21	山妖		122.995667	207.667786	0	300640	10000	-1	-1	1	0	-1	-1	-1	-1	-1	-1	60	0	
101	15053724	9764	-1	21	山妖		71.276154	192.298813	0	300640	10000	-1	-1	1	0	-1	-1	-1	-1	-1	-1	60	0	
102	15053724	9764	-1	21	山妖		71.337479	192.648834	0	300640	10000	-1	-1	1	0	-1	-1	-1	-1	-1	-1	60	0	
103	15053724	9764	-1	21	山妖		71.27375	192.475708	0	300640	10000	-1	-1	1	0	-1	-1	-1	-1	-1	-1	60	0	
104	15053724	9764	-1	21	山妖		70.932678	192.919373	0	300640	10000	-1	-1	1	0	-1	-1	-1	-1	-1	-1	60	0	
105	15053724	9764	-1	21	山妖		71.274277	192.417847	0	300640	10000	-1	-1	1	0	-1	-1	-1	-1	-1	-1	60	0	
106	15053724	9764	-1	21	山妖		71.130829	193.140335	0	300640	10000	-1	-1	1	0	-1	-1	-1	-1	-1	-1	60	0	
107	15053724	9764	-1	21	山妖		71.147102	192.01416	0	300640	10000	-1	-1	1	0	-1	-1	-1	-1	-1	-1	60	0	
108	15053724	9764	-1	21	山妖		71.475792	192.223648	0	300640	10000	-1	-1	1	0	-1	-1	-1	-1	-1	-1	60	0	
109	15053724	9764	-1	21	山妖		71.139832	192.486908	0	300640	10000	-1	-1	1	0	-1	-1	-1	-1	-1	-1	60	0	
110	15053724	9764	-1	21	山妖		71.206261	192.540878	0	300640	10000	-1	-1	1	0	-1	-1	-1	-1	-1	-1	60	0	
111	15053725	9764	-1	21	山妖		80.577835	222.8918	0	300640	10000	-1	-1	1	0	-1	-1	-1	-1	-1	-1	60	0	
112	15053725	9764	-1	21	山妖		80.577835	222.8918	0	300640	10000	-1	-1	1	0	-1	-1	-1	-1	-1	-1	60	0	
113	15053725	9764	-1	21	山妖		80.577835	222.8918	0	300640	10000	-1	-1	1	0	-1	-1	-1	-1	-1	-1	60	0	
114	15053725	9764	-1	21	山妖		80.577835	222.8918	0	300640	10000	-1	-1	1	0	-1	-1	-1	-1	-1	-1	60	0	
115	15053725	9764	-1	21	山妖		80.577835	222.8918	0	300640	10000	-1	-1	1	0	-1	-1	-1	-1	-1	-1	60	0	
116	15053725	9764	-1	21	山妖		80.577835	222.8918	0	300640	10000	-1	-1	1	0	-1	-1	-1	-1	-1	-1	60	0	
117	15053725	9764	-1	21	山妖		80.577835	222.8918	0	300640	10000	-1	-1	1	0	-1	-1	-1	-1	-1	-1	60	0	
118	15053725	9764	-1	21	山妖		80.577835	222.8918	0	300640	10000	-1	-1	1	0	-1	-1	-1	-1	-1	-1	60	0	
119	15053725	9764	-1	21	山妖		80.577835	222.8918	0	300640	10000	-1	-1	1	0	-1	-1	-1	-1	-1	-1	60	0	
120	15053725	9764	-1	21	山妖		80.577835	222.8918	0	300640	10000	-1	-1	1	0	-1	-1	-1	-1	-1	-1	60	0	
121	15053726	9764	-1	21	山妖		34.787506	191.890564	0	300640	10000	-1	-1	1	0	-1	-1	-1	-1	-1	-1	60	0	
122	15053726	9764	-1	21	山妖		34.787506	191.890564	0	300640	10000	-1	-1	1	0	-1	-1	-1	-1	-1	-1	60	0	
123	15053726	9764	-1	21	山妖		34.787506	191.890564	0	300640	10000	-1	-1	1	0	-1	-1	-1	-1	-1	-1	60	0	
124	15053726	9764	-1	21	山妖		34.787506	191.890564	0	300640	10000	-1	-1	1	0	-1	-1	-1	-1	-1	-1	60	0	
125	15053726	9764	-1	21	山妖		34.787506	191.890564	0	300640	10000	-1	-1	1	0	-1	-1	-1	-1	-1	-1	60	0	
126	15053726	9764	-1	21	山妖		34.787506	191.890564	0	300640	10000	-1	-1	1	0	-1	-1	-1	-1	-1	-1	60	0	
127	15053726	9764	-1	21	山妖		34.787506	191.890564	0	300640	10000	-1	-1	1	0	-1	-1	-1	-1	-1	-1	60	0	
128	15053726	9764	-1	21	山妖		34.787506	191.890564	0	300640	10000	-1	-1	1	0	-1	-1	-1	-1	-1	-1	60	0	
129	15053726	9764	-1	21	山妖		34.787506	191.890564	0	300640	10000	-1	-1	1	0	-1	-1	-1	-1	-1	-1	60	0	
130	15053726	9764	-1	21	山妖		34.787506	191.890564	0	300640	10000	-1	-1	1	0	-1	-1	-1	-1	-1	-1	60	0	
131	15053727	9764	-1	21	山妖		184.856384	226.288361	0	300640	10000	-1	-1	1	0	-1	-1	-1	-1	-1	-1	60	0	
132	15053727	9764	-1	21	山妖		184.856384	226.288361	0	300640	10000	-1	-1	1	0	-1	-1	-1	-1	-1	-1	60	0	
133	15053727	9764	-1	21	山妖		184.856384	226.288361	0	300640	10000	-1	-1	1	0	-1	-1	-1	-1	-1	-1	60	0	
134	15053727	9764	-1	21	山妖		184.856384	226.288361	0	300640	10000	-1	-1	1	0	-1	-1	-1	-1	-1	-1	60	0	
135	15053727	9764	-1	21	山妖		184.856384	226.288361	0	300640	10000	-1	-1	1	0	-1	-1	-1	-1	-1	-1	60	0	
136	15053727	9764	-1	21	山妖		184.856384	226.288361	0	300640	10000	-1	-1	1	0	-1	-1	-1	-1	-1	-1	60	0	
137	15053727	9764	-1	21	山妖		184.856384	226.288361	0	300640	10000	-1	-1	1	0	-1	-1	-1	-1	-1	-1	60	0	
138	15053727	9764	-1	21	山妖		184.856384	226.288361	0	300640	10000	-1	-1	1	0	-1	-1	-1	-1	-1	-1	60	0	
139	15053727	9764	-1	21	山妖		184.856384	226.288361	0	300640	10000	-1	-1	1	0	-1	-1	-1	-1	-1	-1	60	0	
140	15053727	9764	-1	21	山妖		184.856384	226.288361	0	300640	10000	-1	-1	1	0	-1	-1	-1	-1	-1	-1	60	0	
141	15053728	9764	-1	21	山妖		35.545143	169.773376	0	300640	10000	-1	-1	1	0	-1	-1	-1	-1	-1	-1	60	0	
142	15053728	9764	-1	21	山妖		35.60006	170.125061	0	300640	10000	-1	-1	1	0	-1	-1	-1	-1	-1	-1	60	0	
143	15053728	9764	-1	21	山妖		35.563789	170.179565	0	300640	10000	-1	-1	1	0	-1	-1	-1	-1	-1	-1	60	0	
144	15053728	9764	-1	21	山妖		35.583405	169.719452	0	300640	10000	-1	-1	1	0	-1	-1	-1	-1	-1	-1	60	0	
145	15053728	9764	-1	21	山妖		35.375549	169.737915	0	300640	10000	-1	-1	1	0	-1	-1	-1	-1	-1	-1	60	0	
146	15053728	9764	-1	21	山妖		35.739784	170.061523	0	300640	10000	-1	-1	1	0	-1	-1	-1	-1	-1	-1	60	0	
147	15053728	9764	-1	21	山妖		35.479515	169.72818	0	300640	10000	-1	-1	1	0	-1	-1	-1	-1	-1	-1	60	0	
148	15053728	9764	-1	21	山妖		35.956474	170.442505	0	300640	10000	-1	-1	1	0	-1	-1	-1	-1	-1	-1	60	0	
149	15053728	9764	-1	21	山妖		35.874626	170.70166	0	300640	10000	-1	-1	1	0	-1	-1	-1	-1	-1	-1	60	0	
150	15053728	9764	-1	21	山妖		35.836594	170.20517	0	300640	10000	-1	-1	1	0	-1	-1	-1	-1	-1	-1	60	0	
151	15053729	9764	-1	21	山妖		92.116585	207.260269	0	300640	10000	-1	-1	1	0	-1	-1	-1	-1	-1	-1	60	0	
152	15053729	9764	-1	21	山妖		92.116585	207.260269	0	300640	10000	-1	-1	1	0	-1	-1	-1	-1	-1	-1	60	0	
153	15053729	9764	-1	21	山妖		92.116585	207.260269	0	300640	10000	-1	-1	1	0	-1	-1	-1	-1	-1	-1	60	0	
154	15053729	9764	-1	21	山妖		92.116585	207.260269	0	300640	10000	-1	-1	1	0	-1	-1	-1	-1	-1	-1	60	0	
155	15053729	9764	-1	21	山妖		92.116585	207.260269	0	300640	10000	-1	-1	1	0	-1	-1	-1	-1	-1	-1	60	0	
156	15053729	9764	-1	21	山妖		92.116585	207.260269	0	300640	10000	-1	-1	1	0	-1	-1	-1	-1	-1	-1	60	0	
157	15053729	9764	-1	21	山妖		92.116585	207.260269	0	300640	10000	-1	-1	1	0	-1	-1	-1	-1	-1	-1	60	0	
158	15053729	9764	-1	21	山妖		92.116585	207.260269	0	300640	10000	-1	-1	1	0	-1	-1	-1	-1	-1	-1	60	0	
159	15053729	9764	-1	21	山妖		92.116585	207.260269	0	300640	10000	-1	-1	1	0	-1	-1	-1	-1	-1	-1	60	0	
160	15053729	9764	-1	21	山妖		92.116585	207.260269	0	300640	10000	-1	-1	1	0	-1	-1	-1	-1	-1	-1	60	0	
161	15053730	9764	-1	21	山妖		117.868423	189.003418	0	300640	10000	-1	-1	1	0	-1	-1	-1	-1	-1	-1	60	0	
162	15053730	9764	-1	21	山妖		117.868423	189.003418	0	300640	10000	-1	-1	1	0	-1	-1	-1	-1	-1	-1	60	0	
163	15053730	9764	-1	21	山妖		117.868423	189.003418	0	300640	10000	-1	-1	1	0	-1	-1	-1	-1	-1	-1	60	0	
164	15053730	9764	-1	21	山妖		117.868423	189.003418	0	300640	10000	-1	-1	1	0	-1	-1	-1	-1	-1	-1	60	0	
165	15053730	9764	-1	21	山妖		117.868423	189.003418	0	300640	10000	-1	-1	1	0	-1	-1	-1	-1	-1	-1	60	0	
166	15053730	9764	-1	21	山妖		117.868423	189.003418	0	300640	10000	-1	-1	1	0	-1	-1	-1	-1	-1	-1	60	0	
167	15053730	9764	-1	21	山妖		117.868423	189.003418	0	300640	10000	-1	-1	1	0	-1	-1	-1	-1	-1	-1	60	0	
168	15053730	9764	-1	21	山妖		117.868423	189.003418	0	300640	10000	-1	-1	1	0	-1	-1	-1	-1	-1	-1	60	0	
169	15053730	9764	-1	21	山妖		117.868423	189.003418	0	300640	10000	-1	-1	1	0	-1	-1	-1	-1	-1	-1	60	0	
170	15053730	9764	-1	21	山妖		117.868423	189.003418	0	300640	10000	-1	-1	1	0	-1	-1	-1	-1	-1	-1	60	0	
171	15053731	9764	-1	21	山妖		95.269638	172.374161	0	300640	10000	-1	-1	1	0	-1	-1	-1	-1	-1	-1	60	0	
172	15053731	9764	-1	21	山妖		95.269638	172.374161	0	300640	10000	-1	-1	1	0	-1	-1	-1	-1	-1	-1	60	0	
173	15053731	9764	-1	21	山妖		95.269638	172.374161	0	300640	10000	-1	-1	1	0	-1	-1	-1	-1	-1	-1	60	0	
174	15053731	9764	-1	21	山妖		95.269638	172.374161	0	300640	10000	-1	-1	1	0	-1	-1	-1	-1	-1	-1	60	0	
175	15053731	9764	-1	21	山妖		95.269638	172.374161	0	300640	10000	-1	-1	1	0	-1	-1	-1	-1	-1	-1	60	0	
176	15053731	9764	-1	21	山妖		95.269638	172.374161	0	300640	10000	-1	-1	1	0	-1	-1	-1	-1	-1	-1	60	0	
177	15053731	9764	-1	21	山妖		95.269638	172.374161	0	300640	10000	-1	-1	1	0	-1	-1	-1	-1	-1	-1	60	0	
178	15053731	9764	-1	21	山妖		95.269638	172.374161	0	300640	10000	-1	-1	1	0	-1	-1	-1	-1	-1	-1	60	0	
179	15053731	9764	-1	21	山妖		95.269638	172.374161	0	300640	10000	-1	-1	1	0	-1	-1	-1	-1	-1	-1	60	0	
180	15053731	9764	-1	21	山妖		95.269638	172.374161	0	300640	10000	-1	-1	1	0	-1	-1	-1	-1	-1	-1	60	0	
181	15053699	9516	-1	21	阿尔金猛虎		123.147171	30.994442	0	300640	10000	-1	-1	1	0	-1	-1	-1	-1	-1	-1	60	0	
182	15053699	9516	-1	21	阿尔金猛虎		123.209091	30.98674	0	300640	10000	-1	-1	1	0	-1	-1	-1	-1	-1	-1	60	0	
183	15053699	9516	-1	21	阿尔金猛虎		123.209091	30.98674	0	300640	10000	-1	-1	1	0	-1	-1	-1	-1	-1	-1	60	0	
184	15053699	9516	-1	21	阿尔金猛虎		123.209091	30.98674	0	300640	10000	-1	-1	1	0	-1	-1	-1	-1	-1	-1	60	0	
185	15053699	9516	-1	21	阿尔金猛虎		123.209091	30.98674	0	300640	10000	-1	-1	1	0	-1	-1	-1	-1	-1	-1	60	0	
186	15053699	9516	-1	21	阿尔金猛虎		123.209091	30.98674	0	300640	10000	-1	-1	1	0	-1	-1	-1	-1	-1	-1	60	0	
187	15053699	9516	-1	21	阿尔金猛虎		123.209091	30.98674	0	300640	10000	-1	-1	1	0	-1	-1	-1	-1	-1	-1	60	0	
188	15053699	9516	-1	21	阿尔金猛虎		123.209091	30.98674	0	300640	10000	-1	-1	1	0	-1	-1	-1	-1	-1	-1	60	0	
189	15053699	9516	-1	21	阿尔金猛虎		123.209091	30.98674	0	300640	10000	-1	-1	1	0	-1	-1	-1	-1	-1	-1	60	0	
190	15053699	9516	-1	21	阿尔金猛虎		123.209091	30.98674	0	300640	10000	-1	-1	1	0	-1	-1	-1	-1	-1	-1	60	0	
191	15053699	9516	-1	21	阿尔金猛虎		225.278748	68.944756	0	300640	10000	-1	-1	1	0	-1	-1	-1	-1	-1	-1	60	0	
192	15053699	9516	-1	21	阿尔金猛虎		225.278748	68.944756	0	300640	10000	-1	-1	1	0	-1	-1	-1	-1	-1	-1	60	0	
193	15053699	9516	-1	21	阿尔金猛虎		225.278748	68.944756	0	300640	10000	-1	-1	1	0	-1	-1	-1	-1	-1	-1	60	0	
194	15053699	9516	-1	21	阿尔金猛虎		225.278748	68.944756	0	300640	10000	-1	-1	1	0	-1	-1	-1	-1	-1	-1	60	0	
195	15053699	9516	-1	21	阿尔金猛虎		225.278748	68.944756	0	300640	10000	-1	-1	1	0	-1	-1	-1	-1	-1	-1	60	0	
196	15053699	9516	-1	21	阿尔金猛虎		225.278748	68.944756	0	300640	10000	-1	-1	1	0	-1	-1	-1	-1	-1	-1	60	0	
197	15053699	9516	-1	21	阿尔金猛虎		225.278748	68.944756	0	300640	10000	-1	-1	1	0	-1	-1	-1	-1	-1	-1	60	0	
198	15053699	9516	-1	21	阿尔金猛虎		225.278748	68.944756	0	300640	10000	-1	-1	1	0	-1	-1	-1	-1	-1	-1	60	0	
199	15053699	9516	-1	21	阿尔金猛虎		225.278748	68.944756	0	300640	10000	-1	-1	1	0	-1	-1	-1	-1	-1	-1	60	0	
200	15053699	9516	-1	21	阿尔金猛虎		225.278748	68.944756	0	300640	10000	-1	-1	1	0	-1	-1	-1	-1	-1	-1	60	0	
201	15053699	9516	-1	21	阿尔金猛虎		137.076797	122.840317	0	300640	10000	-1	-1	1	0	-1	-1	-1	-1	-1	-1	60	0	
202	15053699	9516	-1	21	阿尔金猛虎		137.076797	122.840317	0	300640	10000	-1	-1	1	0	-1	-1	-1	-1	-1	-1	60	0	
203	15053699	9516	-1	21	阿尔金猛虎		137.076797	122.840317	0	300640	10000	-1	-1	1	0	-1	-1	-1	-1	-1	-1	60	0	
204	15053699	9516	-1	21	阿尔金猛虎		137.076797	122.840317	0	300640	10000	-1	-1	1	0	-1	-1	-1	-1	-1	-1	60	0	
205	15053699	9516	-1	21	阿尔金猛虎		137.076797	122.840317	0	300640	10000	-1	-1	1	0	-1	-1	-1	-1	-1	-1	60	0	
206	15053699	9516	-1	21	阿尔金猛虎		137.076797	122.840317	0	300640	10000	-1	-1	1	0	-1	-1	-1	-1	-1	-1	60	0	
207	15053699	9516	-1	21	阿尔金猛虎		137.076797	122.840317	0	300640	10000	-1	-1	1	0	-1	-1	-1	-1	-1	-1	60	0	
208	15053699	9516	-1	21	阿尔金猛虎		137.076797	122.840317	0	300640	10000	-1	-1	1	0	-1	-1	-1	-1	-1	-1	60	0	
209	15053699	9516	-1	21	阿尔金猛虎		137.076797	122.840317	0	300640	10000	-1	-1	1	0	-1	-1	-1	-1	-1	-1	60	0	
210	15053699	9516	-1	21	阿尔金猛虎		137.076797	122.840317	0	300640	10000	-1	-1	1	0	-1	-1	-1	-1	-1	-1	60	0	
211	15053732	9516	-1	21	阿尔金猛虎		119.069778	107.52124	0	300640	10000	-1	-1	1	0	-1	-1	-1	-1	-1	-1	60	0	
212	15053732	9516	-1	21	阿尔金猛虎		119.069778	107.52124	0	300640	10000	-1	-1	1	0	-1	-1	-1	-1	-1	-1	60	0	
213	15053732	9516	-1	21	阿尔金猛虎		119.069778	107.52124	0	300640	10000	-1	-1	1	0	-1	-1	-1	-1	-1	-1	60	0	
214	15053732	9516	-1	21	阿尔金猛虎		119.069778	107.52124	0	300640	10000	-1	-1	1	0	-1	-1	-1	-1	-1	-1	60	0	
215	15053732	9516	-1	21	阿尔金猛虎		119.069778	107.52124	0	300640	10000	-1	-1	1	0	-1	-1	-1	-1	-1	-1	60	0	
216	15053732	9516	-1	21	阿尔金猛虎		119.069778	107.52124	0	300640	10000	-1	-1	1	0	-1	-1	-1	-1	-1	-1	60	0	
217	15053732	9516	-1	21	阿尔金猛虎		119.069778	107.52124	0	300640	10000	-1	-1	1	0	-1	-1	-1	-1	-1	-1	60	0	
218	15053732	9516	-1	21	阿尔金猛虎		119.069778	107.52124	0	300640	10000	-1	-1	1	0	-1	-1	-1	-1	-1	-1	60	0	
219	15053732	9516	-1	21	阿尔金猛虎		119.069778	107.52124	0	300640	10000	-1	-1	1	0	-1	-1	-1	-1	-1	-1	60	0	
220	15053732	9516	-1	21	阿尔金猛虎		119.069778	107.52124	0	300640	10000	-1	-1	1	0	-1	-1	-1	-1	-1	-1	60	0	
221	15053733	9516	-1	21	阿尔金猛虎		119.063171	107.565491	0	300640	10000	-1	-1	1	0	-1	-1	-1	-1	-1	-1	60	0	
222	15053733	9516	-1	21	阿尔金猛虎		119.063171	107.565491	0	300640	10000	-1	-1	1	0	-1	-1	-1	-1	-1	-1	60	0	
223	15053733	9516	-1	21	阿尔金猛虎		119.063171	107.565491	0	300640	10000	-1	-1	1	0	-1	-1	-1	-1	-1	-1	60	0	
224	15053733	9516	-1	21	阿尔金猛虎		119.063171	107.565491	0	300640	10000	-1	-1	1	0	-1	-1	-1	-1	-1	-1	60	0	
225	15053733	9516	-1	21	阿尔金猛虎		119.063171	107.565491	0	300640	10000	-1	-1	1	0	-1	-1	-1	-1	-1	-1	60	0	
226	15053733	9516	-1	21	阿尔金猛虎		119.063171	107.565491	0	300640	10000	-1	-1	1	0	-1	-1	-1	-1	-1	-1	60	0	
227	15053733	9516	-1	21	阿尔金猛虎		119.063171	107.565491	0	300640	10000	-1	-1	1	0	-1	-1	-1	-1	-1	-1	60	0	
228	15053733	9516	-1	21	阿尔金猛虎		119.063171	107.565491	0	300640	10000	-1	-1	1	0	-1	-1	-1	-1	-1	-1	60	0	
229	15053733	9516	-1	21	阿尔金猛虎		119.063171	107.565491	0	300640	10000	-1	-1	1	0	-1	-1	-1	-1	-1	-1	60	0	
230	15053733	9516	-1	21	阿尔金猛虎		119.063171	107.565491	0	300640	10000	-1	-1	1	0	-1	-1	-1	-1	-1	-1	60	0	
231	15053806	9764	-1	21	山妖		212.73761	204.498795	0	300640	10000	-1	-1	1	0	-1	-1	-1	-1	-1	-1	60	0	
232	15053807	9764	-1	21	山妖		212.73761	204.498795	0	300640	10000	-1	-1	1	0	-1	-1	-1	-1	-1	-1	60	0	
233	15053808	9764	-1	21	山妖		212.73761	204.498795	0	300640	10000	-1	-1	1	0	-1	-1	-1	-1	-1	-1	60	0	
234	15053809	9764	-1	21	山妖		212.73761	204.498795	0	300640	10000	-1	-1	1	0	-1	-1	-1	-1	-1	-1	60	0	
235	15053810	9764	-1	21	山妖		212.73761	204.498795	0	300640	10000	-1	-1	1	0	-1	-1	-1	-1	-1	-1	60	0	
236	15053811	9764	-1	21	山妖		212.73761	204.498795	0	300640	10000	-1	-1	1	0	-1	-1	-1	-1	-1	-1	60	0	
237	15053812	9764	-1	21	山妖		212.73761	204.498795	0	300640	10000	-1	-1	1	0	-1	-1	-1	-1	-1	-1	60	0	
238	15053813	9764	-1	21	山妖		212.73761	204.498795	0	300640	10000	-1	-1	1	0	-1	-1	-1	-1	-1	-1	60	0	
239	15053814	9764	-1	21	山妖		212.73761	204.498795	0	300640	10000	-1	-1	1	0	-1	-1	-1	-1	-1	-1	60	0	
240	15053815	9764	-1	21	山妖		212.73761	204.498795	0	300640	10000	-1	-1	1	0	-1	-1	-1	-1	-1	-1	60	0	
241	15053816	9764	-1	21	山妖		215.976273	221.412155	0	300640	10000	-1	-1	1	0	-1	-1	-1	-1	-1	-1	60	0	
242	15053817	9764	-1	21	山妖		215.981644	221.277298	0	300640	10000	-1	-1	1	0	-1	-1	-1	-1	-1	-1	60	0	
243	15053818	9764	-1	21	山妖		216.143341	221.343124	0	300640	10000	-1	-1	1	0	-1	-1	-1	-1	-1	-1	60	0	
244	15053819	9764	-1	21	山妖		216.311951	221.274551	0	300640	10000	-1	-1	1	0	-1	-1	-1	-1	-1	-1	60	0	
245	15053820	9764	-1	21	山妖		216.124496	221.15274	0	300640	10000	-1	-1	1	0	-1	-1	-1	-1	-1	-1	60	0	
246	15053821	9764	-1	21	山妖		216.148834	221.208359	0	300640	10000	-1	-1	1	0	-1	-1	-1	-1	-1	-1	60	0	
247	15053822	9764	-1	21	山妖		216.129608	221.017792	0	300640	10000	-1	-1	1	0	-1	-1	-1	-1	-1	-1	60	0	
248	15053823	9764	-1	21	山妖		215.950867	221.356995	0	300640	10000	-1	-1	1	0	-1	-1	-1	-1	-1	-1	60	0	
249	15053824	9764	-1	21	山妖		216.673706	221.193024	0	300640	10000	-1	-1	1	0	-1	-1	-1	-1	-1	-1	60	0	
250	15053825	9764	-1	21	山妖		216.292175	221.084137	0	300640	10000	-1	-1	1	0	-1	-1	-1	-1	-1	-1	60	0	
251	15053826	9764	-1	21	山妖		53.650414	164.298126	0	300640	10000	-1	-1	1	0	-1	-1	-1	-1	-1	-1	60	0	
252	15053827	9764	-1	21	山妖		53.357323	164.114594	0	300640	10000	-1	-1	1	0	-1	-1	-1	-1	-1	-1	60	0	
253	15053828	9764	-1	21	山妖		52.739983	164.211029	0	300640	10000	-1	-1	1	0	-1	-1	-1	-1	-1	-1	60	0	
254	15053829	9764	-1	21	山妖		52.911613	164.143021	0	300640	10000	-1	-1	1	0	-1	-1	-1	-1	-1	-1	60	0	
255	15053830	9764	-1	21	山妖		52.80484	164.236893	0	300640	10000	-1	-1	1	0	-1	-1	-1	-1	-1	-1	60	0	
256	15053831	9764	-1	21	山妖		52.585686	164.627182	0	300640	10000	-1	-1	1	0	-1	-1	-1	-1	-1	-1	60	0	
257	15053832	9764	-1	21	山妖		52.643829	163.62233	0	300640	10000	-1	-1	1	0	-1	-1	-1	-1	-1	-1	60	0	
258	15053833	9764	-1	21	山妖		52.520355	163.78067	0	300640	10000	-1	-1	1	0	-1	-1	-1	-1	-1	-1	60	0	
259	15053834	9764	-1	21	山妖		52.698174	164.12619	0	300640	10000	-1	-1	1	0	-1	-1	-1	-1	-1	-1	60	0	
260	15053835	9764	-1	21	山妖		52.239159	163.736526	0	300640	10000	-1	-1	1	0	-1	-1	-1	-1	-1	-1	60	0	
261	15053836	9764	-1	21	山妖		52.289818	164.238297	0	300640	10000	-1	-1	1	0	-1	-1	-1	-1	-1	-1	60	0	
262	15053855	9516	-1	21	阿尔金猛虎		138.938538	49.214844	0	300640	10000	-1	-1	1	0	-1	-1	-1	-1	-1	-1	60	0	
263	15053856	9516	-1	21	阿尔金猛虎		138.938538	49.214844	0	300640	10000	-1	-1	1	0	-1	-1	-1	-1	-1	-1	60	0	
264	15053857	9516	-1	21	阿尔金猛虎		138.938538	49.214844	0	300640	10000	-1	-1	1	0	-1	-1	-1	-1	-1	-1	60	0	
265	15053858	9516	-1	21	阿尔金猛虎		138.938538	49.214844	0	300640	10000	-1	-1	1	0	-1	-1	-1	-1	-1	-1	60	0	
266	15053859	9516	-1	21	阿尔金猛虎		138.938538	49.214844	0	300640	10000	-1	-1	1	0	-1	-1	-1	-1	-1	-1	60	0	
267	15053860	9516	-1	21	阿尔金猛虎		138.938538	49.214844	0	300640	10000	-1	-1	1	0	-1	-1	-1	-1	-1	-1	60	0	
268	15053861	9516	-1	21	阿尔金猛虎		138.938538	49.214844	0	300640	10000	-1	-1	1	0	-1	-1	-1	-1	-1	-1	60	0	
269	15053862	9516	-1	21	阿尔金猛虎		138.938538	49.214844	0	300640	10000	-1	-1	1	0	-1	-1	-1	-1	-1	-1	60	0	
270	15053863	9516	-1	21	阿尔金猛虎		138.938538	49.214844	0	300640	10000	-1	-1	1	0	-1	-1	-1	-1	-1	-1	60	0	
271	15053864	9516	-1	21	阿尔金猛虎		138.938538	49.214844	0	300640	10000	-1	-1	1	0	-1	-1	-1	-1	-1	-1	60	0	
272	15053865	9516	-1	21	阿尔金猛虎		138.938538	49.214844	0	300640	10000	-1	-1	1	0	-1	-1	-1	-1	-1	-1	60	0	
273	15053866	9516	-1	21	阿尔金猛虎		138.938538	49.214844	0	300640	10000	-1	-1	1	0	-1	-1	-1	-1	-1	-1	60	0	
274	15053867	9516	-1	21	阿尔金猛虎		138.938538	49.214844	0	300640	10000	-1	-1	1	0	-1	-1	-1	-1	-1	-1	60	0	
275	15053886	1320	101545	20	通往迷宫四层	王国迷宫传送	55	218	18	0	10000	-1	-1	3	0	-1	-1	-1	-1	-1	-1	60	0	
276	7336799	4295	101685	-1	组队指引人		103	128	23	-1	1000	-1	-1	3	0	-1	-1	-1	-1	-1	-1	100	0	
