NUM	TEXT	NUM	NUM	NUM	NUM	NUM	NUM	NUM	NUM	TEXT	TEXT	TEXT	TEXT	TEXT	TEXT	NUM	TEXT	NUM	NUM	TEXT	NUM	NUM	TEXT	NUM	NUM	TEXT	NUM	NUM	TEXT	NUM	NUM	NUM	TEXT	TEXT	TEXT	TEXT	TEXT	TEXT	TEXT	TEXT	TEXT	TEXT	NUM	NUM	TEXT
索引index	名称	scriptid（填了脚本号后边ruler最好不要填2）	opt_type（为1的时候time_type也为1，表示每天都触发；为0的时候，time_type为2，表示限定某一天触发）	time_type	Report_start	Report_over	time_start	time_over	reserve1是否随机	reserve1	reserve2	reserve3	reserve4	reserve5	广播类型	慢报间隔	慢报内容	慢报结束时间点	快报间隔	快报内容	快报结束时间点	刚开报间隔	刚开报内容	刚开报结束时间点	进行中报间隔	进行中报内容	进行中报结束时间点	快结束报间隔	快结束报内容	快结束报结束时间点	ruler（0表示读取后边Map0——Map9列和广播的场景列表列，可多场景响应；-1表示只读取SceneId列，只一个场景响应；-2表示所有场景都响应，一般用于纯广播，和脚本无关时使用）	SceneId	Map_0	Map_1	Map_2	Map_3	Map_4	Map_5	Map_6	Map_7	Map_8	Map_9	ModuleToggle	播放类型 (0:普通场景 1：战场 2:普通场景和战场)	广播的场景列表，支持解析|，最大支持36个场景，默认为空
0	轮回台副本	-1	1	1	1120	1330	-1	-1	0	0	-1	-1	-1	-1	4|1	601		1130	1800		1400	-1		-1	-1		-1	-1		-1	-2	99	0|-1	0|-1	0|-1	0|-1	0|-1	0|-1	0|-1	0|-1	0|-1	0|-1	1	0	
1	轮回台副本	-1	1	1	2020	2230	-1	-1	0	0	-1	-1	-1	-1	4|1	601		2030	1800		2359	-1		-1	-1		-1	-1		-1	-2	99	0|-1	0|-1	0|-1	0|-1	0|-1	0|-1	0|-1	0|-1	0|-1	0|-1	1	0	
2	轮回台副本	-1	1	1	1130	1131	-1	-1	0	0	-1	-1	-1	-1	5	61		1131	-1		-1	-1		-1	-1		-1	-1		-1	-2	99	0|-1	0|-1	0|-1	0|-1	0|-1	0|-1	0|-1	0|-1	0|-1	0|-1	1	0	
3	轮回台副本	-1	1	1	2030	2031	-1	-1	0	0	-1	-1	-1	-1	5	61		2031	-1		-1	-1		-1	-1		-1	-1		-1	-2	99	0|-1	0|-1	0|-1	0|-1	0|-1	0|-1	0|-1	0|-1	0|-1	0|-1	1	0	
4	圣山地宫预报	310030	1	1	150	204	200	201	0	0	-1	-1	-1	-1	4|1	120	圣山地宫将在02：00开放，请各位勇士速速前往！	159	60	圣山地宫已经开放，请各位勇士速速前往！	201	-1		-1	-1		-1	-1		-1	-2	99	114|1	115|1	214|1	215|1	314|1	315|1	414|1	415|1	0|-1	0|-1	1	0	83|84|85|96|97|183|184|185|196|197|283|284|285|296|297|383|384|385|396|397|79|179|279|379|95|195|295|395|112|113|212|213|312|313|412|413
5	圣山地宫结束	310032	1	1	220	229	225	226	0	0	-1	-1	-1	-1	4|1	61	圣山地宫关闭了，感谢各位勇士的努力！	221	-1		-1	-1		-1	-1		-1	-1		-1	0	0	0|-1	0|-1	0|-1	0|-1	0|-1	0|-1	0|-1	0|-1	0|-1	0|-1	1	0	50|150|250|350
6	圣山地宫预报	310030	1	1	550	604	600	601	0	0	-1	-1	-1	-1	4|1	120	圣山地宫将在06：00开放，请各位勇士速速前往！	559	60	圣山地宫已经开放，请各位勇士速速前往！	601	-1		-1	-1		-1	-1		-1	-2	99	114|1	115|1	214|1	215|1	314|1	315|1	414|1	415|1	0|-1	0|-1	1	0	83|84|85|96|97|183|184|185|196|197|283|284|285|296|297|383|384|385|396|397|79|179|279|379|95|195|295|395|112|113|212|213|312|313|412|413
7	圣山地宫结束	310032	1	1	620	629	625	626	0	0	-1	-1	-1	-1	4|1	61	圣山地宫关闭了，感谢各位勇士的努力！	621	-1		-1	-1		-1	-1		-1	-1		-1	0	0	0|-1	0|-1	0|-1	0|-1	0|-1	0|-1	0|-1	0|-1	0|-1	0|-1	1	0	50|150|250|350
8	圣山地宫预报	310030	1	1	950	1004	1000	1001	0	0	-1	-1	-1	-1	4|1	120	圣山地宫将在10：00开放，请各位勇士速速前往！	959	60	圣山地宫已经开放，请各位勇士速速前往！	1001	-1		-1	-1		-1	-1		-1	-2	99	114|1	115|1	214|1	215|1	314|1	315|1	414|1	415|1	0|-1	0|-1	1	0	83|84|85|96|97|183|184|185|196|197|283|284|285|296|297|383|384|385|396|397|79|179|279|379|95|195|295|395|112|113|212|213|312|313|412|413
9	圣山地宫结束	310032	1	1	1020	1029	1025	1026	0	0	-1	-1	-1	-1	4|1	61	圣山地宫关闭了，感谢各位勇士的努力！	1021	-1		-1	-1		-1	-1		-1	-1		-1	0	0	0|-1	0|-1	0|-1	0|-1	0|-1	0|-1	0|-1	0|-1	0|-1	0|-1	1	0	50|150|250|350
10	圣山地宫预报	310030	1	1	1350	1404	1400	1401	0	0	-1	-1	-1	-1	4|1	120	圣山地宫将在14：00开放，请各位勇士速速前往！	1359	60	圣山地宫已经开放，请各位勇士速速前往！	1401	-1		-1	-1		-1	-1		-1	-2	99	114|1	115|1	214|1	215|1	314|1	315|1	414|1	415|1	0|-1	0|-1	1	0	83|84|85|96|97|183|184|185|196|197|283|284|285|296|297|383|384|385|396|397|79|179|279|379|95|195|295|395|112|113|212|213|312|313|412|413
11	圣山地宫结束	310032	1	1	1420	1429	1425	1426	0	0	-1	-1	-1	-1	4|1	61	圣山地宫关闭了，感谢各位勇士的努力！	1421	-1		-1	-1		-1	-1		-1	-1		-1	0	0	0|-1	0|-1	0|-1	0|-1	0|-1	0|-1	0|-1	0|-1	0|-1	0|-1	1	0	50|150|250|350
12	圣山地宫预报	310030	1	1	1750	1804	1800	1801	0	0	-1	-1	-1	-1	4|1	120	圣山地宫将在18：00开放，请各位勇士速速前往！	1759	60	圣山地宫已经开放，请各位勇士速速前往！	1801	-1		-1	-1		-1	-1		-1	-2	99	114|1	115|1	214|1	215|1	314|1	315|1	414|1	415|1	0|-1	0|-1	1	0	83|84|85|96|97|183|184|185|196|197|283|284|285|296|297|383|384|385|396|397|79|179|279|379|95|195|295|395|112|113|212|213|312|313|412|413
13	圣山地宫结束	310032	1	1	1820	1829	1825	1826	0	0	-1	-1	-1	-1	4|1	61	圣山地宫关闭了，感谢各位勇士的努力！	1821	-1		-1	-1		-1	-1		-1	-1		-1	0	0	0|-1	0|-1	0|-1	0|-1	0|-1	0|-1	0|-1	0|-1	0|-1	0|-1	1	0	50|150|250|350
14	圣山地宫预报	310030	1	1	2150	2204	2200	2201	0	0	-1	-1	-1	-1	4|1	120	圣山地宫将在22：00开放，请各位勇士速速前往！	2159	60	圣山地宫已经开放，请各位勇士速速前往！	2201	-1		-1	-1		-1	-1		-1	-2	99	114|1	115|1	214|1	215|1	314|1	315|1	414|1	415|1	0|-1	0|-1	1	0	83|84|85|96|97|183|184|185|196|197|283|284|285|296|297|383|384|385|396|397|79|179|279|379|95|195|295|395|112|113|212|213|312|313|412|413
15	圣山地宫结束	310032	1	1	2220	2229	2225	2226	0	0	-1	-1	-1	-1	4|1	61	圣山地宫关闭了，感谢各位勇士的努力！	2221	-1		-1	-1		-1	-1		-1	-1		-1	-1	0	0|-1	0|-1	0|-1	0|-1	0|-1	0|-1	0|-1	0|-1	0|-1	0|-1	1	0	
16	圣山地宫预报	-1	1	1	155	156	-1	-1	0	0	-1	-1	-1	-1	4|1	61	圣山地宫将在02：00开放，请各位勇士速速前往！	156	-1		-1	-1		-1	-1		-1	-1		-1	-2	99	0|-1	0|-1	0|-1	0|-1	0|-1	0|-1	0|-1	0|-1	0|-1	0|-1	1	0	
17	圣山地宫预报	-1	1	1	555	556	-1	-1	0	0	-1	-1	-1	-1	4|1	61	圣山地宫将在06：00开放，请各位勇士速速前往！	556	-1		-1	-1		-1	-1		-1	-1		-1	-2	99	0|-1	0|-1	0|-1	0|-1	0|-1	0|-1	0|-1	0|-1	0|-1	0|-1	1	0	
18	圣山地宫预报	-1	1	1	955	956	-1	-1	0	0	-1	-1	-1	-1	4|1	61	圣山地宫将在10：00开放，请各位勇士速速前往！	956	-1		-1	-1		-1	-1		-1	-1		-1	-2	99	0|-1	0|-1	0|-1	0|-1	0|-1	0|-1	0|-1	0|-1	0|-1	0|-1	1	0	
19	圣山地宫预报	-1	1	1	1355	1356	-1	-1	0	0	-1	-1	-1	-1	4|1	61	圣山地宫将在14：00开放，请各位勇士速速前往！	1356	-1		-1	-1		-1	-1		-1	-1		-1	-2	99	0|-1	0|-1	0|-1	0|-1	0|-1	0|-1	0|-1	0|-1	0|-1	0|-1	1	0	
20	圣山地宫预报	-1	1	1	1755	1756	-1	-1	0	0	-1	-1	-1	-1	4|1	61	圣山地宫将在18：00开放，请各位勇士速速前往！	1756	-1		-1	-1		-1	-1		-1	-1		-1	-2	99	0|-1	0|-1	0|-1	0|-1	0|-1	0|-1	0|-1	0|-1	0|-1	0|-1	1	0	
21	圣山地宫预报	-1	1	1	2155	2156	-1	-1	0	0	-1	-1	-1	-1	4|1	61	圣山地宫将在22：00开放，请各位勇士速速前往！	2156	-1		-1	-1		-1	-1		-1	-1		-1	-2	99	0|-1	0|-1	0|-1	0|-1	0|-1	0|-1	0|-1	0|-1	0|-1	0|-1	1	0	
22	五一活动刷九旄(过期，可替换，勿删)	-1	0	2	-1	-1	-1	-1	0	0	-1	-1	-1	-1	4|1	-1		-1	-1		-1	-1		-1	-1		-1	-1		-1	0	99	36|1	37|1	38|1	15|1	0|-1	0|-1	0|-1	0|-1	0|-1	0|-1	1	0	
23	婆罗洲随机BOSS	305012	1	1	400	401	400	401	0	0	-1	-1	-1	-1	4|1	-1		-1	-1		-1	-1		-1	-1		-1	-1		-1	-1	33	0|-1	0|-1	0|-1	0|-1	0|-1	0|-1	0|-1	0|-1	0|-1	0|-1	0	0	
24	婆罗洲随机BOSS	305012	1	1	800	801	800	801	0	0	-1	-1	-1	-1	4|1	-1		-1	-1		-1	-1		-1	-1		-1	-1		-1	-1	33	0|-1	0|-1	0|-1	0|-1	0|-1	0|-1	0|-1	0|-1	0|-1	0|-1	0	0	
25	婆罗洲随机BOSS	305012	1	1	1200	1201	1200	1201	0	0	-1	-1	-1	-1	4|1	-1		-1	-1		-1	-1		-1	-1		-1	-1		-1	-1	33	0|-1	0|-1	0|-1	0|-1	0|-1	0|-1	0|-1	0|-1	0|-1	0|-1	0	0	
26	婆罗洲随机BOSS	305012	1	1	1600	1601	1600	1601	0	0	-1	-1	-1	-1	4|1	-1		-1	-1		-1	-1		-1	-1		-1	-1		-1	-1	33	0|-1	0|-1	0|-1	0|-1	0|-1	0|-1	0|-1	0|-1	0|-1	0|-1	0	0	
27	婆罗洲随机BOSS	305012	1	1	2000	2001	2000	2001	0	0	-1	-1	-1	-1	4|1	-1		-1	-1		-1	-1		-1	-1		-1	-1		-1	-1	33	0|-1	0|-1	0|-1	0|-1	0|-1	0|-1	0|-1	0|-1	0|-1	0|-1	0	0	
28	大都嘉年华会公告	-1	1	1	1920	0	1920	0	0	0	-1	-1	-1	-1	4|1	541	大都嘉年华会即将在19：30开始，40级以上的玩家可以前往大都参加铁人三项，大都灯谜会，益者三友活动。	1929	60	大都嘉年华会即将在19：30开始，40级以上的玩家可以前往大都参加铁人三项，大都灯谜会，益者三友活动。	1931	-1		-1	-1		-1	-1		-1	-2	99	0|-1	0|-1	0|-1	0|-1	0|-1	0|-1	0|-1	0|-1	0|-1	0|-1	1	0	
29	大都嘉年华会公告	-1	1	1	1930	1931	-1	-1	0	0	-1	-1	-1	-1	5	61	大都嘉年华会开始了	1931	-1		-1	-1		-1	-1		-1	-1		-1	-2	99	0|-1	0|-1	0|-1	0|-1	0|-1	0|-1	0|-1	0|-1	0|-1	0|-1	1	0	
30	大都嘉年华会结束公告	-1	1	1	0	1	0	1	0	0	-1	-1	-1	-1	4|1	61	大都嘉年华会结束了，祝大家午夜愉快。	1	-1		-1	-1		-1	-1		-1	-1		-1	-2	99	0|-1	0|-1	0|-1	0|-1	0|-1	0|-1	0|-1	0|-1	0|-1	0|-1	1	0	
31	舞厅关闭公告	300160	1	1	859	859	859	900	0	0	-1	-1	-1	-1	4|1	-1		-1	-1		-1	-1		-1	-1		-1	-1		-1	0	99	14|1	0|-1	0|-1	0|-1	0|-1	0|-1	0|-1	0|-1	0|-1	0|-1	1	0	
32	舞厅关闭公告	300160	1	1	459	459	459	500	0	0	-1	-1	-1	-1	4|1	-1		-1	-1		-1	-1		-1	-1		-1	-1		-1	0	99	14|1	0|-1	0|-1	0|-1	0|-1	0|-1	0|-1	0|-1	0|-1	0|-1	0	0	
33	智力竞赛	-1	1	1	1920	1921	-1	-1	0	0	1	-1	-1	-1	5	61	智力竞赛开始了！	1921	-1		-1	-1		-1	-1		-1	-1		-1	-2	99	0|-1	0|-1	0|-1	0|-1	0|-1	0|-1	0|-1	0|-1	0|-1	0|-1	1	0	
34	智力竞赛	300150	1	1	1910	1931	1920	1930	0	0	1	-1	-1	-1	4|1	61	智力竞赛将于19:20开始，请大家踊跃报名参加！	1920	-1		-1	-1		-1	-1		-1	-1		-1	-2	99	0|-1	0|-1	0|-1	0|-1	0|-1	0|-1	0|-1	0|-1	0|-1	0|-1	1	0	
35	帮会战	-1	0	2	21700	21830	21700	21830	0	0	-1	-1	-1	-1	4|1	600	帮会战场热报中，请各位帮主到帮会管理员处报名。	21830	-1		-1	-1		-1	-1		-1	-1		-1	-2	99	0|-1	0|-1	0|-1	0|-1	0|-1	0|-1	0|-1	0|-1	0|-1	0|-1	1	0	
36	帮会战	-1	0	2	51700	51830	51700	51830	0	0	-1	-1	-1	-1	4|1	600	帮会战场热报中，请各位帮主到帮会管理员处报名。	51830	-1		-1	-1		-1	-1		-1	-1		-1	-2	99	0|-1	0|-1	0|-1	0|-1	0|-1	0|-1	0|-1	0|-1	0|-1	0|-1	1	0	
37	十八魔君	310000	1	1	2300	0	2300	0	0	0	-1	-1	-1	-1	4|1	61	曾经被成吉思汗征服的十八个统治者一直心有不甘，百年之后依然阴魂不散，不时地勾结在一起入侵，这次他们的身影又出现了！	2301	-1		-1	-1		-1	-1		-1	-1		-1	-2	99	0|-1	0|-1	0|-1	0|-1	0|-1	0|-1	0|-1	0|-1	0|-1	0|-1	1	0	
38	十八魔君	-1	1	1	2300	2301	-1	-1	0	0	-1	-1	-1	-1	5	61	十八魔君出现了	2301	-1		-1	-1		-1	-1		-1	-1		-1	-2	99	0|-1	0|-1	0|-1	0|-1	0|-1	0|-1	0|-1	0|-1	0|-1	0|-1	1	0	
39	十八魔君消失	-1	1	1	0	1	0	1	0	0	-1	-1	-1	-1	4|1	61	在各路英雄的冲击下，魔军大败而去，只留下魔王那句充满怨恨的诅咒：除非成吉思汗的子孙从大地上消失，否则我们是不会安息的！	1	-1		-1	-1		-1	-1		-1	-1		-1	-2	99	0|-1	0|-1	0|-1	0|-1	0|-1	0|-1	0|-1	0|-1	0|-1	0|-1	1	0	
40	益者三友	300570	1	1	1930	2359	1930	1931	0	0	-1	-1	-1	-1	4|1	-1		-1	-1		-1	-1		-1	-1		-1	-1		-1	0	99	0|1	0|-1	0|-1	0|-1	0|-1	0|-1	0|-1	0|-1	0|-1	0|-1	1	0	
41	益者三友删除	300571	1	1	2359	101	0	1	0	0	-1	-1	-1	-1	4|1	-1		-1	-1		-1	-1		-1	-1		-1	-1		-1	0	99	0|1	0|-1	0|-1	0|-1	0|-1	0|-1	0|-1	0|-1	0|-1	0|-1	1	0	
42	屠城战	310157	0	2	61529	61530	61529	61530	0	0	-1	-1	-1	-1	4|1	-1		-1	-1		-1	-1		-1	-1		-1	-1		-1	0	99	0|-1	0|-1	0|-1	0|-1	0|-1	0|-1	0|-1	0|-1	0|-1	0|-1	1	0	50
43	屠城战	310157	0	2	61554	61555	61554	61555	0	0	-1	-1	-1	-1	4|1	-1		-1	-1		-1	-1		-1	-1		-1	-1		-1	0	99	0|-1	0|-1	0|-1	0|-1	0|-1	0|-1	0|-1	0|-1	0|-1	0|-1	1	0	50
44	屠城战	310157	0	2	61601	61602	61601	61602	0	0	-1	-1	-1	-1	4|1	-1		-1	-1		-1	-1		-1	-1		-1	-1		-1	0	99	0|-1	0|-1	0|-1	0|-1	0|-1	0|-1	0|-1	0|-1	0|-1	0|-1	1	0	50
45	屠城战	310157	0	2	61614	61615	61614	61615	0	0	-1	-1	-1	-1	4|1	-1		-1	-1		-1	-1		-1	-1		-1	-1		-1	0	99	0|-1	0|-1	0|-1	0|-1	0|-1	0|-1	0|-1	0|-1	0|-1	0|-1	1	0	50
46	屠城战	310157	0	2	61700	61701	61700	61701	0	0	-1	-1	-1	-1	4|1	-1		-1	-1		-1	-1		-1	-1		-1	-1		-1	0	99	0|-1	0|-1	0|-1	0|-1	0|-1	0|-1	0|-1	0|-1	0|-1	0|-1	1	0	50
47	天坛灯谜会	-1	1	1	1930	2359	1930	2359	0	0	-1	-1	-1	-1	4|1	-1		-1	-1		-1	-1		-1	-1		-1	-1		-1	0	99	0|1	0|-1	0|-1	0|-1	0|-1	0|-1	0|-1	0|-1	0|-1	0|-1	1	0	
48	铁人三项箱子触发	305060	1	1	1220	1310	1930	1931	0	0	-1	-1	-1	-1	4|1	-1		-1	-1		-1	-1		-1	-1		-1	-1		-1	0	99	0|1	0|-1	0|-1	0|-1	0|-1	0|-1	0|-1	0|-1	0|-1	0|-1	1	0	
49	铁人三项箱子触发	305061	1	1	1920	2010	2359	0	0	0	-1	-1	-1	-1	4|1	-1		-1	-1		-1	-1		-1	-1		-1	-1		-1	0	99	0|1	0|-1	0|-1	0|-1	0|-1	0|-1	0|-1	0|-1	0|-1	0|-1	1	0	
50	世界杯	-1	0	2	41700	41802	41700	41802	0	0	-1	-1	-1	-1	4|1|5	900	世界杯战场将于17：30开启，请参赛帮会做好准备！	41710	900	世界杯战场将在5分钟后开始！	41727	180	世界杯战场火热进行中！	41732	1380	世界杯战场结束还有5分钟！	41759	41800	世界杯战场已经结束！	41803	-2	99	0|-1	0|-1	0|-1	0|-1	0|-1	0|-1	0|-1	0|-1	0|-1	0|-1	0	0	
51	世界杯	-1	0	2	51700	51802	51700	51802	0	0	-1	-1	-1	-1	4|1|5	900	世界杯战场将于17：30开启，请参赛帮会做好准备！	51710	900	世界杯战场将在5分钟后开始！	51727	180	世界杯战场火热进行中！	51732	1380	世界杯战场结束还有5分钟！	51759	41800	世界杯战场已经结束！	51803	-2	99	0|-1	0|-1	0|-1	0|-1	0|-1	0|-1	0|-1	0|-1	0|-1	0|-1	0	0	
52	莫斯科BOSS	305012	0	2	2100	2101	2100	2101	0	0	-1	-1	-1	-1	4|1	-1		-1	-1		-1	-1		-1	-1		-1	-1		-1	-1	17	0|-1	0|-1	0|-1	0|-1	0|-1	0|-1	0|-1	0|-1	0|-1	0|-1	1	0	
53	世界杯	300837	0	2	1529	1529	1529	1530	0	0	-1	-1	-1	-1	4|1	-1		-1	-1		-1	-1		-1	-1		-1	-1		-1	0	99	14|1	0|-1	0|-1	0|-1	0|-1	0|-1	0|-1	0|-1	0|-1	0|-1	1	0	
54	天降宝箱	310014	1	1	1220	1310	1230	1231	0	0	-1	-1	-1	-1	4|1	481	天降宝箱将于12：30开始，请20级以上玩家届时到王国宝箱活动使处接取任务	1228	120	天降宝箱开始了，请20级以上的玩家到王国宝箱活动使处接取任务	1231	-1		-1	-1		-1	-1		-1	0	99	50|1	150|1	250|1	350|1	0|-1	0|-1	0|-1	0|-1	0|-1	0|-1	1	0	
55	天降宝箱	310014	1	1	1920	2010	1930	1931	0	0	-1	-1	-1	-1	4|1	481	天降宝箱将于19：30开始，请20级以上玩家届时到王国宝箱活动使处接取任务	1928	120	天降宝箱开始了，请20级以上的玩家到王国宝箱活动使处接取任务	1931	-1		-1	-1		-1	-1		-1	0	99	50|1	150|1	250|1	350|1	0|-1	0|-1	0|-1	0|-1	0|-1	0|-1	1	0	
56	天降宝箱	-1	1	1	1230	1231	-1	-1	0	0	-1	-1	-1	-1	5	61	天降宝箱活动开始了	1231	-1		-1	-1		-1	-1		-1	-1		-1	0	99	50|1	150|1	250|1	350|1	0|-1	0|-1	0|-1	0|-1	0|-1	0|-1	1	0	
57	天降宝箱	-1	1	1	1930	1931	-1	-1	0	0	-1	-1	-1	-1	5	61	天降宝箱活动开始了	1931	-1		-1	-1		-1	-1		-1	-1		-1	0	99	50|1	150|1	250|1	350|1	0|-1	0|-1	0|-1	0|-1	0|-1	0|-1	1	0	
58	天降宝箱删除	310015	1	1	1300	1301	1300	1301	0	0	-1	-1	-1	-1	4|1	61	天降宝箱结束了，感谢大家的参加	1301	-1		-1	-1		-1	-1		-1	-1		-1	0	99	50|1	150|1	250|1	350|1	0|-1	0|-1	0|-1	0|-1	0|-1	0|-1	1	0	
59	天降宝箱删除	310015	1	1	2000	2001	2000	2001	0	0	-1	-1	-1	-1	4|1	61	天降宝箱结束了，感谢大家的参加	2001	-1		-1	-1		-1	-1		-1	-1		-1	0	99	50|1	150|1	250|1	350|1	0|-1	0|-1	0|-1	0|-1	0|-1	0|-1	1	0	
60	天降宝箱	-1	1	1	1220	1310	1230	1231	0	0	-1	-1	-1	-1	4|1	-1		-1	-1		-1	-1		-1	-1		-1	-1		-1	0	99	0|-1	0|-1	0|-1	0|-1	0|-1	0|-1	0|-1	0|-1	0|-1	0|-1	1	0	
61	天降宝箱	-1	1	1	1920	2010	1930	1931	0	0	-1	-1	-1	-1	4|1	-1		-1	-1		-1	-1		-1	-1		-1	-1		-1	0	99	0|-1	0|-1	0|-1	0|-1	0|-1	0|-1	0|-1	0|-1	0|-1	0|-1	1	0	
62	天降宝箱	-1	1	1	1230	1231	-1	-1	0	0	-1	-1	-1	-1	5	-1		-1	-1		-1	-1		-1	-1		-1	-1		-1	0	99	0|-1	0|-1	0|-1	0|-1	0|-1	0|-1	0|-1	0|-1	0|-1	0|-1	1	0	
63	天降宝箱	-1	1	1	1930	1931	-1	-1	0	0	-1	-1	-1	-1	5	-1		-1	-1		-1	-1		-1	-1		-1	-1		-1	0	99	0|-1	0|-1	0|-1	0|-1	0|-1	0|-1	0|-1	0|-1	0|-1	0|-1	1	0	
64	天降宝箱删除	-1	1	1	1300	1301	1300	1301	0	0	-1	-1	-1	-1	4|1	-1		-1	-1		-1	-1		-1	-1		-1	-1		-1	0	99	0|-1	0|-1	0|-1	0|-1	0|-1	0|-1	0|-1	0|-1	0|-1	0|-1	1	0	
65	天降宝箱删除	-1	1	1	2000	2001	2000	2001	0	0	-1	-1	-1	-1	4|1	-1		-1	-1		-1	-1		-1	-1		-1	-1		-1	0	99	0|-1	0|-1	0|-1	0|-1	0|-1	0|-1	0|-1	0|-1	0|-1	0|-1	1	0	
66	仙人谷随机BOSS	305031	1	1	400	401	400	401	0	0	-1	-1	-1	-1	4|1	-1		-1	-1		-1	-1		-1	-1		-1	-1		-1	-1	7	0|-1	0|-1	0|-1	0|-1	0|-1	0|-1	0|-1	0|-1	0|-1	0|-1	0	0	
67	仙人谷随机BOSS	305031	1	1	800	801	800	801	0	0	-1	-1	-1	-1	4|1	-1		-1	-1		-1	-1		-1	-1		-1	-1		-1	-1	7	0|-1	0|-1	0|-1	0|-1	0|-1	0|-1	0|-1	0|-1	0|-1	0|-1	0	0	
68	仙人谷随机BOSS	305031	1	1	1200	1201	1200	1201	0	0	-1	-1	-1	-1	4|1	-1		-1	-1		-1	-1		-1	-1		-1	-1		-1	-1	7	0|-1	0|-1	0|-1	0|-1	0|-1	0|-1	0|-1	0|-1	0|-1	0|-1	0	0	
69	仙人谷随机BOSS	305031	1	1	1600	1601	1600	1601	0	0	-1	-1	-1	-1	4|1	-1		-1	-1		-1	-1		-1	-1		-1	-1		-1	-1	7	0|-1	0|-1	0|-1	0|-1	0|-1	0|-1	0|-1	0|-1	0|-1	0|-1	0	0	
70	仙人谷随机BOSS	305031	1	1	2000	2001	2000	2001	0	0	-1	-1	-1	-1	4|1	-1		-1	-1		-1	-1		-1	-1		-1	-1		-1	-1	7	0|-1	0|-1	0|-1	0|-1	0|-1	0|-1	0|-1	0|-1	0|-1	0|-1	0	0	
71	粮仓随机BOSS	305030	1	1	400	401	400	401	0	0	-1	-1	-1	-1	4|1	-1		-1	-1		-1	-1		-1	-1		-1	-1		-1	0	99	87|4	187|3	287|2	387|1	0|-1	0|-1	0|-1	0|-1	0|-1	0|-1	0	0	
72	粮仓随机BOSS	305030	1	1	800	801	800	801	0	0	-1	-1	-1	-1	4|1	-1		-1	-1		-1	-1		-1	-1		-1	-1		-1	0	99	87|4	187|3	287|2	387|1	0|-1	0|-1	0|-1	0|-1	0|-1	0|-1	0	0	
73	粮仓随机BOSS	305030	1	1	1200	1201	1200	1201	0	0	-1	-1	-1	-1	4|1	-1		-1	-1		-1	-1		-1	-1		-1	-1		-1	0	99	87|4	187|3	287|2	387|1	0|-1	0|-1	0|-1	0|-1	0|-1	0|-1	0	0	
74	粮仓随机BOSS	305030	1	1	1600	1601	1600	1601	0	0	-1	-1	-1	-1	4|1	-1		-1	-1		-1	-1		-1	-1		-1	-1		-1	0	99	87|4	187|3	287|2	387|1	0|-1	0|-1	0|-1	0|-1	0|-1	0|-1	0	0	
75	粮仓随机BOSS	305030	1	1	2000	2001	2000	2001	0	0	-1	-1	-1	-1	4|1	-1		-1	-1		-1	-1		-1	-1		-1	-1		-1	0	99	87|4	187|3	287|2	387|1	0|-1	0|-1	0|-1	0|-1	0|-1	0|-1	0	0	
76	国王争夺战	-1	0	2	1345	1701	1345	1701	0	0	-1	-1	-1	-1	4|1	900	国王战场报名时间将在14：00开始，请参加报名的帮会做好准备！	1358	120	国王战场报名开始，请参加的帮会前往本国王城国家管理员处报名！	1401	5400	国王战场报名进行中，请参加报名的帮会前往国家管理员处报名参加！	1532	1800	国王战场报名进行中，请参加报名的帮会前往国家管理员处报名参加！	1603	3420	国王战场报名结束！	1701	0	99	0|1	0|-1	0|-1	0|-1	0|-1	0|-1	0|-1	0|-1	0|-1	0|-1	1	0	
77	乌龙辞典结束触发	310185	0	2	2000	2001	2000	2001	0	0	-1	-1	-1	-1	4|1	180		71400	-1		-1	-1		-1	-1		-1	-1		-1	0	99	0|1	50|1	150|1	250|1	350|1	0|-1	0|-1	0|-1	0|-1	0|-1	1	0	
78	排行榜挑战赛	-1	1	1	30	2331	30	2331	0	0	1	-1	-1	-1	4|1	1440	排行榜挑战赛火热角逐中！欢迎各位勇士到王国排行榜挑战赛主持人处了解详情！	2331	-1		-1	-1		-1	-1		-1	-1		-1	-2	99	0|-1	0|-1	0|-1	0|-1	0|-1	0|-1	0|-1	0|-1	0|-1	0|-1	1	0	
79	年兽活动1(过期，可替换，勿删)	-1	1	1	1459	1500	1459	1500	0	0	-1	-1	-1	-1	4|1	-1		-1	-1		-1	-1		-1	-1		-1	-1		-1	-2	99	0|-1	0|-1	0|-1	0|-1	0|-1	0|-1	0|-1	0|-1	0|-1	0|-1	1	0	
80	年兽活动2(过期，可替换，勿删)	-1	1	1	1859	1900	1859	1900	0	0	-1	-1	-1	-1	4|1	-1		-1	-1		-1	-1		-1	-1		-1	-1		-1	-2	99	0|-1	0|-1	0|-1	0|-1	0|-1	0|-1	0|-1	0|-1	0|-1	0|-1	1	0	
81	公交车bus	310081	1	1	1205	1216	1215	1245	0	0	-1	-1	-1	-1	4|1	601	玄武飞艇就要从王城南门驶出，请希望观光旅游的乘客到车站等候。	1214	60	玄武飞艇已经从王城南门驶出，请希望观光旅游的乘客到车站乘车。	1216	-1		-1	-1		-1	-1		-1	0	99	50|1	150|1	250|1	350|1	0|-1	0|-1	0|-1	0|-1	0|-1	0|-1	1	0	
82	公交车bus结束	310082	1	1	1245	1246	1245	1246	0	0	-1	-1	-1	-1	4|1	61	玄武飞艇已经结束发车，请等待下一次开车。	1246	-1		-1	-1		-1	-1		-1	-1		-1	0	99	50|1	150|1	250|1	350|1	0|-1	0|-1	0|-1	0|-1	0|-1	0|-1	1	0	
83	公交车bus	310081	1	1	1405	1416	1415	1445	0	0	-1	-1	-1	-1	4|1	601	玄武飞艇就要从王城南门驶出，请希望观光旅游的乘客到车站等候。	1414	60	玄武飞艇已经从王城南门驶出，请希望观光旅游的乘客到车站乘车。	1416	-1		-1	-1		-1	-1		-1	0	99	50|1	150|1	250|1	350|1	0|-1	0|-1	0|-1	0|-1	0|-1	0|-1	1	0	
84	公交车bus结束	310082	1	1	1445	1446	1445	1446	0	0	-1	-1	-1	-1	4|1	61	玄武飞艇已经结束发车，请等待下一次开车。	1446	-1		-1	-1		-1	-1		-1	-1		-1	0	99	50|1	150|1	250|1	350|1	0|-1	0|-1	0|-1	0|-1	0|-1	0|-1	1	0	
85	公交车bus	310081	1	1	1605	1616	1615	1645	0	0	-1	-1	-1	-1	4|1	601	玄武飞艇就要从王城南门驶出，请希望观光旅游的乘客到车站等候。	1614	60	玄武飞艇已经从王城南门驶出，请希望观光旅游的乘客到车站乘车。	1616	-1		-1	-1		-1	-1		-1	0	99	50|1	150|1	250|1	350|1	0|-1	0|-1	0|-1	0|-1	0|-1	0|-1	1	0	
86	公交车bus结束	310082	1	1	1645	1646	1645	1646	0	0	-1	-1	-1	-1	4|1	61	玄武飞艇已经结束发车，请等待下一次开车。	1646	-1		-1	-1		-1	-1		-1	-1		-1	0	99	50|1	150|1	250|1	350|1	0|-1	0|-1	0|-1	0|-1	0|-1	0|-1	1	0	
87	公交车bus	310081	1	1	1805	1816	1815	1845	0	0	-1	-1	-1	-1	4|1	601	玄武飞艇就要从王城南门驶出，请希望观光旅游的乘客到车站等候。	1814	60	玄武飞艇已经从王城南门驶出，请希望观光旅游的乘客到车站乘车。	1816	-1		-1	-1		-1	-1		-1	0	99	50|1	150|1	250|1	350|1	0|-1	0|-1	0|-1	0|-1	0|-1	0|-1	1	0	
88	公交车bus结束	310082	1	1	1845	1846	1845	1846	0	0	-1	-1	-1	-1	4|1	61	玄武飞艇已经结束发车，请等待下一次开车。	1846	-1		-1	-1		-1	-1		-1	-1		-1	0	99	50|1	150|1	250|1	350|1	0|-1	0|-1	0|-1	0|-1	0|-1	0|-1	1	0	
89	公交车bus	-1	1	1	1215	1216	-1	-1	0	0	-1	-1	-1	-1	5	61	玄武飞艇从王国王城南门驶出	1216	-1		-1	-1		-1	-1		-1	-1		-1	0	99	50|1	150|1	250|1	350|1	0|-1	0|-1	0|-1	0|-1	0|-1	0|-1	1	0	
90	公交车bus	-1	1	1	1415	1416	-1	-1	0	0	-1	-1	-1	-1	5	61	玄武飞艇从王国王城南门驶出	1416	-1		-1	-1		-1	-1		-1	-1		-1	0	99	50|1	150|1	250|1	350|1	0|-1	0|-1	0|-1	0|-1	0|-1	0|-1	1	0	
91	公交车bus	-1	1	1	1615	1616	-1	-1	0	0	-1	-1	-1	-1	5	61	玄武飞艇从王国王城南门驶出	1616	-1		-1	-1		-1	-1		-1	-1		-1	0	99	50|1	150|1	250|1	350|1	0|-1	0|-1	0|-1	0|-1	0|-1	0|-1	1	0	
92	公交车bus	-1	1	1	1815	1816	-1	-1	0	0	-1	-1	-1	-1	5	61	玄武飞艇从王国王城南门驶出	1816	-1		-1	-1		-1	-1		-1	-1		-1	0	99	50|1	150|1	250|1	350|1	0|-1	0|-1	0|-1	0|-1	0|-1	0|-1	1	0	
93	守护争夺战	-1	0	2	1930	2101	1930	2101	0	0	-1	-1	-1	-1	4|1	900	朱雀战场、青龙战场报名时间将在20：25开始，请参加报名的帮会做好准备！	2014	660	朱雀战场、青龙战场报名开始，请参加的帮会前往本国王城国家守护管理员处报名！	2026	300	朱雀战场、青龙战场报名进行中，请参加报名的帮会前往国家守护管理员处报名参加！	2035	300	朱雀战场、青龙战场报名进行中，请参加报名的帮会前往国家守护管理员处报名参加！	2035	300	朱雀战场、青龙战场报名结束！	2041	0	99	0|1	0|-1	0|-1	0|-1	0|-1	0|-1	0|-1	0|-1	0|-1	0|-1	1	0	
94	领地争夺战	-1	0	2	0	1	0	1	0	0	-1	-1	-1	-1	4|1	-1		-1	-1		-1	-1		-1	-1		-1	-1		-1	0	99	0|-1	0|-1	0|-1	0|-1	0|-1	0|-1	0|-1	0|-1	0|-1	0|-1	1	0	
95	领地争夺战	-1	0	2	0	1	0	1	0	0	-1	-1	-1	-1	4|1	-1		-1	-1		-1	-1		-1	-1		-1	-1		-1	0	99	0|-1	0|-1	0|-1	0|-1	0|-1	0|-1	0|-1	0|-1	0|-1	0|-1	1	0	
96	据点定时BOSS	305040	1	1	1030	1100	1030	1100	0	0	-1	-1	-1	-1	1	1801	魔君的部将们在凤翔府、阿尔金山、撒马尔罕、莫斯科公国、匈牙利、大马士革、对马岛、后花园等地出现！各位勇士速速前往将其剿灭！	2301	-1		-1	-1		-1	-1		-1	-1		-1	-2	99	0|-1	0|-1	0|-1	0|-1	0|-1	0|-1	0|-1	0|-1	0|-1	0|-1	1	0	
97	据点定时BOSS	-1	1	1	1030	1031	-1	-1	0	0	-1	-1	-1	-1	5	61	魔君部将出现!	2301	-1		-1	-1		-1	-1		-1	-1		-1	-2	99	0|-1	0|-1	0|-1	0|-1	0|-1	0|-1	0|-1	0|-1	0|-1	0|-1	1	0	
98	据点定时BOSS消失	-1	1	1	1100	1101	1100	1101	0	0	-1	-1	-1	-1	1	61	魔君部将们被全部击败，只留下他们那充满怨恨的诅咒：总有一天，魔君会降临并征服这整个世界......	1	-1		-1	-1		-1	-1		-1	-1		-1	-2	99	0|-1	0|-1	0|-1	0|-1	0|-1	0|-1	0|-1	0|-1	0|-1	0|-1	1	0	
99	据点定时BOSS	305040	1	1	1230	1300	1230	1300	0	0	-1	-1	-1	-1	1	1801	魔君的部将们在凤翔府、阿尔金山、撒马尔罕、莫斯科公国、匈牙利、大马士革、对马岛、后花园等地出现！各位勇士速速前往将其剿灭！	2301	-1		-1	-1		-1	-1		-1	-1		-1	-2	99	0|-1	0|-1	0|-1	0|-1	0|-1	0|-1	0|-1	0|-1	0|-1	0|-1	1	0	
100	据点定时BOSS	-1	1	1	1230	1231	-1	-1	0	0	-1	-1	-1	-1	5	61	魔君部将出现!	2301	-1		-1	-1		-1	-1		-1	-1		-1	-2	99	0|-1	0|-1	0|-1	0|-1	0|-1	0|-1	0|-1	0|-1	0|-1	0|-1	1	0	
101	据点定时BOSS消失	-1	1	1	1300	1301	1300	1301	0	0	-1	-1	-1	-1	1	61	魔君部将们被全部击败，只留下他们那充满怨恨的诅咒：总有一天，魔君会降临并征服这整个世界......	1	-1		-1	-1		-1	-1		-1	-1		-1	-2	99	0|-1	0|-1	0|-1	0|-1	0|-1	0|-1	0|-1	0|-1	0|-1	0|-1	1	0	
102	据点定时BOSS	305040	1	1	1430	1500	1430	1500	0	0	-1	-1	-1	-1	1	1801	魔君的部将们在凤翔府、阿尔金山、撒马尔罕、莫斯科公国、匈牙利、大马士革、对马岛、后花园等地出现！各位勇士速速前往将其剿灭！	2301	-1		-1	-1		-1	-1		-1	-1		-1	-2	99	0|-1	0|-1	0|-1	0|-1	0|-1	0|-1	0|-1	0|-1	0|-1	0|-1	1	0	
103	据点定时BOSS	-1	1	1	1430	1431	-1	-1	0	0	-1	-1	-1	-1	5	61	魔君部将出现!	2301	-1		-1	-1		-1	-1		-1	-1		-1	-2	99	0|-1	0|-1	0|-1	0|-1	0|-1	0|-1	0|-1	0|-1	0|-1	0|-1	1	0	
104	据点定时BOSS消失	-1	1	1	1500	1501	1500	1501	0	0	-1	-1	-1	-1	1	61	魔君部将们被全部击败，只留下他们那充满怨恨的诅咒：总有一天，魔君会降临并征服这整个世界......	1	-1		-1	-1		-1	-1		-1	-1		-1	-2	99	0|-1	0|-1	0|-1	0|-1	0|-1	0|-1	0|-1	0|-1	0|-1	0|-1	1	0	
105	据点定时BOSS	305040	1	1	1630	1700	1630	1700	0	0	-1	-1	-1	-1	1	1801	魔君的部将们在凤翔府、阿尔金山、撒马尔罕、莫斯科公国、匈牙利、大马士革、对马岛、后花园等地出现！各位勇士速速前往将其剿灭！	2301	-1		-1	-1		-1	-1		-1	-1		-1	-2	99	0|-1	0|-1	0|-1	0|-1	0|-1	0|-1	0|-1	0|-1	0|-1	0|-1	1	0	
106	据点定时BOSS	-1	1	1	1630	1631	-1	-1	0	0	-1	-1	-1	-1	5	61	魔君部将出现!	2301	-1		-1	-1		-1	-1		-1	-1		-1	-2	99	0|-1	0|-1	0|-1	0|-1	0|-1	0|-1	0|-1	0|-1	0|-1	0|-1	1	0	
107	据点定时BOSS消失	-1	1	1	1700	1701	1700	1701	0	0	-1	-1	-1	-1	1	61	魔君部将们被全部击败，只留下他们那充满怨恨的诅咒：总有一天，魔君会降临并征服这整个世界......	1	-1		-1	-1		-1	-1		-1	-1		-1	-2	99	0|-1	0|-1	0|-1	0|-1	0|-1	0|-1	0|-1	0|-1	0|-1	0|-1	1	0	
108	据点定时BOSS	305040	1	1	1830	1900	1830	1900	0	0	-1	-1	-1	-1	1	1801	魔君的部将们在凤翔府、阿尔金山、撒马尔罕、莫斯科公国、匈牙利、大马士革、对马岛、后花园等地出现！各位勇士速速前往将其剿灭！	2301	-1		-1	-1		-1	-1		-1	-1		-1	-2	99	0|-1	0|-1	0|-1	0|-1	0|-1	0|-1	0|-1	0|-1	0|-1	0|-1	1	0	
109	据点定时BOSS	-1	1	1	1830	1831	-1	-1	0	0	-1	-1	-1	-1	5	61	魔君部将出现!	2301	-1		-1	-1		-1	-1		-1	-1		-1	-2	99	0|-1	0|-1	0|-1	0|-1	0|-1	0|-1	0|-1	0|-1	0|-1	0|-1	1	0	
110	据点定时BOSS消失	-1	1	1	1900	1901	1900	1901	0	0	-1	-1	-1	-1	1	61	魔君部将们被全部击败，只留下他们那充满怨恨的诅咒：总有一天，魔君会降临并征服这整个世界......	1	-1		-1	-1		-1	-1		-1	-1		-1	-2	99	0|-1	0|-1	0|-1	0|-1	0|-1	0|-1	0|-1	0|-1	0|-1	0|-1	1	0	
111	据点定时BOSS	305040	1	1	2130	2200	2130	2200	0	0	-1	-1	-1	-1	1	1801	魔君的部将们在凤翔府、阿尔金山、撒马尔罕、莫斯科公国、匈牙利、大马士革、对马岛、后花园等地出现！各位勇士速速前往将其剿灭！	2301	-1		-1	-1		-1	-1		-1	-1		-1	-2	99	0|-1	0|-1	0|-1	0|-1	0|-1	0|-1	0|-1	0|-1	0|-1	0|-1	1	0	
112	据点定时BOSS	-1	1	1	2130	2131	-1	-1	0	0	-1	-1	-1	-1	5	61	魔君部将出现!	2301	-1		-1	-1		-1	-1		-1	-1		-1	-2	99	0|-1	0|-1	0|-1	0|-1	0|-1	0|-1	0|-1	0|-1	0|-1	0|-1	1	0	
113	据点定时BOSS消失	-1	1	1	2200	2201	2200	2201	0	0	-1	-1	-1	-1	1	61	魔君部将们被全部击败，只留下他们那充满怨恨的诅咒：总有一天，魔君会降临并征服这整个世界......	1	-1		-1	-1		-1	-1		-1	-1		-1	-2	99	0|-1	0|-1	0|-1	0|-1	0|-1	0|-1	0|-1	0|-1	0|-1	0|-1	1	0	
114	世界杯	300837	0	2	61629	61629	61629	61630	0	0	-1	-1	-1	-1	4|1	-1		-1	-1		-1	-1		-1	-1		-1	-1		-1	0	39	14|1	0|-1	0|-1	0|-1	0|-1	0|-1	0|-1	0|-1	0|-1	0|-1	0	0	
115	游乐场-暴龙开始	-1	0	2	61150	61151	-1	-1	0	0	-1	-1	-1	-1	4|1	61	暴龙大作战即将开始，各位玩家可以通过大都南的天上人间传送人（128，70）进入天上人间·麒麟，找到暴龙大作战发布人（70，59）参加精彩刺激的活动	61151	-1		-1	-1		-1	-1		-1	-1		-1	0	99	0|-1	0|-1	0|-1	0|-1	0|-1	0|-1	0|-1	0|-1	0|-1	0|-1	1	0	
116	游乐场-暴龙大作战	310320	0	2	61200	61201	61200	61201	0	0	-1	-1	-1	-1	4|1	-1	暴龙大作战开始了，大家可到暴龙大作战发布人（70，59）处准备领取任务！	61201	-1		-1	-1		-1	-1		-1	-1		-1	0	39	39|1	0|-1	0|-1	0|-1	0|-1	0|-1	0|-1	0|-1	0|-1	0|-1	1	0	39
117	游乐场-暴龙结束	-1	0	2	61210	61211	-1	-1	0	0	-1	-1	-1	-1	4|1	61		-1	-1		-1	-1		-1	-1		-1	-1		-1	0	39	39|1	0|-1	0|-1	0|-1	0|-1	0|-1	0|-1	0|-1	0|-1	0|-1	1	0	39
118	游乐场-暴龙开始	-1	0	2	61250	61251	-1	-1	0	0	-1	-1	-1	-1	4|1	61	暴龙大作战即将开始，各位玩家可以通过大都南的天上人间传送人（128，70）进入天上人间·麒麟，找到暴龙大作战发布人（70，59）参加精彩刺激的活动	61251	-1		-1	-1		-1	-1		-1	-1		-1	0	99	0|-1	0|-1	0|-1	0|-1	0|-1	0|-1	0|-1	0|-1	0|-1	0|-1	1	0	
119	游乐场-暴龙大作战	310320	0	2	61300	61301	61300	61301	0	0	-1	-1	-1	-1	4|1	-1	暴龙大作战开始了，大家可到暴龙大作战发布人（70，59）处准备领取任务！	61301	-1		-1	-1		-1	-1		-1	-1		-1	0	39	39|1	0|-1	0|-1	0|-1	0|-1	0|-1	0|-1	0|-1	0|-1	0|-1	1	0	39
120	游乐场-暴龙结束	-1	0	2	61310	61311	-1	-1	0	0	-1	-1	-1	-1	4|1	61		-1	-1		-1	-1		-1	-1		-1	-1		-1	0	39	39|1	0|-1	0|-1	0|-1	0|-1	0|-1	0|-1	0|-1	0|-1	0|-1	1	0	39
121	游乐场-暴龙开始	-1	0	2	61350	61351	-1	-1	0	0	-1	-1	-1	-1	4|1	61	暴龙大作战即将开始，各位玩家可以通过大都南的天上人间传送人（128，70）进入天上人间·麒麟，找到暴龙大作战发布人（70，59）参加精彩刺激的活动	61351	-1		-1	-1		-1	-1		-1	-1		-1	0	99	0|-1	0|-1	0|-1	0|-1	0|-1	0|-1	0|-1	0|-1	0|-1	0|-1	1	0	
122	游乐场-暴龙大作战	310320	0	2	61400	61401	61400	61401	0	0	-1	-1	-1	-1	4|1	-1	暴龙大作战开始了，大家可到暴龙大作战发布人（70，59）处准备领取任务！	61401	-1		-1	-1		-1	-1		-1	-1		-1	0	39	39|1	0|-1	0|-1	0|-1	0|-1	0|-1	0|-1	0|-1	0|-1	0|-1	1	0	39
123	游乐场-暴龙结束	-1	0	2	61410	61411	-1	-1	0	0	-1	-1	-1	-1	4|1	61		-1	-1		-1	-1		-1	-1		-1	-1		-1	0	39	39|1	0|-1	0|-1	0|-1	0|-1	0|-1	0|-1	0|-1	0|-1	0|-1	1	0	39
124	游乐场-暴龙开始	-1	0	2	61450	61451	-1	-1	0	0	-1	-1	-1	-1	4|1	61	暴龙大作战即将开始，各位玩家可以通过大都南的天上人间传送人（128，70）进入天上人间·麒麟，找到暴龙大作战发布人（70，59）参加精彩刺激的活动	61451	-1		-1	-1		-1	-1		-1	-1		-1	0	99	0|-1	0|-1	0|-1	0|-1	0|-1	0|-1	0|-1	0|-1	0|-1	0|-1	1	0	
125	游乐场-暴龙大作战	310320	0	2	61500	61501	61500	61501	0	0	-1	-1	-1	-1	4|1	-1	暴龙大作战开始了，大家可到暴龙大作战发布人（70，59）处准备领取任务！	61501	-1		-1	-1		-1	-1		-1	-1		-1	0	39	39|1	0|-1	0|-1	0|-1	0|-1	0|-1	0|-1	0|-1	0|-1	0|-1	1	0	39
126	游乐场-暴龙结束	-1	0	2	61510	61511	-1	-1	0	0	-1	-1	-1	-1	4|1	61		-1	-1		-1	-1		-1	-1		-1	-1		-1	0	39	39|1	0|-1	0|-1	0|-1	0|-1	0|-1	0|-1	0|-1	0|-1	0|-1	1	0	39
127	游乐场-暴龙开始	-1	0	2	61550	61551	-1	-1	0	0	-1	-1	-1	-1	4|1	61	暴龙大作战即将开始，各位玩家可以通过大都南的天上人间传送人（128，70）进入天上人间·麒麟，找到暴龙大作战发布人（70，59）参加精彩刺激的活动	61551	-1		-1	-1		-1	-1		-1	-1		-1	0	99	0|-1	0|-1	0|-1	0|-1	0|-1	0|-1	0|-1	0|-1	0|-1	0|-1	1	0	
128	游乐场-暴龙大作战	310320	0	2	61600	61601	61600	61601	0	0	-1	-1	-1	-1	4|1	-1	暴龙大作战开始了，大家可到暴龙大作战发布人（70，59）处准备领取任务！	61601	-1		-1	-1		-1	-1		-1	-1		-1	0	39	39|1	0|-1	0|-1	0|-1	0|-1	0|-1	0|-1	0|-1	0|-1	0|-1	1	0	39
129	游乐场-暴龙结束	-1	0	2	61610	61611	-1	-1	0	0	-1	-1	-1	-1	4|1	61		-1	-1		-1	-1		-1	-1		-1	-1		-1	0	39	39|1	0|-1	0|-1	0|-1	0|-1	0|-1	0|-1	0|-1	0|-1	0|-1	1	0	39
130	游乐场-暴龙开始	-1	0	2	61650	61651	-1	-1	0	0	-1	-1	-1	-1	4|1	61	暴龙大作战即将开始，各位玩家可以通过大都南的天上人间传送人（128，70）进入天上人间·麒麟，找到暴龙大作战发布人（70，59）参加精彩刺激的活动	61651	-1		-1	-1		-1	-1		-1	-1		-1	0	99	0|-1	0|-1	0|-1	0|-1	0|-1	0|-1	0|-1	0|-1	0|-1	0|-1	1	0	
131	游乐场-暴龙大作战	310320	0	2	61700	61701	61700	61701	0	0	-1	-1	-1	-1	4|1	-1	暴龙大作战开始了，大家可到暴龙大作战发布人（70，59）处准备领取任务！	61701	-1		-1	-1		-1	-1		-1	-1		-1	0	39	39|1	0|-1	0|-1	0|-1	0|-1	0|-1	0|-1	0|-1	0|-1	0|-1	1	0	39
132	游乐场-暴龙结束	-1	0	2	61710	61711	-1	-1	0	0	-1	-1	-1	-1	4|1	61		-1	-1		-1	-1		-1	-1		-1	-1		-1	0	39	39|1	0|-1	0|-1	0|-1	0|-1	0|-1	0|-1	0|-1	0|-1	0|-1	1	0	39
133	游乐场-暴龙开始	-1	0	2	61750	61751	-1	-1	0	0	-1	-1	-1	-1	4|1	61	暴龙大作战即将开始，各位玩家可以通过大都南的天上人间传送人（128，70）进入天上人间·麒麟，找到暴龙大作战发布人（70，59）参加精彩刺激的活动	61751	-1		-1	-1		-1	-1		-1	-1		-1	0	99	0|-1	0|-1	0|-1	0|-1	0|-1	0|-1	0|-1	0|-1	0|-1	0|-1	1	0	
134	游乐场-暴龙大作战	310320	0	2	61800	61801	61800	61801	0	0	-1	-1	-1	-1	4|1	-1	暴龙大作战开始了，大家可到暴龙大作战发布人（70，59）处准备领取任务！	61801	-1		-1	-1		-1	-1		-1	-1		-1	0	39	39|1	0|-1	0|-1	0|-1	0|-1	0|-1	0|-1	0|-1	0|-1	0|-1	1	0	39
135	游乐场-暴龙结束	-1	0	2	61810	61811	-1	-1	0	0	-1	-1	-1	-1	4|1	61		-1	-1		-1	-1		-1	-1		-1	-1		-1	0	39	39|1	0|-1	0|-1	0|-1	0|-1	0|-1	0|-1	0|-1	0|-1	0|-1	1	0	39
136	游乐场-暴龙开始	-1	0	2	61850	61851	-1	-1	0	0	-1	-1	-1	-1	4|1	61	暴龙大作战即将开始，各位玩家可以通过大都南的天上人间传送人（128，70）进入天上人间·麒麟，找到暴龙大作战发布人（70，59）参加精彩刺激的活动	61851	-1		-1	-1		-1	-1		-1	-1		-1	0	99	0|-1	0|-1	0|-1	0|-1	0|-1	0|-1	0|-1	0|-1	0|-1	0|-1	1	0	
137	游乐场-暴龙大作战	310320	0	2	61900	61901	61900	61901	0	0	-1	-1	-1	-1	4|1	-1	暴龙大作战开始了，大家可到暴龙大作战发布人（70，59）处准备领取任务！	61901	-1		-1	-1		-1	-1		-1	-1		-1	0	39	39|1	0|-1	0|-1	0|-1	0|-1	0|-1	0|-1	0|-1	0|-1	0|-1	1	0	39
138	游乐场-暴龙结束	-1	0	2	61910	61911	-1	-1	0	0	-1	-1	-1	-1	4|1	61		-1	-1		-1	-1		-1	-1		-1	-1		-1	0	39	39|1	0|-1	0|-1	0|-1	0|-1	0|-1	0|-1	0|-1	0|-1	0|-1	1	0	39
139	游乐场-暴龙开始	-1	0	2	61950	61951	-1	-1	0	0	-1	-1	-1	-1	4|1	61	暴龙大作战即将开始，各位玩家可以通过大都南的天上人间传送人（128，70）进入天上人间·麒麟，找到暴龙大作战发布人（70，59）参加精彩刺激的活动	61951	-1		-1	-1		-1	-1		-1	-1		-1	0	99	0|-1	0|-1	0|-1	0|-1	0|-1	0|-1	0|-1	0|-1	0|-1	0|-1	1	0	
140	游乐场-暴龙大作战	310320	0	2	62000	62001	62000	62001	0	0	-1	-1	-1	-1	4|1	-1	暴龙大作战开始了，大家可到暴龙大作战发布人（70，59）处准备领取任务！	62001	-1		-1	-1		-1	-1		-1	-1		-1	0	39	39|1	0|-1	0|-1	0|-1	0|-1	0|-1	0|-1	0|-1	0|-1	0|-1	1	0	39
141	游乐场-暴龙结束	-1	0	2	62010	62011	-1	-1	0	0	-1	-1	-1	-1	4|1	61		-1	-1		-1	-1		-1	-1		-1	-1		-1	0	39	39|1	0|-1	0|-1	0|-1	0|-1	0|-1	0|-1	0|-1	0|-1	0|-1	1	0	39
142	游乐场-暴龙开始	-1	0	2	62050	62051	-1	-1	0	0	-1	-1	-1	-1	4|1	61	暴龙大作战即将开始，各位玩家可以通过大都南的天上人间传送人（128，70）进入天上人间·麒麟，找到暴龙大作战发布人（70，59）参加精彩刺激的活动	62051	-1		-1	-1		-1	-1		-1	-1		-1	0	99	0|-1	0|-1	0|-1	0|-1	0|-1	0|-1	0|-1	0|-1	0|-1	0|-1	1	0	
143	游乐场-暴龙大作战	310320	0	2	62100	62101	62100	62101	0	0	-1	-1	-1	-1	4|1	-1	暴龙大作战开始了，大家可到暴龙大作战发布人（70，59）处准备领取任务！	62101	-1		-1	-1		-1	-1		-1	-1		-1	0	39	39|1	0|-1	0|-1	0|-1	0|-1	0|-1	0|-1	0|-1	0|-1	0|-1	1	0	39
144	游乐场-暴龙结束	-1	0	2	62110	62111	-1	-1	0	0	-1	-1	-1	-1	4|1	61		-1	-1		-1	-1		-1	-1		-1	-1		-1	0	39	39|1	0|-1	0|-1	0|-1	0|-1	0|-1	0|-1	0|-1	0|-1	0|-1	1	0	39
145	游乐场-暴龙开始	-1	0	2	62150	62151	-1	-1	0	0	-1	-1	-1	-1	4|1	61	暴龙大作战即将开始，各位玩家可以通过大都南的天上人间传送人（128，70）进入天上人间·麒麟，找到暴龙大作战发布人（70，59）参加精彩刺激的活动	62151	-1		-1	-1		-1	-1		-1	-1		-1	0	99	0|-1	0|-1	0|-1	0|-1	0|-1	0|-1	0|-1	0|-1	0|-1	0|-1	1	0	
146	游乐场-暴龙大作战	310320	0	2	62200	62201	62200	62201	0	0	-1	-1	-1	-1	4|1	-1	暴龙大作战开始了，大家可到暴龙大作战发布人（70，59）处准备领取任务！	62201	-1		-1	-1		-1	-1		-1	-1		-1	0	39	39|1	0|-1	0|-1	0|-1	0|-1	0|-1	0|-1	0|-1	0|-1	0|-1	1	0	39
147	游乐场-暴龙结束	-1	0	2	62210	62211	-1	-1	0	0	-1	-1	-1	-1	4|1	61		-1	-1		-1	-1		-1	-1		-1	-1		-1	0	39	39|1	0|-1	0|-1	0|-1	0|-1	0|-1	0|-1	0|-1	0|-1	0|-1	1	0	39
148	游乐场-疯狂的箱子	-1	0	2	61225	61226	-1	-1	0	0	-1	-1	-1	-1	4|1	61	疯狂的宝箱即将开始，各位玩家可以通过大都南的天上人间传送人（128，70）进入天上人间·麒麟，找到疯狂的宝箱发布人（128，118）参加精彩刺激的活动！	61226	-1		-1	-1		-1	-1		-1	-1		-1	0	99	0|-1	0|-1	0|-1	0|-1	0|-1	0|-1	0|-1	0|-1	0|-1	0|-1	1	0	
149	游乐场-疯狂的箱子	310324	0	2	61235	61236	61235	61236	0	0	-1	-1	-1	-1	4|1	61	疯狂的箱子出现在天上人间?麒麟中的摩天轮区、旋转木马区、暴龙区和海盗船区！	61236	-1		-1	-1		-1	-1		-1	-1		-1	0	39	39|1	0|-1	0|-1	0|-1	0|-1	0|-1	0|-1	0|-1	0|-1	0|-1	1	0	39
150	游乐场-疯狂的箱子	310325	0	2	61250	61251	61250	61251	0	0	-1	-1	-1	-1	4|1	61	疯狂的箱子已经消失了	61251	-1		-1	-1		-1	-1		-1	-1		-1	0	39	39|1	0|-1	0|-1	0|-1	0|-1	0|-1	0|-1	0|-1	0|-1	0|-1	1	0	39
151	游乐场-疯狂的箱子	-1	0	2	61325	61326	-1	-1	0	0	-1	-1	-1	-1	4|1	61	疯狂的宝箱即将开始，各位玩家可以通过大都南的天上人间传送人（128，70）进入天上人间·麒麟，找到疯狂的宝箱发布人（128，118）参加精彩刺激的活动！	61326	-1		-1	-1		-1	-1		-1	-1		-1	0	99	0|-1	0|-1	0|-1	0|-1	0|-1	0|-1	0|-1	0|-1	0|-1	0|-1	1	0	
152	游乐场-疯狂的箱子	310324	0	2	61335	61336	61335	61336	0	0	-1	-1	-1	-1	4|1	61	疯狂的箱子出现在天上人间?麒麟中的摩天轮区、旋转木马区、暴龙区和海盗船区！	61336	-1		-1	-1		-1	-1		-1	-1		-1	0	39	39|1	0|-1	0|-1	0|-1	0|-1	0|-1	0|-1	0|-1	0|-1	0|-1	1	0	39
153	游乐场-疯狂的箱子	310325	0	2	61350	61351	61350	61351	0	0	-1	-1	-1	-1	4|1	61	疯狂的箱子已经消失了	61351	-1		-1	-1		-1	-1		-1	-1		-1	0	39	39|1	0|-1	0|-1	0|-1	0|-1	0|-1	0|-1	0|-1	0|-1	0|-1	1	0	39
154	游乐场-疯狂的箱子	-1	0	2	61425	61426	-1	-1	0	0	-1	-1	-1	-1	4|1	61	疯狂的宝箱即将开始，各位玩家可以通过大都南的天上人间传送人（128，70）进入天上人间·麒麟，找到疯狂的宝箱发布人（128，118）参加精彩刺激的活动！	61426	-1		-1	-1		-1	-1		-1	-1		-1	0	99	0|-1	0|-1	0|-1	0|-1	0|-1	0|-1	0|-1	0|-1	0|-1	0|-1	1	0	
155	游乐场-疯狂的箱子	310324	0	2	61435	61436	61435	61436	0	0	-1	-1	-1	-1	4|1	61	疯狂的箱子出现在天上人间?麒麟中的摩天轮区、旋转木马区、暴龙区和海盗船区！	61436	-1		-1	-1		-1	-1		-1	-1		-1	0	39	39|1	0|-1	0|-1	0|-1	0|-1	0|-1	0|-1	0|-1	0|-1	0|-1	1	0	39
156	游乐场-疯狂的箱子	310325	0	2	61450	61451	61450	61451	0	0	-1	-1	-1	-1	4|1	61	疯狂的箱子已经消失了	61451	-1		-1	-1		-1	-1		-1	-1		-1	0	39	39|1	0|-1	0|-1	0|-1	0|-1	0|-1	0|-1	0|-1	0|-1	0|-1	1	0	39
157	游乐场-疯狂的箱子	-1	0	2	61525	61526	-1	-1	0	0	-1	-1	-1	-1	4|1	61	疯狂的宝箱即将开始，各位玩家可以通过大都南的天上人间传送人（128，70）进入天上人间·麒麟，找到疯狂的宝箱发布人（128，118）参加精彩刺激的活动！	61526	-1		-1	-1		-1	-1		-1	-1		-1	0	99	0|-1	0|-1	0|-1	0|-1	0|-1	0|-1	0|-1	0|-1	0|-1	0|-1	1	0	
158	游乐场-疯狂的箱子	310324	0	2	61535	61536	61535	61536	0	0	-1	-1	-1	-1	4|1	61	疯狂的箱子出现在天上人间?麒麟中的摩天轮区、旋转木马区、暴龙区和海盗船区！	61536	-1		-1	-1		-1	-1		-1	-1		-1	0	39	39|1	0|-1	0|-1	0|-1	0|-1	0|-1	0|-1	0|-1	0|-1	0|-1	1	0	39
159	游乐场-疯狂的箱子	310325	0	2	61550	61551	61550	61551	0	0	-1	-1	-1	-1	4|1	61	疯狂的箱子已经消失了	61551	-1		-1	-1		-1	-1		-1	-1		-1	0	39	39|1	0|-1	0|-1	0|-1	0|-1	0|-1	0|-1	0|-1	0|-1	0|-1	1	0	39
160	游乐场-疯狂的箱子	-1	0	2	61625	61626	-1	-1	0	0	-1	-1	-1	-1	4|1	61	疯狂的宝箱即将开始，各位玩家可以通过大都南的天上人间传送人（128，70）进入天上人间·麒麟，找到疯狂的宝箱发布人（128，118）参加精彩刺激的活动！	61626	-1		-1	-1		-1	-1		-1	-1		-1	0	99	0|-1	0|-1	0|-1	0|-1	0|-1	0|-1	0|-1	0|-1	0|-1	0|-1	1	0	
161	游乐场-疯狂的箱子	310324	0	2	61635	61636	61635	61636	0	0	-1	-1	-1	-1	4|1	61	疯狂的箱子出现在天上人间?麒麟中的摩天轮区、旋转木马区、暴龙区和海盗船区！	61636	-1		-1	-1		-1	-1		-1	-1		-1	0	39	39|1	0|-1	0|-1	0|-1	0|-1	0|-1	0|-1	0|-1	0|-1	0|-1	1	0	39
162	游乐场-疯狂的箱子	310325	0	2	61650	61651	61650	61651	0	0	-1	-1	-1	-1	4|1	61	疯狂的箱子已经消失了	61651	-1		-1	-1		-1	-1		-1	-1		-1	0	39	39|1	0|-1	0|-1	0|-1	0|-1	0|-1	0|-1	0|-1	0|-1	0|-1	1	0	39
163	游乐场-疯狂的箱子	-1	0	2	61725	61726	-1	-1	0	0	-1	-1	-1	-1	4|1	61	疯狂的宝箱即将开始，各位玩家可以通过大都南的天上人间传送人（128，70）进入天上人间·麒麟，找到疯狂的宝箱发布人（128，118）参加精彩刺激的活动！	61726	-1		-1	-1		-1	-1		-1	-1		-1	0	99	0|-1	0|-1	0|-1	0|-1	0|-1	0|-1	0|-1	0|-1	0|-1	0|-1	1	0	
164	游乐场-疯狂的箱子	310324	0	2	61735	61736	61735	61736	0	0	-1	-1	-1	-1	4|1	61	疯狂的箱子出现在天上人间?麒麟中的摩天轮区、旋转木马区、暴龙区和海盗船区！	61736	-1		-1	-1		-1	-1		-1	-1		-1	0	39	39|1	0|-1	0|-1	0|-1	0|-1	0|-1	0|-1	0|-1	0|-1	0|-1	1	0	39
165	游乐场-疯狂的箱子	310325	0	2	61750	61751	61750	61751	0	0	-1	-1	-1	-1	4|1	61	疯狂的箱子已经消失了	61751	-1		-1	-1		-1	-1		-1	-1		-1	0	39	39|1	0|-1	0|-1	0|-1	0|-1	0|-1	0|-1	0|-1	0|-1	0|-1	1	0	39
166	游乐场-疯狂的箱子	-1	0	2	61825	61826	-1	-1	0	0	-1	-1	-1	-1	4|1	61	疯狂的宝箱即将开始，各位玩家可以通过大都南的天上人间传送人（128，70）进入天上人间·麒麟，找到疯狂的宝箱发布人（128，118）参加精彩刺激的活动！	61826	-1		-1	-1		-1	-1		-1	-1		-1	0	99	0|-1	0|-1	0|-1	0|-1	0|-1	0|-1	0|-1	0|-1	0|-1	0|-1	1	0	
167	游乐场-疯狂的箱子	310324	0	2	61835	61836	61835	61836	0	0	-1	-1	-1	-1	4|1	61	疯狂的箱子出现在天上人间?麒麟中的摩天轮区、旋转木马区、暴龙区和海盗船区！	61836	-1		-1	-1		-1	-1		-1	-1		-1	0	39	39|1	0|-1	0|-1	0|-1	0|-1	0|-1	0|-1	0|-1	0|-1	0|-1	1	0	39
168	游乐场-疯狂的箱子	310325	0	2	61850	61851	61850	61851	0	0	-1	-1	-1	-1	4|1	61	疯狂的箱子已经消失了	61851	-1		-1	-1		-1	-1		-1	-1		-1	0	39	39|1	0|-1	0|-1	0|-1	0|-1	0|-1	0|-1	0|-1	0|-1	0|-1	1	0	39
169	游乐场-疯狂的箱子	-1	0	2	61925	61926	-1	-1	0	0	-1	-1	-1	-1	4|1	61	疯狂的宝箱即将开始，各位玩家可以通过大都南的天上人间传送人（128，70）进入天上人间·麒麟，找到疯狂的宝箱发布人（128，118）参加精彩刺激的活动！	61926	-1		-1	-1		-1	-1		-1	-1		-1	0	99	0|-1	0|-1	0|-1	0|-1	0|-1	0|-1	0|-1	0|-1	0|-1	0|-1	1	0	
170	游乐场-疯狂的箱子	310324	0	2	61935	61936	61935	61936	0	0	-1	-1	-1	-1	4|1	61	疯狂的箱子出现在天上人间?麒麟中的摩天轮区、旋转木马区、暴龙区和海盗船区！	61936	-1		-1	-1		-1	-1		-1	-1		-1	0	39	39|1	0|-1	0|-1	0|-1	0|-1	0|-1	0|-1	0|-1	0|-1	0|-1	1	0	39
171	游乐场-疯狂的箱子	310325	0	2	61950	61951	61950	61951	0	0	-1	-1	-1	-1	4|1	61	疯狂的箱子已经消失了	61951	-1		-1	-1		-1	-1		-1	-1		-1	0	39	39|1	0|-1	0|-1	0|-1	0|-1	0|-1	0|-1	0|-1	0|-1	0|-1	1	0	39
172	游乐场-疯狂的箱子	-1	0	2	62025	62026	-1	-1	0	0	-1	-1	-1	-1	4|1	61	疯狂的宝箱即将开始，各位玩家可以通过大都南的天上人间传送人（128，70）进入天上人间·麒麟，找到疯狂的宝箱发布人（128，118）参加精彩刺激的活动！	62026	-1		-1	-1		-1	-1		-1	-1		-1	0	99	0|-1	0|-1	0|-1	0|-1	0|-1	0|-1	0|-1	0|-1	0|-1	0|-1	1	0	
173	游乐场-疯狂的箱子	310324	0	2	62035	62036	62035	62036	0	0	-1	-1	-1	-1	4|1	61	疯狂的箱子出现在天上人间?麒麟中的摩天轮区、旋转木马区、暴龙区和海盗船区！	62036	-1		-1	-1		-1	-1		-1	-1		-1	0	39	39|1	0|-1	0|-1	0|-1	0|-1	0|-1	0|-1	0|-1	0|-1	0|-1	1	0	39
174	游乐场-疯狂的箱子	310325	0	2	62050	62051	62050	62051	0	0	-1	-1	-1	-1	4|1	61	疯狂的箱子已经消失了	62051	-1		-1	-1		-1	-1		-1	-1		-1	0	39	39|1	0|-1	0|-1	0|-1	0|-1	0|-1	0|-1	0|-1	0|-1	0|-1	1	0	39
175	游乐场-疯狂的箱子	-1	0	2	62125	62126	-1	-1	0	0	-1	-1	-1	-1	4|1	61	疯狂的宝箱即将开始，各位玩家可以通过大都南的天上人间传送人（128，70）进入天上人间·麒麟，找到疯狂的宝箱发布人（128，118）参加精彩刺激的活动！	62126	-1		-1	-1		-1	-1		-1	-1		-1	0	99	0|-1	0|-1	0|-1	0|-1	0|-1	0|-1	0|-1	0|-1	0|-1	0|-1	1	0	
176	游乐场-疯狂的箱子	310324	0	2	62135	62136	62135	62136	0	0	-1	-1	-1	-1	4|1	61	疯狂的箱子出现在天上人间?麒麟中的摩天轮区、旋转木马区、暴龙区和海盗船区！	62136	-1		-1	-1		-1	-1		-1	-1		-1	0	39	39|1	0|-1	0|-1	0|-1	0|-1	0|-1	0|-1	0|-1	0|-1	0|-1	1	0	39
177	游乐场-疯狂的箱子	310325	0	2	62150	62151	62150	62151	0	0	-1	-1	-1	-1	4|1	61	疯狂的箱子已经消失了	62151	-1		-1	-1		-1	-1		-1	-1		-1	0	39	39|1	0|-1	0|-1	0|-1	0|-1	0|-1	0|-1	0|-1	0|-1	0|-1	1	0	39
178	游乐场-疯狂的箱子	-1	0	2	62225	62226	-1	-1	0	0	-1	-1	-1	-1	4|1	61	疯狂的宝箱即将开始，各位玩家可以通过大都南的天上人间传送人（128，70）进入天上人间·麒麟，找到疯狂的宝箱发布人（128，118）参加精彩刺激的活动！	62226	-1		-1	-1		-1	-1		-1	-1		-1	0	99	0|-1	0|-1	0|-1	0|-1	0|-1	0|-1	0|-1	0|-1	0|-1	0|-1	1	0	
179	游乐场-疯狂的箱子	310324	0	2	62235	62236	62235	62236	0	0	-1	-1	-1	-1	4|1	61	疯狂的箱子出现在天上人间?麒麟中的摩天轮区、旋转木马区、暴龙区和海盗船区！	62236	-1		-1	-1		-1	-1		-1	-1		-1	0	39	39|1	0|-1	0|-1	0|-1	0|-1	0|-1	0|-1	0|-1	0|-1	0|-1	1	0	39
180	游乐场-疯狂的箱子	310325	0	2	62250	62251	62250	62251	0	0	-1	-1	-1	-1	4|1	61	疯狂的箱子已经消失了	62251	-1		-1	-1		-1	-1		-1	-1		-1	0	39	39|1	0|-1	0|-1	0|-1	0|-1	0|-1	0|-1	0|-1	0|-1	0|-1	1	0	39
181	游乐场-彩票	310338	0	2	52359	60000	52359	60000	0	0	-1	-1	-1	-1	4|1	-1	-1	-1	-1		-1	-1		-1	-1		-1	-1		-1	0	99	39|1	0|-1	0|-1	0|-1	0|-1	0|-1	0|-1	0|-1	0|-1	0|-1	1	0	39
182	游乐场-彩票	310338	0	2	61030	61031	61030	61031	0	1	-1	-1	-1	-1	4|1	-1	-1	-1	-1		-1	-1		-1	-1		-1	-1		-1	0	99	39|1	0|-1	0|-1	0|-1	0|-1	0|-1	0|-1	0|-1	0|-1	0|-1	1	0	39
183	游乐场-彩票	310338	0	2	61230	61231	61230	61231	0	2	-1	-1	-1	-1	4|1	-1	-1	-1	-1		-1	-1		-1	-1		-1	-1		-1	0	99	39|1	0|-1	0|-1	0|-1	0|-1	0|-1	0|-1	0|-1	0|-1	0|-1	1	0	39
184	游乐场-彩票	310338	0	2	61430	61431	61430	61431	0	3	-1	-1	-1	-1	4|1	-1	-1	-1	-1		-1	-1		-1	-1		-1	-1		-1	0	99	39|1	0|-1	0|-1	0|-1	0|-1	0|-1	0|-1	0|-1	0|-1	0|-1	1	0	39
185	游乐场-彩票	310338	0	2	61630	61631	61630	61631	0	4	-1	-1	-1	-1	4|1	-1	-1	-1	-1		-1	-1		-1	-1		-1	-1		-1	0	99	39|1	0|-1	0|-1	0|-1	0|-1	0|-1	0|-1	0|-1	0|-1	0|-1	1	0	39
186	游乐场-彩票	310338	0	2	61830	61831	61830	61831	0	5	-1	-1	-1	-1	4|1	-1	-1	-1	-1		-1	-1		-1	-1		-1	-1		-1	0	99	39|1	0|-1	0|-1	0|-1	0|-1	0|-1	0|-1	0|-1	0|-1	0|-1	1	0	39
187	游乐场-彩票	310338	0	2	62030	62031	62030	62031	0	6	-1	-1	-1	-1	4|1	-1	-1	-1	-1		-1	-1		-1	-1		-1	-1		-1	0	99	39|1	0|-1	0|-1	0|-1	0|-1	0|-1	0|-1	0|-1	0|-1	0|-1	1	0	39
188	游乐场-彩票	310338	0	2	62230	62231	62230	62231	0	7	-1	-1	-1	-1	4|1	-1	-1	-1	-1		-1	-1		-1	-1		-1	-1		-1	0	99	39|1	0|-1	0|-1	0|-1	0|-1	0|-1	0|-1	0|-1	0|-1	0|-1	1	0	39
189	游乐场关闭	310342	0	2	62250	62251	62300	62301	0	0	-1	-1	-1	-1	4|1	61	天上人间·麒麟即将关闭，欢迎您下次再来。	62251	-1		-1	-1		-1	-1		-1	-1		-1	0	39	39|1	0|-1	0|-1	0|-1	0|-1	0|-1	0|-1	0|-1	0|-1	0|-1	1	0	39
190	游乐场全民狂欢	310341	0	2	60900	60901	60900	60901	0	0	-1	-1	-1	-1	4|1	61	魔女艾丽西丝的水晶球又丢失了，请各位游客帮忙找寻回来。	60901	-1		-1	-1		-1	-1		-1	-1		-1	0	99	39|1	0|-1	0|-1	0|-1	0|-1	0|-1	0|-1	0|-1	0|-1	0|-1	1	0	39
191	游乐场全民狂欢	310341	0	2	62250	62251	62250	62251	0	1	-1	-1	-1	-1	4|1	61	魔女艾丽西丝的水晶球都被找回了，谢谢大家的努力。	62251	-1		-1	-1		-1	-1		-1	-1		-1	0	99	39|1	0|-1	0|-1	0|-1	0|-1	0|-1	0|-1	0|-1	0|-1	0|-1	1	0	39
192	游乐场-暴龙开始	-1	0	2	1150	1151	-1	-1	0	0	-1	-1	-1	-1	4|1	61	暴龙大作战即将开始，各位玩家可以通过大都南的天上人间传送人（128，70）进入天上人间·麒麟，找到暴龙大作战发布人（70，59）参加精彩刺激的活动	1151	-1		-1	-1		-1	-1		-1	-1		-1	0	99	0|-1	0|-1	0|-1	0|-1	0|-1	0|-1	0|-1	0|-1	0|-1	0|-1	1	0	
193	游乐场-暴龙大作战	310320	0	2	1200	1201	1200	1201	0	0	-1	-1	-1	-1	4|1	-1	暴龙大作战开始了，大家可到暴龙大作战发布人（70，59）处准备领取任务！	1201	-1		-1	-1		-1	-1		-1	-1		-1	0	39	39|1	0|-1	0|-1	0|-1	0|-1	0|-1	0|-1	0|-1	0|-1	0|-1	1	0	39
194	游乐场-暴龙结束	-1	0	2	1210	1211	-1	-1	0	0	-1	-1	-1	-1	4|1	61	此轮暴龙大作战已经结束！	1211	-1		-1	-1		-1	-1		-1	-1		-1	0	39	39|1	0|-1	0|-1	0|-1	0|-1	0|-1	0|-1	0|-1	0|-1	0|-1	1	0	39
195	游乐场-暴龙开始	-1	0	2	1250	1251	-1	-1	0	0	-1	-1	-1	-1	4|1	61	暴龙大作战即将开始，各位玩家可以通过大都南的天上人间传送人（128，70）进入天上人间·麒麟，找到暴龙大作战发布人（70，59）参加精彩刺激的活动	1251	-1		-1	-1		-1	-1		-1	-1		-1	0	99	0|-1	0|-1	0|-1	0|-1	0|-1	0|-1	0|-1	0|-1	0|-1	0|-1	1	0	
196	游乐场-暴龙大作战	310320	0	2	1300	1301	1300	1301	0	0	-1	-1	-1	-1	4|1	-1	暴龙大作战开始了，大家可到暴龙大作战发布人（70，59）处准备领取任务！	1301	-1		-1	-1		-1	-1		-1	-1		-1	0	39	39|1	0|-1	0|-1	0|-1	0|-1	0|-1	0|-1	0|-1	0|-1	0|-1	1	0	39
197	游乐场-暴龙结束	-1	0	2	1310	1311	-1	-1	0	0	-1	-1	-1	-1	4|1	61	此轮暴龙大作战已经结束！	1311	-1		-1	-1		-1	-1		-1	-1		-1	0	39	39|1	0|-1	0|-1	0|-1	0|-1	0|-1	0|-1	0|-1	0|-1	0|-1	1	0	39
198	游乐场-暴龙开始	-1	0	2	1350	1351	-1	-1	0	0	-1	-1	-1	-1	4|1	61	暴龙大作战即将开始，各位玩家可以通过大都南的天上人间传送人（128，70）进入天上人间·麒麟，找到暴龙大作战发布人（70，59）参加精彩刺激的活动	1351	-1		-1	-1		-1	-1		-1	-1		-1	0	99	0|-1	0|-1	0|-1	0|-1	0|-1	0|-1	0|-1	0|-1	0|-1	0|-1	1	0	
199	游乐场-暴龙大作战	310320	0	2	1400	1401	1400	1401	0	0	-1	-1	-1	-1	4|1	-1	暴龙大作战开始了，大家可到暴龙大作战发布人（70，59）处准备领取任务！	1401	-1		-1	-1		-1	-1		-1	-1		-1	0	39	39|1	0|-1	0|-1	0|-1	0|-1	0|-1	0|-1	0|-1	0|-1	0|-1	1	0	39
200	游乐场-暴龙结束	-1	0	2	1410	1411	-1	-1	0	0	-1	-1	-1	-1	4|1	61	此轮暴龙大作战已经结束！	1411	-1		-1	-1		-1	-1		-1	-1		-1	0	39	39|1	0|-1	0|-1	0|-1	0|-1	0|-1	0|-1	0|-1	0|-1	0|-1	1	0	39
201	游乐场-暴龙开始	-1	0	2	1450	1451	-1	-1	0	0	-1	-1	-1	-1	4|1	61	暴龙大作战即将开始，各位玩家可以通过大都南的天上人间传送人（128，70）进入天上人间·麒麟，找到暴龙大作战发布人（70，59）参加精彩刺激的活动	1451	-1		-1	-1		-1	-1		-1	-1		-1	0	99	0|-1	0|-1	0|-1	0|-1	0|-1	0|-1	0|-1	0|-1	0|-1	0|-1	1	0	
202	游乐场-暴龙大作战	310320	0	2	1500	1501	1500	1501	0	0	-1	-1	-1	-1	4|1	-1	暴龙大作战开始了，大家可到暴龙大作战发布人（70，59）处准备领取任务！	1501	-1		-1	-1		-1	-1		-1	-1		-1	0	39	39|1	0|-1	0|-1	0|-1	0|-1	0|-1	0|-1	0|-1	0|-1	0|-1	1	0	39
203	游乐场-暴龙结束	-1	0	2	1510	1511	-1	-1	0	0	-1	-1	-1	-1	4|1	61	此轮暴龙大作战已经结束！	1511	-1		-1	-1		-1	-1		-1	-1		-1	0	39	39|1	0|-1	0|-1	0|-1	0|-1	0|-1	0|-1	0|-1	0|-1	0|-1	1	0	39
204	游乐场-暴龙开始	-1	0	2	1550	1551	-1	-1	0	0	-1	-1	-1	-1	4|1	61	暴龙大作战即将开始，各位玩家可以通过大都南的天上人间传送人（128，70）进入天上人间·麒麟，找到暴龙大作战发布人（70，59）参加精彩刺激的活动	1551	-1		-1	-1		-1	-1		-1	-1		-1	0	99	0|-1	0|-1	0|-1	0|-1	0|-1	0|-1	0|-1	0|-1	0|-1	0|-1	1	0	
205	游乐场-暴龙大作战	310320	0	2	1600	1601	1600	1601	0	0	-1	-1	-1	-1	4|1	-1	暴龙大作战开始了，大家可到暴龙大作战发布人（70，59）处准备领取任务！	1601	-1		-1	-1		-1	-1		-1	-1		-1	0	39	39|1	0|-1	0|-1	0|-1	0|-1	0|-1	0|-1	0|-1	0|-1	0|-1	1	0	39
206	游乐场-暴龙结束	-1	0	2	1610	1611	-1	-1	0	0	-1	-1	-1	-1	4|1	61	此轮暴龙大作战已经结束！	1611	-1		-1	-1		-1	-1		-1	-1		-1	0	39	39|1	0|-1	0|-1	0|-1	0|-1	0|-1	0|-1	0|-1	0|-1	0|-1	1	0	39
207	游乐场-暴龙开始	-1	0	2	1650	1651	-1	-1	0	0	-1	-1	-1	-1	4|1	61	暴龙大作战即将开始，各位玩家可以通过大都南的天上人间传送人（128，70）进入天上人间·麒麟，找到暴龙大作战发布人（70，59）参加精彩刺激的活动	1651	-1		-1	-1		-1	-1		-1	-1		-1	0	99	0|-1	0|-1	0|-1	0|-1	0|-1	0|-1	0|-1	0|-1	0|-1	0|-1	1	0	
208	游乐场-暴龙大作战	310320	0	2	1700	1701	1700	1701	0	0	-1	-1	-1	-1	4|1	-1	暴龙大作战开始了，大家可到暴龙大作战发布人（70，59）处准备领取任务！	1701	-1		-1	-1		-1	-1		-1	-1		-1	0	39	39|1	0|-1	0|-1	0|-1	0|-1	0|-1	0|-1	0|-1	0|-1	0|-1	1	0	39
209	游乐场-暴龙结束	-1	0	2	1710	1711	-1	-1	0	0	-1	-1	-1	-1	4|1	61	此轮暴龙大作战已经结束！	1711	-1		-1	-1		-1	-1		-1	-1		-1	0	39	39|1	0|-1	0|-1	0|-1	0|-1	0|-1	0|-1	0|-1	0|-1	0|-1	1	0	39
210	游乐场-暴龙开始	-1	0	2	1750	1751	-1	-1	0	0	-1	-1	-1	-1	4|1	61	暴龙大作战即将开始，各位玩家可以通过大都南的天上人间传送人（128，70）进入天上人间·麒麟，找到暴龙大作战发布人（70，59）参加精彩刺激的活动	1751	-1		-1	-1		-1	-1		-1	-1		-1	0	99	0|-1	0|-1	0|-1	0|-1	0|-1	0|-1	0|-1	0|-1	0|-1	0|-1	1	0	
211	游乐场-暴龙大作战	310320	0	2	1800	1801	1800	1801	0	0	-1	-1	-1	-1	4|1	-1	暴龙大作战开始了，大家可到暴龙大作战发布人（70，59）处准备领取任务！	1801	-1		-1	-1		-1	-1		-1	-1		-1	0	39	39|1	0|-1	0|-1	0|-1	0|-1	0|-1	0|-1	0|-1	0|-1	0|-1	1	0	39
212	游乐场-暴龙结束	-1	0	2	1810	1811	-1	-1	0	0	-1	-1	-1	-1	4|1	61	此轮暴龙大作战已经结束！	1811	-1		-1	-1		-1	-1		-1	-1		-1	0	39	39|1	0|-1	0|-1	0|-1	0|-1	0|-1	0|-1	0|-1	0|-1	0|-1	1	0	39
213	游乐场-暴龙开始	-1	0	2	1850	1851	-1	-1	0	0	-1	-1	-1	-1	4|1	61	暴龙大作战即将开始，各位玩家可以通过大都南的天上人间传送人（128，70）进入天上人间·麒麟，找到暴龙大作战发布人（70，59）参加精彩刺激的活动	1851	-1		-1	-1		-1	-1		-1	-1		-1	0	99	0|-1	0|-1	0|-1	0|-1	0|-1	0|-1	0|-1	0|-1	0|-1	0|-1	1	0	
214	游乐场-暴龙大作战	310320	0	2	1900	1901	1900	1901	0	0	-1	-1	-1	-1	4|1	-1	暴龙大作战开始了，大家可到暴龙大作战发布人（70，59）处准备领取任务！	1901	-1		-1	-1		-1	-1		-1	-1		-1	0	39	39|1	0|-1	0|-1	0|-1	0|-1	0|-1	0|-1	0|-1	0|-1	0|-1	1	0	39
215	游乐场-暴龙结束	-1	0	2	1910	1911	-1	-1	0	0	-1	-1	-1	-1	4|1	61	此轮暴龙大作战已经结束！	1911	-1		-1	-1		-1	-1		-1	-1		-1	0	39	39|1	0|-1	0|-1	0|-1	0|-1	0|-1	0|-1	0|-1	0|-1	0|-1	1	0	39
216	游乐场-暴龙开始	-1	0	2	1950	1951	-1	-1	0	0	-1	-1	-1	-1	4|1	61	暴龙大作战即将开始，各位玩家可以通过大都南的天上人间传送人（128，70）进入天上人间·麒麟，找到暴龙大作战发布人（70，59）参加精彩刺激的活动	1951	-1		-1	-1		-1	-1		-1	-1		-1	0	99	0|-1	0|-1	0|-1	0|-1	0|-1	0|-1	0|-1	0|-1	0|-1	0|-1	1	0	
217	游乐场-暴龙大作战	310320	0	2	2000	2001	2000	2001	0	0	-1	-1	-1	-1	4|1	-1	暴龙大作战开始了，大家可到暴龙大作战发布人（70，59）处准备领取任务！	2001	-1		-1	-1		-1	-1		-1	-1		-1	0	39	39|1	0|-1	0|-1	0|-1	0|-1	0|-1	0|-1	0|-1	0|-1	0|-1	1	0	39
218	游乐场-暴龙结束	-1	0	2	2010	2011	-1	-1	0	0	-1	-1	-1	-1	4|1	61	此轮暴龙大作战已经结束！	2011	-1		-1	-1		-1	-1		-1	-1		-1	0	39	39|1	0|-1	0|-1	0|-1	0|-1	0|-1	0|-1	0|-1	0|-1	0|-1	1	0	39
219	游乐场-暴龙开始	-1	0	2	2050	2051	-1	-1	0	0	-1	-1	-1	-1	4|1	61	暴龙大作战即将开始，各位玩家可以通过大都南的天上人间传送人（128，70）进入天上人间·麒麟，找到暴龙大作战发布人（70，59）参加精彩刺激的活动	2051	-1		-1	-1		-1	-1		-1	-1		-1	0	99	0|-1	0|-1	0|-1	0|-1	0|-1	0|-1	0|-1	0|-1	0|-1	0|-1	1	0	
220	游乐场-暴龙大作战	310320	0	2	2100	2101	2100	2101	0	0	-1	-1	-1	-1	4|1	-1	暴龙大作战开始了，大家可到暴龙大作战发布人（70，59）处准备领取任务！	2101	-1		-1	-1		-1	-1		-1	-1		-1	0	39	39|1	0|-1	0|-1	0|-1	0|-1	0|-1	0|-1	0|-1	0|-1	0|-1	1	0	39
221	游乐场-暴龙结束	-1	0	2	2110	2111	-1	-1	0	0	-1	-1	-1	-1	4|1	61	此轮暴龙大作战已经结束！	2111	-1		-1	-1		-1	-1		-1	-1		-1	0	39	39|1	0|-1	0|-1	0|-1	0|-1	0|-1	0|-1	0|-1	0|-1	0|-1	1	0	39
222	游乐场-暴龙开始	-1	0	2	2150	2151	-1	-1	0	0	-1	-1	-1	-1	4|1	61	暴龙大作战即将开始，各位玩家可以通过大都南的天上人间传送人（128，70）进入天上人间·麒麟，找到暴龙大作战发布人（70，59）参加精彩刺激的活动	2151	-1		-1	-1		-1	-1		-1	-1		-1	0	99	0|-1	0|-1	0|-1	0|-1	0|-1	0|-1	0|-1	0|-1	0|-1	0|-1	1	0	
223	游乐场-暴龙大作战	310320	0	2	2200	2201	2200	2201	0	0	-1	-1	-1	-1	4|1	-1	暴龙大作战开始了，大家可到暴龙大作战发布人（70，59）处准备领取任务！	2201	-1		-1	-1		-1	-1		-1	-1		-1	0	39	39|1	0|-1	0|-1	0|-1	0|-1	0|-1	0|-1	0|-1	0|-1	0|-1	1	0	39
224	游乐场-暴龙结束	-1	0	2	2210	2211	-1	-1	0	0	-1	-1	-1	-1	4|1	61	本周的暴龙大作战全部结束了，欢迎下次再来！	2211	-1		-1	-1		-1	-1		-1	-1		-1	0	39	39|1	0|-1	0|-1	0|-1	0|-1	0|-1	0|-1	0|-1	0|-1	0|-1	1	0	39
225	游乐场-疯狂的箱子	-1	0	2	1225	1226	-1	-1	0	0	-1	-1	-1	-1	4|1	61	疯狂的宝箱即将开始，各位玩家可以通过大都南的天上人间传送人（128，70）进入天上人间·麒麟，找到疯狂的宝箱发布人（128，118）参加精彩刺激的活动！	1226	-1		-1	-1		-1	-1		-1	-1		-1	0	99	0|-1	0|-1	0|-1	0|-1	0|-1	0|-1	0|-1	0|-1	0|-1	0|-1	1	0	
226	游乐场-疯狂的箱子	310324	0	2	1235	1236	1235	1236	0	0	-1	-1	-1	-1	4|1	61	疯狂的箱子出现在天上人间?麒麟中的摩天轮区、旋转木马区、暴龙区和海盗船区！	1236	-1		-1	-1		-1	-1		-1	-1		-1	0	39	39|1	0|-1	0|-1	0|-1	0|-1	0|-1	0|-1	0|-1	0|-1	0|-1	1	0	39
227	游乐场-疯狂的箱子	310325	0	2	1250	1251	1250	1251	0	0	-1	-1	-1	-1	4|1	61	疯狂的箱子已经消失了	1251	-1		-1	-1		-1	-1		-1	-1		-1	0	39	39|1	0|-1	0|-1	0|-1	0|-1	0|-1	0|-1	0|-1	0|-1	0|-1	1	0	39
228	游乐场-疯狂的箱子	-1	0	2	1325	1326	-1	-1	0	0	-1	-1	-1	-1	4|1	61	疯狂的宝箱即将开始，各位玩家可以通过大都南的天上人间传送人（128，70）进入天上人间·麒麟，找到疯狂的宝箱发布人（128，118）参加精彩刺激的活动！	1326	-1		-1	-1		-1	-1		-1	-1		-1	0	99	0|-1	0|-1	0|-1	0|-1	0|-1	0|-1	0|-1	0|-1	0|-1	0|-1	1	0	
229	游乐场-疯狂的箱子	310324	0	2	1335	1336	1335	1336	0	0	-1	-1	-1	-1	4|1	61	疯狂的箱子出现在天上人间?麒麟中的摩天轮区、旋转木马区、暴龙区和海盗船区！	1336	-1		-1	-1		-1	-1		-1	-1		-1	0	39	39|1	0|-1	0|-1	0|-1	0|-1	0|-1	0|-1	0|-1	0|-1	0|-1	1	0	39
230	游乐场-疯狂的箱子	310325	0	2	1350	1351	1350	1351	0	0	-1	-1	-1	-1	4|1	61	疯狂的箱子已经消失了	1351	-1		-1	-1		-1	-1		-1	-1		-1	0	39	39|1	0|-1	0|-1	0|-1	0|-1	0|-1	0|-1	0|-1	0|-1	0|-1	1	0	39
231	游乐场-疯狂的箱子	-1	0	2	1425	1426	-1	-1	0	0	-1	-1	-1	-1	4|1	61	疯狂的宝箱即将开始，各位玩家可以通过大都南的天上人间传送人（128，70）进入天上人间·麒麟，找到疯狂的宝箱发布人（128，118）参加精彩刺激的活动！	1426	-1		-1	-1		-1	-1		-1	-1		-1	0	99	0|-1	0|-1	0|-1	0|-1	0|-1	0|-1	0|-1	0|-1	0|-1	0|-1	1	0	
232	游乐场-疯狂的箱子	310324	0	2	1435	1436	1435	1436	0	0	-1	-1	-1	-1	4|1	61	疯狂的箱子出现在天上人间?麒麟中的摩天轮区、旋转木马区、暴龙区和海盗船区！	1436	-1		-1	-1		-1	-1		-1	-1		-1	0	39	39|1	0|-1	0|-1	0|-1	0|-1	0|-1	0|-1	0|-1	0|-1	0|-1	1	0	39
233	游乐场-疯狂的箱子	310325	0	2	1450	1451	1450	1451	0	0	-1	-1	-1	-1	4|1	61	疯狂的箱子已经消失了	1451	-1		-1	-1		-1	-1		-1	-1		-1	0	39	39|1	0|-1	0|-1	0|-1	0|-1	0|-1	0|-1	0|-1	0|-1	0|-1	1	0	39
234	游乐场-疯狂的箱子	-1	0	2	1525	1526	-1	-1	0	0	-1	-1	-1	-1	4|1	61	疯狂的宝箱即将开始，各位玩家可以通过大都南的天上人间传送人（128，70）进入天上人间·麒麟，找到疯狂的宝箱发布人（128，118）参加精彩刺激的活动！	1526	-1		-1	-1		-1	-1		-1	-1		-1	0	99	0|-1	0|-1	0|-1	0|-1	0|-1	0|-1	0|-1	0|-1	0|-1	0|-1	1	0	
235	游乐场-疯狂的箱子	310324	0	2	1535	1536	1535	1536	0	0	-1	-1	-1	-1	4|1	61	疯狂的箱子出现在天上人间?麒麟中的摩天轮区、旋转木马区、暴龙区和海盗船区！	1536	-1		-1	-1		-1	-1		-1	-1		-1	0	39	39|1	0|-1	0|-1	0|-1	0|-1	0|-1	0|-1	0|-1	0|-1	0|-1	1	0	39
236	游乐场-疯狂的箱子	310325	0	2	1550	1551	1550	1551	0	0	-1	-1	-1	-1	4|1	61	疯狂的箱子已经消失了	1551	-1		-1	-1		-1	-1		-1	-1		-1	0	39	39|1	0|-1	0|-1	0|-1	0|-1	0|-1	0|-1	0|-1	0|-1	0|-1	1	0	39
237	游乐场-疯狂的箱子	-1	0	2	1625	1626	-1	-1	0	0	-1	-1	-1	-1	4|1	61	疯狂的宝箱即将开始，各位玩家可以通过大都南的天上人间传送人（128，70）进入天上人间·麒麟，找到疯狂的宝箱发布人（128，118）参加精彩刺激的活动！	1626	-1		-1	-1		-1	-1		-1	-1		-1	0	99	0|-1	0|-1	0|-1	0|-1	0|-1	0|-1	0|-1	0|-1	0|-1	0|-1	1	0	
238	游乐场-疯狂的箱子	310324	0	2	1635	1636	1635	1636	0	0	-1	-1	-1	-1	4|1	61	疯狂的箱子出现在天上人间?麒麟中的摩天轮区、旋转木马区、暴龙区和海盗船区！	1636	-1		-1	-1		-1	-1		-1	-1		-1	0	39	39|1	0|-1	0|-1	0|-1	0|-1	0|-1	0|-1	0|-1	0|-1	0|-1	1	0	39
239	游乐场-疯狂的箱子	310325	0	2	1650	1651	1650	1651	0	0	-1	-1	-1	-1	4|1	61	疯狂的箱子已经消失了	1651	-1		-1	-1		-1	-1		-1	-1		-1	0	39	39|1	0|-1	0|-1	0|-1	0|-1	0|-1	0|-1	0|-1	0|-1	0|-1	1	0	39
240	游乐场-疯狂的箱子	-1	0	2	1725	1726	-1	-1	0	0	-1	-1	-1	-1	4|1	61	疯狂的宝箱即将开始，各位玩家可以通过大都南的天上人间传送人（128，70）进入天上人间·麒麟，找到疯狂的宝箱发布人（128，118）参加精彩刺激的活动！	1726	-1		-1	-1		-1	-1		-1	-1		-1	0	99	0|-1	0|-1	0|-1	0|-1	0|-1	0|-1	0|-1	0|-1	0|-1	0|-1	1	0	
241	游乐场-疯狂的箱子	310324	0	2	1735	1736	1735	1736	0	0	-1	-1	-1	-1	4|1	61	疯狂的箱子出现在天上人间?麒麟中的摩天轮区、旋转木马区、暴龙区和海盗船区！	1736	-1		-1	-1		-1	-1		-1	-1		-1	0	39	39|1	0|-1	0|-1	0|-1	0|-1	0|-1	0|-1	0|-1	0|-1	0|-1	1	0	39
242	游乐场-疯狂的箱子	310325	0	2	1750	1751	1750	1751	0	0	-1	-1	-1	-1	4|1	61	疯狂的箱子已经消失了	1751	-1		-1	-1		-1	-1		-1	-1		-1	0	39	39|1	0|-1	0|-1	0|-1	0|-1	0|-1	0|-1	0|-1	0|-1	0|-1	1	0	39
243	游乐场-疯狂的箱子	-1	0	2	1825	1826	-1	-1	0	0	-1	-1	-1	-1	4|1	61	疯狂的宝箱即将开始，各位玩家可以通过大都南的天上人间传送人（128，70）进入天上人间·麒麟，找到疯狂的宝箱发布人（128，118）参加精彩刺激的活动！	1826	-1		-1	-1		-1	-1		-1	-1		-1	0	99	0|-1	0|-1	0|-1	0|-1	0|-1	0|-1	0|-1	0|-1	0|-1	0|-1	1	0	
244	游乐场-疯狂的箱子	310324	0	2	1835	1836	1835	1836	0	0	-1	-1	-1	-1	4|1	61	疯狂的箱子出现在天上人间?麒麟中的摩天轮区、旋转木马区、暴龙区和海盗船区！	1836	-1		-1	-1		-1	-1		-1	-1		-1	0	39	39|1	0|-1	0|-1	0|-1	0|-1	0|-1	0|-1	0|-1	0|-1	0|-1	1	0	39
245	游乐场-疯狂的箱子	310325	0	2	1850	1851	1850	1851	0	0	-1	-1	-1	-1	4|1	61	疯狂的箱子已经消失了	1851	-1		-1	-1		-1	-1		-1	-1		-1	0	39	39|1	0|-1	0|-1	0|-1	0|-1	0|-1	0|-1	0|-1	0|-1	0|-1	1	0	39
246	游乐场-疯狂的箱子	-1	0	2	1925	1926	-1	-1	0	0	-1	-1	-1	-1	4|1	61	疯狂的宝箱即将开始，各位玩家可以通过大都南的天上人间传送人（128，70）进入天上人间·麒麟，找到疯狂的宝箱发布人（128，118）参加精彩刺激的活动！	1926	-1		-1	-1		-1	-1		-1	-1		-1	0	99	0|-1	0|-1	0|-1	0|-1	0|-1	0|-1	0|-1	0|-1	0|-1	0|-1	1	0	
247	游乐场-疯狂的箱子	310324	0	2	1935	1936	1935	1936	0	0	-1	-1	-1	-1	4|1	61	疯狂的箱子出现在天上人间?麒麟中的摩天轮区、旋转木马区、暴龙区和海盗船区！	1936	-1		-1	-1		-1	-1		-1	-1		-1	0	39	39|1	0|-1	0|-1	0|-1	0|-1	0|-1	0|-1	0|-1	0|-1	0|-1	1	0	39
248	游乐场-疯狂的箱子	310325	0	2	1950	1951	1950	1951	0	0	-1	-1	-1	-1	4|1	61	疯狂的箱子已经消失了	1951	-1		-1	-1		-1	-1		-1	-1		-1	0	39	39|1	0|-1	0|-1	0|-1	0|-1	0|-1	0|-1	0|-1	0|-1	0|-1	1	0	39
249	游乐场-疯狂的箱子	-1	0	2	2025	2026	-1	-1	0	0	-1	-1	-1	-1	4|1	61	疯狂的宝箱即将开始，各位玩家可以通过大都南的天上人间传送人（128，70）进入天上人间·麒麟，找到疯狂的宝箱发布人（128，118）参加精彩刺激的活动！	2026	-1		-1	-1		-1	-1		-1	-1		-1	0	99	0|-1	0|-1	0|-1	0|-1	0|-1	0|-1	0|-1	0|-1	0|-1	0|-1	1	0	
250	游乐场-疯狂的箱子	310324	0	2	2035	2036	2035	2036	0	0	-1	-1	-1	-1	4|1	61	疯狂的箱子出现在天上人间?麒麟中的摩天轮区、旋转木马区、暴龙区和海盗船区！	2036	-1		-1	-1		-1	-1		-1	-1		-1	0	39	39|1	0|-1	0|-1	0|-1	0|-1	0|-1	0|-1	0|-1	0|-1	0|-1	1	0	39
251	游乐场-疯狂的箱子	310325	0	2	2050	2051	2050	2051	0	0	-1	-1	-1	-1	4|1	61	疯狂的箱子已经消失了	2051	-1		-1	-1		-1	-1		-1	-1		-1	0	39	39|1	0|-1	0|-1	0|-1	0|-1	0|-1	0|-1	0|-1	0|-1	0|-1	1	0	39
252	游乐场-疯狂的箱子	-1	0	2	2125	2126	-1	-1	0	0	-1	-1	-1	-1	4|1	61	疯狂的宝箱即将开始，各位玩家可以通过大都南的天上人间传送人（128，70）进入天上人间·麒麟，找到疯狂的宝箱发布人（128，118）参加精彩刺激的活动！	2126	-1		-1	-1		-1	-1		-1	-1		-1	0	99	0|-1	0|-1	0|-1	0|-1	0|-1	0|-1	0|-1	0|-1	0|-1	0|-1	1	0	
253	游乐场-疯狂的箱子	310324	0	2	2135	2136	2135	2136	0	0	-1	-1	-1	-1	4|1	61	疯狂的箱子出现在天上人间?麒麟中的摩天轮区、旋转木马区、暴龙区和海盗船区！	2136	-1		-1	-1		-1	-1		-1	-1		-1	0	39	39|1	0|-1	0|-1	0|-1	0|-1	0|-1	0|-1	0|-1	0|-1	0|-1	1	0	39
254	游乐场-疯狂的箱子	310325	0	2	2150	2151	2150	2151	0	0	-1	-1	-1	-1	4|1	61	疯狂的箱子已经消失了	2151	-1		-1	-1		-1	-1		-1	-1		-1	0	39	39|1	0|-1	0|-1	0|-1	0|-1	0|-1	0|-1	0|-1	0|-1	0|-1	1	0	39
255	游乐场-疯狂的箱子	-1	0	2	2225	2226	-1	-1	0	0	-1	-1	-1	-1	4|1	61	疯狂的宝箱即将开始，各位玩家可以通过大都南的天上人间传送人（128，70）进入天上人间·麒麟，找到疯狂的宝箱发布人（128，118）参加精彩刺激的活动！	2226	-1		-1	-1		-1	-1		-1	-1		-1	0	99	0|-1	0|-1	0|-1	0|-1	0|-1	0|-1	0|-1	0|-1	0|-1	0|-1	1	0	
256	游乐场-疯狂的箱子	310324	0	2	2235	2236	2235	2236	0	0	-1	-1	-1	-1	4|1	61	疯狂的箱子出现在天上人间?麒麟中的摩天轮区、旋转木马区、暴龙区和海盗船区！	2236	-1		-1	-1		-1	-1		-1	-1		-1	0	39	39|1	0|-1	0|-1	0|-1	0|-1	0|-1	0|-1	0|-1	0|-1	0|-1	1	0	39
257	游乐场-疯狂的箱子	310325	0	2	2250	2251	2250	2251	0	0	-1	-1	-1	-1	4|1	61	疯狂的箱子已经消失了	2251	-1		-1	-1		-1	-1		-1	-1		-1	0	39	39|1	0|-1	0|-1	0|-1	0|-1	0|-1	0|-1	0|-1	0|-1	0|-1	1	0	39
258	游乐场-彩票	310338	0	2	62359	0	62359	0	0	0	-1	-1	-1	-1	4|1	-1	-1	-1	-1		-1	-1		-1	-1		-1	-1		-1	0	99	39|1	0|-1	0|-1	0|-1	0|-1	0|-1	0|-1	0|-1	0|-1	0|-1	1	0	39
259	游乐场-彩票	310338	0	2	1030	1031	1030	1031	0	1	-1	-1	-1	-1	4|1	-1	-1	-1	-1		-1	-1		-1	-1		-1	-1		-1	0	99	39|1	0|-1	0|-1	0|-1	0|-1	0|-1	0|-1	0|-1	0|-1	0|-1	1	0	39
260	游乐场-彩票	310338	0	2	1230	1231	1230	1231	0	2	-1	-1	-1	-1	4|1	-1	-1	-1	-1		-1	-1		-1	-1		-1	-1		-1	0	99	39|1	0|-1	0|-1	0|-1	0|-1	0|-1	0|-1	0|-1	0|-1	0|-1	1	0	39
261	游乐场-彩票	310338	0	2	1430	1431	1430	1431	0	3	-1	-1	-1	-1	4|1	-1	-1	-1	-1		-1	-1		-1	-1		-1	-1		-1	0	99	39|1	0|-1	0|-1	0|-1	0|-1	0|-1	0|-1	0|-1	0|-1	0|-1	1	0	39
262	游乐场-彩票	310338	0	2	1630	1631	1630	1631	0	4	-1	-1	-1	-1	4|1	-1	-1	-1	-1		-1	-1		-1	-1		-1	-1		-1	0	99	39|1	0|-1	0|-1	0|-1	0|-1	0|-1	0|-1	0|-1	0|-1	0|-1	1	0	39
263	游乐场-彩票	310338	0	2	1830	1831	1830	1831	0	5	-1	-1	-1	-1	4|1	-1	-1	-1	-1		-1	-1		-1	-1		-1	-1		-1	0	99	39|1	0|-1	0|-1	0|-1	0|-1	0|-1	0|-1	0|-1	0|-1	0|-1	1	0	39
264	游乐场-彩票	310338	0	2	2030	2031	2030	2031	0	6	-1	-1	-1	-1	4|1	-1	-1	-1	-1		-1	-1		-1	-1		-1	-1		-1	0	99	39|1	0|-1	0|-1	0|-1	0|-1	0|-1	0|-1	0|-1	0|-1	0|-1	1	0	39
265	游乐场-彩票	310338	0	2	2230	2231	2230	2231	0	7	-1	-1	-1	-1	4|1	-1	-1	-1	-1		-1	-1		-1	-1		-1	-1		-1	0	99	39|1	0|-1	0|-1	0|-1	0|-1	0|-1	0|-1	0|-1	0|-1	0|-1	1	0	39
266	游乐场关闭	310342	0	2	2250	2251	2300	2301	0	0	-1	-1	-1	-1	4|1	61	天上人间·麒麟即将关闭，欢迎您下次再来。	2251	-1		-1	-1		-1	-1		-1	-1		-1	0	39	39|1	0|-1	0|-1	0|-1	0|-1	0|-1	0|-1	0|-1	0|-1	0|-1	1	0	39
267	游乐场全民狂欢	310341	0	2	900	901	900	901	0	0	-1	-1	-1	-1	4|1	61	魔女艾丽西丝的水晶球又丢失了，请各位游客帮忙找寻回来。	901	-1		-1	-1		-1	-1		-1	-1		-1	0	99	39|1	0|-1	0|-1	0|-1	0|-1	0|-1	0|-1	0|-1	0|-1	0|-1	1	0	39
268	游乐场全民狂欢	310341	0	2	2250	2251	2250	2251	0	1	-1	-1	-1	-1	4|1	61	魔女艾丽西丝的水晶球都被找回了，谢谢大家的努力。	2251	-1		-1	-1		-1	-1		-1	-1		-1	0	99	39|1	0|-1	0|-1	0|-1	0|-1	0|-1	0|-1	0|-1	0|-1	0|-1	1	0	39
269	大观园全民狂欢	310363	0	2	60900	60901	60900	62250	0	0	-1	-1	-1	-1	4|1	61	福神出现在天上人间·梦聊，等待有缘人	6901	-1		-1	-1		-1	-1		-1	-1		-1	0	99	40|1	0|-1	0|-1	0|-1	0|-1	0|-1	0|-1	0|-1	0|-1	0|-1	1	0	
270	大观园全民狂欢	310363	0	2	62250	62251	62250	62251	0	0	-1	-1	-1	-1	4|1	61	福神已经离开天上人间?梦聊	62251	-1		-1	-1		-1	-1		-1	-1		-1	0	99	40|1	0|-1	0|-1	0|-1	0|-1	0|-1	0|-1	0|-1	0|-1	0|-1	1	0	
271	大观园全民狂欢	310363	0	2	900	901	900	2250	0	0	-1	-1	-1	-1	4|1	61	福神出现在天上人间·梦聊，等待有缘人	901	-1		-1	-1		-1	-1		-1	-1		-1	0	99	40|1	0|-1	0|-1	0|-1	0|-1	0|-1	0|-1	0|-1	0|-1	0|-1	1	0	
272	大观园全民狂欢	310363	0	2	2250	2251	2250	2251	0	0	-1	-1	-1	-1	4|1	61	福神已经离开天上人间?梦聊	2251	-1		-1	-1		-1	-1		-1	-1		-1	0	99	40|1	0|-1	0|-1	0|-1	0|-1	0|-1	0|-1	0|-1	0|-1	0|-1	1	0	
273	大观园彩票	310362	1	1	1030	1031	1030	1031	1	0	-1	-1	-1	-1	4|1	-1	-1	-1	-1		-1	-1		-1	-1		-1	-1		-1	0	99	40|1	0|-1	0|-1	0|-1	0|-1	0|-1	0|-1	0|-1	0|-1	0|-1	1	0	40
274	大观园挖宝排名	-1	0	2	1730	1731	-1	-1	0	0	-1	-1	-1	-1	4|1	61	挖宝大作战今日排名已出，各位玩家可以到天上人间·梦聊挖宝大作战发布人（129，69）查询名次领取对应奖励！	1731	-1		-1	-1		-1	-1		-1	-1		-1	0	40	40|1	0|-1	0|-1	0|-1	0|-1	0|-1	0|-1	0|-1	0|-1	0|-1	1	0	40
275	大观园挖宝排名	-1	0	2	61730	61731	-1	-1	0	0	-1	-1	-1	-1	4|1	61	挖宝大作战今日排名已出，各位玩家可以到天上人间·梦聊挖宝大作战发布人（129，69）查询名次领取对应奖励！	61731	-1		-1	-1		-1	-1		-1	-1		-1	0	40	40|1	0|-1	0|-1	0|-1	0|-1	0|-1	0|-1	0|-1	0|-1	0|-1	1	0	40
276	大观园关闭	310372	0	2	2250	2251	2300	2301	0	0	-1	-1	-1	-1	4|1	61	天上人间·梦聊即将关闭，欢迎您下次再来。	2251	-1		-1	-1		-1	-1		-1	-1		-1	0	40	40|1	0|-1	0|-1	0|-1	0|-1	0|-1	0|-1	0|-1	0|-1	0|-1	1	0	40
277	大观园关闭	310372	0	2	62250	62251	62300	62301	0	0	-1	-1	-1	-1	4|1	61	天上人间·梦聊即将关闭，欢迎您下次再来。	62251	-1		-1	-1		-1	-1		-1	-1		-1	0	40	40|1	0|-1	0|-1	0|-1	0|-1	0|-1	0|-1	0|-1	0|-1	0|-1	1	0	40
278	大观园天降魔君	310365	1	1	0	1	0	1	0	0	-1	-1	-1	-1	4|1	-1	-1	-1	-1		-1	-1		-1	-1		-1	-1		-1	0	40	40|1	0|-1	0|-1	0|-1	0|-1	0|-1	0|-1	0|-1	0|-1	0|-1	1	0	40
279	国王争夺战	300970	1	1	1000	1001	1000	1001	0	0	-1	-1	-1	-1	4|1	-1	-1	-1	-1		-1	-1		-1	-1		-1	-1		-1	0	99	50|1	0|-1	0|-1	0|-1	0|-1	0|-1	0|-1	0|-1	0|-1	0|-1	1	0	
280	国王争夺战	300970	1	1	1100	1101	1100	1101	0	1	-1	-1	-1	-1	4|1	-1	-1	-1	-1		-1	-1		-1	-1		-1	-1		-1	0	99	50|1	0|-1	0|-1	0|-1	0|-1	0|-1	0|-1	0|-1	0|-1	0|-1	1	0	
281	国王争夺战	300970	1	1	1200	1201	1200	1201	0	2	-1	-1	-1	-1	4|1	-1	-1	-1	-1		-1	-1		-1	-1		-1	-1		-1	0	99	50|1	0|-1	0|-1	0|-1	0|-1	0|-1	0|-1	0|-1	0|-1	0|-1	1	0	
282	国王争夺战	300970	1	1	1300	1301	1300	1301	0	3	-1	-1	-1	-1	4|1	-1	-1	-1	-1		-1	-1		-1	-1		-1	-1		-1	0	99	50|1	0|-1	0|-1	0|-1	0|-1	0|-1	0|-1	0|-1	0|-1	0|-1	1	0	
283	国王争夺战	300970	1	1	1400	1401	1400	1401	0	4	-1	-1	-1	-1	4|1	-1	-1	-1	-1		-1	-1		-1	-1		-1	-1		-1	0	99	50|1	0|-1	0|-1	0|-1	0|-1	0|-1	0|-1	0|-1	0|-1	0|-1	1	0	
284	国王争夺战	300970	1	1	1500	1501	1500	1501	0	5	-1	-1	-1	-1	4|1	-1	-1	-1	-1		-1	-1		-1	-1		-1	-1		-1	0	99	50|1	0|-1	0|-1	0|-1	0|-1	0|-1	0|-1	0|-1	0|-1	0|-1	1	0	
285	国王争夺战	300970	1	1	1600	1601	1600	1601	0	6	-1	-1	-1	-1	4|1	-1	-1	-1	-1		-1	-1		-1	-1		-1	-1		-1	0	99	50|1	0|-1	0|-1	0|-1	0|-1	0|-1	0|-1	0|-1	0|-1	0|-1	1	0	
286	国王争夺战	300970	1	1	1700	1701	1700	1701	0	7	-1	-1	-1	-1	4|1	-1	-1	-1	-1		-1	-1		-1	-1		-1	-1		-1	0	99	50|1	0|-1	0|-1	0|-1	0|-1	0|-1	0|-1	0|-1	0|-1	0|-1	1	0	
287	国王争夺战	300970	1	1	1900	1901	1900	1901	0	8	-1	-1	-1	-1	4|1	-1	-1	-1	-1		-1	-1		-1	-1		-1	-1		-1	0	99	50|1	0|-1	0|-1	0|-1	0|-1	0|-1	0|-1	0|-1	0|-1	0|-1	1	0	
288	国王争夺战	300970	1	1	2000	2001	2000	2001	0	9	-1	-1	-1	-1	4|1	-1	-1	-1	-1		-1	-1		-1	-1		-1	-1		-1	0	99	50|1	0|-1	0|-1	0|-1	0|-1	0|-1	0|-1	0|-1	0|-1	0|-1	1	0	
289	周末紫Boss	310003	0	2	52200	52201	52200	52201	0	0	-1	-1	-1	-1	4|1	61	#R恐怖的暗·海都大王出现在中兴府！	52201	-1		-1	-1		-1	-1		-1	-1		-1	-2	99	0|-1	0|-1	0|-1	0|-1	0|-1	0|-1	0|-1	0|-1	0|-1	0|-1	1	0	
290	大逃杀	920010	0	2	61430	61431	61430	61431	0	0	-1	-1	-1	-1	4|1	-1	-1	-1	-1		-1	-1		-1	-1		-1	-1		-1	-2	44	0|-1	0|-1	0|-1	0|-1	0|-1	0|-1	0|-1	0|-1	0|-1	0|-1	1	0	
291	大逃杀奖励	920011	0	2	61455	61456	61455	61456	0	0	-1	-1	-1	-1	4|1	-1	-1	-1	-1		-1	-1		-1	-1		-1	-1		-1	-2	44	0|-1	0|-1	0|-1	0|-1	0|-1	0|-1	0|-1	0|-1	0|-1	0|-1	1	0	
292	大乱斗开始	589001	1	1	759	801	759	801	0	0	-1	-1	-1	-1	5|1	30	#kN#G大乱斗#o互杀#G活动#S开始#B了	801	-1		-1	-1		-1	-1		-1	-1		-1	-2	99	0|-1	0|-1	0|-1	0|-1	0|-1	0|-1	0|-1	0|-1	0|-1	0|-1	1	0	
293	大乱斗关闭	-1	1	1	2259	2300	2259	2300	0	0	-1	-1	-1	-1	5|1	30	#kN#G大乱斗#o互杀#G活动#S结束#B了	2300	-1		-1	-1		-1	-1		-1	-1		-1	-2	99	0|-1	0|-1	0|-1	0|-1	0|-1	0|-1	0|-1	0|-1	0|-1	0|-1	1	0	
294	大乱斗BOSS	589004	1	1	1130	1131	1130	1131	0	0	-1	-1	-1	-1	5|1	61	#kN#G大乱斗#o海都大王#G刷新了	1131	-1		-1	-1		-1	-1		-1	-1		-1	-2	99	0|-1	0|-1	0|-1	0|-1	0|-1	0|-1	0|-1	0|-1	0|-1	0|-1	1	0	
295	大乱斗BOSS	589004	1	1	1330	1331	1330	1331	0	0	-1	-1	-1	-1	5|1	61	#kN#G大乱斗#o海都大王#G刷新了	1331	-1		-1	-1		-1	-1		-1	-1		-1	-2	99	0|-1	0|-1	0|-1	0|-1	0|-1	0|-1	0|-1	0|-1	0|-1	0|-1	1	0	
296	大乱斗BOSS	589004	1	1	1730	1731	1730	1731	0	0	-1	-1	-1	-1	5|1	61	#kN#G大乱斗#o海都大王#G刷新了	1731	-1		-1	-1		-1	-1		-1	-1		-1	-2	99	0|-1	0|-1	0|-1	0|-1	0|-1	0|-1	0|-1	0|-1	0|-1	0|-1	1	0	
297	大乱斗BOSS	589004	1	1	1930	1931	1930	1931	0	0	-1	-1	-1	-1	5|1	61	#kN#G大乱斗#o海都大王#G刷新了	1931	-1		-1	-1		-1	-1		-1	-1		-1	-2	99	0|-1	0|-1	0|-1	0|-1	0|-1	0|-1	0|-1	0|-1	0|-1	0|-1	1	0	
298	大乱斗BOSS	589004	1	1	2130	2131	2130	2131	0	0	-1	-1	-1	-1	5|1	61	#kN#G大乱斗#o海都大王#G刷新了	2131	-1		-1	-1		-1	-1		-1	-1		-1	-2	99	0|-1	0|-1	0|-1	0|-1	0|-1	0|-1	0|-1	0|-1	0|-1	0|-1	1	0	
299	大乱斗BOSS	589004	1	1	2230	2231	2230	2231	0	0	-1	-1	-1	-1	5|1	61	#kN#G大乱斗#o海都大王#G刷新了	2231	-1		-1	-1		-1	-1		-1	-1		-1	-2	99	0|-1	0|-1	0|-1	0|-1	0|-1	0|-1	0|-1	0|-1	0|-1	0|-1	1	0	
300	大乱斗暴君	589005	1	1	1125	1126	1125	1126	0	0	-1	-1	-1	-1	5|1	61	#kN#G大乱斗#o暴君#G刷新了	1126	-1		-1	-1		-1	-1		-1	-1		-1	-2	99	0|-1	0|-1	0|-1	0|-1	0|-1	0|-1	0|-1	0|-1	0|-1	0|-1	1	0	
301	大乱斗暴君	589005	1	1	1325	1326	1325	1326	0	0	-1	-1	-1	-1	5|1	61	#kN#G大乱斗#o暴君#G刷新了	1326	-1		-1	-1		-1	-1		-1	-1		-1	-2	99	0|-1	0|-1	0|-1	0|-1	0|-1	0|-1	0|-1	0|-1	0|-1	0|-1	1	0	
302	大乱斗暴君	589005	1	1	1525	1526	1525	1526	0	0	-1	-1	-1	-1	5|1	61	#kN#G大乱斗#o暴君#G刷新了	1526	-1		-1	-1		-1	-1		-1	-1		-1	-2	99	0|-1	0|-1	0|-1	0|-1	0|-1	0|-1	0|-1	0|-1	0|-1	0|-1	1	0	
303	大乱斗暴君	589005	1	1	1925	1926	1925	1926	0	0	-1	-1	-1	-1	5|1	61	#kN#G大乱斗#o暴君#G刷新了	1926	-1		-1	-1		-1	-1		-1	-1		-1	-2	99	0|-1	0|-1	0|-1	0|-1	0|-1	0|-1	0|-1	0|-1	0|-1	0|-1	1	0	
304	大乱斗暴君	589005	1	1	2125	2126	2125	2126	0	0	-1	-1	-1	-1	5|1	61	#kN#G大乱斗#o暴君#G刷新了	2126	-1		-1	-1		-1	-1		-1	-1		-1	-2	99	0|-1	0|-1	0|-1	0|-1	0|-1	0|-1	0|-1	0|-1	0|-1	0|-1	1	0	
305	大乱斗暴君	589005	1	1	2225	2226	2225	2226	0	0	-1	-1	-1	-1	5|1	61	#kN#G大乱斗#o暴君#G刷新了	2226	-1		-1	-1		-1	-1		-1	-1		-1	-2	99	0|-1	0|-1	0|-1	0|-1	0|-1	0|-1	0|-1	0|-1	0|-1	0|-1	1	0	
306	大乱斗黄金宝箱	589006	1	1	835	836	835	836	0	0	-1	-1	-1	-1	5|1	61	#kN#G大乱斗#o黄金宝箱#G刷新了	836	-1		-1	-1		-1	-1		-1	-1		-1	-2	99	0|-1	0|-1	0|-1	0|-1	0|-1	0|-1	0|-1	0|-1	0|-1	0|-1	1	0	
307	大乱斗黄金宝箱	589006	1	1	1035	1036	1035	1036	0	0	-1	-1	-1	-1	5|1	61	#kN#G大乱斗#o黄金宝箱#G刷新了	1036	-1		-1	-1		-1	-1		-1	-1		-1	-2	99	0|-1	0|-1	0|-1	0|-1	0|-1	0|-1	0|-1	0|-1	0|-1	0|-1	1	0	
308	大乱斗黄金宝箱	589006	1	1	1335	1336	1335	1336	0	0	-1	-1	-1	-1	5|1	61	#kN#G大乱斗#o黄金宝箱#G刷新了	1336	-1		-1	-1		-1	-1		-1	-1		-1	-2	99	0|-1	0|-1	0|-1	0|-1	0|-1	0|-1	0|-1	0|-1	0|-1	0|-1	1	0	
309	大乱斗黄金宝箱	589006	1	1	1635	1636	1635	1636	0	0	-1	-1	-1	-1	5|1	61	#kN#G大乱斗#o黄金宝箱#G刷新了	1636	-1		-1	-1		-1	-1		-1	-1		-1	-2	99	0|-1	0|-1	0|-1	0|-1	0|-1	0|-1	0|-1	0|-1	0|-1	0|-1	1	0	
310	大乱斗黄金宝箱	589006	1	1	1935	1936	1935	1936	0	0	-1	-1	-1	-1	5|1	61	#kN#G大乱斗#o黄金宝箱#G刷新了	1936	-1		-1	-1		-1	-1		-1	-1		-1	-2	99	0|-1	0|-1	0|-1	0|-1	0|-1	0|-1	0|-1	0|-1	0|-1	0|-1	1	0	
311	大乱斗黄金宝箱	589006	1	1	2135	2136	2135	2136	0	0	-1	-1	-1	-1	5|1	61	#kN#G大乱斗#o黄金宝箱#G刷新了	2136	-1		-1	-1		-1	-1		-1	-1		-1	-2	99	0|-1	0|-1	0|-1	0|-1	0|-1	0|-1	0|-1	0|-1	0|-1	0|-1	1	0	
312	大乱斗黄金宝箱	589006	1	1	2235	2236	2235	2236	0	0	-1	-1	-1	-1	5|1	61	#kN#G大乱斗#o黄金宝箱#G刷新了	2236	-1		-1	-1		-1	-1		-1	-1		-1	-2	99	0|-1	0|-1	0|-1	0|-1	0|-1	0|-1	0|-1	0|-1	0|-1	0|-1	1	0	
313	十字井单人	490036	1	1	1000	1001	1000	1001	0	1	-1	-1	-1	-1	4|1	-1	-1	1001	-1		-1	-1		-1	-1		-1	-1		-1	-2	99	0|-1	0|-1	0|-1	0|-1	0|-1	0|-1	0|-1	0|-1	0|-1	0|-1	1	0	
314	十字井单人	490036	1	1	1300	1301	1300	1301	0	1	-1	-1	-1	-1	4|1	-1	-1	1301	-1		-1	-1		-1	-1		-1	-1		-1	-2	99	0|-1	0|-1	0|-1	0|-1	0|-1	0|-1	0|-1	0|-1	0|-1	0|-1	1	0	
315	十字井单人	490036	1	1	1900	1901	1900	1901	0	1	-1	-1	-1	-1	4|1	-1	-1	1901	-1		-1	-1		-1	-1		-1	-1		-1	-2	99	0|-1	0|-1	0|-1	0|-1	0|-1	0|-1	0|-1	0|-1	0|-1	0|-1	1	0	
316	十字井多人	490036	1	1	930	931	930	931	0	0	-1	-1	-1	-1	4|1	61	大批的冥王死士突然出现在后花园，各位玩家速速组队（3人以上） 前往后花园消灭他们！	931	-1		-1	-1		-1	-1		-1	-1		-1	-2	99	0|-1	0|-1	0|-1	0|-1	0|-1	0|-1	0|-1	0|-1	0|-1	0|-1	1	0	
317	十字井多人	490036	1	1	1230	1231	1230	1231	0	0	-1	-1	-1	-1	4|1	61	大批的冥王死士突然出现在后花园，各位玩家速速组队（3人以上） 前往后花园消灭他们！	1231	-1		-1	-1		-1	-1		-1	-1		-1	-2	99	0|-1	0|-1	0|-1	0|-1	0|-1	0|-1	0|-1	0|-1	0|-1	0|-1	1	0	
318	十字井多人	490036	1	1	1530	1531	1530	1531	0	0	-1	-1	-1	-1	4|1	61	大批的冥王死士突然出现在后花园，各位玩家速速组队（3人以上） 前往后花园消灭他们！	1531	-1		-1	-1		-1	-1		-1	-1		-1	-2	99	0|-1	0|-1	0|-1	0|-1	0|-1	0|-1	0|-1	0|-1	0|-1	0|-1	1	0	
319	十字井多人	490036	1	1	2230	2231	2230	2231	0	0	-1	-1	-1	-1	4|1	61	大批的冥王死士突然出现在后花园，各位玩家速速组队（3人以上） 前往后花园消灭他们！	2231	-1		-1	-1		-1	-1		-1	-1		-1	-2	99	0|-1	0|-1	0|-1	0|-1	0|-1	0|-1	0|-1	0|-1	0|-1	0|-1	1	0	
320	大对决	320016	0	2	61430	61431	61430	61431	0	1	-1	-1	-1	-1	4|1	-1	-1	-1	-1		-1	-1		-1	-1		-1	-1		-1	-2	44	0|-1	0|-1	0|-1	0|-1	0|-1	0|-1	0|-1	0|-1	0|-1	0|-1	1	0	
321	皇帝战（脚本中配置了id314）	-1	0	2	61931	61959	-1	-1	0	0	-1	-1	-1	-1	5|1	600	皇帝战将于20：00在沙城举行，请大家做好准备。	61959	-1		-1	-1		-1	-1		-1	-1		-1	-2	44	0|-1	0|-1	0|-1	0|-1	0|-1	0|-1	0|-1	0|-1	0|-1	0|-1	1	0	
322	仲夏嘉年华	-1	1	1	-1	-1	-1	-1	0	0	-1	-1	-1	-1	5|1	-1		-1	-1		-1	-1		-1	-1		-1	-1		-1	-1	0	0|-1	0|-1	0|-1	0|-1	0|-1	0|-1	0|-1	0|-1	0|-1	0|-1	1	0	
323	仲夏嘉年华	-1	1	1	-1	-1	-1	-1	0	1	-1	-1	-1	-1	5|1	-1		-1	-1		-1	-1		-1	-1		-1	-1		-1	-1	0	0|-1	0|-1	0|-1	0|-1	0|-1	0|-1	0|-1	0|-1	0|-1	0|-1	1	0	
324	扬威号	-1	0	2	-1	-1	-1	-1	0	0	-1	-1	-1	-1	5	-1		-1	-1		-1	-1		-1	-1		-1	-1		-1	-2	0	0|-1	0|-1	0|-1	0|-1	0|-1	0|-1	0|-1	0|-1	0|-1	0|-1	1	0	
325	那达慕赛马大会提示	-1	1	1	1920	1929	-1	-1	0	0	-1	-1	-1	-1	4|1	180	那达慕赛马大会即将在19：30召开，请各位玩家前往大都东做好准备	1931	-1		-1	-1		-1	-1		-1	-1		-1	-2	-1	0|-1	0|-1	0|-1	0|-1	0|-1	0|-1	0|-1	0|-1	0|-1	0|-1	1	0	
326	那达慕赛马大会开始	430601	1	1	1930	2000	1930	1931	0	0	-1	-1	-1	-1	1|5	300	那达慕赛马大会开始，请各位玩家点击赛马提示前往大都东参加赛马大赛	1931	-1		-1	-1		-1	-1		-1	-1		-1	-2	-1	0|-1	0|-1	0|-1	0|-1	0|-1	0|-1	0|-1	0|-1	0|-1	0|-1	1	0	
327	跨服后花园boss	-1	1	1	1230	1231	1230	1240	0	0	-1	-1	-1	-1	4|1	-1		1231	-1		-1	-1		-1	-1		-1	-1		-1	-2	-1	0|-1	0|-1	0|-1	0|-1	0|-1	0|-1	0|-1	0|-1	0|-1	0|-1	1	2	
328	跨服后花园boss	-1	1	1	1600	1601	1600	1610	0	0	-1	-1	-1	-1	4|1	-1		1601	-1		-1	-1		-1	-1		-1	-1		-1	-2	-1	0|-1	0|-1	0|-1	0|-1	0|-1	0|-1	0|-1	0|-1	0|-1	0|-1	1	2	
329	跨服后花园boss	-1	1	1	2200	2201	2200	2210	0	0	-1	-1	-1	-1	4|1	-1		2201	-1		-1	-1		-1	-1		-1	-1		-1	-2	-1	0|-1	0|-1	0|-1	0|-1	0|-1	0|-1	0|-1	0|-1	0|-1	0|-1	1	2	
330	家园boss定时刷怪	-1	1	1	2200	2201	-1	-1	0	0	-1	-1	-1	-1	4|1	61	一批境外恶徒乘虚而入，在王城中肆意掠夺，部分人的庄园受到了入侵！	2201	-1		-1	-1		-1	-1		-1	-1		-1	-2	-1	0|-1	0|-1	0|-1	0|-1	0|-1	0|-1	0|-1	0|-1	0|-1	0|-1	1	0	
331	神秘天狼国战士	-1	1	1	1050	1101	1050	1101	0	0	-1	-1	-1	-1	4|1	61	一批天狼国战士乘虚而入，领地凤翔府、阿尔金山、撒马尔罕、莫斯科公国、匈牙利王国及大马士革遭到破坏请求支持！	1101	-1		-1	-1		-1	-1		-1	-1		-1	-2	-1	0|-1	0|-1	0|-1	0|-1	0|-1	0|-1	0|-1	0|-1	0|-1	0|-1	1	2	
332	神秘天狼国战士	302529	1	1	1100	1101	1100	1101	0	0	-1	-1	-1	-1	4|1	61	一批天狼国战士乘虚而入，领地凤翔府、阿尔金山、撒马尔罕、莫斯科公国、匈牙利王国及大马士革遭到破坏请求支持！	1101	-1		-1	-1		-1	-1		-1	-1		-1	-2	-1	0|-1	0|-1	0|-1	0|-1	0|-1	0|-1	0|-1	0|-1	0|-1	0|-1	1	2	
333	神秘天狼国战士	-1	1	1	1550	1601	1550	1601	0	0	-1	-1	-1	-1	4|1	61	一批天狼国战士乘虚而入，领地凤翔府、阿尔金山、撒马尔罕、莫斯科公国、匈牙利王国及大马士革遭到破坏请求支持！	1601	-1		-1	-1		-1	-1		-1	-1		-1	-2	-1	0|-1	0|-1	0|-1	0|-1	0|-1	0|-1	0|-1	0|-1	0|-1	0|-1	1	2	
334	神秘天狼国战士	302529	1	1	1600	1601	1600	1601	0	0	-1	-1	-1	-1	4|1	61	一批天狼国战士乘虚而入，领地凤翔府、阿尔金山、撒马尔罕、莫斯科公国、匈牙利王国及大马士革遭到破坏请求支持！	1601	-1		-1	-1		-1	-1		-1	-1		-1	-2	-1	0|-1	0|-1	0|-1	0|-1	0|-1	0|-1	0|-1	0|-1	0|-1	0|-1	1	2	
335	十八魔君	310000	1	1	1000	0	1000	0	0	0	-1	-1	-1	-1	4|1	61	曾经被成吉思汗征服的十八个统治者一直心有不甘，百年之后依然阴魂不散，不时地勾结在一起入侵，这次他们的身影又出现了！	1001	-1		-1	-1		-1	-1		-1	-1		-1	-2	99	0|-1	0|-1	0|-1	0|-1	0|-1	0|-1	0|-1	0|-1	0|-1	0|-1	1	0	
336	十八魔君	-1	1	1	1000	1001	-1	-1	0	0	-1	-1	-1	-1	5	61	十八魔君出现了	1001	-1		-1	-1		-1	-1		-1	-1		-1	-2	99	0|-1	0|-1	0|-1	0|-1	0|-1	0|-1	0|-1	0|-1	0|-1	0|-1	1	0	
337	十八魔君消失	-1	1	1	1059	1	1059	1	0	0	-1	-1	-1	-1	4|1	61		1	-1		-1	-1		-1	-1		-1	-1		-1	-2	99	0|-1	0|-1	0|-1	0|-1	0|-1	0|-1	0|-1	0|-1	0|-1	0|-1	1	0	
338	十八魔君	310000	1	1	1400	0	1400	0	0	0	-1	-1	-1	-1	4|1	61	曾经被成吉思汗征服的十八个统治者一直心有不甘，百年之后依然阴魂不散，不时地勾结在一起入侵，这次他们的身影又出现了！	1401	-1		-1	-1		-1	-1		-1	-1		-1	-2	99	0|-1	0|-1	0|-1	0|-1	0|-1	0|-1	0|-1	0|-1	0|-1	0|-1	1	0	
339	十八魔君	-1	1	1	1400	1401	-1	-1	0	0	-1	-1	-1	-1	5	61	十八魔君出现了	1401	-1		-1	-1		-1	-1		-1	-1		-1	-2	99	0|-1	0|-1	0|-1	0|-1	0|-1	0|-1	0|-1	0|-1	0|-1	0|-1	1	0	
340	十八魔君消失	-1	1	1	1459	1	1459	1	0	0	-1	-1	-1	-1	4|1	61		1	-1		-1	-1		-1	-1		-1	-1		-1	-2	99	0|-1	0|-1	0|-1	0|-1	0|-1	0|-1	0|-1	0|-1	0|-1	0|-1	1	0	
341	十八魔君	310000	1	1	2100	0	2300	0	0	0	-1	-1	-1	-1	4|1	61	曾经被成吉思汗征服的十八个统治者一直心有不甘，百年之后依然阴魂不散，不时地勾结在一起入侵，这次他们的身影又出现了！	2101	-1		-1	-1		-1	-1		-1	-1		-1	-2	99	0|-1	0|-1	0|-1	0|-1	0|-1	0|-1	0|-1	0|-1	0|-1	0|-1	1	0	
342	十八魔君	-1	1	1	2100	2101	-1	-1	0	0	-1	-1	-1	-1	5	61	十八魔君出现了	2101	-1		-1	-1		-1	-1		-1	-1		-1	-2	99	0|-1	0|-1	0|-1	0|-1	0|-1	0|-1	0|-1	0|-1	0|-1	0|-1	1	0	
343	十八魔君消失	-1	1	1	2159	1	0	1	0	0	-1	-1	-1	-1	4|1	61		1	-1		-1	-1		-1	-1		-1	-1		-1	-2	99	0|-1	0|-1	0|-1	0|-1	0|-1	0|-1	0|-1	0|-1	0|-1	0|-1	1	0	
344	十八魔君	310000	1	1	2200	0	2200	0	0	0	-1	-1	-1	-1	4|1	61	曾经被成吉思汗征服的十八个统治者一直心有不甘，百年之后依然阴魂不散，不时地勾结在一起入侵，这次他们的身影又出现了！	2201	-1		-1	-1		-1	-1		-1	-1		-1	-2	99	0|-1	0|-1	0|-1	0|-1	0|-1	0|-1	0|-1	0|-1	0|-1	0|-1	1	0	
345	十八魔君	-1	1	1	2200	2201	-1	-1	0	0	-1	-1	-1	-1	5	61	十八魔君出现了	2201	-1		-1	-1		-1	-1		-1	-1		-1	-2	99	0|-1	0|-1	0|-1	0|-1	0|-1	0|-1	0|-1	0|-1	0|-1	0|-1	1	0	
346	十八魔君消失	-1	1	1	2259	1	0	1	0	0	-1	-1	-1	-1	4|1	61		1	-1		-1	-1		-1	-1		-1	-1		-1	-2	99	0|-1	0|-1	0|-1	0|-1	0|-1	0|-1	0|-1	0|-1	0|-1	0|-1	1	0	
347	蓬莱岛BOSS	588017	1	1	1000	1001	1000	1001	0	0	-1	-1	-1	-1	4|1	61	#kN#G蓬莱岛6个BOSS海都大王·狂魔刷新了！！！#o坐标（115,195）,坐标（197,168）,坐标（148,64）,#S坐标（210,110）,坐标（213,49）,坐标（199,206）,#G刷新时间8:00-23:00#B之间整点刷！	1001	-1		-1	-1		-1	-1		-1	-1		-1	-2	99	0|-1	0|-1	0|-1	0|-1	0|-1	0|-1	0|-1	0|-1	0|-1	0|-1	1	0	
348	蓬莱岛BOSS	588017	1	1	1300	1301	1300	1301	0	0	-1	-1	-1	-1	4|1	61	#kN#G蓬莱岛6个BOSS海都大王·狂魔刷新了！！！#o坐标（115,195）,坐标（197,168）,坐标（148,64）,#S坐标（210,110）,坐标（213,49）,坐标（199,206）,#G刷新时间8:00-23:00#B之间整点刷！	1301	-1		-1	-1		-1	-1		-1	-1		-1	-2	99	0|-1	0|-1	0|-1	0|-1	0|-1	0|-1	0|-1	0|-1	0|-1	0|-1	1	0	
349	蓬莱岛BOSS	588017	1	1	1600	1601	1600	1601	0	0	-1	-1	-1	-1	4|1	61	#kN#G蓬莱岛6个BOSS海都大王·狂魔刷新了！！！#o坐标（115,195）,坐标（197,168）,坐标（148,64）,#S坐标（210,110）,坐标（213,49）,坐标（199,206）,#G刷新时间8:00-23:00#B之间整点刷！	1601	-1		-1	-1		-1	-1		-1	-1		-1	-2	99	0|-1	0|-1	0|-1	0|-1	0|-1	0|-1	0|-1	0|-1	0|-1	0|-1	1	0	
350	蓬莱岛BOSS	588017	1	1	1700	1701	1700	1701	0	0	-1	-1	-1	-1	4|1	61	#kN#G蓬莱岛6个BOSS海都大王·狂魔刷新了！！！#o坐标（115,195）,坐标（197,168）,坐标（148,64）,#S坐标（210,110）,坐标（213,49）,坐标（199,206）,#G刷新时间8:00-23:00#B之间整点刷！	1701	-1		-1	-1		-1	-1		-1	-1		-1	-2	99	0|-1	0|-1	0|-1	0|-1	0|-1	0|-1	0|-1	0|-1	0|-1	0|-1	1	0	
351	蓬莱岛BOSS	588017	1	1	2000	2001	2000	2001	0	0	-1	-1	-1	-1	4|1	61	#kN#G蓬莱岛6个BOSS海都大王·狂魔刷新了！！！#o坐标（115,195）,坐标（197,168）,坐标（148,64）,#S坐标（210,110）,坐标（213,49）,坐标（199,206）,#G刷新时间8:00-23:00#B之间整点刷！	2001	-1		-1	-1		-1	-1		-1	-1		-1	-2	99	0|-1	0|-1	0|-1	0|-1	0|-1	0|-1	0|-1	0|-1	0|-1	0|-1	1	0	
352	蓬莱岛BOSS	588017	1	1	2100	2101	2100	2101	0	0	-1	-1	-1	-1	4|1	61	#kN#G蓬莱岛6个BOSS海都大王·狂魔刷新了！！！#o坐标（115,195）,坐标（197,168）,坐标（148,64）,#S坐标（210,110）,坐标（213,49）,坐标（199,206）,#G刷新时间8:00-23:00#B之间整点刷！	2101	-1		-1	-1		-1	-1		-1	-1		-1	-2	99	0|-1	0|-1	0|-1	0|-1	0|-1	0|-1	0|-1	0|-1	0|-1	0|-1	1	0	
353	蓬莱岛BOSS	588017	1	1	2200	2201	2200	2201	0	0	-1	-1	-1	-1	4|1	61	#kN#G蓬莱岛6个BOSS海都大王·狂魔刷新了！！！#o坐标（115,195）,坐标（197,168）,坐标（148,64）,#S坐标（210,110）,坐标（213,49）,坐标（199,206）,#G刷新时间8:00-23:00#B之间整点刷！	2201	-1		-1	-1		-1	-1		-1	-1		-1	-2	99	0|-1	0|-1	0|-1	0|-1	0|-1	0|-1	0|-1	0|-1	0|-1	0|-1	1	0	
354	蓬莱岛BOSS	588017	1	1	2300	2301	2300	2301	0	0	-1	-1	-1	-1	4|1	61	#kN#G蓬莱岛6个BOSS海都大王·狂魔刷新了！！！#o坐标（115,195）,坐标（197,168）,坐标（148,64）,#S坐标（210,110）,坐标（213,49）,坐标（199,206）,#G刷新时间8:00-23:00#B之间整点刷！	2301	-1		-1	-1		-1	-1		-1	-1		-1	-2	99	0|-1	0|-1	0|-1	0|-1	0|-1	0|-1	0|-1	0|-1	0|-1	0|-1	1	0	
355	深渊地牢关闭公告	310966	1	1	2345	2346	2345	0	0	0	-1	-1	-1	-1	4|5	61	深渊地牢即将关闭	2346	-1		-1	-1		-1	-1		-1	-1		-1	0	99	436|1	437|2	438|3	439|4	440|5	441|6	442|7	443|8	444|9	445|10	1	0	
356	深渊地牢关闭公告	310966	1	1	-1	-1	0	15	0	0	-1	-1	-1	-1	4|5	61	深渊地牢即将关闭	15	-1		-1	-1		-1	-1		-1	-1		-1	0	99	436|1	437|2	438|3	439|4	440|5	441|6	442|7	443|8	444|9	445|10	1	0	
357	深渊地牢开启	-1	1	1	13	14	13	14	0	0	-1	-1	-1	-1	4|5	61	深渊地牢即将开放	14	-1		-1	-1		-1	-1		-1	-1		-1	0	99	436|1	437|2	438|3	439|4	440|5	441|6	442|7	443|8	444|9	445|10	1	0	
358	深渊地牢开启	-1	1	1	14	15	14	15	0	0	-1	-1	-1	-1	4|5	61	深渊地牢即将开放	15	-1		-1	-1		-1	-1		-1	-1		-1	0	99	436|1	437|2	438|3	439|4	440|5	441|6	442|7	443|8	444|9	445|10	1	0	
359	大乱斗现金BOSS	589007	1	1	2100	2101	2100	2101	0	0	-1	-1	-1	-1	5|1	61	#kN#G大乱斗#o现金BOSS#G刷新了	2101	-1		-1	-1		-1	-1		-1	-1		-1	-2	99	0|-1	0|-1	0|-1	0|-1	0|-1	0|-1	0|-1	0|-1	0|-1	0|-1	1	0	
360	大乱斗现金BOSS	589007	1	1	2200	2201	2200	2201	0	0	-1	-1	-1	-1	5|1	61	#kN#G大乱斗#o现金BOSS#G刷新了	2201	-1		-1	-1		-1	-1		-1	-1		-1	-2	99	0|-1	0|-1	0|-1	0|-1	0|-1	0|-1	0|-1	0|-1	0|-1	0|-1	1	0	
361	随机boss	589008	1	1	600	601	600	601	0	0	-1	-1	-1	-1	5|1	61	#kN#G随机#oboss#G刷新了	601	-1		-1	-1		-1	-1		-1	-1		-1	-2	99	0|-1	0|-1	0|-1	0|-1	0|-1	0|-1	0|-1	0|-1	0|-1	0|-1	1	0	
362	随机boss	589008	1	1	700	701	700	701	0	0	-1	-1	-1	-1	5|1	61	#kN#G随机#oboss#G刷新了	701	-1		-1	-1		-1	-1		-1	-1		-1	-2	99	0|-1	0|-1	0|-1	0|-1	0|-1	0|-1	0|-1	0|-1	0|-1	0|-1	1	0	
363	随机boss	589008	1	1	800	801	800	801	0	0	-1	-1	-1	-1	5|1	61	#kN#G随机#oboss#G刷新了	801	-1		-1	-1		-1	-1		-1	-1		-1	-2	99	0|-1	0|-1	0|-1	0|-1	0|-1	0|-1	0|-1	0|-1	0|-1	0|-1	1	0	
364	随机boss	589008	1	1	900	901	900	901	0	0	-1	-1	-1	-1	5|1	61	#kN#G随机#oboss#G刷新了	901	-1		-1	-1		-1	-1		-1	-1		-1	-2	99	0|-1	0|-1	0|-1	0|-1	0|-1	0|-1	0|-1	0|-1	0|-1	0|-1	1	0	
365	随机boss	589008	1	1	1000	1001	1000	1001	0	0	-1	-1	-1	-1	5|1	61	#kN#G随机#oboss#G刷新了	1001	-1		-1	-1		-1	-1		-1	-1		-1	-2	99	0|-1	0|-1	0|-1	0|-1	0|-1	0|-1	0|-1	0|-1	0|-1	0|-1	1	0	
366	随机boss	589008	1	1	1100	1101	1100	1101	0	0	-1	-1	-1	-1	5|1	61	#kN#G随机#oboss#G刷新了	1101	-1		-1	-1		-1	-1		-1	-1		-1	-2	99	0|-1	0|-1	0|-1	0|-1	0|-1	0|-1	0|-1	0|-1	0|-1	0|-1	1	0	
367	随机boss	589008	1	1	1200	1201	1200	1201	0	0	-1	-1	-1	-1	5|1	61	#kN#G随机#oboss#G刷新了	1201	-1		-1	-1		-1	-1		-1	-1		-1	-2	99	0|-1	0|-1	0|-1	0|-1	0|-1	0|-1	0|-1	0|-1	0|-1	0|-1	1	0	
368	随机boss	589008	1	1	1300	1301	1300	1301	0	0	-1	-1	-1	-1	5|1	61	#kN#G随机#oboss#G刷新了	1301	-1		-1	-1		-1	-1		-1	-1		-1	-2	99	0|-1	0|-1	0|-1	0|-1	0|-1	0|-1	0|-1	0|-1	0|-1	0|-1	1	0	
369	随机boss	589008	1	1	1400	1401	1400	1401	0	0	-1	-1	-1	-1	5|1	61	#kN#G随机#oboss#G刷新了	1401	-1		-1	-1		-1	-1		-1	-1		-1	-2	99	0|-1	0|-1	0|-1	0|-1	0|-1	0|-1	0|-1	0|-1	0|-1	0|-1	1	0	
370	随机boss	589008	1	1	1500	1501	1500	1501	0	0	-1	-1	-1	-1	5|1	61	#kN#G随机#oboss#G刷新了	1501	-1		-1	-1		-1	-1		-1	-1		-1	-2	99	0|-1	0|-1	0|-1	0|-1	0|-1	0|-1	0|-1	0|-1	0|-1	0|-1	1	0	
371	随机boss	589008	1	1	1600	1601	1600	1601	0	0	-1	-1	-1	-1	5|1	61	#kN#G随机#oboss#G刷新了	1601	-1		-1	-1		-1	-1		-1	-1		-1	-2	99	0|-1	0|-1	0|-1	0|-1	0|-1	0|-1	0|-1	0|-1	0|-1	0|-1	1	0	
372	随机boss	589008	1	1	1700	1701	1700	1701	0	0	-1	-1	-1	-1	5|1	61	#kN#G随机#oboss#G刷新了	1701	-1		-1	-1		-1	-1		-1	-1		-1	-2	99	0|-1	0|-1	0|-1	0|-1	0|-1	0|-1	0|-1	0|-1	0|-1	0|-1	1	0	
373	随机boss	589008	1	1	1800	1801	1800	1801	0	0	-1	-1	-1	-1	5|1	61	#kN#G随机#oboss#G刷新了	1801	-1		-1	-1		-1	-1		-1	-1		-1	-2	99	0|-1	0|-1	0|-1	0|-1	0|-1	0|-1	0|-1	0|-1	0|-1	0|-1	1	0	
374	随机boss	589008	1	1	1900	1901	1900	1901	0	0	-1	-1	-1	-1	5|1	61	#kN#G随机#oboss#G刷新了	1901	-1		-1	-1		-1	-1		-1	-1		-1	-2	99	0|-1	0|-1	0|-1	0|-1	0|-1	0|-1	0|-1	0|-1	0|-1	0|-1	1	0	
375	随机boss	589008	1	1	2000	2001	2000	2001	0	0	-1	-1	-1	-1	5|1	61	#kN#G随机#oboss#G刷新了	2001	-1		-1	-1		-1	-1		-1	-1		-1	-2	99	0|-1	0|-1	0|-1	0|-1	0|-1	0|-1	0|-1	0|-1	0|-1	0|-1	1	0	
376	随机boss	589008	1	1	2100	2101	2100	2101	0	0	-1	-1	-1	-1	5|1	61	#kN#G随机#oboss#G刷新了	2101	-1		-1	-1		-1	-1		-1	-1		-1	-2	99	0|-1	0|-1	0|-1	0|-1	0|-1	0|-1	0|-1	0|-1	0|-1	0|-1	1	0	
377	随机boss	589008	1	1	2200	2201	2200	2201	0	0	-1	-1	-1	-1	5|1	61	#kN#G随机#oboss#G刷新了	2201	-1		-1	-1		-1	-1		-1	-1		-1	-2	99	0|-1	0|-1	0|-1	0|-1	0|-1	0|-1	0|-1	0|-1	0|-1	0|-1	1	0	
378	随机boss	589008	1	1	2300	2301	2300	2301	0	0	-1	-1	-1	-1	5|1	61	#kN#G随机#oboss#G刷新了	2301	-1		-1	-1		-1	-1		-1	-1		-1	-2	99	0|-1	0|-1	0|-1	0|-1	0|-1	0|-1	0|-1	0|-1	0|-1	0|-1	1	0	
379	随机boss	589008	1	1	0	1	0	1	0	0	-1	-1	-1	-1	5|1	61	#kN#G随机#oboss#G刷新了	1	-1		-1	-1		-1	-1		-1	-1		-1	-2	99	0|-1	0|-1	0|-1	0|-1	0|-1	0|-1	0|-1	0|-1	0|-1	0|-1	1	0	
