NUM	NUM	NUM	NUM	NUM	TEXT	TEXT	FLOAT	FLOAT	NUM	NUM	NUM	NUM	NUM	NUM	NUM	NUM	NUM	NUM	NUM	NUM	NUM	NUM	NUM
编号	随机编号	attr编号	逻辑表编号	阵营编号	名称	称号	x轴坐标	z轴坐标	朝向	脚本编号	重生时间	分组编号	队伍编号	基础AI	AI文件	巡逻路径	商店0	商店1	商店2	商店3	名誉ID	等级	镜像组
0	1	4821	144806	20	宁采臣	#kN#G大乱斗#o活动#G使者	130	90	27	0	10000	-1	-1	3	0	-1	-1	-1	-1	-1	-1	80	0
1	2	18416	-1	21			222	120	27	0	3000	-1	-1	0	-1	-1	-1	-1	-1	-1	-1	60	0
2	3	18416	-1	21			222	120	27	0	3000	-1	-1	0	-1	-1	-1	-1	-1	-1	-1	60	0
3	4	18416	-1	21			222	120	27	0	3000	-1	-1	0	-1	-1	-1	-1	-1	-1	-1	60	0
4	5	18416	-1	21			222	120	27	0	3000	-1	-1	0	-1	-1	-1	-1	-1	-1	-1	60	0
5	6	18416	-1	21			222	120	27	0	3000	-1	-1	0	-1	-1	-1	-1	-1	-1	-1	60	0
6	7	18416	-1	21			222	120	27	0	3000	-1	-1	0	-1	-1	-1	-1	-1	-1	-1	60	0
7	8	18416	-1	21			222	120	27	0	3000	-1	-1	0	-1	-1	-1	-1	-1	-1	-1	60	0
8	9	18416	-1	21			222	120	27	0	3000	-1	-1	0	-1	-1	-1	-1	-1	-1	-1	60	0
9	10	18416	-1	21			222	120	27	0	3000	-1	-1	0	-1	-1	-1	-1	-1	-1	-1	60	0
10	11	18416	-1	21			222	120	27	0	3000	-1	-1	0	-1	-1	-1	-1	-1	-1	-1	60	0
11	12	18416	-1	21			222	120	27	0	3000	-1	-1	0	-1	-1	-1	-1	-1	-1	-1	60	0
12	13	18416	-1	21			222	120	27	0	3000	-1	-1	0	-1	-1	-1	-1	-1	-1	-1	60	0
13	14	18416	-1	21			222	120	27	0	3000	-1	-1	0	-1	-1	-1	-1	-1	-1	-1	60	0
14	15	18416	-1	21			222	120	27	0	3000	-1	-1	0	-1	-1	-1	-1	-1	-1	-1	60	0
15	16	18416	-1	21			222	120	27	0	3000	-1	-1	0	-1	-1	-1	-1	-1	-1	-1	60	0
16	17	18416	-1	21			222	120	27	0	3000	-1	-1	0	-1	-1	-1	-1	-1	-1	-1	60	0
17	18	18416	-1	21			222	120	27	0	3000	-1	-1	0	-1	-1	-1	-1	-1	-1	-1	60	0
18	19	18416	-1	21			222	120	27	0	3000	-1	-1	0	-1	-1	-1	-1	-1	-1	-1	60	0
19	20	18416	-1	21			222	120	27	0	3000	-1	-1	0	-1	-1	-1	-1	-1	-1	-1	60	0
20	21	18416	-1	21			222	120	27	0	3000	-1	-1	0	-1	-1	-1	-1	-1	-1	-1	60	0
21	22	18416	-1	21			222	120	27	0	3000	-1	-1	0	-1	-1	-1	-1	-1	-1	-1	60	0
22	23	18416	-1	21			222	120	27	0	3000	-1	-1	0	-1	-1	-1	-1	-1	-1	-1	60	0
23	24	18416	-1	21			222	120	27	0	3000	-1	-1	0	-1	-1	-1	-1	-1	-1	-1	60	0
24	25	18416	-1	21			222	120	27	0	3000	-1	-1	0	-1	-1	-1	-1	-1	-1	-1	60	0
25	26	18416	-1	21			222	120	27	0	3000	-1	-1	0	-1	-1	-1	-1	-1	-1	-1	60	0
26	27	18416	-1	21			222	120	27	0	3000	-1	-1	0	-1	-1	-1	-1	-1	-1	-1	60	0
27	28	18416	-1	21			222	120	27	0	3000	-1	-1	0	-1	-1	-1	-1	-1	-1	-1	60	0
28	29	18416	-1	21			222	120	27	0	3000	-1	-1	0	-1	-1	-1	-1	-1	-1	-1	60	0
29	30	18416	-1	21			222	120	27	0	3000	-1	-1	0	-1	-1	-1	-1	-1	-1	-1	60	0
30	31	18416	-1	21			222	120	27	0	3000	-1	-1	0	-1	-1	-1	-1	-1	-1	-1	60	0
31	32	18416	-1	21			222	120	27	0	3000	-1	-1	0	-1	-1	-1	-1	-1	-1	-1	60	0
32	33	18416	-1	21			222	120	27	0	3000	-1	-1	0	-1	-1	-1	-1	-1	-1	-1	60	0
33	34	18416	-1	21			222	120	27	0	3000	-1	-1	0	-1	-1	-1	-1	-1	-1	-1	60	0
34	35	18416	-1	21			222	120	27	0	3000	-1	-1	0	-1	-1	-1	-1	-1	-1	-1	60	0
35	36	18416	-1	21			222	120	27	0	3000	-1	-1	0	-1	-1	-1	-1	-1	-1	-1	60	0
36	37	18416	-1	21			222	120	27	0	3000	-1	-1	0	-1	-1	-1	-1	-1	-1	-1	60	0
37	38	18416	-1	21			222	120	27	0	3000	-1	-1	0	-1	-1	-1	-1	-1	-1	-1	60	0
38	39	18416	-1	21			222	120	27	0	3000	-1	-1	0	-1	-1	-1	-1	-1	-1	-1	60	0
39	40	18416	-1	21			222	120	27	0	3000	-1	-1	0	-1	-1	-1	-1	-1	-1	-1	60	0
40	41	18416	-1	21			222	120	27	0	3000	-1	-1	0	-1	-1	-1	-1	-1	-1	-1	60	0
41	42	18416	-1	21			217	92	27	0	3000	-1	-1	0	-1	-1	-1	-1	-1	-1	-1	65	0
42	43	18416	-1	21			217	92	27	0	3000	-1	-1	0	-1	-1	-1	-1	-1	-1	-1	65	0
43	44	18416	-1	21			217	92	27	0	3000	-1	-1	0	-1	-1	-1	-1	-1	-1	-1	65	0
44	45	18416	-1	21			217	92	27	0	3000	-1	-1	0	-1	-1	-1	-1	-1	-1	-1	65	0
45	46	18416	-1	21			217	92	27	0	3000	-1	-1	0	-1	-1	-1	-1	-1	-1	-1	65	0
46	47	18416	-1	21			217	92	27	0	3000	-1	-1	0	-1	-1	-1	-1	-1	-1	-1	65	0
47	48	18416	-1	21			217	92	27	0	3000	-1	-1	0	-1	-1	-1	-1	-1	-1	-1	65	0
48	49	18416	-1	21			217	92	27	0	3000	-1	-1	0	-1	-1	-1	-1	-1	-1	-1	65	0
49	50	18416	-1	21			217	92	27	0	3000	-1	-1	0	-1	-1	-1	-1	-1	-1	-1	65	0
50	51	18416	-1	21			217	92	27	0	3000	-1	-1	0	-1	-1	-1	-1	-1	-1	-1	65	0
51	52	18416	-1	21			217	92	27	0	3000	-1	-1	0	-1	-1	-1	-1	-1	-1	-1	65	0
52	53	18416	-1	21			217	92	27	0	3000	-1	-1	0	-1	-1	-1	-1	-1	-1	-1	65	0
53	54	18416	-1	21			217	92	27	0	3000	-1	-1	0	-1	-1	-1	-1	-1	-1	-1	65	0
54	55	18416	-1	21			217	92	27	0	3000	-1	-1	0	-1	-1	-1	-1	-1	-1	-1	65	0
55	56	18416	-1	21			217	92	27	0	3000	-1	-1	0	-1	-1	-1	-1	-1	-1	-1	65	0
56	57	18416	-1	21			217	92	27	0	3000	-1	-1	0	-1	-1	-1	-1	-1	-1	-1	65	0
57	58	18416	-1	21			217	92	27	0	3000	-1	-1	0	-1	-1	-1	-1	-1	-1	-1	65	0
58	59	18416	-1	21			217	92	27	0	3000	-1	-1	0	-1	-1	-1	-1	-1	-1	-1	65	0
59	60	18416	-1	21			217	92	27	0	3000	-1	-1	0	-1	-1	-1	-1	-1	-1	-1	65	0
60	61	18416	-1	21			217	92	27	0	3000	-1	-1	0	-1	-1	-1	-1	-1	-1	-1	65	0
61	62	18416	-1	21			217	92	27	0	3000	-1	-1	0	-1	-1	-1	-1	-1	-1	-1	65	0
62	63	18416	-1	21			217	92	27	0	3000	-1	-1	0	-1	-1	-1	-1	-1	-1	-1	65	0
63	64	18416	-1	21			217	92	27	0	3000	-1	-1	0	-1	-1	-1	-1	-1	-1	-1	65	0
64	65	18416	-1	21			217	92	27	0	3000	-1	-1	0	-1	-1	-1	-1	-1	-1	-1	65	0
65	66	18416	-1	21			217	92	27	0	3000	-1	-1	0	-1	-1	-1	-1	-1	-1	-1	65	0
66	67	18416	-1	21			217	92	27	0	3000	-1	-1	0	-1	-1	-1	-1	-1	-1	-1	65	0
67	68	18416	-1	21			217	92	27	0	3000	-1	-1	0	-1	-1	-1	-1	-1	-1	-1	65	0
68	69	18416	-1	21			217	92	27	0	3000	-1	-1	0	-1	-1	-1	-1	-1	-1	-1	65	0
69	70	18416	-1	21			217	92	27	0	3000	-1	-1	0	-1	-1	-1	-1	-1	-1	-1	65	0
70	71	18416	-1	21			217	92	27	0	3000	-1	-1	0	-1	-1	-1	-1	-1	-1	-1	65	0
71	72	18416	-1	21			217	92	27	0	3000	-1	-1	0	-1	-1	-1	-1	-1	-1	-1	65	0
72	73	18416	-1	21			217	92	27	0	3000	-1	-1	0	-1	-1	-1	-1	-1	-1	-1	65	0
73	74	18416	-1	21			217	92	27	0	3000	-1	-1	0	-1	-1	-1	-1	-1	-1	-1	65	0
74	75	18416	-1	21			217	92	27	0	3000	-1	-1	0	-1	-1	-1	-1	-1	-1	-1	65	0
75	76	18416	-1	21			217	92	27	0	3000	-1	-1	0	-1	-1	-1	-1	-1	-1	-1	65	0
76	77	18416	-1	21			217	92	27	0	3000	-1	-1	0	-1	-1	-1	-1	-1	-1	-1	65	0
77	78	18416	-1	21			217	92	27	0	3000	-1	-1	0	-1	-1	-1	-1	-1	-1	-1	65	0
78	79	18416	-1	21			217	92	27	0	3000	-1	-1	0	-1	-1	-1	-1	-1	-1	-1	65	0
79	80	18416	-1	21			217	92	27	0	3000	-1	-1	0	-1	-1	-1	-1	-1	-1	-1	65	0
80	81	18416	-1	21			217	92	27	0	3000	-1	-1	0	-1	-1	-1	-1	-1	-1	-1	65	0
81	82	18416	-1	21			214	58	27	0	3000	-1	-1	0	-1	-1	-1	-1	-1	-1	-1	70	0
82	83	18416	-1	21			214	58	27	0	3000	-1	-1	0	-1	-1	-1	-1	-1	-1	-1	70	0
83	84	18416	-1	21			214	58	27	0	3000	-1	-1	0	-1	-1	-1	-1	-1	-1	-1	70	0
84	85	18416	-1	21			214	58	27	0	3000	-1	-1	0	-1	-1	-1	-1	-1	-1	-1	70	0
85	86	18416	-1	21			214	58	27	0	3000	-1	-1	0	-1	-1	-1	-1	-1	-1	-1	70	0
86	87	18416	-1	21			214	58	27	0	3000	-1	-1	0	-1	-1	-1	-1	-1	-1	-1	70	0
87	88	18416	-1	21			214	58	27	0	3000	-1	-1	0	-1	-1	-1	-1	-1	-1	-1	70	0
88	89	18416	-1	21			214	58	27	0	3000	-1	-1	0	-1	-1	-1	-1	-1	-1	-1	70	0
89	90	18416	-1	21			214	58	27	0	3000	-1	-1	0	-1	-1	-1	-1	-1	-1	-1	70	0
90	91	18416	-1	21			214	58	27	0	3000	-1	-1	0	-1	-1	-1	-1	-1	-1	-1	70	0
91	92	18416	-1	21			214	58	27	0	3000	-1	-1	0	-1	-1	-1	-1	-1	-1	-1	70	0
92	93	18416	-1	21			214	58	27	0	3000	-1	-1	0	-1	-1	-1	-1	-1	-1	-1	70	0
93	94	18416	-1	21			214	58	27	0	3000	-1	-1	0	-1	-1	-1	-1	-1	-1	-1	70	0
94	95	18416	-1	21			214	58	27	0	3000	-1	-1	0	-1	-1	-1	-1	-1	-1	-1	70	0
95	96	18416	-1	21			214	58	27	0	3000	-1	-1	0	-1	-1	-1	-1	-1	-1	-1	70	0
96	97	18416	-1	21			214	58	27	0	3000	-1	-1	0	-1	-1	-1	-1	-1	-1	-1	70	0
97	98	18416	-1	21			214	58	27	0	3000	-1	-1	0	-1	-1	-1	-1	-1	-1	-1	70	0
98	99	18416	-1	21			214	58	27	0	3000	-1	-1	0	-1	-1	-1	-1	-1	-1	-1	70	0
99	100	18416	-1	21			214	58	27	0	3000	-1	-1	0	-1	-1	-1	-1	-1	-1	-1	70	0
100	101	18416	-1	21			214	58	27	0	3000	-1	-1	0	-1	-1	-1	-1	-1	-1	-1	70	0
101	102	18416	-1	21			214	58	27	0	3000	-1	-1	0	-1	-1	-1	-1	-1	-1	-1	70	0
102	103	18416	-1	21			214	58	27	0	3000	-1	-1	0	-1	-1	-1	-1	-1	-1	-1	70	0
103	104	18416	-1	21			214	58	27	0	3000	-1	-1	0	-1	-1	-1	-1	-1	-1	-1	70	0
104	105	18416	-1	21			214	58	27	0	3000	-1	-1	0	-1	-1	-1	-1	-1	-1	-1	70	0
105	106	18416	-1	21			214	58	27	0	3000	-1	-1	0	-1	-1	-1	-1	-1	-1	-1	70	0
106	107	18416	-1	21			214	58	27	0	3000	-1	-1	0	-1	-1	-1	-1	-1	-1	-1	70	0
107	108	18416	-1	21			214	58	27	0	3000	-1	-1	0	-1	-1	-1	-1	-1	-1	-1	70	0
108	109	18416	-1	21			214	58	27	0	3000	-1	-1	0	-1	-1	-1	-1	-1	-1	-1	70	0
109	110	18416	-1	21			214	58	27	0	3000	-1	-1	0	-1	-1	-1	-1	-1	-1	-1	70	0
110	111	18416	-1	21			214	58	27	0	3000	-1	-1	0	-1	-1	-1	-1	-1	-1	-1	70	0
111	112	18416	-1	21			214	58	27	0	3000	-1	-1	0	-1	-1	-1	-1	-1	-1	-1	70	0
112	113	18416	-1	21			214	58	27	0	3000	-1	-1	0	-1	-1	-1	-1	-1	-1	-1	70	0
113	114	18416	-1	21			214	58	27	0	3000	-1	-1	0	-1	-1	-1	-1	-1	-1	-1	70	0
114	115	18416	-1	21			214	58	27	0	3000	-1	-1	0	-1	-1	-1	-1	-1	-1	-1	70	0
115	116	18416	-1	21			214	58	27	0	3000	-1	-1	0	-1	-1	-1	-1	-1	-1	-1	70	0
116	117	18416	-1	21			214	58	27	0	3000	-1	-1	0	-1	-1	-1	-1	-1	-1	-1	70	0
117	118	18416	-1	21			214	58	27	0	3000	-1	-1	0	-1	-1	-1	-1	-1	-1	-1	70	0
118	119	18416	-1	21			214	58	27	0	3000	-1	-1	0	-1	-1	-1	-1	-1	-1	-1	70	0
119	120	18416	-1	21			214	58	27	0	3000	-1	-1	0	-1	-1	-1	-1	-1	-1	-1	70	0
120	121	18416	-1	21			214	58	27	0	3000	-1	-1	0	-1	-1	-1	-1	-1	-1	-1	70	0
121	122	18416	-1	21			179	37	27	0	3000	-1	-1	0	-1	-1	-1	-1	-1	-1	-1	75	0
122	123	18416	-1	21			179	37	27	0	3000	-1	-1	0	-1	-1	-1	-1	-1	-1	-1	75	0
123	124	18416	-1	21			179	37	27	0	3000	-1	-1	0	-1	-1	-1	-1	-1	-1	-1	75	0
124	125	18416	-1	21			179	37	27	0	3000	-1	-1	0	-1	-1	-1	-1	-1	-1	-1	75	0
125	126	18416	-1	21			179	37	27	0	3000	-1	-1	0	-1	-1	-1	-1	-1	-1	-1	75	0
126	127	18416	-1	21			179	37	27	0	3000	-1	-1	0	-1	-1	-1	-1	-1	-1	-1	75	0
127	128	18416	-1	21			179	37	27	0	3000	-1	-1	0	-1	-1	-1	-1	-1	-1	-1	75	0
128	129	18416	-1	21			179	37	27	0	3000	-1	-1	0	-1	-1	-1	-1	-1	-1	-1	75	0
129	130	18416	-1	21			179	37	27	0	3000	-1	-1	0	-1	-1	-1	-1	-1	-1	-1	75	0
130	131	18416	-1	21			179	37	27	0	3000	-1	-1	0	-1	-1	-1	-1	-1	-1	-1	75	0
131	132	18416	-1	21			179	37	27	0	3000	-1	-1	0	-1	-1	-1	-1	-1	-1	-1	75	0
132	133	18416	-1	21			179	37	27	0	3000	-1	-1	0	-1	-1	-1	-1	-1	-1	-1	75	0
133	134	18416	-1	21			179	37	27	0	3000	-1	-1	0	-1	-1	-1	-1	-1	-1	-1	75	0
134	135	18416	-1	21			179	37	27	0	3000	-1	-1	0	-1	-1	-1	-1	-1	-1	-1	75	0
135	136	18416	-1	21			179	37	27	0	3000	-1	-1	0	-1	-1	-1	-1	-1	-1	-1	75	0
136	137	18416	-1	21			179	37	27	0	3000	-1	-1	0	-1	-1	-1	-1	-1	-1	-1	75	0
137	138	18416	-1	21			179	37	27	0	3000	-1	-1	0	-1	-1	-1	-1	-1	-1	-1	75	0
138	139	18416	-1	21			179	37	27	0	3000	-1	-1	0	-1	-1	-1	-1	-1	-1	-1	75	0
139	140	18416	-1	21			179	37	27	0	3000	-1	-1	0	-1	-1	-1	-1	-1	-1	-1	75	0
140	141	18416	-1	21			179	37	27	0	3000	-1	-1	0	-1	-1	-1	-1	-1	-1	-1	75	0
141	142	18416	-1	21			179	37	27	0	3000	-1	-1	0	-1	-1	-1	-1	-1	-1	-1	75	0
142	143	18416	-1	21			179	37	27	0	3000	-1	-1	0	-1	-1	-1	-1	-1	-1	-1	75	0
143	144	18416	-1	21			179	37	27	0	3000	-1	-1	0	-1	-1	-1	-1	-1	-1	-1	75	0
144	145	18416	-1	21			179	37	27	0	3000	-1	-1	0	-1	-1	-1	-1	-1	-1	-1	75	0
145	146	18416	-1	21			179	37	27	0	3000	-1	-1	0	-1	-1	-1	-1	-1	-1	-1	75	0
146	147	18416	-1	21			179	37	27	0	3000	-1	-1	0	-1	-1	-1	-1	-1	-1	-1	75	0
147	148	18416	-1	21			179	37	27	0	3000	-1	-1	0	-1	-1	-1	-1	-1	-1	-1	75	0
148	149	18416	-1	21			179	37	27	0	3000	-1	-1	0	-1	-1	-1	-1	-1	-1	-1	75	0
149	150	18416	-1	21			179	37	27	0	3000	-1	-1	0	-1	-1	-1	-1	-1	-1	-1	75	0
150	151	18416	-1	21			179	37	27	0	3000	-1	-1	0	-1	-1	-1	-1	-1	-1	-1	75	0
151	152	18416	-1	21			179	37	27	0	3000	-1	-1	0	-1	-1	-1	-1	-1	-1	-1	75	0
152	153	18416	-1	21			179	37	27	0	3000	-1	-1	0	-1	-1	-1	-1	-1	-1	-1	75	0
153	154	18416	-1	21			179	37	27	0	3000	-1	-1	0	-1	-1	-1	-1	-1	-1	-1	75	0
154	155	18416	-1	21			179	37	27	0	3000	-1	-1	0	-1	-1	-1	-1	-1	-1	-1	75	0
155	156	18416	-1	21			179	37	27	0	3000	-1	-1	0	-1	-1	-1	-1	-1	-1	-1	75	0
156	157	18416	-1	21			179	37	27	0	3000	-1	-1	0	-1	-1	-1	-1	-1	-1	-1	75	0
157	158	18416	-1	21			179	37	27	0	3000	-1	-1	0	-1	-1	-1	-1	-1	-1	-1	75	0
158	159	18416	-1	21			179	37	27	0	3000	-1	-1	0	-1	-1	-1	-1	-1	-1	-1	75	0
159	160	18416	-1	21			179	37	27	0	3000	-1	-1	0	-1	-1	-1	-1	-1	-1	-1	75	0
160	161	18416	-1	21			179	37	27	0	3000	-1	-1	0	-1	-1	-1	-1	-1	-1	-1	75	0
161	162	18416	-1	21			131	29	27	0	3000	-1	-1	0	-1	-1	-1	-1	-1	-1	-1	80	0
162	163	18416	-1	21			131	29	27	0	3000	-1	-1	0	-1	-1	-1	-1	-1	-1	-1	80	0
163	164	18416	-1	21			131	29	27	0	3000	-1	-1	0	-1	-1	-1	-1	-1	-1	-1	80	0
164	165	18416	-1	21			131	29	27	0	3000	-1	-1	0	-1	-1	-1	-1	-1	-1	-1	80	0
165	166	18416	-1	21			131	29	27	0	3000	-1	-1	0	-1	-1	-1	-1	-1	-1	-1	80	0
166	167	18416	-1	21			131	29	27	0	3000	-1	-1	0	-1	-1	-1	-1	-1	-1	-1	80	0
167	168	18416	-1	21			131	29	27	0	3000	-1	-1	0	-1	-1	-1	-1	-1	-1	-1	80	0
168	169	18416	-1	21			131	29	27	0	3000	-1	-1	0	-1	-1	-1	-1	-1	-1	-1	80	0
169	170	18416	-1	21			131	29	27	0	3000	-1	-1	0	-1	-1	-1	-1	-1	-1	-1	80	0
170	171	18416	-1	21			131	29	27	0	3000	-1	-1	0	-1	-1	-1	-1	-1	-1	-1	80	0
171	172	18416	-1	21			131	29	27	0	3000	-1	-1	0	-1	-1	-1	-1	-1	-1	-1	80	0
172	173	18416	-1	21			131	29	27	0	3000	-1	-1	0	-1	-1	-1	-1	-1	-1	-1	80	0
173	174	18416	-1	21			131	29	27	0	3000	-1	-1	0	-1	-1	-1	-1	-1	-1	-1	80	0
174	175	18416	-1	21			131	29	27	0	3000	-1	-1	0	-1	-1	-1	-1	-1	-1	-1	80	0
175	176	18416	-1	21			131	29	27	0	3000	-1	-1	0	-1	-1	-1	-1	-1	-1	-1	80	0
176	177	18416	-1	21			131	29	27	0	3000	-1	-1	0	-1	-1	-1	-1	-1	-1	-1	80	0
177	178	18416	-1	21			131	29	27	0	3000	-1	-1	0	-1	-1	-1	-1	-1	-1	-1	80	0
178	179	18416	-1	21			131	29	27	0	3000	-1	-1	0	-1	-1	-1	-1	-1	-1	-1	80	0
179	180	18416	-1	21			131	29	27	0	3000	-1	-1	0	-1	-1	-1	-1	-1	-1	-1	80	0
180	181	18416	-1	21			131	29	27	0	3000	-1	-1	0	-1	-1	-1	-1	-1	-1	-1	80	0
181	182	18416	-1	21			131	29	27	0	3000	-1	-1	0	-1	-1	-1	-1	-1	-1	-1	80	0
182	183	18416	-1	21			131	29	27	0	3000	-1	-1	0	-1	-1	-1	-1	-1	-1	-1	80	0
183	184	18416	-1	21			131	29	27	0	3000	-1	-1	0	-1	-1	-1	-1	-1	-1	-1	80	0
184	185	18416	-1	21			131	29	27	0	3000	-1	-1	0	-1	-1	-1	-1	-1	-1	-1	80	0
185	186	18416	-1	21			131	29	27	0	3000	-1	-1	0	-1	-1	-1	-1	-1	-1	-1	80	0
186	187	18416	-1	21			131	29	27	0	3000	-1	-1	0	-1	-1	-1	-1	-1	-1	-1	80	0
187	188	18416	-1	21			131	29	27	0	3000	-1	-1	0	-1	-1	-1	-1	-1	-1	-1	80	0
188	189	18416	-1	21			131	29	27	0	3000	-1	-1	0	-1	-1	-1	-1	-1	-1	-1	80	0
189	190	18416	-1	21			131	29	27	0	3000	-1	-1	0	-1	-1	-1	-1	-1	-1	-1	80	0
190	191	18416	-1	21			131	29	27	0	3000	-1	-1	0	-1	-1	-1	-1	-1	-1	-1	80	0
191	192	18416	-1	21			131	29	27	0	3000	-1	-1	0	-1	-1	-1	-1	-1	-1	-1	80	0
192	193	18416	-1	21			131	29	27	0	3000	-1	-1	0	-1	-1	-1	-1	-1	-1	-1	80	0
193	194	18416	-1	21			131	29	27	0	3000	-1	-1	0	-1	-1	-1	-1	-1	-1	-1	80	0
194	195	18416	-1	21			131	29	27	0	3000	-1	-1	0	-1	-1	-1	-1	-1	-1	-1	80	0
195	196	18416	-1	21			131	29	27	0	3000	-1	-1	0	-1	-1	-1	-1	-1	-1	-1	80	0
196	197	18416	-1	21			131	29	27	0	3000	-1	-1	0	-1	-1	-1	-1	-1	-1	-1	80	0
197	198	18416	-1	21			131	29	27	0	3000	-1	-1	0	-1	-1	-1	-1	-1	-1	-1	80	0
198	199	18416	-1	21			131	29	27	0	3000	-1	-1	0	-1	-1	-1	-1	-1	-1	-1	80	0
199	200	18416	-1	21			131	29	27	0	3000	-1	-1	0	-1	-1	-1	-1	-1	-1	-1	80	0
200	201	18416	-1	21			131	29	27	0	3000	-1	-1	0	-1	-1	-1	-1	-1	-1	-1	80	0
201	202	18416	-1	21			47	39	27	0	3000	-1	-1	0	-1	-1	-1	-1	-1	-1	-1	85	0
202	203	18416	-1	21			47	39	27	0	3000	-1	-1	0	-1	-1	-1	-1	-1	-1	-1	85	0
203	204	18416	-1	21			47	39	27	0	3000	-1	-1	0	-1	-1	-1	-1	-1	-1	-1	85	0
204	205	18416	-1	21			47	39	27	0	3000	-1	-1	0	-1	-1	-1	-1	-1	-1	-1	85	0
205	206	18416	-1	21			47	39	27	0	3000	-1	-1	0	-1	-1	-1	-1	-1	-1	-1	85	0
206	207	18416	-1	21			47	39	27	0	3000	-1	-1	0	-1	-1	-1	-1	-1	-1	-1	85	0
207	208	18416	-1	21			47	39	27	0	3000	-1	-1	0	-1	-1	-1	-1	-1	-1	-1	85	0
208	209	18416	-1	21			47	39	27	0	3000	-1	-1	0	-1	-1	-1	-1	-1	-1	-1	85	0
209	210	18416	-1	21			47	39	27	0	3000	-1	-1	0	-1	-1	-1	-1	-1	-1	-1	85	0
210	211	18416	-1	21			47	39	27	0	3000	-1	-1	0	-1	-1	-1	-1	-1	-1	-1	85	0
211	212	18416	-1	21			47	39	27	0	3000	-1	-1	0	-1	-1	-1	-1	-1	-1	-1	85	0
212	213	18416	-1	21			47	39	27	0	3000	-1	-1	0	-1	-1	-1	-1	-1	-1	-1	85	0
213	214	18416	-1	21			47	39	27	0	3000	-1	-1	0	-1	-1	-1	-1	-1	-1	-1	85	0
214	215	18416	-1	21			47	39	27	0	3000	-1	-1	0	-1	-1	-1	-1	-1	-1	-1	85	0
215	216	18416	-1	21			47	39	27	0	3000	-1	-1	0	-1	-1	-1	-1	-1	-1	-1	85	0
216	217	18416	-1	21			47	39	27	0	3000	-1	-1	0	-1	-1	-1	-1	-1	-1	-1	85	0
217	218	18416	-1	21			47	39	27	0	3000	-1	-1	0	-1	-1	-1	-1	-1	-1	-1	85	0
218	219	18416	-1	21			47	39	27	0	3000	-1	-1	0	-1	-1	-1	-1	-1	-1	-1	85	0
219	220	18416	-1	21			47	39	27	0	3000	-1	-1	0	-1	-1	-1	-1	-1	-1	-1	85	0
220	221	18416	-1	21			47	39	27	0	3000	-1	-1	0	-1	-1	-1	-1	-1	-1	-1	85	0
221	222	18416	-1	21			47	39	27	0	3000	-1	-1	0	-1	-1	-1	-1	-1	-1	-1	85	0
222	223	18416	-1	21			47	39	27	0	3000	-1	-1	0	-1	-1	-1	-1	-1	-1	-1	85	0
223	224	18416	-1	21			47	39	27	0	3000	-1	-1	0	-1	-1	-1	-1	-1	-1	-1	85	0
224	225	18416	-1	21			47	39	27	0	3000	-1	-1	0	-1	-1	-1	-1	-1	-1	-1	85	0
225	226	18416	-1	21			47	39	27	0	3000	-1	-1	0	-1	-1	-1	-1	-1	-1	-1	85	0
226	227	18416	-1	21			47	39	27	0	3000	-1	-1	0	-1	-1	-1	-1	-1	-1	-1	85	0
227	228	18416	-1	21			47	39	27	0	3000	-1	-1	0	-1	-1	-1	-1	-1	-1	-1	85	0
228	229	18416	-1	21			47	39	27	0	3000	-1	-1	0	-1	-1	-1	-1	-1	-1	-1	85	0
229	230	18416	-1	21			47	39	27	0	3000	-1	-1	0	-1	-1	-1	-1	-1	-1	-1	85	0
230	231	18416	-1	21			47	39	27	0	3000	-1	-1	0	-1	-1	-1	-1	-1	-1	-1	85	0
231	232	18416	-1	21			47	39	27	0	3000	-1	-1	0	-1	-1	-1	-1	-1	-1	-1	85	0
232	233	18416	-1	21			47	39	27	0	3000	-1	-1	0	-1	-1	-1	-1	-1	-1	-1	85	0
233	234	18416	-1	21			47	39	27	0	3000	-1	-1	0	-1	-1	-1	-1	-1	-1	-1	85	0
234	235	18416	-1	21			47	39	27	0	3000	-1	-1	0	-1	-1	-1	-1	-1	-1	-1	85	0
235	236	18416	-1	21			47	39	27	0	3000	-1	-1	0	-1	-1	-1	-1	-1	-1	-1	85	0
236	237	18416	-1	21			47	39	27	0	3000	-1	-1	0	-1	-1	-1	-1	-1	-1	-1	85	0
237	238	18416	-1	21			47	39	27	0	3000	-1	-1	0	-1	-1	-1	-1	-1	-1	-1	85	0
238	239	18416	-1	21			47	39	27	0	3000	-1	-1	0	-1	-1	-1	-1	-1	-1	-1	85	0
239	240	18416	-1	21			47	39	27	0	3000	-1	-1	0	-1	-1	-1	-1	-1	-1	-1	85	0
240	241	18416	-1	21			47	39	27	0	3000	-1	-1	0	-1	-1	-1	-1	-1	-1	-1	85	0
241	242	18416	-1	21			57	114	27	0	3000	-1	-1	0	-1	-1	-1	-1	-1	-1	-1	90	0
242	243	18416	-1	21			57	114	27	0	3000	-1	-1	0	-1	-1	-1	-1	-1	-1	-1	90	0
243	244	18416	-1	21			57	114	27	0	3000	-1	-1	0	-1	-1	-1	-1	-1	-1	-1	90	0
244	245	18416	-1	21			57	114	27	0	3000	-1	-1	0	-1	-1	-1	-1	-1	-1	-1	90	0
245	246	18416	-1	21			57	114	27	0	3000	-1	-1	0	-1	-1	-1	-1	-1	-1	-1	90	0
246	247	18416	-1	21			57	114	27	0	3000	-1	-1	0	-1	-1	-1	-1	-1	-1	-1	90	0
247	248	18416	-1	21			57	114	27	0	3000	-1	-1	0	-1	-1	-1	-1	-1	-1	-1	90	0
248	249	18416	-1	21			57	114	27	0	3000	-1	-1	0	-1	-1	-1	-1	-1	-1	-1	90	0
249	250	18416	-1	21			57	114	27	0	3000	-1	-1	0	-1	-1	-1	-1	-1	-1	-1	90	0
250	251	18416	-1	21			57	114	27	0	3000	-1	-1	0	-1	-1	-1	-1	-1	-1	-1	90	0
251	252	18416	-1	21			57	114	27	0	3000	-1	-1	0	-1	-1	-1	-1	-1	-1	-1	90	0
252	253	18416	-1	21			57	114	27	0	3000	-1	-1	0	-1	-1	-1	-1	-1	-1	-1	90	0
253	254	18416	-1	21			57	114	27	0	3000	-1	-1	0	-1	-1	-1	-1	-1	-1	-1	90	0
254	255	18416	-1	21			57	114	27	0	3000	-1	-1	0	-1	-1	-1	-1	-1	-1	-1	90	0
255	256	18416	-1	21			57	114	27	0	3000	-1	-1	0	-1	-1	-1	-1	-1	-1	-1	90	0
256	257	18416	-1	21			57	114	27	0	3000	-1	-1	0	-1	-1	-1	-1	-1	-1	-1	90	0
257	258	18416	-1	21			57	114	27	0	3000	-1	-1	0	-1	-1	-1	-1	-1	-1	-1	90	0
258	259	18416	-1	21			57	114	27	0	3000	-1	-1	0	-1	-1	-1	-1	-1	-1	-1	90	0
259	260	18416	-1	21			57	114	27	0	3000	-1	-1	0	-1	-1	-1	-1	-1	-1	-1	90	0
260	261	18416	-1	21			57	114	27	0	3000	-1	-1	0	-1	-1	-1	-1	-1	-1	-1	90	0
261	262	18416	-1	21			57	114	27	0	3000	-1	-1	0	-1	-1	-1	-1	-1	-1	-1	90	0
262	263	18416	-1	21			57	114	27	0	3000	-1	-1	0	-1	-1	-1	-1	-1	-1	-1	90	0
263	264	18416	-1	21			57	114	27	0	3000	-1	-1	0	-1	-1	-1	-1	-1	-1	-1	90	0
264	265	18416	-1	21			57	114	27	0	3000	-1	-1	0	-1	-1	-1	-1	-1	-1	-1	90	0
265	266	18416	-1	21			57	114	27	0	3000	-1	-1	0	-1	-1	-1	-1	-1	-1	-1	90	0
266	267	18416	-1	21			57	114	27	0	3000	-1	-1	0	-1	-1	-1	-1	-1	-1	-1	90	0
267	268	18416	-1	21			57	114	27	0	3000	-1	-1	0	-1	-1	-1	-1	-1	-1	-1	90	0
268	269	18416	-1	21			57	114	27	0	3000	-1	-1	0	-1	-1	-1	-1	-1	-1	-1	90	0
269	270	18416	-1	21			57	114	27	0	3000	-1	-1	0	-1	-1	-1	-1	-1	-1	-1	90	0
270	271	18416	-1	21			57	114	27	0	3000	-1	-1	0	-1	-1	-1	-1	-1	-1	-1	90	0
271	272	18416	-1	21			57	114	27	0	3000	-1	-1	0	-1	-1	-1	-1	-1	-1	-1	90	0
272	273	18416	-1	21			57	114	27	0	3000	-1	-1	0	-1	-1	-1	-1	-1	-1	-1	90	0
273	274	18416	-1	21			57	114	27	0	3000	-1	-1	0	-1	-1	-1	-1	-1	-1	-1	90	0
274	275	18416	-1	21			57	114	27	0	3000	-1	-1	0	-1	-1	-1	-1	-1	-1	-1	90	0
275	276	18416	-1	21			57	114	27	0	3000	-1	-1	0	-1	-1	-1	-1	-1	-1	-1	90	0
276	277	18416	-1	21			57	114	27	0	3000	-1	-1	0	-1	-1	-1	-1	-1	-1	-1	90	0
277	278	18416	-1	21			57	114	27	0	3000	-1	-1	0	-1	-1	-1	-1	-1	-1	-1	90	0
278	279	18416	-1	21			57	114	27	0	3000	-1	-1	0	-1	-1	-1	-1	-1	-1	-1	90	0
279	280	18416	-1	21			57	114	27	0	3000	-1	-1	0	-1	-1	-1	-1	-1	-1	-1	90	0
280	281	18416	-1	21			57	114	27	0	3000	-1	-1	0	-1	-1	-1	-1	-1	-1	-1	90	0
281	282	18416	-1	21			73	152	27	0	3000	-1	-1	0	-1	-1	-1	-1	-1	-1	-1	95	0
282	283	18416	-1	21			73	152	27	0	3000	-1	-1	0	-1	-1	-1	-1	-1	-1	-1	95	0
283	284	18416	-1	21			73	152	27	0	3000	-1	-1	0	-1	-1	-1	-1	-1	-1	-1	95	0
284	285	18416	-1	21			73	152	27	0	3000	-1	-1	0	-1	-1	-1	-1	-1	-1	-1	95	0
285	286	18416	-1	21			73	152	27	0	3000	-1	-1	0	-1	-1	-1	-1	-1	-1	-1	95	0
286	287	18416	-1	21			73	152	27	0	3000	-1	-1	0	-1	-1	-1	-1	-1	-1	-1	95	0
287	288	18416	-1	21			73	152	27	0	3000	-1	-1	0	-1	-1	-1	-1	-1	-1	-1	95	0
288	289	18416	-1	21			73	152	27	0	3000	-1	-1	0	-1	-1	-1	-1	-1	-1	-1	95	0
289	290	18416	-1	21			73	152	27	0	3000	-1	-1	0	-1	-1	-1	-1	-1	-1	-1	95	0
290	291	18416	-1	21			73	152	27	0	3000	-1	-1	0	-1	-1	-1	-1	-1	-1	-1	95	0
291	292	18416	-1	21			73	152	27	0	3000	-1	-1	0	-1	-1	-1	-1	-1	-1	-1	95	0
292	293	18416	-1	21			73	152	27	0	3000	-1	-1	0	-1	-1	-1	-1	-1	-1	-1	95	0
293	294	18416	-1	21			73	152	27	0	3000	-1	-1	0	-1	-1	-1	-1	-1	-1	-1	95	0
294	295	18416	-1	21			73	152	27	0	3000	-1	-1	0	-1	-1	-1	-1	-1	-1	-1	95	0
295	296	18416	-1	21			73	152	27	0	3000	-1	-1	0	-1	-1	-1	-1	-1	-1	-1	95	0
296	297	18416	-1	21			73	152	27	0	3000	-1	-1	0	-1	-1	-1	-1	-1	-1	-1	95	0
297	298	18416	-1	21			73	152	27	0	3000	-1	-1	0	-1	-1	-1	-1	-1	-1	-1	95	0
298	299	18416	-1	21			73	152	27	0	3000	-1	-1	0	-1	-1	-1	-1	-1	-1	-1	95	0
299	300	18416	-1	21			73	152	27	0	3000	-1	-1	0	-1	-1	-1	-1	-1	-1	-1	95	0
300	301	18416	-1	21			73	152	27	0	3000	-1	-1	0	-1	-1	-1	-1	-1	-1	-1	95	0
301	302	18416	-1	21			73	152	27	0	3000	-1	-1	0	-1	-1	-1	-1	-1	-1	-1	95	0
302	303	18416	-1	21			73	152	27	0	3000	-1	-1	0	-1	-1	-1	-1	-1	-1	-1	95	0
303	304	18416	-1	21			73	152	27	0	3000	-1	-1	0	-1	-1	-1	-1	-1	-1	-1	95	0
304	305	18416	-1	21			73	152	27	0	3000	-1	-1	0	-1	-1	-1	-1	-1	-1	-1	95	0
305	306	18416	-1	21			73	152	27	0	3000	-1	-1	0	-1	-1	-1	-1	-1	-1	-1	95	0
306	307	18416	-1	21			73	152	27	0	3000	-1	-1	0	-1	-1	-1	-1	-1	-1	-1	95	0
307	308	18416	-1	21			73	152	27	0	3000	-1	-1	0	-1	-1	-1	-1	-1	-1	-1	95	0
308	309	18416	-1	21			73	152	27	0	3000	-1	-1	0	-1	-1	-1	-1	-1	-1	-1	95	0
309	310	18416	-1	21			73	152	27	0	3000	-1	-1	0	-1	-1	-1	-1	-1	-1	-1	95	0
310	311	18416	-1	21			73	152	27	0	3000	-1	-1	0	-1	-1	-1	-1	-1	-1	-1	95	0
311	312	18416	-1	21			73	152	27	0	3000	-1	-1	0	-1	-1	-1	-1	-1	-1	-1	95	0
312	313	18416	-1	21			73	152	27	0	3000	-1	-1	0	-1	-1	-1	-1	-1	-1	-1	95	0
313	314	18416	-1	21			73	152	27	0	3000	-1	-1	0	-1	-1	-1	-1	-1	-1	-1	95	0
314	315	18416	-1	21			73	152	27	0	3000	-1	-1	0	-1	-1	-1	-1	-1	-1	-1	95	0
315	316	18416	-1	21			73	152	27	0	3000	-1	-1	0	-1	-1	-1	-1	-1	-1	-1	95	0
316	317	18416	-1	21			73	152	27	0	3000	-1	-1	0	-1	-1	-1	-1	-1	-1	-1	95	0
317	318	18416	-1	21			73	152	27	0	3000	-1	-1	0	-1	-1	-1	-1	-1	-1	-1	95	0
318	319	18416	-1	21			73	152	27	0	3000	-1	-1	0	-1	-1	-1	-1	-1	-1	-1	95	0
319	320	18416	-1	21			73	152	27	0	3000	-1	-1	0	-1	-1	-1	-1	-1	-1	-1	95	0
320	321	18416	-1	21			73	152	27	0	3000	-1	-1	0	-1	-1	-1	-1	-1	-1	-1	95	0
321	322	18416	-1	21			58	201	27	0	3000	-1	-1	0	-1	-1	-1	-1	-1	-1	-1	100	0
322	323	18416	-1	21			58	201	27	0	3000	-1	-1	0	-1	-1	-1	-1	-1	-1	-1	100	0
323	324	18416	-1	21			58	201	27	0	3000	-1	-1	0	-1	-1	-1	-1	-1	-1	-1	100	0
324	325	18416	-1	21			58	201	27	0	3000	-1	-1	0	-1	-1	-1	-1	-1	-1	-1	100	0
325	326	18416	-1	21			58	201	27	0	3000	-1	-1	0	-1	-1	-1	-1	-1	-1	-1	100	0
326	327	18416	-1	21			58	201	27	0	3000	-1	-1	0	-1	-1	-1	-1	-1	-1	-1	100	0
327	328	18416	-1	21			58	201	27	0	3000	-1	-1	0	-1	-1	-1	-1	-1	-1	-1	100	0
328	329	18416	-1	21			58	201	27	0	3000	-1	-1	0	-1	-1	-1	-1	-1	-1	-1	100	0
329	330	18416	-1	21			58	201	27	0	3000	-1	-1	0	-1	-1	-1	-1	-1	-1	-1	100	0
330	331	18416	-1	21			58	201	27	0	3000	-1	-1	0	-1	-1	-1	-1	-1	-1	-1	100	0
331	332	18416	-1	21			58	201	27	0	3000	-1	-1	0	-1	-1	-1	-1	-1	-1	-1	100	0
332	333	18416	-1	21			58	201	27	0	3000	-1	-1	0	-1	-1	-1	-1	-1	-1	-1	100	0
333	334	18416	-1	21			58	201	27	0	3000	-1	-1	0	-1	-1	-1	-1	-1	-1	-1	100	0
334	335	18416	-1	21			58	201	27	0	3000	-1	-1	0	-1	-1	-1	-1	-1	-1	-1	100	0
335	336	18416	-1	21			58	201	27	0	3000	-1	-1	0	-1	-1	-1	-1	-1	-1	-1	100	0
336	337	18416	-1	21			58	201	27	0	3000	-1	-1	0	-1	-1	-1	-1	-1	-1	-1	100	0
337	338	18416	-1	21			58	201	27	0	3000	-1	-1	0	-1	-1	-1	-1	-1	-1	-1	100	0
338	339	18416	-1	21			58	201	27	0	3000	-1	-1	0	-1	-1	-1	-1	-1	-1	-1	100	0
339	340	18416	-1	21			58	201	27	0	3000	-1	-1	0	-1	-1	-1	-1	-1	-1	-1	100	0
340	341	18416	-1	21			58	201	27	0	3000	-1	-1	0	-1	-1	-1	-1	-1	-1	-1	100	0
341	342	18416	-1	21			58	201	27	0	3000	-1	-1	0	-1	-1	-1	-1	-1	-1	-1	100	0
342	343	18416	-1	21			58	201	27	0	3000	-1	-1	0	-1	-1	-1	-1	-1	-1	-1	100	0
343	344	18416	-1	21			58	201	27	0	3000	-1	-1	0	-1	-1	-1	-1	-1	-1	-1	100	0
344	345	18416	-1	21			58	201	27	0	3000	-1	-1	0	-1	-1	-1	-1	-1	-1	-1	100	0
345	346	18416	-1	21			58	201	27	0	3000	-1	-1	0	-1	-1	-1	-1	-1	-1	-1	100	0
346	347	18416	-1	21			58	201	27	0	3000	-1	-1	0	-1	-1	-1	-1	-1	-1	-1	100	0
347	348	18416	-1	21			58	201	27	0	3000	-1	-1	0	-1	-1	-1	-1	-1	-1	-1	100	0
348	349	18416	-1	21			58	201	27	0	3000	-1	-1	0	-1	-1	-1	-1	-1	-1	-1	100	0
349	350	18416	-1	21			58	201	27	0	3000	-1	-1	0	-1	-1	-1	-1	-1	-1	-1	100	0
350	351	18416	-1	21			58	201	27	0	3000	-1	-1	0	-1	-1	-1	-1	-1	-1	-1	100	0
351	352	18416	-1	21			58	201	27	0	3000	-1	-1	0	-1	-1	-1	-1	-1	-1	-1	100	0
352	353	18416	-1	21			58	201	27	0	3000	-1	-1	0	-1	-1	-1	-1	-1	-1	-1	100	0
353	354	18416	-1	21			58	201	27	0	3000	-1	-1	0	-1	-1	-1	-1	-1	-1	-1	100	0
354	355	18416	-1	21			58	201	27	0	3000	-1	-1	0	-1	-1	-1	-1	-1	-1	-1	100	0
355	356	18416	-1	21			58	201	27	0	3000	-1	-1	0	-1	-1	-1	-1	-1	-1	-1	100	0
356	357	18416	-1	21			58	201	27	0	3000	-1	-1	0	-1	-1	-1	-1	-1	-1	-1	100	0
357	358	18416	-1	21			58	201	27	0	3000	-1	-1	0	-1	-1	-1	-1	-1	-1	-1	100	0
358	359	18416	-1	21			58	201	27	0	3000	-1	-1	0	-1	-1	-1	-1	-1	-1	-1	100	0
359	360	18416	-1	21			58	201	27	0	3000	-1	-1	0	-1	-1	-1	-1	-1	-1	-1	100	0
360	361	18416	-1	21			58	201	27	0	3000	-1	-1	0	-1	-1	-1	-1	-1	-1	-1	100	0
361	362	18416	-1	21			112	156	27	0	3000	-1	-1	0	-1	-1	-1	-1	-1	-1	-1	105	0
362	363	18416	-1	21			112	156	27	0	3000	-1	-1	0	-1	-1	-1	-1	-1	-1	-1	105	0
363	364	18416	-1	21			112	156	27	0	3000	-1	-1	0	-1	-1	-1	-1	-1	-1	-1	105	0
364	365	18416	-1	21			112	156	27	0	3000	-1	-1	0	-1	-1	-1	-1	-1	-1	-1	105	0
365	366	18416	-1	21			112	156	27	0	3000	-1	-1	0	-1	-1	-1	-1	-1	-1	-1	105	0
366	367	18416	-1	21			112	156	27	0	3000	-1	-1	0	-1	-1	-1	-1	-1	-1	-1	105	0
367	368	18416	-1	21			112	156	27	0	3000	-1	-1	0	-1	-1	-1	-1	-1	-1	-1	105	0
368	369	18416	-1	21			112	156	27	0	3000	-1	-1	0	-1	-1	-1	-1	-1	-1	-1	105	0
369	370	18416	-1	21			112	156	27	0	3000	-1	-1	0	-1	-1	-1	-1	-1	-1	-1	105	0
370	371	18416	-1	21			112	156	27	0	3000	-1	-1	0	-1	-1	-1	-1	-1	-1	-1	105	0
371	372	18416	-1	21			112	156	27	0	3000	-1	-1	0	-1	-1	-1	-1	-1	-1	-1	105	0
372	373	18416	-1	21			112	156	27	0	3000	-1	-1	0	-1	-1	-1	-1	-1	-1	-1	105	0
373	374	18416	-1	21			112	156	27	0	3000	-1	-1	0	-1	-1	-1	-1	-1	-1	-1	105	0
374	375	18416	-1	21			112	156	27	0	3000	-1	-1	0	-1	-1	-1	-1	-1	-1	-1	105	0
375	376	18416	-1	21			112	156	27	0	3000	-1	-1	0	-1	-1	-1	-1	-1	-1	-1	105	0
376	377	18416	-1	21			112	156	27	0	3000	-1	-1	0	-1	-1	-1	-1	-1	-1	-1	105	0
377	378	18416	-1	21			112	156	27	0	3000	-1	-1	0	-1	-1	-1	-1	-1	-1	-1	105	0
378	379	18416	-1	21			112	156	27	0	3000	-1	-1	0	-1	-1	-1	-1	-1	-1	-1	105	0
379	380	18416	-1	21			112	156	27	0	3000	-1	-1	0	-1	-1	-1	-1	-1	-1	-1	105	0
380	381	18416	-1	21			112	156	27	0	3000	-1	-1	0	-1	-1	-1	-1	-1	-1	-1	105	0
381	382	18416	-1	21			112	156	27	0	3000	-1	-1	0	-1	-1	-1	-1	-1	-1	-1	105	0
382	383	18416	-1	21			112	156	27	0	3000	-1	-1	0	-1	-1	-1	-1	-1	-1	-1	105	0
383	384	18416	-1	21			112	156	27	0	3000	-1	-1	0	-1	-1	-1	-1	-1	-1	-1	105	0
384	385	18416	-1	21			112	156	27	0	3000	-1	-1	0	-1	-1	-1	-1	-1	-1	-1	105	0
385	386	18416	-1	21			112	156	27	0	3000	-1	-1	0	-1	-1	-1	-1	-1	-1	-1	105	0
386	387	18416	-1	21			112	156	27	0	3000	-1	-1	0	-1	-1	-1	-1	-1	-1	-1	105	0
387	388	18416	-1	21			112	156	27	0	3000	-1	-1	0	-1	-1	-1	-1	-1	-1	-1	105	0
388	389	18416	-1	21			112	156	27	0	3000	-1	-1	0	-1	-1	-1	-1	-1	-1	-1	105	0
389	390	18416	-1	21			112	156	27	0	3000	-1	-1	0	-1	-1	-1	-1	-1	-1	-1	105	0
390	391	18416	-1	21			112	156	27	0	3000	-1	-1	0	-1	-1	-1	-1	-1	-1	-1	105	0
391	392	18416	-1	21			112	156	27	0	3000	-1	-1	0	-1	-1	-1	-1	-1	-1	-1	105	0
392	393	18416	-1	21			112	156	27	0	3000	-1	-1	0	-1	-1	-1	-1	-1	-1	-1	105	0
393	394	18416	-1	21			112	156	27	0	3000	-1	-1	0	-1	-1	-1	-1	-1	-1	-1	105	0
394	395	18416	-1	21			112	156	27	0	3000	-1	-1	0	-1	-1	-1	-1	-1	-1	-1	105	0
395	396	18416	-1	21			112	156	27	0	3000	-1	-1	0	-1	-1	-1	-1	-1	-1	-1	105	0
396	397	18416	-1	21			112	156	27	0	3000	-1	-1	0	-1	-1	-1	-1	-1	-1	-1	105	0
397	398	18416	-1	21			112	156	27	0	3000	-1	-1	0	-1	-1	-1	-1	-1	-1	-1	105	0
398	399	18416	-1	21			112	156	27	0	3000	-1	-1	0	-1	-1	-1	-1	-1	-1	-1	105	0
399	400	18416	-1	21			112	156	27	0	3000	-1	-1	0	-1	-1	-1	-1	-1	-1	-1	105	0
400	401	18416	-1	21			112	156	27	0	3000	-1	-1	0	-1	-1	-1	-1	-1	-1	-1	105	0
401	402	18416	-1	21			133	156	27	0	3000	-1	-1	0	-1	-1	-1	-1	-1	-1	-1	110	0
402	403	18416	-1	21			133	156	27	0	3000	-1	-1	0	-1	-1	-1	-1	-1	-1	-1	110	0
403	404	18416	-1	21			133	156	27	0	3000	-1	-1	0	-1	-1	-1	-1	-1	-1	-1	110	0
404	405	18416	-1	21			133	156	27	0	3000	-1	-1	0	-1	-1	-1	-1	-1	-1	-1	110	0
405	406	18416	-1	21			133	156	27	0	3000	-1	-1	0	-1	-1	-1	-1	-1	-1	-1	110	0
406	407	18416	-1	21			133	156	27	0	3000	-1	-1	0	-1	-1	-1	-1	-1	-1	-1	110	0
407	408	18416	-1	21			133	156	27	0	3000	-1	-1	0	-1	-1	-1	-1	-1	-1	-1	110	0
408	409	18416	-1	21			133	156	27	0	3000	-1	-1	0	-1	-1	-1	-1	-1	-1	-1	110	0
409	410	18416	-1	21			133	156	27	0	3000	-1	-1	0	-1	-1	-1	-1	-1	-1	-1	110	0
410	411	18416	-1	21			133	156	27	0	3000	-1	-1	0	-1	-1	-1	-1	-1	-1	-1	110	0
411	412	18416	-1	21			133	156	27	0	3000	-1	-1	0	-1	-1	-1	-1	-1	-1	-1	110	0
412	413	18416	-1	21			133	156	27	0	3000	-1	-1	0	-1	-1	-1	-1	-1	-1	-1	110	0
413	414	18416	-1	21			133	156	27	0	3000	-1	-1	0	-1	-1	-1	-1	-1	-1	-1	110	0
414	415	18416	-1	21			133	156	27	0	3000	-1	-1	0	-1	-1	-1	-1	-1	-1	-1	110	0
415	416	18416	-1	21			133	156	27	0	3000	-1	-1	0	-1	-1	-1	-1	-1	-1	-1	110	0
416	417	18416	-1	21			133	156	27	0	3000	-1	-1	0	-1	-1	-1	-1	-1	-1	-1	110	0
417	418	18416	-1	21			133	156	27	0	3000	-1	-1	0	-1	-1	-1	-1	-1	-1	-1	110	0
418	419	18416	-1	21			133	156	27	0	3000	-1	-1	0	-1	-1	-1	-1	-1	-1	-1	110	0
419	420	18416	-1	21			133	156	27	0	3000	-1	-1	0	-1	-1	-1	-1	-1	-1	-1	110	0
420	421	18416	-1	21			133	156	27	0	3000	-1	-1	0	-1	-1	-1	-1	-1	-1	-1	110	0
421	422	18416	-1	21			133	156	27	0	3000	-1	-1	0	-1	-1	-1	-1	-1	-1	-1	110	0
422	423	18416	-1	21			133	156	27	0	3000	-1	-1	0	-1	-1	-1	-1	-1	-1	-1	110	0
423	424	18416	-1	21			133	156	27	0	3000	-1	-1	0	-1	-1	-1	-1	-1	-1	-1	110	0
424	425	18416	-1	21			133	156	27	0	3000	-1	-1	0	-1	-1	-1	-1	-1	-1	-1	110	0
425	426	18416	-1	21			133	156	27	0	3000	-1	-1	0	-1	-1	-1	-1	-1	-1	-1	110	0
426	427	18416	-1	21			133	156	27	0	3000	-1	-1	0	-1	-1	-1	-1	-1	-1	-1	110	0
427	428	18416	-1	21			133	156	27	0	3000	-1	-1	0	-1	-1	-1	-1	-1	-1	-1	110	0
428	429	18416	-1	21			133	156	27	0	3000	-1	-1	0	-1	-1	-1	-1	-1	-1	-1	110	0
429	430	18416	-1	21			133	156	27	0	3000	-1	-1	0	-1	-1	-1	-1	-1	-1	-1	110	0
430	431	18416	-1	21			133	156	27	0	3000	-1	-1	0	-1	-1	-1	-1	-1	-1	-1	110	0
431	432	18416	-1	21			133	156	27	0	3000	-1	-1	0	-1	-1	-1	-1	-1	-1	-1	110	0
432	433	18416	-1	21			133	156	27	0	3000	-1	-1	0	-1	-1	-1	-1	-1	-1	-1	110	0
433	434	18416	-1	21			133	156	27	0	3000	-1	-1	0	-1	-1	-1	-1	-1	-1	-1	110	0
434	435	18416	-1	21			133	156	27	0	3000	-1	-1	0	-1	-1	-1	-1	-1	-1	-1	110	0
435	436	18416	-1	21			133	156	27	0	3000	-1	-1	0	-1	-1	-1	-1	-1	-1	-1	110	0
436	437	18416	-1	21			133	156	27	0	3000	-1	-1	0	-1	-1	-1	-1	-1	-1	-1	110	0
437	438	18416	-1	21			133	156	27	0	3000	-1	-1	0	-1	-1	-1	-1	-1	-1	-1	110	0
438	439	18416	-1	21			133	156	27	0	3000	-1	-1	0	-1	-1	-1	-1	-1	-1	-1	110	0
439	440	18416	-1	21			133	156	27	0	3000	-1	-1	0	-1	-1	-1	-1	-1	-1	-1	110	0
440	441	18416	-1	21			133	156	27	0	3000	-1	-1	0	-1	-1	-1	-1	-1	-1	-1	110	0
441	442	18416	-1	21			155	162	27	0	3000	-1	-1	0	-1	-1	-1	-1	-1	-1	-1	115	0
442	443	18416	-1	21			155	162	27	0	3000	-1	-1	0	-1	-1	-1	-1	-1	-1	-1	115	0
443	444	18416	-1	21			155	162	27	0	3000	-1	-1	0	-1	-1	-1	-1	-1	-1	-1	115	0
444	445	18416	-1	21			155	162	27	0	3000	-1	-1	0	-1	-1	-1	-1	-1	-1	-1	115	0
445	446	18416	-1	21			155	162	27	0	3000	-1	-1	0	-1	-1	-1	-1	-1	-1	-1	115	0
446	447	18416	-1	21			155	162	27	0	3000	-1	-1	0	-1	-1	-1	-1	-1	-1	-1	115	0
447	448	18416	-1	21			155	162	27	0	3000	-1	-1	0	-1	-1	-1	-1	-1	-1	-1	115	0
448	449	18416	-1	21			155	162	27	0	3000	-1	-1	0	-1	-1	-1	-1	-1	-1	-1	115	0
449	450	18416	-1	21			155	162	27	0	3000	-1	-1	0	-1	-1	-1	-1	-1	-1	-1	115	0
450	451	18416	-1	21			155	162	27	0	3000	-1	-1	0	-1	-1	-1	-1	-1	-1	-1	115	0
451	452	18416	-1	21			155	162	27	0	3000	-1	-1	0	-1	-1	-1	-1	-1	-1	-1	115	0
452	453	18416	-1	21			155	162	27	0	3000	-1	-1	0	-1	-1	-1	-1	-1	-1	-1	115	0
453	454	18416	-1	21			155	162	27	0	3000	-1	-1	0	-1	-1	-1	-1	-1	-1	-1	115	0
454	455	18416	-1	21			155	162	27	0	3000	-1	-1	0	-1	-1	-1	-1	-1	-1	-1	115	0
455	456	18416	-1	21			155	162	27	0	3000	-1	-1	0	-1	-1	-1	-1	-1	-1	-1	115	0
456	457	18416	-1	21			155	162	27	0	3000	-1	-1	0	-1	-1	-1	-1	-1	-1	-1	115	0
457	458	18416	-1	21			155	162	27	0	3000	-1	-1	0	-1	-1	-1	-1	-1	-1	-1	115	0
458	459	18416	-1	21			155	162	27	0	3000	-1	-1	0	-1	-1	-1	-1	-1	-1	-1	115	0
459	460	18416	-1	21			155	162	27	0	3000	-1	-1	0	-1	-1	-1	-1	-1	-1	-1	115	0
460	461	18416	-1	21			155	162	27	0	3000	-1	-1	0	-1	-1	-1	-1	-1	-1	-1	115	0
461	462	18416	-1	21			155	162	27	0	3000	-1	-1	0	-1	-1	-1	-1	-1	-1	-1	115	0
462	463	18416	-1	21			155	162	27	0	3000	-1	-1	0	-1	-1	-1	-1	-1	-1	-1	115	0
463	464	18416	-1	21			155	162	27	0	3000	-1	-1	0	-1	-1	-1	-1	-1	-1	-1	115	0
464	465	18416	-1	21			155	162	27	0	3000	-1	-1	0	-1	-1	-1	-1	-1	-1	-1	115	0
465	466	18416	-1	21			155	162	27	0	3000	-1	-1	0	-1	-1	-1	-1	-1	-1	-1	115	0
466	467	18416	-1	21			155	162	27	0	3000	-1	-1	0	-1	-1	-1	-1	-1	-1	-1	115	0
467	468	18416	-1	21			155	162	27	0	3000	-1	-1	0	-1	-1	-1	-1	-1	-1	-1	115	0
468	469	18416	-1	21			155	162	27	0	3000	-1	-1	0	-1	-1	-1	-1	-1	-1	-1	115	0
469	470	18416	-1	21			155	162	27	0	3000	-1	-1	0	-1	-1	-1	-1	-1	-1	-1	115	0
470	471	18416	-1	21			155	162	27	0	3000	-1	-1	0	-1	-1	-1	-1	-1	-1	-1	115	0
471	472	18416	-1	21			155	162	27	0	3000	-1	-1	0	-1	-1	-1	-1	-1	-1	-1	115	0
472	473	18416	-1	21			155	162	27	0	3000	-1	-1	0	-1	-1	-1	-1	-1	-1	-1	115	0
473	474	18416	-1	21			155	162	27	0	3000	-1	-1	0	-1	-1	-1	-1	-1	-1	-1	115	0
474	475	18416	-1	21			155	162	27	0	3000	-1	-1	0	-1	-1	-1	-1	-1	-1	-1	115	0
475	476	18416	-1	21			155	162	27	0	3000	-1	-1	0	-1	-1	-1	-1	-1	-1	-1	115	0
476	477	18416	-1	21			155	162	27	0	3000	-1	-1	0	-1	-1	-1	-1	-1	-1	-1	115	0
477	478	18416	-1	21			155	162	27	0	3000	-1	-1	0	-1	-1	-1	-1	-1	-1	-1	115	0
478	479	18416	-1	21			155	162	27	0	3000	-1	-1	0	-1	-1	-1	-1	-1	-1	-1	115	0
479	480	18416	-1	21			155	162	27	0	3000	-1	-1	0	-1	-1	-1	-1	-1	-1	-1	115	0
480	481	18416	-1	21			155	162	27	0	3000	-1	-1	0	-1	-1	-1	-1	-1	-1	-1	115	0
481	482	18416	-1	21			173	188	27	0	3000	-1	-1	0	-1	-1	-1	-1	-1	-1	-1	120	0
482	483	18416	-1	21			173	188	27	0	3000	-1	-1	0	-1	-1	-1	-1	-1	-1	-1	120	0
483	484	18416	-1	21			173	188	27	0	3000	-1	-1	0	-1	-1	-1	-1	-1	-1	-1	120	0
484	485	18416	-1	21			173	188	27	0	3000	-1	-1	0	-1	-1	-1	-1	-1	-1	-1	120	0
485	486	18416	-1	21			173	188	27	0	3000	-1	-1	0	-1	-1	-1	-1	-1	-1	-1	120	0
486	487	18416	-1	21			173	188	27	0	3000	-1	-1	0	-1	-1	-1	-1	-1	-1	-1	120	0
487	488	18416	-1	21			173	188	27	0	3000	-1	-1	0	-1	-1	-1	-1	-1	-1	-1	120	0
488	489	18416	-1	21			173	188	27	0	3000	-1	-1	0	-1	-1	-1	-1	-1	-1	-1	120	0
489	490	18416	-1	21			173	188	27	0	3000	-1	-1	0	-1	-1	-1	-1	-1	-1	-1	120	0
490	491	18416	-1	21			173	188	27	0	3000	-1	-1	0	-1	-1	-1	-1	-1	-1	-1	120	0
491	492	18416	-1	21			173	188	27	0	3000	-1	-1	0	-1	-1	-1	-1	-1	-1	-1	120	0
492	493	18416	-1	21			173	188	27	0	3000	-1	-1	0	-1	-1	-1	-1	-1	-1	-1	120	0
493	494	18416	-1	21			173	188	27	0	3000	-1	-1	0	-1	-1	-1	-1	-1	-1	-1	120	0
494	495	18416	-1	21			173	188	27	0	3000	-1	-1	0	-1	-1	-1	-1	-1	-1	-1	120	0
495	496	18416	-1	21			173	188	27	0	3000	-1	-1	0	-1	-1	-1	-1	-1	-1	-1	120	0
496	497	18416	-1	21			173	188	27	0	3000	-1	-1	0	-1	-1	-1	-1	-1	-1	-1	120	0
497	498	18416	-1	21			173	188	27	0	3000	-1	-1	0	-1	-1	-1	-1	-1	-1	-1	120	0
498	499	18416	-1	21			173	188	27	0	3000	-1	-1	0	-1	-1	-1	-1	-1	-1	-1	120	0
499	500	18416	-1	21			173	188	27	0	3000	-1	-1	0	-1	-1	-1	-1	-1	-1	-1	120	0
500	501	18416	-1	21			173	188	27	0	3000	-1	-1	0	-1	-1	-1	-1	-1	-1	-1	120	0
501	502	18416	-1	21			173	188	27	0	3000	-1	-1	0	-1	-1	-1	-1	-1	-1	-1	120	0
502	503	18416	-1	21			173	188	27	0	3000	-1	-1	0	-1	-1	-1	-1	-1	-1	-1	120	0
503	504	18416	-1	21			173	188	27	0	3000	-1	-1	0	-1	-1	-1	-1	-1	-1	-1	120	0
504	505	18416	-1	21			173	188	27	0	3000	-1	-1	0	-1	-1	-1	-1	-1	-1	-1	120	0
505	506	18416	-1	21			173	188	27	0	3000	-1	-1	0	-1	-1	-1	-1	-1	-1	-1	120	0
506	507	18416	-1	21			173	188	27	0	3000	-1	-1	0	-1	-1	-1	-1	-1	-1	-1	120	0
507	508	18416	-1	21			173	188	27	0	3000	-1	-1	0	-1	-1	-1	-1	-1	-1	-1	120	0
508	509	18416	-1	21			173	188	27	0	3000	-1	-1	0	-1	-1	-1	-1	-1	-1	-1	120	0
509	510	18416	-1	21			173	188	27	0	3000	-1	-1	0	-1	-1	-1	-1	-1	-1	-1	120	0
510	511	18416	-1	21			173	188	27	0	3000	-1	-1	0	-1	-1	-1	-1	-1	-1	-1	120	0
511	512	18416	-1	21			173	188	27	0	3000	-1	-1	0	-1	-1	-1	-1	-1	-1	-1	120	0
512	513	18416	-1	21			173	188	27	0	3000	-1	-1	0	-1	-1	-1	-1	-1	-1	-1	120	0
513	514	18416	-1	21			173	188	27	0	3000	-1	-1	0	-1	-1	-1	-1	-1	-1	-1	120	0
514	515	18416	-1	21			173	188	27	0	3000	-1	-1	0	-1	-1	-1	-1	-1	-1	-1	120	0
515	516	18416	-1	21			173	188	27	0	3000	-1	-1	0	-1	-1	-1	-1	-1	-1	-1	120	0
516	517	18416	-1	21			173	188	27	0	3000	-1	-1	0	-1	-1	-1	-1	-1	-1	-1	120	0
517	518	18416	-1	21			173	188	27	0	3000	-1	-1	0	-1	-1	-1	-1	-1	-1	-1	120	0
518	519	18416	-1	21			173	188	27	0	3000	-1	-1	0	-1	-1	-1	-1	-1	-1	-1	120	0
519	520	18416	-1	21			173	188	27	0	3000	-1	-1	0	-1	-1	-1	-1	-1	-1	-1	120	0
520	521	18416	-1	21			173	188	27	0	3000	-1	-1	0	-1	-1	-1	-1	-1	-1	-1	120	0
521	522	18416	-1	21			207	212	27	0	3000	-1	-1	0	-1	-1	-1	-1	-1	-1	-1	125	0
522	523	18416	-1	21			207	212	27	0	3000	-1	-1	0	-1	-1	-1	-1	-1	-1	-1	125	0
523	524	18416	-1	21			207	212	27	0	3000	-1	-1	0	-1	-1	-1	-1	-1	-1	-1	125	0
524	525	18416	-1	21			207	212	27	0	3000	-1	-1	0	-1	-1	-1	-1	-1	-1	-1	125	0
525	526	18416	-1	21			207	212	27	0	3000	-1	-1	0	-1	-1	-1	-1	-1	-1	-1	125	0
526	527	18416	-1	21			207	212	27	0	3000	-1	-1	0	-1	-1	-1	-1	-1	-1	-1	125	0
527	528	18416	-1	21			207	212	27	0	3000	-1	-1	0	-1	-1	-1	-1	-1	-1	-1	125	0
528	529	18416	-1	21			207	212	27	0	3000	-1	-1	0	-1	-1	-1	-1	-1	-1	-1	125	0
529	530	18416	-1	21			207	212	27	0	3000	-1	-1	0	-1	-1	-1	-1	-1	-1	-1	125	0
530	531	18416	-1	21			207	212	27	0	3000	-1	-1	0	-1	-1	-1	-1	-1	-1	-1	125	0
531	532	18416	-1	21			207	212	27	0	3000	-1	-1	0	-1	-1	-1	-1	-1	-1	-1	125	0
532	533	18416	-1	21			207	212	27	0	3000	-1	-1	0	-1	-1	-1	-1	-1	-1	-1	125	0
533	534	18416	-1	21			207	212	27	0	3000	-1	-1	0	-1	-1	-1	-1	-1	-1	-1	125	0
534	535	18416	-1	21			207	212	27	0	3000	-1	-1	0	-1	-1	-1	-1	-1	-1	-1	125	0
535	536	18416	-1	21			207	212	27	0	3000	-1	-1	0	-1	-1	-1	-1	-1	-1	-1	125	0
536	537	18416	-1	21			207	212	27	0	3000	-1	-1	0	-1	-1	-1	-1	-1	-1	-1	125	0
537	538	18416	-1	21			207	212	27	0	3000	-1	-1	0	-1	-1	-1	-1	-1	-1	-1	125	0
538	539	18416	-1	21			207	212	27	0	3000	-1	-1	0	-1	-1	-1	-1	-1	-1	-1	125	0
539	540	18416	-1	21			207	212	27	0	3000	-1	-1	0	-1	-1	-1	-1	-1	-1	-1	125	0
540	541	18416	-1	21			207	212	27	0	3000	-1	-1	0	-1	-1	-1	-1	-1	-1	-1	125	0
541	542	18416	-1	21			207	212	27	0	3000	-1	-1	0	-1	-1	-1	-1	-1	-1	-1	125	0
542	543	18416	-1	21			207	212	27	0	3000	-1	-1	0	-1	-1	-1	-1	-1	-1	-1	125	0
543	544	18416	-1	21			207	212	27	0	3000	-1	-1	0	-1	-1	-1	-1	-1	-1	-1	125	0
544	545	18416	-1	21			207	212	27	0	3000	-1	-1	0	-1	-1	-1	-1	-1	-1	-1	125	0
545	546	18416	-1	21			207	212	27	0	3000	-1	-1	0	-1	-1	-1	-1	-1	-1	-1	125	0
546	547	18416	-1	21			207	212	27	0	3000	-1	-1	0	-1	-1	-1	-1	-1	-1	-1	125	0
547	548	18416	-1	21			207	212	27	0	3000	-1	-1	0	-1	-1	-1	-1	-1	-1	-1	125	0
548	549	18416	-1	21			207	212	27	0	3000	-1	-1	0	-1	-1	-1	-1	-1	-1	-1	125	0
549	550	18416	-1	21			207	212	27	0	3000	-1	-1	0	-1	-1	-1	-1	-1	-1	-1	125	0
550	551	18416	-1	21			207	212	27	0	3000	-1	-1	0	-1	-1	-1	-1	-1	-1	-1	125	0
551	552	18416	-1	21			207	212	27	0	3000	-1	-1	0	-1	-1	-1	-1	-1	-1	-1	125	0
552	553	18416	-1	21			207	212	27	0	3000	-1	-1	0	-1	-1	-1	-1	-1	-1	-1	125	0
553	554	18416	-1	21			207	212	27	0	3000	-1	-1	0	-1	-1	-1	-1	-1	-1	-1	125	0
554	555	18416	-1	21			207	212	27	0	3000	-1	-1	0	-1	-1	-1	-1	-1	-1	-1	125	0
555	556	18416	-1	21			207	212	27	0	3000	-1	-1	0	-1	-1	-1	-1	-1	-1	-1	125	0
556	557	18416	-1	21			207	212	27	0	3000	-1	-1	0	-1	-1	-1	-1	-1	-1	-1	125	0
557	558	18416	-1	21			207	212	27	0	3000	-1	-1	0	-1	-1	-1	-1	-1	-1	-1	125	0
558	559	18416	-1	21			207	212	27	0	3000	-1	-1	0	-1	-1	-1	-1	-1	-1	-1	125	0
559	560	18416	-1	21			207	212	27	0	3000	-1	-1	0	-1	-1	-1	-1	-1	-1	-1	125	0
560	561	18416	-1	21			207	212	27	0	3000	-1	-1	0	-1	-1	-1	-1	-1	-1	-1	125	0
561	562	18416	-1	21			148	192	27	0	3000	-1	-1	0	-1	-1	-1	-1	-1	-1	-1	130	0
562	563	18416	-1	21			148	192	27	0	3000	-1	-1	0	-1	-1	-1	-1	-1	-1	-1	130	0
563	564	18416	-1	21			148	192	27	0	3000	-1	-1	0	-1	-1	-1	-1	-1	-1	-1	130	0
564	565	18416	-1	21			148	192	27	0	3000	-1	-1	0	-1	-1	-1	-1	-1	-1	-1	130	0
565	566	18416	-1	21			148	192	27	0	3000	-1	-1	0	-1	-1	-1	-1	-1	-1	-1	130	0
566	567	18416	-1	21			148	192	27	0	3000	-1	-1	0	-1	-1	-1	-1	-1	-1	-1	130	0
567	568	18416	-1	21			148	192	27	0	3000	-1	-1	0	-1	-1	-1	-1	-1	-1	-1	130	0
568	569	18416	-1	21			148	192	27	0	3000	-1	-1	0	-1	-1	-1	-1	-1	-1	-1	130	0
569	570	18416	-1	21			148	192	27	0	3000	-1	-1	0	-1	-1	-1	-1	-1	-1	-1	130	0
570	571	18416	-1	21			148	192	27	0	3000	-1	-1	0	-1	-1	-1	-1	-1	-1	-1	130	0
571	572	18416	-1	21			148	192	27	0	3000	-1	-1	0	-1	-1	-1	-1	-1	-1	-1	130	0
572	573	18416	-1	21			148	192	27	0	3000	-1	-1	0	-1	-1	-1	-1	-1	-1	-1	130	0
573	574	18416	-1	21			148	192	27	0	3000	-1	-1	0	-1	-1	-1	-1	-1	-1	-1	130	0
574	575	18416	-1	21			148	192	27	0	3000	-1	-1	0	-1	-1	-1	-1	-1	-1	-1	130	0
575	576	18416	-1	21			148	192	27	0	3000	-1	-1	0	-1	-1	-1	-1	-1	-1	-1	130	0
576	577	18416	-1	21			148	192	27	0	3000	-1	-1	0	-1	-1	-1	-1	-1	-1	-1	130	0
577	578	18416	-1	21			148	192	27	0	3000	-1	-1	0	-1	-1	-1	-1	-1	-1	-1	130	0
578	579	18416	-1	21			148	192	27	0	3000	-1	-1	0	-1	-1	-1	-1	-1	-1	-1	130	0
579	580	18416	-1	21			148	192	27	0	3000	-1	-1	0	-1	-1	-1	-1	-1	-1	-1	130	0
580	581	18416	-1	21			148	192	27	0	3000	-1	-1	0	-1	-1	-1	-1	-1	-1	-1	130	0
581	582	18416	-1	21			148	192	27	0	3000	-1	-1	0	-1	-1	-1	-1	-1	-1	-1	130	0
582	583	18416	-1	21			148	192	27	0	3000	-1	-1	0	-1	-1	-1	-1	-1	-1	-1	130	0
583	584	18416	-1	21			148	192	27	0	3000	-1	-1	0	-1	-1	-1	-1	-1	-1	-1	130	0
584	585	18416	-1	21			148	192	27	0	3000	-1	-1	0	-1	-1	-1	-1	-1	-1	-1	130	0
585	586	18416	-1	21			148	192	27	0	3000	-1	-1	0	-1	-1	-1	-1	-1	-1	-1	130	0
586	587	18416	-1	21			148	192	27	0	3000	-1	-1	0	-1	-1	-1	-1	-1	-1	-1	130	0
587	588	18416	-1	21			148	192	27	0	3000	-1	-1	0	-1	-1	-1	-1	-1	-1	-1	130	0
588	589	18416	-1	21			148	192	27	0	3000	-1	-1	0	-1	-1	-1	-1	-1	-1	-1	130	0
589	590	18416	-1	21			148	192	27	0	3000	-1	-1	0	-1	-1	-1	-1	-1	-1	-1	130	0
590	591	18416	-1	21			148	192	27	0	3000	-1	-1	0	-1	-1	-1	-1	-1	-1	-1	130	0
591	592	18416	-1	21			148	192	27	0	3000	-1	-1	0	-1	-1	-1	-1	-1	-1	-1	130	0
592	593	18416	-1	21			148	192	27	0	3000	-1	-1	0	-1	-1	-1	-1	-1	-1	-1	130	0
593	594	18416	-1	21			148	192	27	0	3000	-1	-1	0	-1	-1	-1	-1	-1	-1	-1	130	0
594	595	18416	-1	21			148	192	27	0	3000	-1	-1	0	-1	-1	-1	-1	-1	-1	-1	130	0
595	596	18416	-1	21			148	192	27	0	3000	-1	-1	0	-1	-1	-1	-1	-1	-1	-1	130	0
596	597	18416	-1	21			148	192	27	0	3000	-1	-1	0	-1	-1	-1	-1	-1	-1	-1	130	0
597	598	18416	-1	21			148	192	27	0	3000	-1	-1	0	-1	-1	-1	-1	-1	-1	-1	130	0
598	599	18416	-1	21			148	192	27	0	3000	-1	-1	0	-1	-1	-1	-1	-1	-1	-1	130	0
599	600	18416	-1	21			148	192	27	0	3000	-1	-1	0	-1	-1	-1	-1	-1	-1	-1	130	0
600	601	18416	-1	21			148	192	27	0	3000	-1	-1	0	-1	-1	-1	-1	-1	-1	-1	130	0
601	602	18416	-1	21			118	195	27	0	3000	-1	-1	0	-1	-1	-1	-1	-1	-1	-1	135	0
602	603	18416	-1	21			118	195	27	0	3000	-1	-1	0	-1	-1	-1	-1	-1	-1	-1	135	0
603	604	18416	-1	21			118	195	27	0	3000	-1	-1	0	-1	-1	-1	-1	-1	-1	-1	135	0
604	605	18416	-1	21			118	195	27	0	3000	-1	-1	0	-1	-1	-1	-1	-1	-1	-1	135	0
605	606	18416	-1	21			118	195	27	0	3000	-1	-1	0	-1	-1	-1	-1	-1	-1	-1	135	0
606	607	18416	-1	21			118	195	27	0	3000	-1	-1	0	-1	-1	-1	-1	-1	-1	-1	135	0
607	608	18416	-1	21			118	195	27	0	3000	-1	-1	0	-1	-1	-1	-1	-1	-1	-1	135	0
608	609	18416	-1	21			118	195	27	0	3000	-1	-1	0	-1	-1	-1	-1	-1	-1	-1	135	0
609	610	18416	-1	21			118	195	27	0	3000	-1	-1	0	-1	-1	-1	-1	-1	-1	-1	135	0
610	611	18416	-1	21			118	195	27	0	3000	-1	-1	0	-1	-1	-1	-1	-1	-1	-1	135	0
611	612	18416	-1	21			118	195	27	0	3000	-1	-1	0	-1	-1	-1	-1	-1	-1	-1	135	0
612	613	18416	-1	21			118	195	27	0	3000	-1	-1	0	-1	-1	-1	-1	-1	-1	-1	135	0
613	614	18416	-1	21			118	195	27	0	3000	-1	-1	0	-1	-1	-1	-1	-1	-1	-1	135	0
614	615	18416	-1	21			118	195	27	0	3000	-1	-1	0	-1	-1	-1	-1	-1	-1	-1	135	0
615	616	18416	-1	21			118	195	27	0	3000	-1	-1	0	-1	-1	-1	-1	-1	-1	-1	135	0
616	617	18416	-1	21			118	195	27	0	3000	-1	-1	0	-1	-1	-1	-1	-1	-1	-1	135	0
617	618	18416	-1	21			118	195	27	0	3000	-1	-1	0	-1	-1	-1	-1	-1	-1	-1	135	0
618	619	18416	-1	21			118	195	27	0	3000	-1	-1	0	-1	-1	-1	-1	-1	-1	-1	135	0
619	620	18416	-1	21			118	195	27	0	3000	-1	-1	0	-1	-1	-1	-1	-1	-1	-1	135	0
620	621	18416	-1	21			118	195	27	0	3000	-1	-1	0	-1	-1	-1	-1	-1	-1	-1	135	0
621	622	18416	-1	21			118	195	27	0	3000	-1	-1	0	-1	-1	-1	-1	-1	-1	-1	135	0
622	623	18416	-1	21			118	195	27	0	3000	-1	-1	0	-1	-1	-1	-1	-1	-1	-1	135	0
623	624	18416	-1	21			118	195	27	0	3000	-1	-1	0	-1	-1	-1	-1	-1	-1	-1	135	0
624	625	18416	-1	21			118	195	27	0	3000	-1	-1	0	-1	-1	-1	-1	-1	-1	-1	135	0
625	626	18416	-1	21			118	195	27	0	3000	-1	-1	0	-1	-1	-1	-1	-1	-1	-1	135	0
626	627	18416	-1	21			118	195	27	0	3000	-1	-1	0	-1	-1	-1	-1	-1	-1	-1	135	0
627	628	18416	-1	21			118	195	27	0	3000	-1	-1	0	-1	-1	-1	-1	-1	-1	-1	135	0
628	629	18416	-1	21			118	195	27	0	3000	-1	-1	0	-1	-1	-1	-1	-1	-1	-1	135	0
629	630	18416	-1	21			118	195	27	0	3000	-1	-1	0	-1	-1	-1	-1	-1	-1	-1	135	0
630	631	18416	-1	21			118	195	27	0	3000	-1	-1	0	-1	-1	-1	-1	-1	-1	-1	135	0
631	632	18416	-1	21			118	195	27	0	3000	-1	-1	0	-1	-1	-1	-1	-1	-1	-1	135	0
632	633	18416	-1	21			118	195	27	0	3000	-1	-1	0	-1	-1	-1	-1	-1	-1	-1	135	0
633	634	18416	-1	21			118	195	27	0	3000	-1	-1	0	-1	-1	-1	-1	-1	-1	-1	135	0
634	635	18416	-1	21			118	195	27	0	3000	-1	-1	0	-1	-1	-1	-1	-1	-1	-1	135	0
635	636	18416	-1	21			118	195	27	0	3000	-1	-1	0	-1	-1	-1	-1	-1	-1	-1	135	0
636	637	18416	-1	21			118	195	27	0	3000	-1	-1	0	-1	-1	-1	-1	-1	-1	-1	135	0
637	638	18416	-1	21			118	195	27	0	3000	-1	-1	0	-1	-1	-1	-1	-1	-1	-1	135	0
638	639	18416	-1	21			118	195	27	0	3000	-1	-1	0	-1	-1	-1	-1	-1	-1	-1	135	0
639	640	18416	-1	21			118	195	27	0	3000	-1	-1	0	-1	-1	-1	-1	-1	-1	-1	135	0
640	641	18416	-1	21			118	195	27	0	3000	-1	-1	0	-1	-1	-1	-1	-1	-1	-1	135	0
