NUM	NUM	NUM	NUM	NUM	TEXT	TEXT	FLOAT	FLOAT	NUM	NUM	NUM	NUM	NUM	NUM	NUM	NUM	NUM	NUM	NUM	NUM	NUM	NUM	NUM
编号	随机编号	attr编号	逻辑表编号	阵营编号	名称	称号	x轴坐标	z轴坐标	朝向	脚本编号	重生时间	分组编号	队伍编号	基础AI	AI文件	巡逻路径	商店0	商店1	商店2	商店3	名誉ID	等级	镜像组
0	1	49	406000	20	爱德格·戈麦斯	卡迪兹港总督	134.391998	330.686005	30	0	10000	-1	-1	3	0	-1	-1	-1	-1	-1	-1	80	0	
1	2	50	406001	20	伊曼努尔·洛佩斯	卡迪兹港卫官	136.834473	274.603424	0	0	10000	-1	-1	3	0	-1	-1	-1	-1	-1	-1	80	0	
2	3	5866	406002	20	小哲别乌兰巴日	兵部员外	240.474289	352.075592	28	0	10000	-1	-1	3	0	-1	-1	-1	-1	-1	-1	80	0	
3	4	212	406003	20	哈丹巴特尔	海都叛将	247.763412	349.136353	32	0	10000	-1	-1	3	0	-1	-1	-1	-1	-1	-1	80	0	
4	5	45	406004	20	德利卡多·科斯塔	神父	152.489136	316.711212	20	0	10000	-1	-1	3	0	-1	-1	-1	-1	-1	-1	80	0	
5	6	2109	406005	20	阿德里亚诺	港口商人	208.103653	325.425598	26	0	10000	-1	-1	3	0	-1	-1	-1	-1	-1	-1	80	0	
6	7	4100	-1	21	阿拔斯海盗		80.83078	305.414032	0	0	10000	-1	-1	4	0	-1	-1	-1	-1	-1	-1	80	0	
7	8	4100	-1	21	阿拔斯海盗		94.903244	320.811737	0	0	10000	-1	-1	1	0	-1	-1	-1	-1	-1	-1	80	0	
8	9	4100	-1	21	阿拔斯海盗		81.748688	318.796814	0	0	10000	-1	-1	1	0	-1	-1	-1	-1	-1	-1	80	0	
9	10	4100	-1	21	阿拔斯海盗		85.103867	283.184326	0	0	10000	-1	-1	1	0	-1	-1	-1	-1	-1	-1	80	0	
10	11	4100	-1	21	阿拔斯海盗		73.655426	224.492126	0	0	10000	-1	-1	1	0	-1	-1	-1	-1	-1	-1	80	0	
11	12	4100	-1	21	阿拔斯海盗		97.979912	313.987549	0	0	10000	-1	-1	1	0	-1	-1	-1	-1	-1	-1	80	0	
12	13	4100	-1	21	阿拔斯海盗		87.51123	323.69162	0	0	10000	-1	-1	4	0	-1	-1	-1	-1	-1	-1	80	0	
13	14	4100	-1	21	阿拔斯海盗		80.904358	327.270874	0	0	10000	-1	-1	1	0	-1	-1	-1	-1	-1	-1	80	0	
14	15	4100	-1	21	阿拔斯海盗		92.989746	292.783295	0	0	10000	-1	-1	1	0	-1	-1	-1	-1	-1	-1	80	0	
15	16	4100	-1	21	阿拔斯海盗		88.446915	311.850067	0	0	10000	-1	-1	1	0	-1	-1	-1	-1	-1	-1	80	0	
16	17	4100	-1	21	阿拔斯海盗		97.225037	306.831116	0	0	10000	-1	-1	1	0	-1	-1	-1	-1	-1	-1	80	0	
17	18	4100	-1	21	阿拔斯海盗		90.998711	284.128174	0	0	10000	-1	-1	1	0	-1	-1	-1	-1	-1	-1	80	0	
18	19	4100	-1	21	阿拔斯海盗		82.413864	294.829071	0	0	10000	-1	-1	4	0	-1	-1	-1	-1	-1	-1	80	0	
19	20	4100	-1	21	阿拔斯海盗		97.247902	269.40921	0	0	10000	-1	-1	1	0	-1	-1	-1	-1	-1	-1	80	0	
20	21	4100	-1	21	阿拔斯海盗		97.079208	287.497681	0	0	10000	-1	-1	1	0	-1	-1	-1	-1	-1	-1	80	0	
21	22	4101	-1	21	大马士革流寇		96.778915	281.111938	0	0	10000	-1	-1	1	0	-1	-1	-1	-1	-1	-1	80	0	
22	23	4101	-1	21	大马士革流寇		84.529221	274.832031	0	0	10000	-1	-1	1	0	-1	-1	-1	-1	-1	-1	80	0	
23	24	4101	-1	21	大马士革流寇		98.723877	243.012756	0	0	10000	-1	-1	1	0	-1	-1	-1	-1	-1	-1	80	0	
24	25	4101	-1	21	大马士革流寇		88.919083	300.984192	0	0	10000	-1	-1	4	0	-1	-1	-1	-1	-1	-1	80	0	
25	26	4101	-1	21	大马士革流寇		85.021057	220.651993	0	0	10000	-1	-1	1	0	-1	-1	-1	-1	-1	-1	80	0	
26	27	4101	-1	21	大马士革流寇		86.289612	290.220001	0	0	10000	-1	-1	1	0	-1	-1	-1	-1	-1	-1	80	0	
27	28	4101	-1	21	大马士革流寇		79.042503	265.522064	0	0	10000	-1	-1	1	0	-1	-1	-1	-1	-1	-1	80	0	
28	29	4101	-1	21	大马士革流寇		79.370644	272.669922	0	0	10000	-1	-1	1	0	-1	-1	-1	-1	-1	-1	80	0	
29	30	4101	-1	21	大马士革流寇		106.11792	264.177979	0	0	10000	-1	-1	1	0	-1	-1	-1	-1	-1	-1	80	0	
30	31	4101	-1	21	大马士革流寇		94.400528	222.259201	0	0	10000	-1	-1	4	0	-1	-1	-1	-1	-1	-1	80	0	
31	32	4101	-1	21	大马士革流寇		83.893791	260.359589	0	0	10000	-1	-1	1	0	-1	-1	-1	-1	-1	-1	80	0	
32	33	4101	-1	21	大马士革流寇		77.784782	258.650177	0	0	10000	-1	-1	1	0	-1	-1	-1	-1	-1	-1	80	0	
33	34	4101	-1	21	大马士革流寇		69.351837	260.358948	0	0	10000	-1	-1	4	0	-1	-1	-1	-1	-1	-1	80	0	
34	35	4101	-1	21	大马士革流寇		91.309219	247.894897	0	0	10000	-1	-1	1	0	-1	-1	-1	-1	-1	-1	80	0	
35	36	4101	-1	21	大马士革流寇		76.446289	216.41452	0	0	10000	-1	-1	1	0	-1	-1	-1	-1	-1	-1	80	0	
36	37	4102	-1	21	阿拔斯贵族首领		76.035194	302.081757	0	0	10000	-1	-1	6	0	-1	-1	-1	-1	-1	-1	80	0	
37	38	4102	-1	21	阿拔斯贵族首领		103.922356	307.682983	0	0	10000	-1	-1	6	0	-1	-1	-1	-1	-1	-1	80	0	
38	39	4103	-1	21	西班牙军士		272.280334	143.69397	0	0	10000	-1	-1	1	0	-1	-1	-1	-1	-1	-1	80	0	
39	40	4103	-1	21	西班牙军士		224.291031	133.572266	0	0	10000	-1	-1	1	0	-1	-1	-1	-1	-1	-1	80	0	
40	41	4103	-1	21	西班牙军士		274.48877	172.034851	18	0	10000	-1	-1	1	0	-1	-1	-1	-1	-1	-1	80	0	
41	42	4103	-1	21	西班牙军士		268.98761	148.05513	0	0	10000	-1	-1	1	0	-1	-1	-1	-1	-1	-1	80	0	
42	43	4103	-1	21	西班牙军士		207.246063	167.4245	0	0	10000	-1	-1	1	0	-1	-1	-1	-1	-1	-1	80	0	
43	44	4103	-1	21	西班牙军士		207.323273	148.822601	0	0	10000	-1	-1	1	0	-1	-1	-1	-1	-1	-1	80	0	
44	45	4103	-1	21	西班牙军士		272.290436	147.915878	0	0	10000	-1	-1	5	0	-1	-1	-1	-1	-1	-1	80	0	
45	46	4103	-1	21	西班牙军士		277.528015	171.957062	18	0	10000	-1	-1	1	0	-1	-1	-1	-1	-1	-1	80	0	
46	47	4103	-1	21	西班牙军士		275.586182	147.867203	0	0	10000	-1	-1	1	0	-1	-1	-1	-1	-1	-1	80	0	
47	48	4103	-1	21	西班牙军士		271.491394	171.960587	18	0	10000	-1	-1	1	0	-1	-1	-1	-1	-1	-1	80	0	
48	49	4103	-1	21	西班牙军士		274.624329	175.938583	18	0	10000	-1	-1	1	0	-1	-1	-1	-1	-1	-1	80	0	
49	50	4103	-1	21	西班牙军士		271.618988	176.101181	18	0	10000	-1	-1	1	0	-1	-1	-1	-1	-1	-1	80	0	
50	51	4103	-1	21	西班牙军士		275.501007	143.67421	0	0	10000	-1	-1	1	0	-1	-1	-1	-1	-1	-1	80	0	
51	52	4103	-1	21	西班牙军士		277.651123	175.859619	18	0	10000	-1	-1	1	0	-1	-1	-1	-1	-1	-1	80	0	
52	53	4103	-1	21	西班牙军士		268.848053	143.913834	0	0	10000	-1	-1	1	0	-1	-1	-1	-1	-1	-1	80	0	
53	54	4105	-1	21	西班牙弓兵		187.812592	196.788483	0	0	10000	-1	-1	4	0	-1	-1	-1	-1	-1	-1	80	0	
54	55	4105	-1	21	西班牙弓兵		195.625381	203.406189	0	0	10000	-1	-1	1	0	-1	-1	-1	-1	-1	-1	80	0	
55	56	4105	-1	21	西班牙弓兵		191.728439	192.395462	0	0	10000	-1	-1	1	0	-1	-1	-1	-1	-1	-1	80	0	
56	57	4105	-1	21	西班牙弓兵		201.179871	194.76088	0	0	10000	-1	-1	1	0	-1	-1	-1	-1	-1	-1	80	0	
57	58	4105	-1	21	西班牙弓兵		204.874542	181.484283	0	0	10000	-1	-1	1	0	-1	-1	-1	-1	-1	-1	80	0	
58	59	4105	-1	21	西班牙弓兵		213.554398	153.629654	0	0	10000	-1	-1	1	0	-1	-1	-1	-1	-1	-1	80	0	
59	60	4105	-1	21	西班牙弓兵		206.345856	145.456497	0	0	10000	-1	-1	4	0	-1	-1	-1	-1	-1	-1	80	0	
60	61	4105	-1	21	西班牙弓兵		212.463623	130.791443	0	0	10000	-1	-1	1	0	-1	-1	-1	-1	-1	-1	80	0	
61	62	4105	-1	21	西班牙弓兵		230.417725	130.118851	0	0	10000	-1	-1	1	0	-1	-1	-1	-1	-1	-1	80	0	
62	63	4105	-1	21	西班牙弓兵		234.739624	143.288666	0	0	10000	-1	-1	1	0	-1	-1	-1	-1	-1	-1	80	0	
63	64	4105	-1	21	西班牙弓兵		242.90596	142.386566	0	0	10000	-1	-1	1	0	-1	-1	-1	-1	-1	-1	80	0	
64	65	4105	-1	21	西班牙弓兵		258.033325	147.367172	0	0	10000	-1	-1	1	0	-1	-1	-1	-1	-1	-1	80	0	
65	66	4105	-1	21	西班牙弓兵		267.833221	154.537338	0	0	10000	-1	-1	4	0	-1	-1	-1	-1	-1	-1	80	0	
66	67	4105	-1	21	西班牙弓兵		282.867401	159.078293	0	0	10000	-1	-1	1	0	-1	-1	-1	-1	-1	-1	80	0	
67	68	4105	-1	21	西班牙弓兵		255.113754	143.708374	0	0	10000	-1	-1	1	0	-1	-1	-1	-1	-1	-1	80	0	
68	69	4104	-1	21	西班牙骑士		267.107208	174.104187	0	0	10000	-1	-1	6	0	-1	-1	-1	-1	-1	-1	80	0	
69	70	4104	-1	21	西班牙骑士		279.360291	145.652725	18	0	10000	-1	-1	6	0	-1	-1	-1	-1	-1	-1	80	0	
70	71	4106	-1	21	帕拉多·波旁	主教	417.158966	101.815613	32	0	10000	-1	-1	6	0	-1	-1	-1	-1	-1	-1	80	0	
71	72	4107	-1	21	港口流匪		391.856354	106.128662	0	0	10000	-1	-1	4	0	-1	-1	-1	-1	-1	-1	80	0	
72	73	4107	-1	21	港口流匪		369.834595	136.489151	0	0	10000	-1	-1	1	0	-1	-1	-1	-1	-1	-1	80	0	
73	74	4107	-1	21	港口流匪		354.674469	91.006134	0	0	10000	-1	-1	1	0	-1	-1	-1	-1	-1	-1	80	0	
74	75	4107	-1	21	港口流匪		351.634277	115.022156	0	0	10000	-1	-1	1	0	-1	-1	-1	-1	-1	-1	80	0	
75	76	4107	-1	21	港口流匪		365.625854	120.629562	0	0	10000	-1	-1	1	0	-1	-1	-1	-1	-1	-1	80	0	
76	77	4107	-1	21	港口流匪		370.818756	98.119011	0	0	10000	-1	-1	1	0	-1	-1	-1	-1	-1	-1	80	0	
77	78	4107	-1	21	港口流匪		386.452393	86.455467	0	0	10000	-1	-1	4	0	-1	-1	-1	-1	-1	-1	80	0	
78	79	4107	-1	21	港口流匪		395.517914	75.609512	0	0	10000	-1	-1	1	0	-1	-1	-1	-1	-1	-1	80	0	
79	80	4107	-1	21	港口流匪		403.264618	64.975174	0	0	10000	-1	-1	1	0	-1	-1	-1	-1	-1	-1	80	0	
80	81	4107	-1	21	港口流匪		412.639984	112.535477	0	0	10000	-1	-1	1	0	-1	-1	-1	-1	-1	-1	80	0	
81	82	4107	-1	21	港口流匪		376.715057	113.334496	0	0	10000	-1	-1	1	0	-1	-1	-1	-1	-1	-1	80	0	
82	83	4107	-1	21	港口流匪		349.728088	76.858551	0	0	10000	-1	-1	1	0	-1	-1	-1	-1	-1	-1	80	0	
83	84	4107	-1	21	港口流匪		317.745422	87.340179	0	0	10000	-1	-1	4	0	-1	-1	-1	-1	-1	-1	80	0	
84	85	4107	-1	21	港口流匪		321.153564	77.655472	0	0	10000	-1	-1	1	0	-1	-1	-1	-1	-1	-1	80	0	
85	86	4107	-1	21	港口流匪		334.332031	102.995506	0	0	10000	-1	-1	1	0	-1	-1	-1	-1	-1	-1	80	0	
86	87	4108	-1	21	高阶教徒		342.579285	83.78801	0	0	10000	-1	-1	1	0	-1	-1	-1	-1	-1	-1	80	0	
87	88	4108	-1	21	高阶教徒		422.660461	135.212265	0	0	10000	-1	-1	1	0	-1	-1	-1	-1	-1	-1	80	0	
88	89	4108	-1	21	高阶教徒		336.85376	76.194962	0	0	10000	-1	-1	1	0	-1	-1	-1	-1	-1	-1	80	0	
89	90	4108	-1	21	高阶教徒		331.018555	92.913681	0	0	10000	-1	-1	4	0	-1	-1	-1	-1	-1	-1	80	0	
90	91	4108	-1	21	高阶教徒		342.145569	93.68364	0	0	10000	-1	-1	1	0	-1	-1	-1	-1	-1	-1	80	0	
91	92	4108	-1	21	高阶教徒		371.538391	84.841507	0	0	10000	-1	-1	1	0	-1	-1	-1	-1	-1	-1	80	0	
92	93	4108	-1	21	高阶教徒		380.609863	96.020241	0	0	10000	-1	-1	1	0	-1	-1	-1	-1	-1	-1	80	0	
93	94	4108	-1	21	高阶教徒		364.985016	107.407028	0	0	10000	-1	-1	1	0	-1	-1	-1	-1	-1	-1	80	0	
94	95	4108	-1	21	高阶教徒		350.528992	101.498116	0	0	10000	-1	-1	1	0	-1	-1	-1	-1	-1	-1	80	0	
95	96	4108	-1	21	高阶教徒		404.99707	74.056114	0	0	10000	-1	-1	4	0	-1	-1	-1	-1	-1	-1	80	0	
96	97	4108	-1	21	高阶教徒		395.661285	85.291855	0	0	10000	-1	-1	1	0	-1	-1	-1	-1	-1	-1	80	0	
97	98	4108	-1	21	高阶教徒		402.048187	93.4925	0	0	10000	-1	-1	1	0	-1	-1	-1	-1	-1	-1	80	0	
98	99	4108	-1	21	高阶教徒		395.661285	85.291855	0	0	10000	-1	-1	1	0	-1	-1	-1	-1	-1	-1	80	0	
99	100	4108	-1	21	高阶教徒		360.218079	131.955704	0	0	10000	-1	-1	1	0	-1	-1	-1	-1	-1	-1	80	0	
100	101	4108	-1	21	高阶教徒		403.857849	106.481895	0	0	10000	-1	-1	1	0	-1	-1	-1	-1	-1	-1	80	0	
101	102	4109	-1	21	嗥月凶兽		104.650803	32.941231	0	0	10000	-1	-1	1	0	-1	-1	-1	-1	-1	-1	80	0	
102	103	4109	-1	21	嗥月凶兽		119.61837	40.207169	0	0	10000	-1	-1	1	0	-1	-1	-1	-1	-1	-1	80	0	
103	104	4110	-1	21	恶狼		202.581818	69.872658	0	0	10000	-1	-1	4	0	-1	-1	-1	-1	-1	-1	80	0	
104	105	4110	-1	21	恶狼		213.454407	80.544708	0	0	10000	-1	-1	1	0	-1	-1	-1	-1	-1	-1	80	0	
105	106	4110	-1	21	恶狼		185.629364	86.172714	0	0	10000	-1	-1	1	0	-1	-1	-1	-1	-1	-1	80	0	
106	107	4110	-1	21	恶狼		168.468002	98.897606	0	0	10000	-1	-1	1	0	-1	-1	-1	-1	-1	-1	80	0	
107	108	4110	-1	21	恶狼		141.626877	104.751534	0	0	10000	-1	-1	1	0	-1	-1	-1	-1	-1	-1	80	0	
108	109	4110	-1	21	恶狼		121.526512	114.290253	0	0	10000	-1	-1	1	0	-1	-1	-1	-1	-1	-1	80	0	
109	110	4110	-1	21	恶狼		99.876266	116.466721	0	0	10000	-1	-1	4	0	-1	-1	-1	-1	-1	-1	80	0	
110	111	4110	-1	21	恶狼		95.248199	129.157578	0	0	10000	-1	-1	1	0	-1	-1	-1	-1	-1	-1	80	0	
111	112	4110	-1	21	恶狼		114.675156	128.181366	0	0	10000	-1	-1	1	0	-1	-1	-1	-1	-1	-1	80	0	
112	113	4110	-1	21	恶狼		114.207733	145.044174	0	0	10000	-1	-1	1	0	-1	-1	-1	-1	-1	-1	80	0	
113	114	4110	-1	21	恶狼		131.637833	146.263031	0	0	10000	-1	-1	1	0	-1	-1	-1	-1	-1	-1	80	0	
114	115	4110	-1	21	恶狼		142.491058	157.279022	0	0	10000	-1	-1	1	0	-1	-1	-1	-1	-1	-1	80	0	
115	116	4110	-1	21	恶狼		114.819969	160.849548	0	0	10000	-1	-1	4	0	-1	-1	-1	-1	-1	-1	80	0	
116	117	4110	-1	21	恶狼		149.71283	171.204346	0	0	10000	-1	-1	1	0	-1	-1	-1	-1	-1	-1	80	0	
117	118	4110	-1	21	恶狼		113.335075	176.857178	0	0	10000	-1	-1	1	0	-1	-1	-1	-1	-1	-1	80	0	
118	119	4111	-1	21	野猪		189.187408	37.105858	0	0	10000	-1	-1	1	0	-1	-1	-1	-1	-1	-1	80	0	
119	120	4111	-1	21	野猪		139.047638	34.389668	0	0	10000	-1	-1	1	0	-1	-1	-1	-1	-1	-1	80	0	
120	121	4111	-1	21	野猪		140.52449	47.223732	0	0	10000	-1	-1	1	0	-1	-1	-1	-1	-1	-1	80	0	
121	122	4111	-1	21	野猪		156.295792	65.872711	0	0	10000	-1	-1	4	0	-1	-1	-1	-1	-1	-1	80	0	
122	123	4111	-1	21	野猪		174.800491	33.64455	0	0	10000	-1	-1	1	0	-1	-1	-1	-1	-1	-1	80	0	
123	124	4111	-1	21	野猪		198.47821	28.115664	0	0	10000	-1	-1	1	0	-1	-1	-1	-1	-1	-1	80	0	
124	125	4111	-1	21	野猪		176.541321	55.484318	0	0	10000	-1	-1	1	0	-1	-1	-1	-1	-1	-1	80	0	
125	126	4111	-1	21	野猪		191.086639	51.697872	0	0	10000	-1	-1	1	0	-1	-1	-1	-1	-1	-1	80	0	
126	127	4111	-1	21	野猪		152.901932	45.806797	0	0	10000	-1	-1	1	0	-1	-1	-1	-1	-1	-1	80	0	
127	128	4111	-1	21	野猪		171.322754	43.556541	0	0	10000	-1	-1	4	0	-1	-1	-1	-1	-1	-1	80	0	
128	129	4111	-1	21	野猪		163.881027	56.954296	0	0	10000	-1	-1	1	0	-1	-1	-1	-1	-1	-1	80	0	
129	130	4111	-1	21	野猪		198.441055	42.799435	0	0	10000	-1	-1	1	0	-1	-1	-1	-1	-1	-1	80	0	
130	131	4111	-1	21	野猪		175.040833	83.462967	0	0	10000	-1	-1	1	0	-1	-1	-1	-1	-1	-1	80	0	
131	132	4111	-1	21	野猪		165.386185	74.426292	0	0	10000	-1	-1	1	0	-1	-1	-1	-1	-1	-1	80	0	
132	133	4111	-1	21	野猪		196.342224	87.740898	0	0	10000	-1	-1	1	0	-1	-1	-1	-1	-1	-1	80	0	
133	134	2604	406006	20	地中海传送人	卡迪兹港	205	361	12	0	10000	-1	-1	3	0	-1	-1	-1	-1	-1	-1	60	0	
134	135	4112	-1	21	阿古达木		439.303131	211.79274	18	0	10000	-1	-1	6	0	-1	-1	-1	-1	-1	-1	80	0	
135	136	4113	-1	21	窝阔台武士		433.34848	207.908951	0	0	10000	-1	-1	5	0	-1	-1	-1	-1	-1	-1	80	0	
136	137	4113	-1	21	窝阔台武士		433.524872	215.857941	0	0	10000	-1	-1	1	0	-1	-1	-1	-1	-1	-1	80	0	
137	138	4113	-1	21	窝阔台武士		430.341888	207.960098	0	0	10000	-1	-1	1	0	-1	-1	-1	-1	-1	-1	80	0	
138	139	4113	-1	21	窝阔台武士		430.363922	215.737061	0	0	10000	-1	-1	1	0	-1	-1	-1	-1	-1	-1	80	0	
139	140	4113	-1	21	窝阔台武士		433.590851	211.787689	0	0	10000	-1	-1	1	0	-1	-1	-1	-1	-1	-1	80	0	
140	141	4113	-1	21	窝阔台武士		430.228821	211.889359	0	0	10000	-1	-1	1	0	-1	-1	-1	-1	-1	-1	80	0	
141	142	4113	-1	21	窝阔台武士		363.165009	267.700745	0	0	10000	-1	-1	5	0	-1	-1	-1	-1	-1	-1	80	0	
142	143	4113	-1	21	窝阔台武士		371.290558	277.886353	0	0	10000	-1	-1	1	0	-1	-1	-1	-1	-1	-1	80	0	
143	144	4113	-1	21	窝阔台武士		381.733398	282.491089	0	0	10000	-1	-1	1	0	-1	-1	-1	-1	-1	-1	80	0	
144	145	4113	-1	21	窝阔台武士		370.537018	293.181122	0	0	10000	-1	-1	1	0	-1	-1	-1	-1	-1	-1	80	0	
145	146	4113	-1	21	窝阔台武士		360.554382	278.465393	0	0	10000	-1	-1	1	0	-1	-1	-1	-1	-1	-1	80	0	
146	147	4113	-1	21	窝阔台武士		376.08252	295.809021	0	0	10000	-1	-1	1	0	-1	-1	-1	-1	-1	-1	80	0	
147	148	4113	-1	21	窝阔台武士		377.626801	269.68161	0	0	10000	-1	-1	5	0	-1	-1	-1	-1	-1	-1	80	0	
148	149	4113	-1	21	窝阔台武士		384.951843	291.17984	0	0	10000	-1	-1	1	0	-1	-1	-1	-1	-1	-1	80	0	
149	150	4113	-1	21	窝阔台武士		382.718079	302.952423	0	0	10000	-1	-1	1	0	-1	-1	-1	-1	-1	-1	80	0	
150	151	4114	-1	21	海都密使		435.659607	223.008575	0	0	10000	-1	-1	4	0	-1	-1	-1	-1	-1	-1	80	0	
151	152	4114	-1	21	海都密使		417.669861	202.630768	0	0	10000	-1	-1	1	0	-1	-1	-1	-1	-1	-1	80	0	
152	153	4114	-1	21	海都密使		409.951813	208.678482	0	0	10000	-1	-1	1	0	-1	-1	-1	-1	-1	-1	80	0	
153	154	4114	-1	21	海都密使		406.808716	218.209885	0	0	10000	-1	-1	1	0	-1	-1	-1	-1	-1	-1	80	0	
154	155	4114	-1	21	海都密使		418.18866	214.146927	0	0	10000	-1	-1	1	0	-1	-1	-1	-1	-1	-1	80	0	
155	156	4114	-1	21	海都密使		409.77298	189.475357	0	0	10000	-1	-1	1	0	-1	-1	-1	-1	-1	-1	80	0	
156	157	4114	-1	21	海都密使		414.637238	178.60144	0	0	10000	-1	-1	4	0	-1	-1	-1	-1	-1	-1	80	0	
157	158	4114	-1	21	海都密使		396.724762	214.138702	0	0	10000	-1	-1	1	0	-1	-1	-1	-1	-1	-1	80	0	
158	159	4114	-1	21	海都密使		429.264709	197.773865	0	0	10000	-1	-1	1	0	-1	-1	-1	-1	-1	-1	80	0	
159	160	4114	-1	21	海都密使		444.076965	225.988113	0	0	10000	-1	-1	1	0	-1	-1	-1	-1	-1	-1	80	0	
160	161	4114	-1	21	海都密使		399.299194	229.246674	0	0	10000	-1	-1	1	0	-1	-1	-1	-1	-1	-1	80	0	
161	162	4114	-1	21	海都密使		400.397156	244.498871	0	0	10000	-1	-1	1	0	-1	-1	-1	-1	-1	-1	80	0	
162	163	4114	-1	21	海都密使		406.148285	256.981842	0	0	10000	-1	-1	4	0	-1	-1	-1	-1	-1	-1	80	0	
163	164	4114	-1	21	海都密使		399.708374	267.47641	0	0	10000	-1	-1	1	0	-1	-1	-1	-1	-1	-1	80	0	
164	165	4114	-1	21	海都密使		388.449585	262.877594	0	0	10000	-1	-1	1	0	-1	-1	-1	-1	-1	-1	80	0	
165	166	4114	-1	21	海都密使		419.202362	103.900856	12	0	10000	-1	-1	1	0	-1	-1	-1	-1	-1	-1	80	0	
166	167	68	406007	20	阿科托		215.281998	358.752014	0	0	10000	-1	-1	3	0	-1	-1	-1	-1	-1	-1	80	0	
167	168	69	406008	20	科伦巴		216.570007	362.556	0	0	10000	-1	-1	3	0	-1	-1	-1	-1	-1	-1	80	0	
168	169	69	406009	20	科斯卡	“小总督”	220.408005	356.846985	24	0	10000	-1	-1	3	0	-1	-1	-1	-1	-1	-1	80	0	
169	170	68	406010	20	哈科梅	“卫队长”	220.908997	361.292999	16	0	10000	-1	-1	3	0	-1	-1	-1	-1	-1	-1	80	0	
170	171	68	406011	20	胡利奥	“骑士”	188.278	329.865997	24	0	10000	-1	-1	3	0	-1	-1	-1	-1	-1	-1	80	0	
171	172	68	406012	20	拉古纳斯		182.787003	339.958008	0	0	10000	-1	-1	3	0	-1	-1	-1	-1	-1	-1	80	0	
172	173	69	406013	20	莱库纳		214.410995	322.631012	0	0	10000	-1	-1	3	0	-1	-1	-1	-1	-1	-1	80	0	
173	174	69	406014	20	奥尔加		216.192001	322.51001	20	0	10000	-1	-1	3	0	-1	-1	-1	-1	-1	-1	80	0	
174	175	3060	406015	20	卡迪兹卫队		257.008148	349.802094	20	0	10000	-1	-1	3	0	-1	-1	-1	-1	-1	-1	80	0	
175	176	3060	406016	20	卡迪兹卫队		255.557343	354.477692	16	0	10000	-1	-1	3	0	-1	-1	-1	-1	-1	-1	80	0	
176	177	3060	406017	20	卡迪兹卫队		253.927811	333.621674	4	0	10000	-1	-1	3	0	-1	-1	-1	-1	-1	-1	80	0	
177	178	3060	406018	20	卡迪兹卫队		189.548462	372.415802	0	0	10000	-1	-1	3	0	-1	-1	-1	-1	-1	-1	80	0	
178	179	3060	406019	20	卡迪兹卫队		213.004654	372.501495	16	0	10000	-1	-1	3	0	-1	-1	-1	-1	-1	-1	80	0	
179	180	3060	406020	20	卡迪兹卫队		156.893784	305.964294	16	0	10000	-1	-1	3	0	-1	-1	-1	-1	-1	-1	80	0	
180	181	3060	406021	20	卡迪兹卫队		255.726349	337.870972	8	0	10000	-1	-1	3	0	-1	-1	-1	-1	-1	-1	80	0	
181	182	3060	406022	20	卡迪兹卫队		260.413513	336.388397	8	0	10000	-1	-1	3	0	-1	-1	-1	-1	-1	-1	80	0	
182	183	3060	406023	20	卡迪兹卫队		147.426086	350.206451	36	0	10000	-1	-1	3	0	-1	-1	-1	-1	-1	-1	80	0	
183	184	3060	406024	20	卡迪兹卫队		224.774002	348.942627	28	0	10000	-1	-1	3	0	-1	-1	-1	-1	-1	-1	80	0	
184	185	3060	406025	20	卡迪兹卫队		155.131714	263.078339	8	0	10000	-1	-1	3	0	-1	-1	-1	-1	-1	-1	80	0	
185	186	3060	406026	20	卡迪兹卫队		160.293457	260.838165	14	0	10000	-1	-1	3	0	-1	-1	-1	-1	-1	-1	80	0	
186	187	3060	406027	20	卡迪兹卫队		159.51767	265.358154	12	0	10000	-1	-1	3	0	-1	-1	-1	-1	-1	-1	80	0	
187	188	3060	406029	20	卡迪兹卫队		145.181519	282.374756	4	0	10000	-1	-1	3	0	-1	-1	-1	-1	-1	-1	80	0	
188	189	3060	406030	20	卡迪兹卫队		156.447769	267.82843	6	0	10000	-1	-1	3	0	-1	-1	-1	-1	-1	-1	80	0	
189	190	3060	406031	20	卡迪兹卫队		163.831985	264.067474	14	0	10000	-1	-1	3	0	-1	-1	-1	-1	-1	-1	80	0	
190	191	3060	406033	20	卡迪兹卫队		125.431374	220.770554	20	0	10000	-1	-1	3	0	-1	-1	-1	-1	-1	-1	80	0	
191	192	3060	406034	20	卡迪兹卫队		126.1259	225.660751	20	0	10000	-1	-1	3	0	-1	-1	-1	-1	-1	-1	80	0	
192	193	3060	406035	20	卡迪兹卫队		127.656342	230.984207	20	0	10000	-1	-1	3	0	-1	-1	-1	-1	-1	-1	80	0	
193	194	3060	406036	20	卡迪兹卫队		126.457382	215.95462	24	0	10000	-1	-1	3	0	-1	-1	-1	-1	-1	-1	80	0	
194	195	3060	406037	20	卡迪兹卫队		129.683472	221.424942	20	0	10000	-1	-1	3	0	-1	-1	-1	-1	-1	-1	80	0	
195	196	3060	406038	20	卡迪兹卫队		130.790497	226.821716	20	0	10000	-1	-1	3	0	-1	-1	-1	-1	-1	-1	80	0	
196	197	3060	406039	20	卡迪兹卫队		132.032669	231.564865	16	0	10000	-1	-1	3	0	-1	-1	-1	-1	-1	-1	80	0	
197	198	330	406040	20	“老爹”萨尔塞多	卫队士官	147.57106	263.105133	4	0	10000	-1	-1	3	0	-1	-1	-1	-1	-1	-1	80	0	
198	199	330	406041	20	“狂徒”乌尔瓦多	卫队士官	258.468048	331.894501	6	0	10000	-1	-1	3	0	-1	-1	-1	-1	-1	-1	80	0	
199	200	330	406042	20	港口守卫		153.281006	379.714996	24	0	10000	-1	-1	3	0	-1	-1	-1	-1	-1	-1	80	0	
200	201	330	406043	20	港口守卫		145.512054	377.101166	20	0	10000	-1	-1	3	0	-1	-1	-1	-1	-1	-1	80	0	
201	202	330	406044	20	港口守卫		146.102783	365.7612	24	0	10000	-1	-1	3	0	-1	-1	-1	-1	-1	-1	80	0	
202	203	330	406045	20	港口守卫		136.199936	363.187683	24	0	10000	-1	-1	3	0	-1	-1	-1	-1	-1	-1	80	0	
203	204	330	406046	20	港口守卫		128.121841	352.335419	24	0	10000	-1	-1	3	0	-1	-1	-1	-1	-1	-1	80	0	
204	205	330	406047	20	港口守卫		120.611923	346.553345	24	0	10000	-1	-1	3	0	-1	-1	-1	-1	-1	-1	80	0	
205	206	330	406048	20	总督亲卫队		130.621185	332.054657	30	0	10000	-1	-1	3	0	-1	-1	-1	-1	-1	-1	80	0	
206	207	330	406049	20	总督亲卫队		138.257095	329.105743	30	0	10000	-1	-1	3	0	-1	-1	-1	-1	-1	-1	80	0	
207	208	65	406050	20	奥莉微	长舌妇	209.832794	328.088043	12	0	10000	-1	-1	3	0	-1	-1	-1	-1	-1	-1	80	0	
208	209	65	406051	20	琳达	男爵夫人	192.393082	344.65686	28	0	10000	-1	-1	3	0	-1	-1	-1	-1	-1	-1	80	0	
209	210	66	406052	20	丽莎小姐		205.63855	327.738617	4	0	10000	-1	-1	3	0	-1	-1	-1	-1	-1	-1	80	0	
210	211	67	406053	20	女仆		216.716522	324.340607	12	0	10000	-1	-1	3	0	-1	-1	-1	-1	-1	-1	80	0	
211	212	1912	406054	20	乞丐		218.731659	343.68457	24	0	10000	-1	-1	3	0	-1	-1	-1	-1	-1	-1	80	0	
212	213	1912	406055	20	落魄女子		178.710754	362.2146	0	0	10000	-1	-1	3	0	-1	-1	-1	-1	-1	-1	80	0	
213	214	1912	406056	20	女疯子		159.726349	340.317444	20	0	10000	-1	-1	3	0	-1	-1	-1	-1	-1	-1	80	0	
214	215	78	406057	20	“情圣”比利亚	花花公子	192.717422	346.299866	12	0	10000	-1	-1	3	0	-1	-1	-1	-1	-1	-1	80	0	
215	216	78	406058	20	卡迪兹居民		119.56192	327.796234	20	0	10000	-1	-1	3	0	-1	-1	-1	-1	-1	-1	80	0	
216	217	78	406059	20	卡迪兹居民		144.053558	296.395752	0	0	10000	-1	-1	3	0	-1	-1	-1	-1	-1	-1	80	0	
217	218	78	406060	20	巴拉萨·佩雷斯 	男爵	201.019913	325.276398	28	0	10000	-1	-1	3	0	-1	-1	-1	-1	-1	-1	80	0	
218	219	79	406061	20	商人		143.669006	319.627991	0	0	10000	-1	-1	3	0	-1	-1	-1	-1	-1	-1	80	0	
219	220	79	406062	20	卡迪兹居民		163.288605	292.236328	16	0	10000	-1	-1	3	0	-1	-1	-1	-1	-1	-1	80	0	
220	221	79	406063	20	游吟诗人		137.910568	264.132935	0	0	10000	-1	-1	3	0	-1	-1	-1	-1	-1	-1	80	0	
221	222	79	406064	20	旅者		180.780151	344.752441	0	0	10000	-1	-1	3	0	-1	-1	-1	-1	-1	-1	80	0	
222	223	79	406065	20	旅者		184.182388	358.839142	8	0	10000	-1	-1	3	0	-1	-1	-1	-1	-1	-1	80	0	
223	224	79	406066	20	巴尔瓦	海港商人	232.441406	362.433899	8	0	10000	-1	-1	3	0	-1	-1	-1	-1	-1	-1	80	0	
224	225	77	406067	20	本杰明·桑切斯	海港商人	232.56221	359.861603	28	0	10000	-1	-1	3	0	-1	-1	-1	-1	-1	-1	80	0	
225	226	77	406068	20	卡迪兹居民		207.680588	330.338104	8	0	10000	-1	-1	3	0	-1	-1	-1	-1	-1	-1	80	0	
226	227	77	406069	20	卡迪兹居民		201.822174	343.152374	28	0	10000	-1	-1	3	0	-1	-1	-1	-1	-1	-1	80	0	
227	228	77	406070	20	卡迪兹居民		199.191132	360.814606	0	0	10000	-1	-1	3	0	-1	-1	-1	-1	-1	-1	80	0	
228	229	77	406071	20	卡迪兹居民		154.191391	369.225708	8	0	10000	-1	-1	3	0	-1	-1	-1	-1	-1	-1	80	0	
229	230	77	406072	20	卡迪兹居民		142.181976	356.990997	0	0	10000	-1	-1	3	0	-1	-1	-1	-1	-1	-1	80	0	
230	231	77	406073	20	卡迪兹居民		142.51355	340.284546	0	0	10000	-1	-1	3	0	-1	-1	-1	-1	-1	-1	80	0	
231	232	77	406074	20	卡迪兹居民		145.407257	358.000641	16	0	10000	-1	-1	3	0	-1	-1	-1	-1	-1	-1	80	0	
232	233	77	406075	20	卡迪兹居民		116.739395	327.645935	0	0	10000	-1	-1	3	0	-1	-1	-1	-1	-1	-1	80	0	
233	234	77	406076	20	卡迪兹居民		124.456253	341.036102	16	0	10000	-1	-1	3	0	-1	-1	-1	-1	-1	-1	80	0	
234	235	1915	406077	20	农民		195.876434	333.46048	8	0	10000	-1	-1	3	0	-1	-1	-1	-1	-1	-1	80	0	
235	236	42	406082	20	传教士		150.173813	314.901703	32	0	10000	-1	-1	3	0	-1	-1	-1	-1	-1	-1	80	0	
236	237	42	406083	20	传教士		151.022995	319.12323	4	0	10000	-1	-1	3	0	-1	-1	-1	-1	-1	-1	80	0	
237	238	42	406084	20	传教士		148.573532	317.219574	0	0	10000	-1	-1	3	0	-1	-1	-1	-1	-1	-1	80	0	
238	239	1931	406087	20	中亚流亡武士		252.366486	366.451691	8	0	10000	-1	-1	3	0	-1	-1	-1	-1	-1	-1	80	0	
239	240	1931	406088	20	中亚流亡武士		255.535553	364.524597	20	0	10000	-1	-1	3	0	-1	-1	-1	-1	-1	-1	80	0	
240	241	1931	406089	20	中亚流亡武士		253.202164	361.77951	24	0	10000	-1	-1	3	0	-1	-1	-1	-1	-1	-1	80	0	
241	242	1931	406090	20	中亚流亡武士		250.187897	364.128326	0	0	10000	-1	-1	3	0	-1	-1	-1	-1	-1	-1	80	0	
242	243	245	406092	20	铁匠		155.917328	333.557983	16	0	10000	-1	-1	3	0	-1	-1	-1	-1	-1	-1	80	0	
243	244	250	406093	20	铁匠学徒		156.406006	331.190247	24	0	10000	-1	-1	3	0	-1	-1	-1	-1	-1	-1	80	0	
244	245	225	406094	20	元朝先锋		247.473404	346.441223	30	0	10000	-1	-1	3	0	-1	-1	-1	-1	-1	-1	60	0	
245	246	225	406095	20	元朝先锋		242.946457	350.830261	28	0	10000	-1	-1	3	0	-1	-1	-1	-1	-1	-1	60	0	
246	247	225	406096	20	元朝先锋		238.204773	350.902893	28	0	10000	-1	-1	3	0	-1	-1	-1	-1	-1	-1	60	0	
247	248	4100	-1	21	阿拔斯海盗		81.83078	304.414032	0	0	10000	-1	-1	4	0	-1	-1	-1	-1	-1	-1	80	0	
248	249	4100	-1	21	阿拔斯海盗		95.903244	319.811737	0	0	10000	-1	-1	1	0	-1	-1	-1	-1	-1	-1	80	0	
249	250	4100	-1	21	阿拔斯海盗		82.748688	317.796814	0	0	10000	-1	-1	1	0	-1	-1	-1	-1	-1	-1	80	0	
250	251	4100	-1	21	阿拔斯海盗		86.103867	282.184326	0	0	10000	-1	-1	1	0	-1	-1	-1	-1	-1	-1	80	0	
251	252	4100	-1	21	阿拔斯海盗		74.655426	223.492126	0	0	10000	-1	-1	1	0	-1	-1	-1	-1	-1	-1	80	0	
252	253	4100	-1	21	阿拔斯海盗		98.979912	312.987549	0	0	10000	-1	-1	1	0	-1	-1	-1	-1	-1	-1	80	0	
253	254	4100	-1	21	阿拔斯海盗		88.51123	322.69162	0	0	10000	-1	-1	4	0	-1	-1	-1	-1	-1	-1	80	0	
254	255	4100	-1	21	阿拔斯海盗		81.904358	326.270874	0	0	10000	-1	-1	1	0	-1	-1	-1	-1	-1	-1	80	0	
255	256	4100	-1	21	阿拔斯海盗		93.989746	291.783295	0	0	10000	-1	-1	1	0	-1	-1	-1	-1	-1	-1	80	0	
256	257	4100	-1	21	阿拔斯海盗		89.446915	310.850067	0	0	10000	-1	-1	1	0	-1	-1	-1	-1	-1	-1	80	0	
257	258	4100	-1	21	阿拔斯海盗		98.225037	305.831116	0	0	10000	-1	-1	1	0	-1	-1	-1	-1	-1	-1	80	0	
258	259	4100	-1	21	阿拔斯海盗		91.998711	283.128174	0	0	10000	-1	-1	1	0	-1	-1	-1	-1	-1	-1	80	0	
259	260	4100	-1	21	阿拔斯海盗		83.413864	293.829071	0	0	10000	-1	-1	4	0	-1	-1	-1	-1	-1	-1	80	0	
260	261	4100	-1	21	阿拔斯海盗		98.247902	268.40921	0	0	10000	-1	-1	1	0	-1	-1	-1	-1	-1	-1	80	0	
261	262	4100	-1	21	阿拔斯海盗		98.079208	286.497681	0	0	10000	-1	-1	1	0	-1	-1	-1	-1	-1	-1	80	0	
262	263	4101	-1	21	大马士革流寇		97.778915	280.111938	0	0	10000	-1	-1	1	0	-1	-1	-1	-1	-1	-1	80	0	
263	264	4101	-1	21	大马士革流寇		85.529221	273.832031	0	0	10000	-1	-1	1	0	-1	-1	-1	-1	-1	-1	80	0	
264	265	4101	-1	21	大马士革流寇		99.723877	242.012756	0	0	10000	-1	-1	1	0	-1	-1	-1	-1	-1	-1	80	0	
265	266	4101	-1	21	大马士革流寇		89.919083	299.984192	0	0	10000	-1	-1	4	0	-1	-1	-1	-1	-1	-1	80	0	
266	267	4101	-1	21	大马士革流寇		86.021057	219.651993	0	0	10000	-1	-1	1	0	-1	-1	-1	-1	-1	-1	80	0	
267	268	4101	-1	21	大马士革流寇		87.289612	289.220001	0	0	10000	-1	-1	1	0	-1	-1	-1	-1	-1	-1	80	0	
268	269	4101	-1	21	大马士革流寇		80.042503	264.522064	0	0	10000	-1	-1	1	0	-1	-1	-1	-1	-1	-1	80	0	
269	270	4101	-1	21	大马士革流寇		80.370644	271.669922	0	0	10000	-1	-1	1	0	-1	-1	-1	-1	-1	-1	80	0	
270	271	4101	-1	21	大马士革流寇		107.11792	263.177979	0	0	10000	-1	-1	1	0	-1	-1	-1	-1	-1	-1	80	0	
271	272	4101	-1	21	大马士革流寇		95.400528	221.259201	0	0	10000	-1	-1	4	0	-1	-1	-1	-1	-1	-1	80	0	
272	273	4101	-1	21	大马士革流寇		84.893791	259.359589	0	0	10000	-1	-1	1	0	-1	-1	-1	-1	-1	-1	80	0	
273	274	4101	-1	21	大马士革流寇		78.784782	257.650177	0	0	10000	-1	-1	1	0	-1	-1	-1	-1	-1	-1	80	0	
274	275	4101	-1	21	大马士革流寇		70.351837	259.358948	0	0	10000	-1	-1	1	0	-1	-1	-1	-1	-1	-1	80	0	
275	276	4101	-1	21	大马士革流寇		92.309219	246.894897	0	0	10000	-1	-1	1	0	-1	-1	-1	-1	-1	-1	80	0	
276	277	4101	-1	21	大马士革流寇		77.446289	215.41452	0	0	10000	-1	-1	1	0	-1	-1	-1	-1	-1	-1	80	0	
277	278	4103	-1	21	西班牙军士		271.280334	144.69397	0	0	10000	-1	-1	1	0	-1	-1	-1	-1	-1	-1	80	0	
278	279	4103	-1	21	西班牙军士		223.291031	134.572266	0	0	10000	-1	-1	1	0	-1	-1	-1	-1	-1	-1	80	0	
279	280	4103	-1	21	西班牙军士		273.48877	173.034851	18	0	10000	-1	-1	1	0	-1	-1	-1	-1	-1	-1	80	0	
280	281	4103	-1	21	西班牙军士		267.98761	149.05513	0	0	10000	-1	-1	1	0	-1	-1	-1	-1	-1	-1	80	0	
281	282	4103	-1	21	西班牙军士		206.246063	168.4245	0	0	10000	-1	-1	1	0	-1	-1	-1	-1	-1	-1	80	0	
282	283	4103	-1	21	西班牙军士		206.323273	149.822601	0	0	10000	-1	-1	1	0	-1	-1	-1	-1	-1	-1	80	0	
283	284	4103	-1	21	西班牙军士		271.290436	148.915878	0	0	10000	-1	-1	5	0	-1	-1	-1	-1	-1	-1	80	0	
284	285	4103	-1	21	西班牙军士		276.528015	172.957062	18	0	10000	-1	-1	1	0	-1	-1	-1	-1	-1	-1	80	0	
285	286	4103	-1	21	西班牙军士		274.586182	148.867203	0	0	10000	-1	-1	1	0	-1	-1	-1	-1	-1	-1	80	0	
286	287	4103	-1	21	西班牙军士		270.491394	172.960587	18	0	10000	-1	-1	1	0	-1	-1	-1	-1	-1	-1	80	0	
287	288	4103	-1	21	西班牙军士		273.624329	176.938583	18	0	10000	-1	-1	1	0	-1	-1	-1	-1	-1	-1	80	0	
288	289	4103	-1	21	西班牙军士		270.618988	177.101181	18	0	10000	-1	-1	1	0	-1	-1	-1	-1	-1	-1	80	0	
289	290	4103	-1	21	西班牙军士		274.501007	144.67421	0	0	10000	-1	-1	1	0	-1	-1	-1	-1	-1	-1	80	0	
290	291	4103	-1	21	西班牙军士		276.651123	176.859619	18	0	10000	-1	-1	1	0	-1	-1	-1	-1	-1	-1	80	0	
291	292	4103	-1	21	西班牙军士		267.848053	144.913834	0	0	10000	-1	-1	1	0	-1	-1	-1	-1	-1	-1	80	0	
292	293	4105	-1	21	西班牙弓兵		188.812592	195.788483	0	0	10000	-1	-1	4	0	-1	-1	-1	-1	-1	-1	80	0	
293	294	4105	-1	21	西班牙弓兵		196.625381	202.406189	0	0	10000	-1	-1	1	0	-1	-1	-1	-1	-1	-1	80	0	
294	295	4105	-1	21	西班牙弓兵		192.728439	191.395462	0	0	10000	-1	-1	1	0	-1	-1	-1	-1	-1	-1	80	0	
295	296	4105	-1	21	西班牙弓兵		202.179871	193.76088	0	0	10000	-1	-1	1	0	-1	-1	-1	-1	-1	-1	80	0	
296	297	4105	-1	21	西班牙弓兵		205.874542	180.484283	0	0	10000	-1	-1	1	0	-1	-1	-1	-1	-1	-1	80	0	
297	298	4105	-1	21	西班牙弓兵		214.554398	152.629654	0	0	10000	-1	-1	1	0	-1	-1	-1	-1	-1	-1	80	0	
298	299	4105	-1	21	西班牙弓兵		207.345856	144.456497	0	0	10000	-1	-1	4	0	-1	-1	-1	-1	-1	-1	80	0	
299	300	4105	-1	21	西班牙弓兵		213.463623	129.791443	0	0	10000	-1	-1	1	0	-1	-1	-1	-1	-1	-1	80	0	
300	301	4105	-1	21	西班牙弓兵		231.417725	129.118851	0	0	10000	-1	-1	1	0	-1	-1	-1	-1	-1	-1	80	0	
301	302	4105	-1	21	西班牙弓兵		235.739624	142.288666	0	0	10000	-1	-1	1	0	-1	-1	-1	-1	-1	-1	80	0	
302	303	4105	-1	21	西班牙弓兵		243.90596	141.386566	0	0	10000	-1	-1	1	0	-1	-1	-1	-1	-1	-1	80	0	
303	304	4105	-1	21	西班牙弓兵		259.033325	146.367172	0	0	10000	-1	-1	1	0	-1	-1	-1	-1	-1	-1	80	0	
304	305	4105	-1	21	西班牙弓兵		268.833221	153.537338	0	0	10000	-1	-1	4	0	-1	-1	-1	-1	-1	-1	80	0	
305	306	4105	-1	21	西班牙弓兵		283.867401	158.078293	0	0	10000	-1	-1	1	0	-1	-1	-1	-1	-1	-1	80	0	
306	307	4105	-1	21	西班牙弓兵		256.113739	142.708374	0	0	10000	-1	-1	1	0	-1	-1	-1	-1	-1	-1	80	0	
307	308	4107	-1	21	港口流匪		392.856354	105.128662	0	0	10000	-1	-1	1	0	-1	-1	-1	-1	-1	-1	80	0	
308	309	4107	-1	21	港口流匪		370.834595	135.489151	0	0	10000	-1	-1	1	0	-1	-1	-1	-1	-1	-1	80	0	
309	310	4107	-1	21	港口流匪		355.674469	90.006134	0	0	10000	-1	-1	1	0	-1	-1	-1	-1	-1	-1	80	0	
310	311	4107	-1	21	港口流匪		352.634277	114.022156	0	0	10000	-1	-1	4	0	-1	-1	-1	-1	-1	-1	80	0	
311	312	4107	-1	21	港口流匪		366.625854	119.629562	0	0	10000	-1	-1	1	0	-1	-1	-1	-1	-1	-1	80	0	
312	313	4107	-1	21	港口流匪		371.818756	97.119011	0	0	10000	-1	-1	1	0	-1	-1	-1	-1	-1	-1	80	0	
313	314	4107	-1	21	港口流匪		387.452393	85.455467	0	0	10000	-1	-1	1	0	-1	-1	-1	-1	-1	-1	80	0	
314	315	4107	-1	21	港口流匪		396.517914	74.609512	0	0	10000	-1	-1	1	0	-1	-1	-1	-1	-1	-1	80	0	
315	316	4107	-1	21	港口流匪		404.264618	63.975174	0	0	10000	-1	-1	1	0	-1	-1	-1	-1	-1	-1	80	0	
316	317	4107	-1	21	港口流匪		413.639984	111.535477	0	0	10000	-1	-1	4	0	-1	-1	-1	-1	-1	-1	80	0	
317	318	4107	-1	21	港口流匪		377.715057	112.334496	0	0	10000	-1	-1	1	0	-1	-1	-1	-1	-1	-1	80	0	
318	319	4107	-1	21	港口流匪		350.728088	75.858551	0	0	10000	-1	-1	1	0	-1	-1	-1	-1	-1	-1	80	0	
319	320	4107	-1	21	港口流匪		318.745422	86.340179	0	0	10000	-1	-1	1	0	-1	-1	-1	-1	-1	-1	80	0	
320	321	4107	-1	21	港口流匪		322.153564	76.655472	0	0	10000	-1	-1	1	0	-1	-1	-1	-1	-1	-1	80	0	
321	322	4107	-1	21	港口流匪		335.332031	101.995506	0	0	10000	-1	-1	1	0	-1	-1	-1	-1	-1	-1	80	0	
322	323	4108	-1	21	高阶教徒		343.579285	82.78801	0	0	10000	-1	-1	4	0	-1	-1	-1	-1	-1	-1	80	0	
323	324	4108	-1	21	高阶教徒		423.660461	134.212265	0	0	10000	-1	-1	1	0	-1	-1	-1	-1	-1	-1	80	0	
324	325	4108	-1	21	高阶教徒		337.85376	75.194962	0	0	10000	-1	-1	1	0	-1	-1	-1	-1	-1	-1	80	0	
325	326	4108	-1	21	高阶教徒		332.018555	91.913681	0	0	10000	-1	-1	1	0	-1	-1	-1	-1	-1	-1	80	0	
326	327	4108	-1	21	高阶教徒		343.145569	92.68364	0	0	10000	-1	-1	1	0	-1	-1	-1	-1	-1	-1	80	0	
327	328	4108	-1	21	高阶教徒		372.538391	83.841507	0	0	10000	-1	-1	1	0	-1	-1	-1	-1	-1	-1	80	0	
328	329	4108	-1	21	高阶教徒		381.609863	95.020241	0	0	10000	-1	-1	4	0	-1	-1	-1	-1	-1	-1	80	0	
329	330	4108	-1	21	高阶教徒		365.985016	106.407028	0	0	10000	-1	-1	1	0	-1	-1	-1	-1	-1	-1	80	0	
330	331	4108	-1	21	高阶教徒		351.528992	100.498116	0	0	10000	-1	-1	1	0	-1	-1	-1	-1	-1	-1	80	0	
331	332	4108	-1	21	高阶教徒		405.99707	73.056114	0	0	10000	-1	-1	1	0	-1	-1	-1	-1	-1	-1	80	0	
332	333	4108	-1	21	高阶教徒		396.661285	84.291855	0	0	10000	-1	-1	1	0	-1	-1	-1	-1	-1	-1	80	0	
333	334	4108	-1	21	高阶教徒		403.048187	92.4925	0	0	10000	-1	-1	1	0	-1	-1	-1	-1	-1	-1	80	0	
334	335	4108	-1	21	高阶教徒		396.661285	84.291855	0	0	10000	-1	-1	4	0	-1	-1	-1	-1	-1	-1	80	0	
335	336	4108	-1	21	高阶教徒		361.218079	130.955704	0	0	10000	-1	-1	1	0	-1	-1	-1	-1	-1	-1	80	0	
336	337	4108	-1	21	高阶教徒		404.857849	105.481895	0	0	10000	-1	-1	1	0	-1	-1	-1	-1	-1	-1	80	0	
337	338	4108	-1	21	高阶教徒		343.579285	82.78801	0	0	10000	-1	-1	1	0	-1	-1	-1	-1	-1	-1	80	0	
338	339	4108	-1	21	高阶教徒		423.660461	134.212265	0	0	10000	-1	-1	1	0	-1	-1	-1	-1	-1	-1	80	0	
339	340	4108	-1	21	高阶教徒		337.85376	75.194962	0	0	10000	-1	-1	1	0	-1	-1	-1	-1	-1	-1	80	0	
340	341	4108	-1	21	高阶教徒		332.018555	91.913681	0	0	10000	-1	-1	4	0	-1	-1	-1	-1	-1	-1	80	0	
341	342	4108	-1	21	高阶教徒		343.145569	92.68364	0	0	10000	-1	-1	1	0	-1	-1	-1	-1	-1	-1	80	0	
342	343	4108	-1	21	高阶教徒		372.538391	83.841507	0	0	10000	-1	-1	1	0	-1	-1	-1	-1	-1	-1	80	0	
343	344	4108	-1	21	高阶教徒		381.609863	95.020241	0	0	10000	-1	-1	1	0	-1	-1	-1	-1	-1	-1	80	0	
344	345	4108	-1	21	高阶教徒		365.985016	106.407028	0	0	10000	-1	-1	1	0	-1	-1	-1	-1	-1	-1	80	0	
345	346	4108	-1	21	高阶教徒		351.528992	100.498116	0	0	10000	-1	-1	1	0	-1	-1	-1	-1	-1	-1	80	0	
346	347	4108	-1	21	高阶教徒		405.99707	73.056114	0	0	10000	-1	-1	4	0	-1	-1	-1	-1	-1	-1	80	0	
347	348	4108	-1	21	高阶教徒		396.661285	84.291855	0	0	10000	-1	-1	1	0	-1	-1	-1	-1	-1	-1	80	0	
348	349	4108	-1	21	高阶教徒		403.048187	92.4925	0	0	10000	-1	-1	1	0	-1	-1	-1	-1	-1	-1	80	0	
349	350	4108	-1	21	高阶教徒		396.661285	84.291855	0	0	10000	-1	-1	1	0	-1	-1	-1	-1	-1	-1	80	0	
350	351	4108	-1	21	高阶教徒		361.218079	130.955704	0	0	10000	-1	-1	1	0	-1	-1	-1	-1	-1	-1	80	0	
351	352	4108	-1	21	高阶教徒		404.857849	105.481895	0	0	10000	-1	-1	1	0	-1	-1	-1	-1	-1	-1	80	0	
352	353	4110	-1	21	恶狼		203.581818	68.872658	0	0	10000	-1	-1	4	0	-1	-1	-1	-1	-1	-1	80	0	
353	354	4110	-1	21	恶狼		214.454407	79.544708	0	0	10000	-1	-1	1	0	-1	-1	-1	-1	-1	-1	80	0	
354	355	4110	-1	21	恶狼		186.629364	85.172714	0	0	10000	-1	-1	1	0	-1	-1	-1	-1	-1	-1	80	0	
355	356	4110	-1	21	恶狼		169.468002	97.897606	0	0	10000	-1	-1	1	0	-1	-1	-1	-1	-1	-1	80	0	
356	357	4110	-1	21	恶狼		142.626877	103.751534	0	0	10000	-1	-1	1	0	-1	-1	-1	-1	-1	-1	80	0	
357	358	4110	-1	21	恶狼		122.526512	113.290253	0	0	10000	-1	-1	1	0	-1	-1	-1	-1	-1	-1	80	0	
358	359	4110	-1	21	恶狼		100.876266	115.466721	0	0	10000	-1	-1	4	0	-1	-1	-1	-1	-1	-1	80	0	
359	360	4110	-1	21	恶狼		96.248199	128.157578	0	0	10000	-1	-1	1	0	-1	-1	-1	-1	-1	-1	80	0	
360	361	4110	-1	21	恶狼		115.675156	127.181366	0	0	10000	-1	-1	1	0	-1	-1	-1	-1	-1	-1	80	0	
361	362	4110	-1	21	恶狼		115.207733	144.044174	0	0	10000	-1	-1	1	0	-1	-1	-1	-1	-1	-1	80	0	
362	363	4110	-1	21	恶狼		132.637833	145.263031	0	0	10000	-1	-1	1	0	-1	-1	-1	-1	-1	-1	80	0	
363	364	4110	-1	21	恶狼		143.491058	156.279022	0	0	10000	-1	-1	1	0	-1	-1	-1	-1	-1	-1	80	0	
364	365	4110	-1	21	恶狼		115.819969	159.849548	0	0	10000	-1	-1	4	0	-1	-1	-1	-1	-1	-1	80	0	
365	366	4110	-1	21	恶狼		150.71283	170.204346	0	0	10000	-1	-1	1	0	-1	-1	-1	-1	-1	-1	80	0	
366	367	4110	-1	21	恶狼		114.335075	175.857178	0	0	10000	-1	-1	1	0	-1	-1	-1	-1	-1	-1	80	0	
367	368	4111	-1	21	野猪		190.187408	36.105858	0	0	10000	-1	-1	1	0	-1	-1	-1	-1	-1	-1	80	0	
368	369	4111	-1	21	野猪		140.047638	33.389668	0	0	10000	-1	-1	1	0	-1	-1	-1	-1	-1	-1	80	0	
369	370	4111	-1	21	野猪		141.52449	46.223732	0	0	10000	-1	-1	1	0	-1	-1	-1	-1	-1	-1	80	0	
370	371	4111	-1	21	野猪		157.295792	64.872711	0	0	10000	-1	-1	4	0	-1	-1	-1	-1	-1	-1	80	0	
371	372	4111	-1	21	野猪		175.800491	32.64455	0	0	10000	-1	-1	1	0	-1	-1	-1	-1	-1	-1	80	0	
372	373	4111	-1	21	野猪		199.47821	27.115664	0	0	10000	-1	-1	1	0	-1	-1	-1	-1	-1	-1	80	0	
373	374	4111	-1	21	野猪		177.541321	54.484318	0	0	10000	-1	-1	1	0	-1	-1	-1	-1	-1	-1	80	0	
374	375	4111	-1	21	野猪		192.086639	50.697872	0	0	10000	-1	-1	1	0	-1	-1	-1	-1	-1	-1	80	0	
375	376	4111	-1	21	野猪		153.901932	44.806797	0	0	10000	-1	-1	1	0	-1	-1	-1	-1	-1	-1	80	0	
376	377	4111	-1	21	野猪		172.322754	42.556541	0	0	10000	-1	-1	4	0	-1	-1	-1	-1	-1	-1	80	0	
377	378	4111	-1	21	野猪		164.881027	55.954296	0	0	10000	-1	-1	1	0	-1	-1	-1	-1	-1	-1	80	0	
378	379	4111	-1	21	野猪		199.441055	41.799435	0	0	10000	-1	-1	1	0	-1	-1	-1	-1	-1	-1	80	0	
379	380	4111	-1	21	野猪		176.040833	82.462967	0	0	10000	-1	-1	1	0	-1	-1	-1	-1	-1	-1	80	0	
380	381	4111	-1	21	野猪		166.386185	73.426292	0	0	10000	-1	-1	1	0	-1	-1	-1	-1	-1	-1	80	0	
381	382	4111	-1	21	野猪		197.342224	86.740898	0	0	10000	-1	-1	1	0	-1	-1	-1	-1	-1	-1	80	0	
382	383	4113	-1	21	窝阔台武士		432.34848	208.908951	0	0	10000	-1	-1	5	0	-1	-1	-1	-1	-1	-1	80	0	
383	384	4113	-1	21	窝阔台武士		432.524872	216.857941	0	0	10000	-1	-1	1	0	-1	-1	-1	-1	-1	-1	80	0	
384	385	4113	-1	21	窝阔台武士		429.341888	208.960098	0	0	10000	-1	-1	1	0	-1	-1	-1	-1	-1	-1	80	0	
385	386	4113	-1	21	窝阔台武士		429.363922	216.737061	0	0	10000	-1	-1	1	0	-1	-1	-1	-1	-1	-1	80	0	
386	387	4113	-1	21	窝阔台武士		432.590851	212.787689	0	0	10000	-1	-1	1	0	-1	-1	-1	-1	-1	-1	80	0	
387	388	4113	-1	21	窝阔台武士		429.228821	212.889359	0	0	10000	-1	-1	1	0	-1	-1	-1	-1	-1	-1	80	0	
388	389	4113	-1	21	窝阔台武士		362.165009	268.700745	0	0	10000	-1	-1	5	0	-1	-1	-1	-1	-1	-1	80	0	
389	390	4113	-1	21	窝阔台武士		370.290558	278.886353	0	0	10000	-1	-1	1	0	-1	-1	-1	-1	-1	-1	80	0	
390	391	4113	-1	21	窝阔台武士		380.733398	283.491089	0	0	10000	-1	-1	1	0	-1	-1	-1	-1	-1	-1	80	0	
391	392	4113	-1	21	窝阔台武士		369.537018	294.181122	0	0	10000	-1	-1	1	0	-1	-1	-1	-1	-1	-1	80	0	
392	393	4113	-1	21	窝阔台武士		359.554382	279.465393	0	0	10000	-1	-1	1	0	-1	-1	-1	-1	-1	-1	80	0	
393	394	4113	-1	21	窝阔台武士		375.08252	296.809021	0	0	10000	-1	-1	1	0	-1	-1	-1	-1	-1	-1	80	0	
394	395	4113	-1	21	窝阔台武士		376.626801	270.68161	0	0	10000	-1	-1	5	0	-1	-1	-1	-1	-1	-1	80	0	
395	396	4113	-1	21	窝阔台武士		383.951843	292.17984	0	0	10000	-1	-1	1	0	-1	-1	-1	-1	-1	-1	80	0	
396	397	4113	-1	21	窝阔台武士		381.718079	303.952423	0	0	10000	-1	-1	1	0	-1	-1	-1	-1	-1	-1	80	0	
397	398	4114	-1	21	海都密使		436.659607	222.008575	0	0	10000	-1	-1	4	0	-1	-1	-1	-1	-1	-1	80	0	
398	399	4114	-1	21	海都密使		418.669861	201.630768	0	0	10000	-1	-1	1	0	-1	-1	-1	-1	-1	-1	80	0	
399	400	4114	-1	21	海都密使		410.951813	207.678482	0	0	10000	-1	-1	1	0	-1	-1	-1	-1	-1	-1	80	0	
400	401	4114	-1	21	海都密使		407.808716	217.209885	0	0	10000	-1	-1	1	0	-1	-1	-1	-1	-1	-1	80	0	
401	402	4114	-1	21	海都密使		419.18866	213.146927	0	0	10000	-1	-1	1	0	-1	-1	-1	-1	-1	-1	80	0	
402	403	4114	-1	21	海都密使		410.77298	188.475357	0	0	10000	-1	-1	1	0	-1	-1	-1	-1	-1	-1	80	0	
403	404	4114	-1	21	海都密使		415.637238	177.60144	0	0	10000	-1	-1	4	0	-1	-1	-1	-1	-1	-1	80	0	
404	405	4114	-1	21	海都密使		397.724762	213.138702	0	0	10000	-1	-1	1	0	-1	-1	-1	-1	-1	-1	80	0	
405	406	4114	-1	21	海都密使		430.264709	196.773865	0	0	10000	-1	-1	1	0	-1	-1	-1	-1	-1	-1	80	0	
406	407	4114	-1	21	海都密使		445.076965	224.988113	0	0	10000	-1	-1	1	0	-1	-1	-1	-1	-1	-1	80	0	
407	408	4114	-1	21	海都密使		400.299194	228.246674	0	0	10000	-1	-1	1	0	-1	-1	-1	-1	-1	-1	80	0	
408	409	4114	-1	21	海都密使		401.397156	243.498871	0	0	10000	-1	-1	1	0	-1	-1	-1	-1	-1	-1	80	0	
409	410	4114	-1	21	海都密使		407.148285	255.981842	0	0	10000	-1	-1	4	0	-1	-1	-1	-1	-1	-1	80	0	
410	411	4114	-1	21	海都密使		400.708374	266.47641	0	0	10000	-1	-1	1	0	-1	-1	-1	-1	-1	-1	80	0	
411	412	4114	-1	21	海都密使		389.449585	261.877594	0	0	10000	-1	-1	1	0	-1	-1	-1	-1	-1	-1	80	0	
412	413	4114	-1	21	海都密使		420.202362	102.900856	12	0	10000	-1	-1	1	0	-1	-1	-1	-1	-1	-1	80	0	
413	414	58105	405904	20	陶如格	那达慕明珠四	126.707794	137.666702	18	0	10000	-1	-1	3	0	-1	-1	-1	-1	-1	-1	60	0	
414	415	58106	405905	20	旭日高娃	那达慕明珠五	365	135	10	0	10000	-1	-1	3	0	-1	-1	-1	-1	-1	-1	60	0	
415	416	58111	405924	20	阿拉坦嘎达斯	那达慕赛马终点	318.068085	348.488708	5	0	10000	-1	-1	3	0	-1	-1	-1	-1	-1	-1	60	0	
416	417	60	-1	20	牧民少女	马赛明珠	313.719971	349.113129	36	0	10000	-1	-1	3	0	-1	-1	-1	-1	-1	-1	60	0	
417	418	63	-1	20	平民少女	马赛明珠	317.519714	352.912567	8	0	10000	-1	-1	3	0	-1	-1	-1	-1	-1	-1	60	0	
