NUM	NUM	NUM	NUM	NUM	TEXT	TEXT	FLOAT	FLOAT	NUM	NUM	NUM	NUM	NUM	NUM	NUM	NUM	NUM	NUM	NUM	NUM	NUM	NUM	NUM
编号	随机编号	attr编号	逻辑表编号	阵营编号	名称	称号	x轴坐标	z轴坐标	朝向	脚本编号	重生时间	分组编号	队伍编号	基础AI	AI文件	巡逻路径	商店0	商店1	商店2	商店3	名誉ID	等级	镜像组
0	15052370	2603	134038	-1	敦煌猎场	敦煌王国传送人	213	187	19	-1	1000	-1	-1	3	0	-1	-1	-1	-1	-1	-1	100	0	
1	15052371	11992	134000	-1	雄鹰长老	敦煌先贤	220.557159	202.130371	19	-1	1000	-1	-1	3	0	-1	-1	-1	-1	-1	-1	20	0	
2	15052372	12000	134001	-1	智者哈达		219.324646	196.004517	21	-1	1000	-1	-1	3	0	-1	-1	-1	-1	-1	-1	20	0	
3	15052373	11980	134002	-1	刀之灵		174.225571	140.038773	16	-1	1000	-1	-1	3	0	-1	-1	-1	-1	-1	-1	20	0	
4	15052374	11981	134003	-1	剑之灵		171.348038	137.656815	16	-1	1000	-1	-1	3	0	-1	-1	-1	-1	-1	-1	20	0	
5	15052375	11982	134004	-1	枪之灵		168.607147	135.179718	20	-1	1000	-1	-1	3	0	-1	-1	-1	-1	-1	-1	20	0	
6	15052376	11983	134005	-1	弓之灵		165.894989	132.17009	20	-1	1000	-1	-1	3	0	-1	-1	-1	-1	-1	-1	20	0	
7	15052377	11984	134006	-1	槌之灵		163.493546	128.739456	20	-1	1000	-1	-1	3	0	-1	-1	-1	-1	-1	-1	20	0	
8	15052378	11985	134007	-1	杖之灵		161.968719	125.173752	24	-1	1000	-1	-1	3	0	-1	-1	-1	-1	-1	-1	20	0	
9	15052379	11986	134008	-1	矛之灵		180.247269	132.213821	24	-1	1000	-1	-1	3	0	-1	-1	-1	-1	-1	-1	20	0	
10	15052380	11987	134009	-1	令之灵		178.58313	128.877441	24	-1	1000	-1	-1	3	0	-1	-1	-1	-1	-1	-1	20	0	
11	15052381	11988	134010	-1	弩之灵		176.457062	126.093918	28	-1	1000	-1	-1	3	0	-1	-1	-1	-1	-1	-1	20	0	
12	15052382	11989	134011	-1	铳之灵		174.027771	123.481125	28	-1	1000	-1	-1	3	0	-1	-1	-1	-1	-1	-1	20	0	
13	15052383	11990	134012	-1	幡之灵		170.868988	121.818245	28	-1	1000	-1	-1	3	0	-1	-1	-1	-1	-1	-1	20	0	
14	15052384	11991	134013	-1	圣十字之灵		167.992661	120.462288	32	-1	1000	-1	-1	3	0	-1	-1	-1	-1	-1	-1	20	0	
15	15052385	11994	134014	-1	苍狼长老	敦煌先贤	170.023788	127.453491	31	-1	1000	-1	-1	3	0	-1	-1	-1	-1	-1	-1	20	0	
16	15052386	11995	134015	-1	木图	白鹿长老的随从	63.386337	126.47184	1	-1	1000	-1	-1	3	0	-1	-1	-1	-1	-1	-1	20	0	
17	15052387	11996	134016	-1	白鹿长老	敦煌先贤	97.011986	110.091347	12	-1	1000	-1	-1	3	0	-1	-1	-1	-1	-1	-1	20	0	
18	15052389	11960	134018	-1	铁武	新兵军需官	186.321823	41.771992	20	-1	1000	-1	-1	3	0	-1	-1	-1	-1	-1	-1	20	0	
19	15052391	11960	134026	-1	铁力	新兵教官	183.424942	36.825451	23	-1	1000	-1	-1	3	0	-1	-1	-1	-1	-1	-1	20	0	
20	8699010	11971	-1	21	草原狼		30.907637	145.994034	16	-1	1000	-1	-1	1	-1	-1	-1	-1	-1	-1	-1	6	0	
21	8699013	11971	-1	21	草原狼		111.402344	179.844803	16	-1	1000	-1	-1	1	-1	-1	-1	-1	-1	-1	-1	6	0	
22	8699014	11971	-1	21	草原狼		113.401527	213.184525	16	-1	1000	-1	-1	1	-1	-1	-1	-1	-1	-1	-1	6	0	
23	8699017	11971	-1	21	草原狼		59.004974	140.393509	18	-1	1000	-1	-1	1	-1	-1	-1	-1	-1	-1	-1	6	0	
24	8699019	11971	-1	21	草原狼		46.061024	153.11705	18	-1	1000	-1	-1	1	-1	-1	-1	-1	-1	-1	-1	6	0	
25	8699024	11971	-1	21	草原狼		36.976681	153.631241	18	-1	1000	-1	-1	1	-1	-1	-1	-1	-1	-1	-1	6	0	
26	8699028	11971	-1	21	草原狼		41.673809	161.652252	16	-1	1000	-1	-1	1	-1	-1	-1	-1	-1	-1	-1	6	0	
27	8699031	11971	-1	21	草原狼		99.886024	218.007813	16	-1	1000	-1	-1	1	-1	-1	-1	-1	-1	-1	-1	6	0	
28	8699032	11971	-1	21	草原狼		86.919022	150.62764	18	-1	1000	-1	-1	1	-1	-1	-1	-1	-1	-1	-1	6	0	
29	8699034	11971	-1	21	草原狼		47.333054	167.895035	16	-1	1000	-1	-1	1	-1	-1	-1	-1	-1	-1	-1	6	0	
30	8699037	11971	-1	21	草原狼		50.82896	144.594757	16	-1	1000	-1	-1	1	-1	-1	-1	-1	-1	-1	-1	6	0	
31	8699045	11971	-1	21	草原狼		48.193184	160.30983	16	-1	1000	-1	-1	1	-1	-1	-1	-1	-1	-1	-1	6	0	
32	8699049	11971	-1	21	草原狼		105.266945	216.000259	18	-1	1000	-1	-1	1	-1	-1	-1	-1	-1	-1	-1	6	0	
33	8699050	11971	-1	21	草原狼		46.96608	129.743286	18	-1	1000	-1	-1	1	-1	-1	-1	-1	-1	-1	-1	6	0	
34	8699052	11971	-1	21	草原狼		54.052658	134.725021	16	-1	1000	-1	-1	1	-1	-1	-1	-1	-1	-1	-1	6	0	
35	8699057	11971	-1	21	草原狼		97.772118	211.42598	18	-1	1000	-1	-1	1	-1	-1	-1	-1	-1	-1	-1	6	0	
36	8699062	11971	-1	21	草原狼		63.430927	154.793533	18	-1	1000	-1	-1	1	-1	-1	-1	-1	-1	-1	-1	6	0	
37	8699068	11971	-1	21	草原狼		70.183739	159.074051	18	-1	1000	-1	-1	1	-1	-1	-1	-1	-1	-1	-1	6	0	
38	8699070	11971	-1	21	草原狼		94.878761	203.366776	18	-1	1000	-1	-1	1	-1	-1	-1	-1	-1	-1	-1	6	0	
39	8699075	11971	-1	21	草原狼		81.825516	187.986008	18	-1	1000	-1	-1	1	-1	-1	-1	-1	-1	-1	-1	6	0	
40	8699104	11971	-1	21	草原狼		85.496979	159.147217	18	-1	1000	-1	-1	1	-1	-1	-1	-1	-1	-1	-1	6	0	
41	8699109	11971	-1	21	草原狼		100.114716	197.885696	18	-1	1000	-1	-1	1	-1	-1	-1	-1	-1	-1	-1	6	0	
42	8699111	11971	-1	21	草原狼		55.151245	149.048553	18	-1	1000	-1	-1	1	-1	-1	-1	-1	-1	-1	-1	6	0	
43	8699114	11971	-1	21	草原狼		118.216667	177.776962	16	-1	1000	-1	-1	1	-1	-1	-1	-1	-1	-1	-1	6	0	
44	8699115	11971	-1	21	草原狼		40.989365	147.768448	16	-1	1000	-1	-1	1	-1	-1	-1	-1	-1	-1	-1	6	0	
45	8699116	11971	-1	21	草原狼		95.97921	165.153183	18	-1	1000	-1	-1	1	-1	-1	-1	-1	-1	-1	-1	6	0	
46	8699144	11971	-1	21	草原狼		69.650452	167.681061	16	-1	1000	-1	-1	1	-1	-1	-1	-1	-1	-1	-1	6	0	
47	8699146	11971	-1	21	草原狼		102.543076	204.580261	16	-1	1000	-1	-1	1	-1	-1	-1	-1	-1	-1	-1	6	0	
48	8699151	11971	-1	21	草原狼		54.86021	162.952652	16	-1	1000	-1	-1	1	-1	-1	-1	-1	-1	-1	-1	6	0	
49	8699153	11971	-1	21	草原狼		55.583427	172.477585	18	-1	1000	-1	-1	1	-1	-1	-1	-1	-1	-1	-1	6	0	
50	8699155	11971	-1	21	草原狼		63.803272	146.120728	16	-1	1000	-1	-1	1	-1	-1	-1	-1	-1	-1	-1	6	0	
51	8699174	11971	-1	21	草原狼		54.503452	157.401855	18	-1	1000	-1	-1	1	-1	-1	-1	-1	-1	-1	-1	6	0	
52	8699187	11971	-1	21	草原狼		78.333801	153.325623	18	-1	1000	-1	-1	1	-1	-1	-1	-1	-1	-1	-1	6	0	
53	8699189	11971	-1	21	草原狼		113.523895	170.932434	18	-1	1000	-1	-1	1	-1	-1	-1	-1	-1	-1	-1	6	0	
54	8699191	11971	-1	21	草原狼		66.467491	174.483749	18	-1	1000	-1	-1	1	-1	-1	-1	-1	-1	-1	-1	6	0	
55	8699194	11971	-1	21	草原狼		34.49078	140.002274	18	-1	1000	-1	-1	1	-1	-1	-1	-1	-1	-1	-1	6	0	
56	8699201	11971	-1	21	草原狼		60.986496	165.538483	18	-1	1000	-1	-1	1	-1	-1	-1	-1	-1	-1	-1	6	0	
57	8699203	11971	-1	21	草原狼		76.445511	157.43158	18	-1	1000	-1	-1	1	-1	-1	-1	-1	-1	-1	-1	6	0	
58	8699205	11971	-1	21	草原狼		73.271217	178.843307	18	-1	1000	-1	-1	1	-1	-1	-1	-1	-1	-1	-1	6	0	
59	8699215	11971	-1	21	草原狼		118.814812	187.255188	18	-1	1000	-1	-1	1	-1	-1	-1	-1	-1	-1	-1	6	0	
60	15052545	11971	-1	21	草原狼		87.621468	205.416733	0	0	1000	-1	-1	1	-1	-1	-1	-1	-1	-1	-1	6	0	
61	15052546	11971	-1	21	草原狼		82.66404	215.743317	0	0	1000	-1	-1	1	-1	-1	-1	-1	-1	-1	-1	6	0	
62	15052547	11971	-1	21	草原狼		87.294792	195.320557	0	0	1000	-1	-1	1	-1	-1	-1	-1	-1	-1	-1	6	0	
63	15052548	11971	-1	21	草原狼		93.047188	155.855484	0	0	1000	-1	-1	1	-1	-1	-1	-1	-1	-1	-1	6	0	
64	15052549	11971	-1	21	草原狼		70.545967	183.613937	0	0	1000	-1	-1	1	-1	-1	-1	-1	-1	-1	-1	6	0	
65	15052550	11971	-1	21	草原狼		100.963745	152.931686	0	0	1000	-1	-1	1	-1	-1	-1	-1	-1	-1	-1	6	0	
66	15052551	11971	-1	21	草原狼		65.865242	197.160172	0	0	1000	-1	-1	1	-1	-1	-1	-1	-1	-1	-1	6	0	
67	15052552	11971	-1	21	草原狼		74.372826	200.621292	0	0	1000	-1	-1	1	-1	-1	-1	-1	-1	-1	-1	6	0	
68	15052553	11971	-1	21	草原狼		103.340889	169.047531	0	0	1000	-1	-1	1	-1	-1	-1	-1	-1	-1	-1	6	0	
69	15052554	11971	-1	21	草原狼		91.254517	216.567078	0	0	1000	-1	-1	1	-1	-1	-1	-1	-1	-1	-1	6	0	
70	15052555	11971	-1	21	草原狼		100.679672	188.240784	0	0	1000	-1	-1	1	-1	-1	-1	-1	-1	-1	-1	6	0	
71	15052557	11971	-1	21	草原狼		107.168739	174.142868	0	0	1000	-1	-1	1	0	-1	-1	-1	-1	-1	-1	6	0	
72	15052558	11971	-1	21	草原狼		58.272465	205.50174	0	0	1000	-1	-1	1	-1	-1	-1	-1	-1	-1	-1	6	0	
73	15052559	11971	-1	21	草原狼		61.65477	212.839645	0	0	1000	-1	-1	1	-1	-1	-1	-1	-1	-1	-1	6	0	
74	15052560	11971	-1	21	草原狼		61.448387	179.88028	0	0	1000	-1	-1	1	-1	-1	-1	-1	-1	-1	-1	6	0	
75	15052561	11971	-1	21	草原狼		70.406364	207.054657	0	0	1000	-1	-1	1	-1	-1	-1	-1	-1	-1	-1	6	0	
76	15052562	11971	-1	21	草原狼		110.46843	203.734863	0	0	1000	-1	-1	1	-1	-1	-1	-1	-1	-1	-1	6	0	
77	15052564	11971	-1	21	草原狼		45.574863	204.913239	0	0	1000	-1	-1	1	-1	-1	-1	-1	-1	-1	-1	6	0	
78	15052565	11971	-1	21	草原狼		52.169979	213.824829	0	0	1000	-1	-1	1	-1	-1	-1	-1	-1	-1	-1	6	0	
79	15052566	11971	-1	21	草原狼		109.165512	190.632782	0	0	1000	-1	-1	1	-1	-1	-1	-1	-1	-1	-1	6	0	
80	15052567	11971	-1	21	草原狼		71.393219	150.578003	0	0	1000	-1	-1	1	-1	-1	-1	-1	-1	-1	-1	6	0	
81	15052568	11971	-1	21	草原狼		40.738838	213.297562	0	0	1000	-1	-1	1	-1	-1	-1	-1	-1	-1	-1	6	0	
82	15052569	11971	-1	21	草原狼		111.955414	184.963684	0	0	1000	-1	-1	1	-1	-1	-1	-1	-1	-1	-1	6	0	
83	15052571	11971	-1	21	草原狼		103.842819	163.493164	0	0	1000	-1	-1	1	-1	-1	-1	-1	-1	-1	-1	6	0	
84	15052572	11971	-1	21	草原狼		100.389076	175.449036	0	0	1000	-1	-1	1	-1	-1	-1	-1	-1	-1	-1	6	0	
85	15052573	11971	-1	21	草原狼		43.272999	220.667511	0	0	1000	-1	-1	1	-1	-1	-1	-1	-1	-1	-1	6	0	
86	15052574	11971	-1	21	草原狼		76.931549	192.62326	0	0	1000	-1	-1	1	-1	-1	-1	-1	-1	-1	-1	6	0	
87	15052575	11971	-1	21	草原狼		103.969521	180.625229	0	0	1000	-1	-1	1	-1	-1	-1	-1	-1	-1	-1	6	0	
88	15052576	11971	-1	21	草原狼		62.935196	187.368301	0	0	1000	-1	-1	1	-1	-1	-1	-1	-1	-1	-1	6	0	
89	15052577	11971	-1	21	草原狼		113.949104	196.49855	0	0	1000	-1	-1	1	-1	-1	-1	-1	-1	-1	-1	6	0	
90	15052578	11971	-1	21	草原狼		52.571117	199.20018	0	0	1000	-1	-1	1	-1	-1	-1	-1	-1	-1	-1	6	0	
91	15052579	11971	-1	21	草原狼		34.459747	209.31926	0	0	1000	-1	-1	1	-1	-1	-1	-1	-1	-1	-1	6	0	
92	15052580	11971	-1	21	草原狼		42.999081	194.448593	0	0	1000	-1	-1	1	-1	-1	-1	-1	-1	-1	-1	6	0	
93	15052581	11971	-1	21	草原狼		33.306755	246.625092	0	0	1000	-1	-1	1	-1	-1	-1	-1	-1	-1	-1	6	0	
94	15052582	11971	-1	21	草原狼		33.988495	191.360138	0	0	1000	-1	-1	1	-1	-1	-1	-1	-1	-1	-1	6	0	
95	15052583	11971	-1	21	草原狼		35.463585	198.088165	0	0	1000	-1	-1	1	-1	-1	-1	-1	-1	-1	-1	6	0	
96	15052585	11971	-1	21	草原狼		40.579121	134.630966	0	0	1000	-1	-1	1	-1	-1	-1	-1	-1	-1	-1	6	0	
97	15052586	11971	-1	21	草原狼		44.537216	140.712051	0	0	1000	-1	-1	1	-1	-1	-1	-1	-1	-1	-1	6	0	
98	15052587	11971	-1	21	草原狼		55.876968	191.906708	0	0	1000	-1	-1	1	-1	-1	-1	-1	-1	-1	-1	6	0	
99	15052588	11971	-1	21	草原狼		47.440514	135.372864	0	0	1000	-1	-1	1	0	-1	-1	-1	-1	-1	-1	6	0	
100	15052589	11971	-1	21	草原狼		51.316036	139.200623	0	0	1000	-1	-1	1	0	-1	-1	-1	-1	-1	-1	6	0	
101	15052590	11971	-1	21	草原狼		36.528114	145.082596	0	0	1000	-1	-1	1	0	-1	-1	-1	-1	-1	-1	6	0	
102	15052591	11971	-1	21	草原狼		42.828136	157.00032	0	0	1000	-1	-1	1	0	-1	-1	-1	-1	-1	-1	6	0	
103	15052592	11971	-1	21	草原狼		53.516895	166.87999	0	0	1000	-1	-1	1	0	-1	-1	-1	-1	-1	-1	6	0	
104	15052593	11971	-1	21	草原狼		62.129776	159.569748	0	0	1000	-1	-1	1	0	-1	-1	-1	-1	-1	-1	6	0	
105	15052594	11971	-1	21	草原狼		57.807999	152.439331	0	0	1000	-1	-1	1	0	-1	-1	-1	-1	-1	-1	6	0	
106	15052595	11971	-1	21	草原狼		73.721252	196.407074	0	0	1000	-1	-1	1	0	-1	-1	-1	-1	-1	-1	6	0	
107	15052596	11971	-1	21	草原狼		51.952168	208.138947	0	0	1000	-1	-1	1	0	-1	-1	-1	-1	-1	-1	6	0	
108	15052597	11971	-1	21	草原狼		37.55088	204.030258	0	0	1000	-1	-1	1	0	-1	-1	-1	-1	-1	-1	6	0	
109	15052598	11971	-1	21	草原狼		35.491798	218.227875	0	0	1000	-1	-1	1	0	-1	-1	-1	-1	-1	-1	6	0	
110	15052599	11971	-1	21	草原狼		46.449474	211.552994	0	0	1000	-1	-1	1	0	-1	-1	-1	-1	-1	-1	6	0	
111	15052600	11971	-1	21	草原狼		60.358078	199.764206	0	0	1000	-1	-1	1	0	-1	-1	-1	-1	-1	-1	6	0	
112	15052601	11971	-1	21	草原狼		66.285416	191.904816	0	0	1000	-1	-1	1	0	-1	-1	-1	-1	-1	-1	6	0	
113	15052602	11971	-1	21	草原狼		68.416451	202.419724	0	0	1000	-1	-1	1	0	-1	-1	-1	-1	-1	-1	6	0	
114	15052603	11971	-1	21	草原狼		77.990555	207.342499	0	0	1000	-1	-1	1	0	-1	-1	-1	-1	-1	-1	6	0	
115	15052604	11971	-1	21	草原狼		80.425926	198.416245	0	0	1000	-1	-1	1	0	-1	-1	-1	-1	-1	-1	6	0	
116	15052605	11971	-1	21	草原狼		94.00222	192.838943	0	0	1000	-1	-1	1	0	-1	-1	-1	-1	-1	-1	6	0	
117	15052606	11971	-1	21	草原狼		90.322853	200.135269	0	0	1000	-1	-1	1	0	-1	-1	-1	-1	-1	-1	6	0	
118	15052607	11971	-1	21	草原狼		81.146072	203.503967	0	0	1000	-1	-1	1	0	-1	-1	-1	-1	-1	-1	6	0	
119	15052608	11971	-1	21	草原狼		92.317841	211.621613	0	0	1000	-1	-1	1	0	-1	-1	-1	-1	-1	-1	6	0	
120	15052609	11971	-1	21	草原狼		83.480438	209.98822	0	0	1000	-1	-1	1	0	-1	-1	-1	-1	-1	-1	6	0	
121	15052610	11971	-1	21	草原狼		80.055496	220.41452	0	0	1000	-1	-1	1	0	-1	-1	-1	-1	-1	-1	6	0	
122	15052612	11971	-1	21	草原狼		86.539909	219.429977	0	0	1000	-1	-1	1	0	-1	-1	-1	-1	-1	-1	6	0	
123	15052614	11971	-1	21	草原狼		107.044464	226.036423	0	0	1000	-1	-1	1	0	-1	-1	-1	-1	-1	-1	6	0	
124	15052615	11971	-1	21	草原狼		90.163757	223.892181	0	0	1000	-1	-1	1	0	-1	-1	-1	-1	-1	-1	6	0	
125	15052616	11971	-1	21	草原狼		97.487717	226.325134	0	0	1000	-1	-1	1	0	-1	-1	-1	-1	-1	-1	6	0	
126	15052617	11971	-1	21	草原狼		101.376373	223.292755	0	0	1000	-1	-1	1	0	-1	-1	-1	-1	-1	-1	6	0	
127	15052620	11971	-1	21	草原狼		109.367737	218.238922	0	0	1000	-1	-1	1	0	-1	-1	-1	-1	-1	-1	6	0	
128	15052622	11971	-1	21	草原狼		113.317909	213.154419	0	0	1000	-1	-1	1	0	-1	-1	-1	-1	-1	-1	6	0	
129	15052623	11971	-1	21	草原狼		105.982857	210.372665	0	0	1000	-1	-1	1	0	-1	-1	-1	-1	-1	-1	6	0	
130	15052624	11971	-1	21	草原狼		113.500656	207.510162	0	0	1000	-1	-1	1	0	-1	-1	-1	-1	-1	-1	6	0	
131	15052625	11971	-1	21	草原狼		106.17347	196.580078	0	0	1000	-1	-1	1	0	-1	-1	-1	-1	-1	-1	6	0	
132	15052626	11971	-1	21	草原狼		109.658134	166.243149	0	0	1000	-1	-1	1	0	-1	-1	-1	-1	-1	-1	6	0	
133	15052630	11971	-1	21	草原狼		106.209785	158.177811	0	0	1000	-1	-1	1	0	-1	-1	-1	-1	-1	-1	6	0	
134	15052631	11971	-1	21	草原狼		98.691376	158.341095	0	0	1000	-1	-1	1	0	-1	-1	-1	-1	-1	-1	6	0	
135	15052632	11971	-1	21	草原狼		83.905617	154.141357	0	0	1000	-1	-1	1	0	-1	-1	-1	-1	-1	-1	6	0	
136	15052633	11971	-1	21	草原狼		90.416435	162.07254	0	0	1000	-1	-1	1	0	-1	-1	-1	-1	-1	-1	6	0	
137	15052634	11971	-1	21	草原狼		118.891251	191.143402	0	0	1000	-1	-1	1	0	-1	-1	-1	-1	-1	-1	6	0	
138	15052635	11971	-1	21	草原狼		121.65036	174.452469	0	0	1000	-1	-1	1	0	-1	-1	-1	-1	-1	-1	6	0	
139	15052636	11971	-1	21	草原狼		119.276825	201.743576	0	0	1000	-1	-1	1	0	-1	-1	-1	-1	-1	-1	6	0	
140	15052637	11971	-1	21	草原狼		124.619148	205.311172	0	0	1000	-1	-1	1	0	-1	-1	-1	-1	-1	-1	6	0	
141	15052638	11971	-1	21	草原狼		124.281357	194.96344	0	0	1000	-1	-1	1	0	-1	-1	-1	-1	-1	-1	6	0	
142	15052639	11971	-1	21	草原狼		121.998024	182.256821	0	0	1000	-1	-1	1	0	-1	-1	-1	-1	-1	-1	6	0	
143	8706699	11970	-1	21	草原棕熊		73.574303	63.670033	0	-1	1000	-1	-1	1	-1	-1	-1	-1	-1	-1	-1	9	0	
144	8706714	11970	-1	21	草原棕熊		94.888588	69.703552	27	-1	1000	-1	-1	1	-1	-1	-1	-1	-1	-1	-1	9	0	
145	8706718	11970	-1	21	草原棕熊		147.472137	77.085876	12	-1	1000	-1	-1	1	-1	-1	-1	-1	-1	-1	-1	9	0	
146	8706720	11970	-1	21	草原棕熊		87.246742	66.855034	22	-1	1000	-1	-1	1	-1	-1	-1	-1	-1	-1	-1	9	0	
147	8706721	11970	-1	21	草原棕熊		107.867241	66.48642	12	-1	1000	-1	-1	1	-1	-1	-1	-1	-1	-1	-1	9	0	
148	8706722	11970	-1	21	草原棕熊		131.598495	71.707787	22	-1	1000	-1	-1	1	-1	-1	-1	-1	-1	-1	-1	9	0	
149	8706724	11970	-1	21	草原棕熊		80.149727	68.91275	14	-1	1000	-1	-1	1	-1	-1	-1	-1	-1	-1	-1	9	0	
150	8707401	11970	-1	21	草原棕熊		118.757729	42.251076	14	-1	1000	-1	-1	1	-1	-1	-1	-1	-1	-1	-1	9	0	
151	8707402	11970	-1	21	草原棕熊		96.546333	77.014435	14	-1	1000	-1	-1	1	-1	-1	-1	-1	-1	-1	-1	9	0	
152	8707437	11970	-1	21	草原棕熊		62.498817	58.027256	14	-1	1000	-1	-1	1	-1	-1	-1	-1	-1	-1	-1	9	0	
153	8707438	11970	-1	21	草原棕熊		68.82534	28.520947	14	-1	1000	-1	-1	1	-1	-1	-1	-1	-1	-1	-1	9	0	
154	8706699	11970	-1	21	草原棕熊		59.341087	41.795292	0	-1	1000	-1	-1	1	-1	-1	-1	-1	-1	-1	-1	9	0	
155	8706711	11970	-1	21	草原棕熊		82.507996	59.54026	7	-1	1000	-1	-1	1	-1	-1	-1	-1	-1	-1	-1	9	0	
156	8706714	11970	-1	21	草原棕熊		71.453346	51.823978	27	-1	1000	-1	-1	1	-1	-1	-1	-1	-1	-1	-1	9	0	
157	8706716	11970	-1	21	草原棕熊		66.458641	64.369202	12	-1	1000	-1	-1	1	-1	-1	-1	-1	-1	-1	-1	9	0	
158	8706717	11970	-1	21	草原棕熊		100.464645	60.135487	24	-1	1000	-1	-1	1	-1	-1	-1	-1	-1	-1	-1	9	0	
159	8706718	11970	-1	21	草原棕熊		75.266266	38.122158	12	-1	1000	-1	-1	1	-1	-1	-1	-1	-1	-1	-1	9	0	
160	8706720	11970	-1	21	草原棕熊		125.366623	62.999619	22	-1	1000	-1	-1	1	-1	-1	-1	-1	-1	-1	-1	9	0	
161	8706721	11970	-1	21	草原棕熊		110.560234	57.825417	12	-1	1000	-1	-1	1	-1	-1	-1	-1	-1	-1	-1	9	0	
162	8706722	11970	-1	21	草原棕熊		114.332214	72.832176	22	-1	1000	-1	-1	1	-1	-1	-1	-1	-1	-1	-1	9	0	
163	8706724	11970	-1	21	草原棕熊		88.840622	74.501831	14	-1	1000	-1	-1	1	-1	-1	-1	-1	-1	-1	-1	9	0	
164	8706728	11970	-1	21	草原棕熊		68.097664	38.492645	14	-1	1000	-1	-1	1	-1	-1	-1	-1	-1	-1	-1	9	0	
165	8707401	11970	-1	21	草原棕熊		116.189529	47.083046	14	-1	1000	-1	-1	1	-1	-1	-1	-1	-1	-1	-1	9	0	
166	8707402	11970	-1	21	草原棕熊		124.507507	47.664864	14	-1	1000	-1	-1	1	-1	-1	-1	-1	-1	-1	-1	9	0	
167	8707435	11970	-1	21	草原棕熊		136.383194	41.534687	14	-1	1000	-1	-1	1	-1	-1	-1	-1	-1	-1	-1	9	0	
168	8707437	11970	-1	21	草原棕熊		76.950623	48.413227	14	-1	1000	-1	-1	1	-1	-1	-1	-1	-1	-1	-1	9	0	
169	8707438	11970	-1	21	草原棕熊		135.687653	64.576508	14	-1	1000	-1	-1	1	-1	-1	-1	-1	-1	-1	-1	9	0	
170	8707439	11970	-1	21	草原棕熊		102.422104	72.314034	14	-1	1000	-1	-1	1	-1	-1	-1	-1	-1	-1	-1	9	0	
171	8707440	11970	-1	21	草原棕熊		142.257599	51.950287	14	-1	1000	-1	-1	1	-1	-1	-1	-1	-1	-1	-1	9	0	
172	8707442	11970	-1	21	草原棕熊		116.600143	64.170586	34	-1	1000	-1	-1	1	-1	-1	-1	-1	-1	-1	-1	9	0	
173	8707446	11970	-1	21	草原棕熊		117.885201	81.870026	18	-1	1000	-1	-1	1	-1	-1	-1	-1	-1	-1	-1	9	0	
174	8707609	11970	-1	21	草原棕熊		115.622704	54.364288	18	-1	1000	-1	-1	1	-1	-1	-1	-1	-1	-1	-1	9	0	
175	8707610	11970	-1	21	草原棕熊		140.016235	75.356552	18	-1	1000	-1	-1	1	-1	-1	-1	-1	-1	-1	-1	9	0	
176	8707611	11970	-1	21	草原棕熊		65.23056	48.244553	18	-1	1000	-1	-1	1	-1	-1	-1	-1	-1	-1	-1	9	0	
177	8707612	11970	-1	21	草原棕熊		126.050461	56.500866	12	-1	1000	-1	-1	1	-1	-1	-1	-1	-1	-1	-1	9	0	
178	8707614	11970	-1	21	草原棕熊		108.642487	79.571457	14	-1	1000	-1	-1	1	-1	-1	-1	-1	-1	-1	-1	9	0	
179	8707616	11970	-1	21	草原棕熊		146.168427	67.845802	14	-1	1000	-1	-1	1	-1	-1	-1	-1	-1	-1	-1	9	0	
180	8707621	11970	-1	21	草原棕熊		130.061005	38.3703	14	-1	1000	-1	-1	1	0	-1	-1	-1	-1	-1	-1	9	0	
181	15052640	11970	-1	21	草原棕熊		141.574966	44.068485	0	0	1000	-1	-1	1	0	-1	-1	-1	-1	-1	-1	9	0	
182	15052641	11970	-1	21	草原棕熊		146.851913	60.164852	0	0	1000	-1	-1	1	0	-1	-1	-1	-1	-1	-1	9	0	
183	15052642	11970	-1	21	草原棕熊		152.040665	73.005959	0	0	1000	-1	-1	1	0	-1	-1	-1	-1	-1	-1	9	0	
184	15052643	11970	-1	21	草原棕熊		157.0271	79.126373	0	0	1000	-1	-1	1	0	-1	-1	-1	-1	-1	-1	9	0	
185	15052644	11970	-1	21	草原棕熊		153.297836	59.937397	0	0	1000	-1	-1	1	0	-1	-1	-1	-1	-1	-1	9	0	
186	15052645	11970	-1	21	草原棕熊		159.888855	72.222588	0	0	1000	-1	-1	1	0	-1	-1	-1	-1	-1	-1	9	0	
187	15052646	11970	-1	21	草原棕熊		149.231018	48.4729	0	0	1000	-1	-1	1	0	-1	-1	-1	-1	-1	-1	9	0	
188	15052647	11970	-1	21	草原棕熊		147.78981	39.100304	0	0	1000	-1	-1	1	0	-1	-1	-1	-1	-1	-1	9	0	
189	15052648	11970	-1	21	草原棕熊		150.350266	31.691494	0	0	1000	-1	-1	1	0	-1	-1	-1	-1	-1	-1	9	0	
190	15052649	11970	-1	21	草原棕熊		157.155045	27.696728	0	0	1000	-1	-1	1	0	-1	-1	-1	-1	-1	-1	9	0	
191	15052650	11970	-1	21	草原棕熊		165.885651	23.632441	0	0	1000	-1	-1	1	0	-1	-1	-1	-1	-1	-1	9	0	
192	15052651	11970	-1	21	草原棕熊		160.665634	32.27795	0	0	1000	-1	-1	1	0	-1	-1	-1	-1	-1	-1	9	0	
193	15052652	11970	-1	21	草原棕熊		155.412689	37.053123	0	0	1000	-1	-1	1	0	-1	-1	-1	-1	-1	-1	9	0	
194	15052653	11970	-1	21	草原棕熊		154.829102	54.870747	0	0	1000	-1	-1	1	0	-1	-1	-1	-1	-1	-1	9	0	
195	15052654	11970	-1	21	草原棕熊		135.964264	48.593704	0	0	1000	-1	-1	1	0	-1	-1	-1	-1	-1	-1	9	0	
196	15052655	11970	-1	21	草原棕熊		136.985413	58.835411	0	0	1000	-1	-1	1	0	-1	-1	-1	-1	-1	-1	9	0	
197	15052656	11970	-1	21	草原棕熊		130.977783	53.680031	0	0	1000	-1	-1	1	0	-1	-1	-1	-1	-1	-1	9	0	
198	15052657	11970	-1	21	草原棕熊		129.331451	44.66288	0	0	1000	-1	-1	1	0	-1	-1	-1	-1	-1	-1	9	0	
199	15052658	11970	-1	21	草原棕熊		128.010742	66.385315	0	0	1000	-1	-1	1	0	-1	-1	-1	-1	-1	-1	9	0	
200	15052659	11970	-1	21	草原棕熊		139.067032	68.908905	0	0	1000	-1	-1	1	0	-1	-1	-1	-1	-1	-1	9	0	
201	15052660	11970	-1	21	草原棕熊		118.823952	59.118061	0	0	1000	-1	-1	1	0	-1	-1	-1	-1	-1	-1	9	0	
202	15052661	11970	-1	21	草原棕熊		120.268036	51.022091	0	0	1000	-1	-1	1	0	-1	-1	-1	-1	-1	-1	9	0	
203	15052662	11970	-1	21	草原棕熊		120.897621	68.270432	0	0	1000	-1	-1	1	0	-1	-1	-1	-1	-1	-1	9	0	
204	15052663	11970	-1	21	草原棕熊		112.467934	67.805664	0	0	1000	-1	-1	1	0	-1	-1	-1	-1	-1	-1	9	0	
205	15052664	11970	-1	21	草原棕熊		108.480385	73.335953	0	0	1000	-1	-1	1	0	-1	-1	-1	-1	-1	-1	9	0	
206	15052665	11970	-1	21	草原棕熊		108.480385	73.335953	0	0	1000	-1	-1	1	0	-1	-1	-1	-1	-1	-1	9	0	
207	15052666	11970	-1	21	草原棕熊		113.832947	77.401741	0	0	1000	-1	-1	1	0	-1	-1	-1	-1	-1	-1	9	0	
208	15052667	11970	-1	21	草原棕熊		101.066132	66.083374	0	0	1000	-1	-1	1	0	-1	-1	-1	-1	-1	-1	9	0	
209	15052668	11970	-1	21	草原棕熊		76.430641	57.079227	0	0	1000	-1	-1	1	0	-1	-1	-1	-1	-1	-1	9	0	
210	15052669	11970	-1	21	草原棕熊		71.298698	44.515625	0	0	1000	-1	-1	1	0	-1	-1	-1	-1	-1	-1	9	0	
211	15052670	11970	-1	21	草原棕熊		58.07201	50.464073	0	0	1000	-1	-1	1	0	-1	-1	-1	-1	-1	-1	9	0	
212	15052671	11970	-1	21	草原棕熊		55.395473	56.098896	0	0	1000	-1	-1	1	0	-1	-1	-1	-1	-1	-1	9	0	
213	15052672	11970	-1	21	草原棕熊		53.061317	33.620995	0	0	1000	-1	-1	1	0	-1	-1	-1	-1	-1	-1	9	0	
214	15052673	11970	-1	21	草原棕熊		74.786072	30.406788	0	0	1000	-1	-1	1	0	-1	-1	-1	-1	-1	-1	9	0	
215	15052674	11970	-1	21	草原棕熊		80.56826	64.215302	0	0	1000	-1	-1	1	0	-1	-1	-1	-1	-1	-1	9	0	
216	15052675	11970	-1	21	草原棕熊		101.903229	78.293762	0	0	1000	-1	-1	1	0	-1	-1	-1	-1	-1	-1	9	0	
217	15052676	11970	-1	21	草原棕熊		68.393616	59.852795	0	0	1000	-1	-1	1	0	-1	-1	-1	-1	-1	-1	9	0	
218	15052677	11970	-1	21	草原棕熊		65.207581	53.34816	0	0	1000	-1	-1	1	0	-1	-1	-1	-1	-1	-1	9	0	
219	15052678	11970	-1	21	草原棕熊		54.234844	44.705311	0	0	1000	-1	-1	1	0	-1	-1	-1	-1	-1	-1	9	0	
220	15052679	11970	-1	21	草原棕熊		141.790131	62.974625	0	0	1000	-1	-1	1	0	-1	-1	-1	-1	-1	-1	9	0	
221	15052680	11970	-1	21	草原棕熊		130.212036	60.741398	0	0	1000	-1	-1	1	0	-1	-1	-1	-1	-1	-1	9	0	
222	15052681	11970	-1	21	草原棕熊		147.61763	53.325348	0	0	1000	-1	-1	1	0	-1	-1	-1	-1	-1	-1	9	0	
223	15052682	11970	-1	21	草原棕熊		110.644821	63.057323	0	0	1000	-1	-1	1	0	-1	-1	-1	-1	-1	-1	9	0	
224	15052683	11970	-1	21	草原棕熊		93.690025	64.61676	0	0	1000	-1	-1	1	0	-1	-1	-1	-1	-1	-1	9	0	
225	15052684	11970	-1	21	草原棕熊		70.293999	56.634109	0	0	1000	-1	-1	1	0	-1	-1	-1	-1	-1	-1	9	0	
226	15052685	11970	-1	21	草原棕熊		77.796654	43.058701	0	0	1000	-1	-1	1	0	-1	-1	-1	-1	-1	-1	9	0	
227	15052686	11970	-1	21	草原棕熊		71.143723	33.324257	0	0	1000	-1	-1	1	0	-1	-1	-1	-1	-1	-1	9	0	
228	15052687	11970	-1	21	草原棕熊		62.533958	32.040283	0	0	1000	-1	-1	1	0	-1	-1	-1	-1	-1	-1	9	0	
229	15052688	11970	-1	21	草原棕熊		58.809757	59.832882	0	0	1000	-1	-1	1	0	-1	-1	-1	-1	-1	-1	9	0	
230	15052689	11970	-1	21	草原棕熊		124.857735	71.529739	0	0	1000	-1	-1	1	0	-1	-1	-1	-1	-1	-1	9	0	
231	15052690	11970	-1	21	草原棕熊		134.977051	75.30085	0	0	1000	-1	-1	1	0	-1	-1	-1	-1	-1	-1	9	0	
232	15052691	11970	-1	21	草原棕熊		104.49221	54.018467	0	0	1000	-1	-1	1	0	-1	-1	-1	-1	-1	-1	9	0	
233	15052692	11970	-1	21	草原棕熊		96.744217	53.637554	0	0	1000	-1	-1	1	0	-1	-1	-1	-1	-1	-1	9	0	
234	15052693	11970	-1	21	草原棕熊		87.72644	62.57283	0	0	1000	-1	-1	1	0	-1	-1	-1	-1	-1	-1	9	0	
235	15052694	11970	-1	21	草原棕熊		64.48156	41.72752	0	0	1000	-1	-1	1	0	-1	-1	-1	-1	-1	-1	9	0	
236	15052695	11970	-1	21	草原棕熊		58.686413	34.652969	0	0	1000	-1	-1	1	0	-1	-1	-1	-1	-1	-1	9	0	
237	15052696	11970	-1	21	草原棕熊		55.339706	25.841162	0	0	1000	-1	-1	1	0	-1	-1	-1	-1	-1	-1	9	0	
238	15052697	11970	-1	21	草原棕熊		59.684502	22.904873	0	0	1000	-1	-1	1	0	-1	-1	-1	-1	-1	-1	9	0	
239	15052698	11970	-1	21	草原棕熊		52.793167	38.515148	0	0	1000	-1	-1	1	0	-1	-1	-1	-1	-1	-1	9	0	
240	15052699	11970	-1	21	草原棕熊		105.048836	62.584747	0	0	1000	-1	-1	1	0	-1	-1	-1	-1	-1	-1	9	0	
241	15052700	11970	-1	21	草原棕熊		104.240952	68.757996	0	0	1000	-1	-1	1	0	-1	-1	-1	-1	-1	-1	9	0	
242	15052701	11970	-1	21	草原棕熊		105.510925	76.261314	0	0	1000	-1	-1	1	0	-1	-1	-1	-1	-1	-1	9	0	
243	15052702	11970	-1	21	草原棕熊		96.861107	72.725571	0	0	1000	-1	-1	1	0	-1	-1	-1	-1	-1	-1	9	0	
244	15052703	11970	-1	21	草原棕熊		90.355232	69.597252	0	0	1000	-1	-1	1	0	-1	-1	-1	-1	-1	-1	9	0	
245	15052704	11970	-1	21	草原棕熊		136.931473	53.337837	0	0	1000	-1	-1	1	0	-1	-1	-1	-1	-1	-1	9	0	
246	15052705	11970	-1	21	草原棕熊		153.46991	65.354378	0	0	1000	-1	-1	1	0	-1	-1	-1	-1	-1	-1	9	0	
247	15052706	11970	-1	21	草原棕熊		153.634033	42.609257	0	0	1000	-1	-1	1	0	-1	-1	-1	-1	-1	-1	9	0	
248	15052707	11970	-1	21	草原棕熊		161.542511	63.255978	0	0	1000	-1	-1	1	0	-1	-1	-1	-1	-1	-1	9	0	
249	15052398	11956	134029	-1	陶如格		212.245667	212.735092	23	-1	10000	-1	-1	3	0	-1	-1	-1	-1	-1	-1	20	0	
250	15052406	11957	134030	-1	珠兰其其格	雄鹰长老之女	216.418579	209.49498	11	-1	10000	-1	-1	3	0	-1	-1	-1	-1	-1	-1	20	0	
251	15052416	11960	134025	-1	铁虎	敦煌征兵校尉	173.911423	39.46244	30	-1	10000	-1	-1	3	0	-1	-1	-1	-1	-1	-1	20	0	
252	15052427	11965	134034	-1	航新		210.525589	213.459106	7	-1	10000	-1	-1	3	0	-1	-1	-1	-1	-1	-1	20	0	
253	15052468	11954	134037	20	金虎	敦煌右都尉	40.5	74	0	-1	1000	-1	-1	3	0	-1	-1	-1	-1	-1	-1	20	0	
254	7264288	86	132159	-1	珐琅	猎场商人	217.5	193	24	-1	30000	-1	-1	3	0	-1	-1	-1	-1	-1	-1	60	0	
255	15052539	11951	134051	20	敦煌新兵		180.72731	46.082165	6	0	10000	-1	-1	3	0	-1	-1	-1	-1	-1	-1	60	0	
256	15052540	11951	134052	20	敦煌新兵		174.866608	43.271709	6	0	10000	-1	-1	3	0	-1	-1	-1	-1	-1	-1	60	0	
257	15052536	11951	134053	20	敦煌新兵		177.881409	44.803661	6	0	10000	-1	-1	3	0	-1	-1	-1	-1	-1	-1	60	0	
258	15052537	11951	134054	20	敦煌新兵		172.645615	46.187626	6	0	10000	-1	-1	3	0	-1	-1	-1	-1	-1	-1	60	0	
259	15052532	11951	134055	20	敦煌新兵		178.513489	49.027054	6	0	10000	-1	-1	3	0	-1	-1	-1	-1	-1	-1	60	0	
260	15052529	11951	134056	20	敦煌新兵		175.595566	47.835915	6	0	10000	-1	-1	3	0	-1	-1	-1	-1	-1	-1	60	0	
261	15052528	2403	134057	20	敦煌御卫		49.291466	92.637589	27	0	10000	-1	-1	3	0	-1	-1	-1	-1	-1	-1	60	0	
262	15052530	2403	134058	20	敦煌御卫		34.565399	81.867126	9	0	10000	-1	-1	3	0	-1	-1	-1	-1	-1	-1	60	0	
263	15052531	2403	134059	20	敦煌御卫		48.147194	100.321892	9	0	10000	-1	-1	3	0	-1	-1	-1	-1	-1	-1	60	0	
264	15052533	2403	134060	20	敦煌御卫		9.050928	78.948456	0	0	10000	-1	-1	3	0	-1	-1	-1	-1	-1	-1	60	0	
265	15052534	2403	134061	20	敦煌御卫		9.034931	68.89962	0	0	10000	-1	-1	3	0	-1	-1	-1	-1	-1	-1	60	0	
266	15052535	2403	134062	20	敦煌御卫		37.299286	81.706772	9	0	10000	-1	-1	3	0	-1	-1	-1	-1	-1	-1	60	0	
267	15052538	2403	134063	20	敦煌御卫		186.19873	45.105545	26	0	10000	-1	-1	3	0	-1	-1	-1	-1	-1	-1	60	0	
268	15052541	2403	134064	20	敦煌御卫		188.723022	47.65097	26	0	10000	-1	-1	3	0	-1	-1	-1	-1	-1	-1	60	0	
269	15052542	2403	134065	20	敦煌御卫		170.771362	40.578339	27	0	10000	-1	-1	3	0	-1	-1	-1	-1	-1	-1	60	0	
270	15052543	2403	134064	20	敦煌御卫		36.963028	65.443161	27	0	10000	-1	-1	3	0	-1	-1	-1	-1	-1	-1	60	0	
271	15052544	2403	134061	20	敦煌御卫		34.337414	65.492569	27	0	10000	-1	-1	3	0	-1	-1	-1	-1	-1	-1	60	0	
272	15052544	2403	134060	20	敦煌御卫		168.675369	41.663067	26	0	10000	-1	-1	3	0	-1	-1	-1	-1	-1	-1	60	0	
274	10374803	1099	134067	20	梅伊娜	新手领奖大使	219.272079	207.982712	14	-1	1000	-1	-1	3	0	-1	-1	-1	-1	-1	-1	20	0	
