NUM	NUM	NUM	NUM	NUM	TEXT	TEXT	FLOAT	FLOAT	NUM	NUM	NUM	NUM	NUM	NUM	NUM	NUM	NUM	NUM	NUM	NUM	NUM	NUM	NUM
编号	随机编号	attr编号	逻辑表编号	阵营编号	名称	称号	x轴坐标	z轴坐标	朝向	脚本编号	重生时间	分组编号	队伍编号	基础AI	AI文件	巡逻路径	商店0	商店1	商店2	商店3	名誉ID	等级	镜像组
0	2	6944	-1	21	幽暗之瞳		87.649864	198.686508	0	300640	10000	-1	-1	1	0	-1	-1	-1	-1	-1	-1	50	0	
1	3	6944	-1	21	幽暗之瞳		126.190079	151.511581	0	300640	10000	-1	-1	1	0	-1	-1	-1	-1	-1	-1	50	0	
2	4	6944	-1	21	幽暗之瞳		164.286575	193.6866	0	300640	10000	-1	-1	1	0	-1	-1	-1	-1	-1	-1	50	0	
3	5	6944	-1	21	幽暗之瞳		194.322739	191.02179	0	300640	10000	-1	-1	1	0	-1	-1	-1	-1	-1	-1	50	0	
4	6	6944	-1	21	幽暗之瞳		158.074203	150.214371	0	300640	10000	-1	-1	1	0	-1	-1	-1	-1	-1	-1	50	0	
5	7	6944	-1	21	幽暗之瞳		164.582306	112.866486	0	300640	10000	-1	-1	1	0	-1	-1	-1	-1	-1	-1	50	0	
6	8	6944	-1	21	幽暗之瞳		195.616104	111.439819	0	300640	10000	-1	-1	1	0	-1	-1	-1	-1	-1	-1	50	0	
7	9	6944	-1	21	幽暗之瞳		163.078445	111.370308	0	300640	10000	-1	-1	1	0	-1	-1	-1	-1	-1	-1	50	0	
8	10	6944	-1	21	幽暗之瞳		202.712997	61.389702	0	300640	10000	-1	-1	1	0	-1	-1	-1	-1	-1	-1	50	0	
9	14	6945	-1	21	幽焚之齿		90.070709	100.154419	0	300640	10000	-1	-1	1	0	-1	-1	-1	-1	-1	-1	55	0	
10	17	6945	-1	21	幽焚之齿		62.100323	70.451248	0	300640	10000	-1	-1	1	0	-1	-1	-1	-1	-1	-1	55	0	
11	2	6944	-1	21	幽暗之瞳		90.235428	198.268723	0	300640	10000	-1	-1	1	0	-1	-1	-1	-1	-1	-1	50	0	
12	3	6944	-1	21	幽暗之瞳		123.193329	199.090012	0	300640	10000	-1	-1	1	0	-1	-1	-1	-1	-1	-1	50	0	
13	4	6944	-1	21	幽暗之瞳		164.100113	194.315475	0	300640	10000	-1	-1	1	0	-1	-1	-1	-1	-1	-1	50	0	
14	5	6944	-1	21	幽暗之瞳		194.905975	189.842712	0	300640	10000	-1	-1	1	0	-1	-1	-1	-1	-1	-1	50	0	
15	6	6944	-1	21	幽暗之瞳		198.773285	158.194748	0	300640	10000	-1	-1	1	0	-1	-1	-1	-1	-1	-1	50	0	
16	7	6944	-1	21	幽暗之瞳		162.743576	113.62484	0	300640	10000	-1	-1	1	0	-1	-1	-1	-1	-1	-1	50	0	
17	8	6944	-1	21	幽暗之瞳		196.652725	110.090492	0	300640	10000	-1	-1	1	0	-1	-1	-1	-1	-1	-1	50	0	
18	9	6944	-1	21	幽暗之瞳		200.721466	60.572334	0	300640	10000	-1	-1	1	0	-1	-1	-1	-1	-1	-1	50	0	
19	10	6944	-1	21	幽暗之瞳		202.514603	61.044083	0	300640	10000	-1	-1	1	0	-1	-1	-1	-1	-1	-1	50	0	
20	14	6945	-1	21	幽焚之齿		91.091179	99.742973	0	300640	10000	-1	-1	1	0	-1	-1	-1	-1	-1	-1	55	0	
21	17	6945	-1	21	幽焚之齿		58.192558	47.178146	0	300640	10000	-1	-1	1	0	-1	-1	-1	-1	-1	-1	55	0	
22	2	6944	-1	21	幽暗之瞳		89.152534	198.681717	0	300640	10000	-1	-1	1	0	-1	-1	-1	-1	-1	-1	50	0	
23	3	6944	-1	21	幽暗之瞳		122.390175	200.46579	0	300640	10000	-1	-1	1	0	-1	-1	-1	-1	-1	-1	50	0	
24	4	6944	-1	21	幽暗之瞳		164.749008	192.448395	0	300640	10000	-1	-1	1	0	-1	-1	-1	-1	-1	-1	50	0	
25	5	6944	-1	21	幽暗之瞳		195.55571	189.595642	0	300640	10000	-1	-1	1	0	-1	-1	-1	-1	-1	-1	50	0	
26	6	6944	-1	21	幽暗之瞳		195.186172	192.125565	0	300640	10000	-1	-1	1	0	-1	-1	-1	-1	-1	-1	50	0	
27	7	6944	-1	21	幽暗之瞳		162.199142	112.70752	0	300640	10000	-1	-1	1	0	-1	-1	-1	-1	-1	-1	50	0	
28	8	6944	-1	21	幽暗之瞳		195.943054	109.723976	0	300640	10000	-1	-1	1	0	-1	-1	-1	-1	-1	-1	50	0	
29	9	6944	-1	21	幽暗之瞳		196.666443	110.381996	0	300640	10000	-1	-1	1	0	-1	-1	-1	-1	-1	-1	50	0	
30	10	6944	-1	21	幽暗之瞳		199.504471	61.891201	0	300640	10000	-1	-1	1	0	-1	-1	-1	-1	-1	-1	50	0	
31	13	6945	-1	21	幽焚之齿		87.060112	153.541855	0	300640	10000	-1	-1	1	0	-1	-1	-1	-1	-1	-1	55	0	
32	14	6945	-1	21	幽焚之齿		90.939987	99.084679	0	300640	10000	-1	-1	1	0	-1	-1	-1	-1	-1	-1	55	0	
33	2	6944	-1	21	幽暗之瞳		89.153099	198.106522	0	300640	10000	-1	-1	1	0	-1	-1	-1	-1	-1	-1	50	0	
34	3	6944	-1	21	幽暗之瞳		123.912788	200.128403	0	300640	10000	-1	-1	1	0	-1	-1	-1	-1	-1	-1	50	0	
35	4	6944	-1	21	幽暗之瞳		163.706238	192.531921	0	300640	10000	-1	-1	1	0	-1	-1	-1	-1	-1	-1	50	0	
36	5	6944	-1	21	幽暗之瞳		195.440491	190.858627	0	300640	10000	-1	-1	1	0	-1	-1	-1	-1	-1	-1	50	0	
37	6	6944	-1	21	幽暗之瞳		197.917786	157.222443	0	300640	10000	-1	-1	1	0	-1	-1	-1	-1	-1	-1	50	0	
38	7	6944	-1	21	幽暗之瞳		162.117447	112.292633	0	300640	10000	-1	-1	1	0	-1	-1	-1	-1	-1	-1	50	0	
39	8	6944	-1	21	幽暗之瞳		194.339798	111.46022	0	300640	10000	-1	-1	1	0	-1	-1	-1	-1	-1	-1	50	0	
40	9	6944	-1	21	幽暗之瞳		201.49501	62.320019	0	300640	10000	-1	-1	1	0	-1	-1	-1	-1	-1	-1	50	0	
41	10	6944	-1	21	幽暗之瞳		200.273224	61.342762	0	300640	10000	-1	-1	1	0	-1	-1	-1	-1	-1	-1	50	0	
42	13	6945	-1	21	幽焚之齿		89.442413	153.140198	0	300640	10000	-1	-1	1	0	-1	-1	-1	-1	-1	-1	55	0	
43	14	6945	-1	21	幽焚之齿		90.27021	101.629669	0	300640	10000	-1	-1	1	0	-1	-1	-1	-1	-1	-1	55	0	
44	2	6944	-1	21	幽暗之瞳		89.737091	197.44902	0	300640	10000	-1	-1	1	0	-1	-1	-1	-1	-1	-1	50	0	
45	3	6944	-1	21	幽暗之瞳		125.50959	200.594208	0	300640	10000	-1	-1	1	0	-1	-1	-1	-1	-1	-1	50	0	
46	4	6944	-1	21	幽暗之瞳		164.502747	193.811386	0	300640	10000	-1	-1	1	0	-1	-1	-1	-1	-1	-1	50	0	
47	5	6944	-1	21	幽暗之瞳		196.20018	191.45015	0	300640	10000	-1	-1	1	0	-1	-1	-1	-1	-1	-1	50	0	
48	6	6944	-1	21	幽暗之瞳		196.351257	156.981949	0	300640	10000	-1	-1	1	0	-1	-1	-1	-1	-1	-1	50	0	
49	7	6944	-1	21	幽暗之瞳		161.355316	113.502892	0	300640	10000	-1	-1	1	0	-1	-1	-1	-1	-1	-1	50	0	
50	8	6944	-1	21	幽暗之瞳		194.839554	109.671333	0	300640	10000	-1	-1	1	0	-1	-1	-1	-1	-1	-1	50	0	
51	9	6944	-1	21	幽暗之瞳		170.083496	61.586369	0	300640	10000	-1	-1	1	0	-1	-1	-1	-1	-1	-1	50	0	
52	5	6944	-1	21	幽暗之瞳		195.584167	190.995697	0	300640	10000	-1	-1	1	0	-1	-1	-1	-1	-1	-1	50	0	
53	6	6944	-1	21	幽暗之瞳		199.098938	157.861511	0	300640	10000	-1	-1	1	0	-1	-1	-1	-1	-1	-1	50	0	
54	7	6944	-1	21	幽暗之瞳		160.810898	112.643646	0	300640	10000	-1	-1	1	0	-1	-1	-1	-1	-1	-1	50	0	
55	8	6944	-1	21	幽暗之瞳		196.01123	108.667473	0	300640	10000	-1	-1	1	0	-1	-1	-1	-1	-1	-1	50	0	
56	9	6944	-1	21	幽暗之瞳		169.264877	61.561543	0	300640	10000	-1	-1	1	0	-1	-1	-1	-1	-1	-1	50	0	
57	10	6944	-1	21	幽暗之瞳		201.074966	60.741566	0	300640	10000	-1	-1	1	0	-1	-1	-1	-1	-1	-1	50	0	
58	13	6945	-1	21	幽焚之齿		90.38504	99.834038	0	300640	10000	-1	-1	1	0	-1	-1	-1	-1	-1	-1	55	0	
59	14	6945	-1	21	幽焚之齿		61.007969	106.7715	0	300640	10000	-1	-1	1	0	-1	-1	-1	-1	-1	-1	55	0	
60	15	6945	-1	21	幽焚之齿		126.67746	99.261002	0	300640	10000	-1	-1	1	0	-1	-1	-1	-1	-1	-1	55	0	
61	17	6945	-1	21	幽焚之齿		91.727737	57.999401	0	300640	10000	-1	-1	1	0	-1	-1	-1	-1	-1	-1	55	0	
62	2	6944	-1	21	幽暗之瞳		90.402939	196.875031	0	300640	10000	-1	-1	1	0	-1	-1	-1	-1	-1	-1	50	0	
63	3	6944	-1	21	幽暗之瞳		124.95295	198.75264	0	300640	10000	-1	-1	1	0	-1	-1	-1	-1	-1	-1	50	0	
64	4	6944	-1	21	幽暗之瞳		163.842575	192.876678	0	300640	10000	-1	-1	1	0	-1	-1	-1	-1	-1	-1	50	0	
65	5	6944	-1	21	幽暗之瞳		194.974533	190.915619	0	300640	10000	-1	-1	1	0	-1	-1	-1	-1	-1	-1	50	0	
66	6	6944	-1	21	幽暗之瞳		198.411713	158.472626	0	300640	10000	-1	-1	1	0	-1	-1	-1	-1	-1	-1	50	0	
67	7	6944	-1	21	幽暗之瞳		160.808411	112.583549	0	300640	10000	-1	-1	1	0	-1	-1	-1	-1	-1	-1	50	0	
68	8	6944	-1	21	幽暗之瞳		196.939438	111.299255	0	300640	10000	-1	-1	1	0	-1	-1	-1	-1	-1	-1	50	0	
69	9	6944	-1	21	幽暗之瞳		169.335754	63.83691	0	300640	10000	-1	-1	1	0	-1	-1	-1	-1	-1	-1	50	0	
70	10	6944	-1	21	幽暗之瞳		202.582123	61.433998	0	300640	10000	-1	-1	1	0	-1	-1	-1	-1	-1	-1	50	0	
71	13	6945	-1	21	幽焚之齿		90.658524	101.618584	0	300640	10000	-1	-1	1	0	-1	-1	-1	-1	-1	-1	55	0	
72	14	6945	-1	21	幽焚之齿		60.985233	105.221649	0	300640	10000	-1	-1	1	0	-1	-1	-1	-1	-1	-1	55	0	
73	15	6945	-1	21	幽焚之齿		127.144173	100.255211	0	300640	10000	-1	-1	1	0	-1	-1	-1	-1	-1	-1	55	0	
74	16	6945	-1	21	幽焚之齿		129.231979	58.031654	0	300640	10000	-1	-1	1	0	-1	-1	-1	-1	-1	-1	55	0	
75	17	6945	-1	21	幽焚之齿		93.051949	59.271732	0	300640	10000	-1	-1	1	0	-1	-1	-1	-1	-1	-1	55	0	
76	2	6944	-1	21	幽暗之瞳		90.486893	196.055222	0	300640	10000	-1	-1	1	0	-1	-1	-1	-1	-1	-1	50	0	
77	3	6944	-1	21	幽暗之瞳		124.633759	198.514511	0	300640	10000	-1	-1	1	0	-1	-1	-1	-1	-1	-1	50	0	
78	4	6944	-1	21	幽暗之瞳		164.759857	193.660965	0	300640	10000	-1	-1	1	0	-1	-1	-1	-1	-1	-1	50	0	
79	5	6944	-1	21	幽暗之瞳		195.564774	190.062546	0	300640	10000	-1	-1	1	0	-1	-1	-1	-1	-1	-1	50	0	
80	6	6944	-1	21	幽暗之瞳		198.447418	158.445618	0	300640	10000	-1	-1	1	0	-1	-1	-1	-1	-1	-1	50	0	
81	7	6944	-1	21	幽暗之瞳		159.949249	113.13916	0	300640	10000	-1	-1	1	0	-1	-1	-1	-1	-1	-1	50	0	
82	8	6944	-1	21	幽暗之瞳		194.931564	109.138893	0	300640	10000	-1	-1	1	0	-1	-1	-1	-1	-1	-1	50	0	
83	9	6944	-1	21	幽暗之瞳		171.883163	61.381241	0	300640	10000	-1	-1	1	0	-1	-1	-1	-1	-1	-1	50	0	
84	10	6944	-1	21	幽暗之瞳		168.595688	63.121769	0	300640	10000	-1	-1	1	0	-1	-1	-1	-1	-1	-1	50	0	
85	14	6945	-1	21	幽焚之齿		61.33337	108.120766	0	300640	10000	-1	-1	1	0	-1	-1	-1	-1	-1	-1	55	0	
86	17	6945	-1	21	幽焚之齿		91.246872	58.718922	0	300640	10000	-1	-1	1	0	-1	-1	-1	-1	-1	-1	55	0	
87	2	6944	-1	21	幽暗之瞳		87.733887	198.850052	0	300640	10000	-1	-1	1	0	-1	-1	-1	-1	-1	-1	50	0	
88	3	6944	-1	21	幽暗之瞳		125.431099	199.309708	0	300640	10000	-1	-1	1	0	-1	-1	-1	-1	-1	-1	50	0	
89	4	6944	-1	21	幽暗之瞳		165.593887	193.407516	0	300640	10000	-1	-1	1	0	-1	-1	-1	-1	-1	-1	50	0	
90	5	6944	-1	21	幽暗之瞳		195.476715	192.632477	0	300640	10000	-1	-1	1	0	-1	-1	-1	-1	-1	-1	50	0	
91	6	6944	-1	21	幽暗之瞳		195.630402	157.833527	0	300640	10000	-1	-1	1	0	-1	-1	-1	-1	-1	-1	50	0	
92	7	6944	-1	21	幽暗之瞳		160.898224	111.790474	0	300640	10000	-1	-1	1	0	-1	-1	-1	-1	-1	-1	50	0	
93	8	6944	-1	21	幽暗之瞳		196.292664	110.830948	0	300640	10000	-1	-1	1	0	-1	-1	-1	-1	-1	-1	50	0	
94	9	6944	-1	21	幽暗之瞳		169.143845	63.957951	0	300640	10000	-1	-1	1	0	-1	-1	-1	-1	-1	-1	50	0	
95	10	6944	-1	21	幽暗之瞳		201.209427	60.915249	0	300640	10000	-1	-1	1	0	-1	-1	-1	-1	-1	-1	50	0	
96	17	6945	-1	21	幽焚之齿		91.668007	58.781517	0	300640	10000	-1	-1	1	0	-1	-1	-1	-1	-1	-1	55	0	
97	2	6944	-1	21	幽暗之瞳		88.570969	196.384094	0	300640	10000	-1	-1	1	0	-1	-1	-1	-1	-1	-1	50	0	
98	3	6944	-1	21	幽暗之瞳		125.031586	199.955475	0	300640	10000	-1	-1	1	0	-1	-1	-1	-1	-1	-1	50	0	
99	4	6944	-1	21	幽暗之瞳		165.258652	194.106766	0	300640	10000	-1	-1	1	0	-1	-1	-1	-1	-1	-1	50	0	
100	5	6944	-1	21	幽暗之瞳		196.598083	190.321777	0	300640	10000	-1	-1	1	0	-1	-1	-1	-1	-1	-1	50	0	
101	6	6944	-1	21	幽暗之瞳		197.351517	159.045761	0	300640	10000	-1	-1	1	0	-1	-1	-1	-1	-1	-1	50	0	
102	7	6944	-1	21	幽暗之瞳		160.693253	112.834305	0	300640	10000	-1	-1	1	0	-1	-1	-1	-1	-1	-1	50	0	
103	8	6944	-1	21	幽暗之瞳		195.299393	110.583626	0	300640	10000	-1	-1	1	0	-1	-1	-1	-1	-1	-1	50	0	
104	9	6944	-1	21	幽暗之瞳		170.632095	62.296471	0	300640	10000	-1	-1	1	0	-1	-1	-1	-1	-1	-1	50	0	
105	10	6944	-1	21	幽暗之瞳		202.219772	60.567719	0	300640	10000	-1	-1	1	0	-1	-1	-1	-1	-1	-1	50	0	
106	12	6945	-1	21	幽焚之齿		62.723007	151.144775	0	300640	10000	-1	-1	1	0	-1	-1	-1	-1	-1	-1	55	0	
107	14	6945	-1	21	幽焚之齿		88.879135	101.605392	0	300640	10000	-1	-1	1	0	-1	-1	-1	-1	-1	-1	55	0	
108	17	6945	-1	21	幽焚之齿		92.870911	58.306488	0	300640	10000	-1	-1	1	0	-1	-1	-1	-1	-1	-1	55	0	
109	7191855	3858	400058	20			163	196	32	0	2000	-1	-1	5	0	0	-1	-1	-1	-1	-1	50	0	
110	7191856	3859	400059	20			164	114	32	0	2000	-1	-1	5	0	1	-1	-1	-1	-1	-1	50	0	
111	7191859	3862	400062	20			132	57	32	0	2000	-1	-1	5	0	2	-1	-1	-1	-1	-1	55	0	
112	7191860	3863	400063	20			92	153	32	0	2000	-1	-1	5	0	3	-1	-1	-1	-1	-1	55	0	
113	7191861	6944	-1	21	幽暗之瞳		170.287491	63.441093	0	300640	10000	-1	-1	1	0	-1	-1	-1	-1	-1	-1	50	0	
114	7191862	6944	-1	21	幽暗之瞳		171.734192	61.571568	0	300640	10000	-1	-1	1	0	-1	-1	-1	-1	-1	-1	50	0	
115	7191863	6944	-1	21	幽暗之瞳		171.803345	62.135223	0	300640	10000	-1	-1	1	0	-1	-1	-1	-1	-1	-1	50	0	
116	7191864	6944	-1	21	幽暗之瞳		171.391312	62.117973	0	300640	10000	-1	-1	1	0	-1	-1	-1	-1	-1	-1	50	0	
117	7191865	6944	-1	21	幽暗之瞳		165.659637	193.276993	0	300640	10000	-1	-1	1	0	-1	-1	-1	-1	-1	-1	50	0	
118	7191866	6944	-1	21	幽暗之瞳		166.145157	193.485931	0	300640	10000	-1	-1	1	0	-1	-1	-1	-1	-1	-1	50	0	
119	7191867	6944	-1	21	幽暗之瞳		198.411713	158.472626	0	300640	10000	-1	-1	1	0	-1	-1	-1	-1	-1	-1	50	0	
120	7191868	6944	-1	21	幽暗之瞳		198.411713	158.472626	0	300640	10000	-1	-1	1	0	-1	-1	-1	-1	-1	-1	50	0	
121	7191869	6944	-1	21	幽暗之瞳		198.411713	158.472626	0	300640	10000	-1	-1	1	0	-1	-1	-1	-1	-1	-1	50	0	
122	7191870	6944	-1	21	幽暗之瞳		158.599686	150.404037	0	300640	10000	-1	-1	1	0	-1	-1	-1	-1	-1	-1	50	0	
123	7191871	6944	-1	21	幽暗之瞳		159.740067	150.613358	0	300640	10000	-1	-1	1	0	-1	-1	-1	-1	-1	-1	50	0	
124	7191872	6944	-1	21	幽暗之瞳		158.317902	151.084915	0	300640	10000	-1	-1	1	0	-1	-1	-1	-1	-1	-1	50	0	
125	7191873	6944	-1	21	幽暗之瞳		157.37706	149.846344	0	300640	10000	-1	-1	1	0	-1	-1	-1	-1	-1	-1	50	0	
126	7191874	6944	-1	21	幽暗之瞳		158.844299	151.188446	0	300640	10000	-1	-1	1	0	-1	-1	-1	-1	-1	-1	50	0	
127	7191875	6944	-1	21	幽暗之瞳		158.422989	150.397888	0	300640	10000	-1	-1	1	0	-1	-1	-1	-1	-1	-1	50	0	
128	7191876	6944	-1	21	幽暗之瞳		159.893021	151.565964	0	300640	10000	-1	-1	1	0	-1	-1	-1	-1	-1	-1	50	0	
129	7191877	6944	-1	21	幽暗之瞳		158.203232	148.578857	0	300640	10000	-1	-1	1	0	-1	-1	-1	-1	-1	-1	50	0	
130	7191878	6944	-1	21	幽暗之瞳		158.348969	149.791809	0	300640	10000	-1	-1	1	0	-1	-1	-1	-1	-1	-1	50	0	
131	7191879	6944	-1	21	幽暗之瞳		158.338196	150.223038	0	300640	10000	-1	-1	1	0	-1	-1	-1	-1	-1	-1	50	0	
132	7191880	6944	-1	21	幽暗之瞳		125.975517	151.530548	0	300640	10000	-1	-1	1	0	-1	-1	-1	-1	-1	-1	50	0	
133	7191881	6944	-1	21	幽暗之瞳		126.72049	152.135696	0	300640	10000	-1	-1	1	0	-1	-1	-1	-1	-1	-1	50	0	
134	7191882	6944	-1	21	幽暗之瞳		124.677261	151.166885	0	300640	10000	-1	-1	1	0	-1	-1	-1	-1	-1	-1	50	0	
135	7191883	6944	-1	21	幽暗之瞳		123.31881	151.627716	0	300640	10000	-1	-1	1	0	-1	-1	-1	-1	-1	-1	50	0	
136	7191884	6944	-1	21	幽暗之瞳		123.87719	152.92189	0	300640	10000	-1	-1	1	0	-1	-1	-1	-1	-1	-1	50	0	
137	7191885	6944	-1	21	幽暗之瞳		124.356476	152.767868	0	300640	10000	-1	-1	1	0	-1	-1	-1	-1	-1	-1	50	0	
138	7191886	6944	-1	21	幽暗之瞳		125.154663	152.137283	0	300640	10000	-1	-1	1	0	-1	-1	-1	-1	-1	-1	50	0	
139	7191887	6944	-1	21	幽暗之瞳		125.631248	153.508057	0	300640	10000	-1	-1	1	0	-1	-1	-1	-1	-1	-1	50	0	
140	7191888	6944	-1	21	幽暗之瞳		126.427048	153.118011	0	300640	10000	-1	-1	1	0	-1	-1	-1	-1	-1	-1	50	0	
141	7191889	6944	-1	21	幽暗之瞳		126.667015	151.439346	0	300640	10000	-1	-1	1	0	-1	-1	-1	-1	-1	-1	50	0	
142	7191890	6944	-1	21	幽暗之瞳		124.633759	198.514511	0	300640	10000	-1	-1	1	0	-1	-1	-1	-1	-1	-1	50	0	
143	7191891	6944	-1	21	幽暗之瞳		124.633759	198.514511	0	300640	10000	-1	-1	1	0	-1	-1	-1	-1	-1	-1	50	0	
144	7191892	6944	-1	21	幽暗之瞳		88.570969	196.384094	0	300640	10000	-1	-1	1	0	-1	-1	-1	-1	-1	-1	50	0	
145	7191893	6944	-1	21	幽暗之瞳		88.570969	196.384094	0	300640	10000	-1	-1	1	0	-1	-1	-1	-1	-1	-1	50	0	
146	7191894	6944	-1	21	幽暗之瞳		88.570969	196.384094	0	300640	10000	-1	-1	1	0	-1	-1	-1	-1	-1	-1	50	0	
147	7191895	6944	-1	21	幽暗之瞳		88.570969	196.384094	0	300640	10000	-1	-1	1	0	-1	-1	-1	-1	-1	-1	50	0	
148	7191896	6945	-1	21	幽焚之齿		130.046387	58.045029	0	300640	10000	-1	-1	1	0	-1	-1	-1	-1	-1	-1	55	0	
149	7191897	6945	-1	21	幽焚之齿		128.359146	56.907459	0	300640	10000	-1	-1	1	0	-1	-1	-1	-1	-1	-1	55	0	
150	7191898	6945	-1	21	幽焚之齿		130.452911	58.28495	0	300640	10000	-1	-1	1	0	-1	-1	-1	-1	-1	-1	55	0	
151	7191899	6945	-1	21	幽焚之齿		130.801758	57.823662	0	300640	10000	-1	-1	1	0	-1	-1	-1	-1	-1	-1	55	0	
152	7191900	6945	-1	21	幽焚之齿		129.698563	56.930489	0	300640	10000	-1	-1	1	0	-1	-1	-1	-1	-1	-1	55	0	
153	7191901	6945	-1	21	幽焚之齿		130.396408	56.65189	0	300640	10000	-1	-1	1	0	-1	-1	-1	-1	-1	-1	55	0	
154	7191902	6945	-1	21	幽焚之齿		130.39505	58.050312	0	300640	10000	-1	-1	1	0	-1	-1	-1	-1	-1	-1	55	0	
155	7191903	6945	-1	21	幽焚之齿		128.476181	56.441734	0	300640	10000	-1	-1	1	0	-1	-1	-1	-1	-1	-1	55	0	
156	7191904	6945	-1	21	幽焚之齿		130.68483	58.696644	0	300640	10000	-1	-1	1	0	-1	-1	-1	-1	-1	-1	55	0	
157	7191905	6945	-1	21	幽焚之齿		129.116104	57.445236	0	300640	10000	-1	-1	1	0	-1	-1	-1	-1	-1	-1	55	0	
158	7191906	6945	-1	21	幽焚之齿		129.05809	57.211739	0	300640	10000	-1	-1	1	0	-1	-1	-1	-1	-1	-1	55	0	
159	7191907	6945	-1	21	幽焚之齿		129.931091	57.051479	0	300640	10000	-1	-1	1	0	-1	-1	-1	-1	-1	-1	55	0	
160	7191908	6945	-1	21	幽焚之齿		126.675537	101.249474	0	300640	10000	-1	-1	1	0	-1	-1	-1	-1	-1	-1	55	0	
161	7191909	6945	-1	21	幽焚之齿		127.378418	99.728615	0	300640	10000	-1	-1	1	0	-1	-1	-1	-1	-1	-1	55	0	
162	7191910	6945	-1	21	幽焚之齿		127.55365	99.670593	0	300640	10000	-1	-1	1	0	-1	-1	-1	-1	-1	-1	55	0	
163	7191911	6945	-1	21	幽焚之齿		127.261154	100.138031	0	300640	10000	-1	-1	1	0	-1	-1	-1	-1	-1	-1	55	0	
164	7191912	6945	-1	21	幽焚之齿		127.903496	100.021103	0	300640	10000	-1	-1	1	0	-1	-1	-1	-1	-1	-1	55	0	
165	7191913	6945	-1	21	幽焚之齿		128.078629	99.904404	0	300640	10000	-1	-1	1	0	-1	-1	-1	-1	-1	-1	55	0	
166	7191914	6945	-1	21	幽焚之齿		128.369553	100.60498	0	300640	10000	-1	-1	1	0	-1	-1	-1	-1	-1	-1	55	0	
167	7191915	6945	-1	21	幽焚之齿		128.485764	101.013603	0	300640	10000	-1	-1	1	0	-1	-1	-1	-1	-1	-1	55	0	
168	7191916	6945	-1	21	幽焚之齿		128.194778	100.42971	0	300640	10000	-1	-1	1	0	-1	-1	-1	-1	-1	-1	55	0	
169	7191917	6945	-1	21	幽焚之齿		127.201691	101.248619	0	300640	10000	-1	-1	1	0	-1	-1	-1	-1	-1	-1	55	0	
170	7191918	6945	-1	21	幽焚之齿		128.254257	99.261909	0	300640	10000	-1	-1	1	0	-1	-1	-1	-1	-1	-1	55	0	
171	7191919	6945	-1	21	幽焚之齿		128.778091	100.021294	0	300640	10000	-1	-1	1	0	-1	-1	-1	-1	-1	-1	55	0	
172	7191920	6945	-1	21	幽焚之齿		127.669312	100.780586	0	300640	10000	-1	-1	1	0	-1	-1	-1	-1	-1	-1	55	0	
173	7191921	6945	-1	21	幽焚之齿		127.72731	101.189995	0	300640	10000	-1	-1	1	0	-1	-1	-1	-1	-1	-1	55	0	
174	7191922	6945	-1	21	幽焚之齿		62.969814	151.071289	0	300640	10000	-1	-1	1	0	-1	-1	-1	-1	-1	-1	55	0	
175	7191923	6945	-1	21	幽焚之齿		63.517685	152.089691	0	300640	10000	-1	-1	1	0	-1	-1	-1	-1	-1	-1	55	0	
176	7191924	6945	-1	21	幽焚之齿		62.243511	151.303726	0	300640	10000	-1	-1	1	0	-1	-1	-1	-1	-1	-1	55	0	
177	7191925	6945	-1	21	幽焚之齿		63.202938	151.297134	0	300640	10000	-1	-1	1	0	-1	-1	-1	-1	-1	-1	55	0	
178	7191926	6945	-1	21	幽焚之齿		62.961979	151.11293	0	300640	10000	-1	-1	1	0	-1	-1	-1	-1	-1	-1	55	0	
179	7191927	6945	-1	21	幽焚之齿		65.079094	151.947968	0	300640	10000	-1	-1	1	0	-1	-1	-1	-1	-1	-1	55	0	
180	7191928	6945	-1	21	幽焚之齿		64.860428	152.65892	0	300640	10000	-1	-1	1	0	-1	-1	-1	-1	-1	-1	55	0	
181	7191929	6945	-1	21	幽焚之齿		65.896393	152.735489	0	300640	10000	-1	-1	1	0	-1	-1	-1	-1	-1	-1	55	0	
182	7191930	6945	-1	21	幽焚之齿		63.895317	151.420929	0	300640	10000	-1	-1	1	0	-1	-1	-1	-1	-1	-1	55	0	
183	7191931	6945	-1	21	幽焚之齿		64.174408	152.182297	0	300640	10000	-1	-1	1	0	-1	-1	-1	-1	-1	-1	55	0	
184	7191932	6945	-1	21	幽焚之齿		87.299431	153.612106	0	300640	10000	-1	-1	1	0	-1	-1	-1	-1	-1	-1	55	0	
185	7191933	6945	-1	21	幽焚之齿		89.006149	153.406265	0	300640	10000	-1	-1	1	0	-1	-1	-1	-1	-1	-1	55	0	
186	7191934	6945	-1	21	幽焚之齿		89.385727	152.83371	0	300640	10000	-1	-1	1	0	-1	-1	-1	-1	-1	-1	55	0	
187	7191935	6945	-1	21	幽焚之齿		87.60305	153.197571	0	300640	10000	-1	-1	1	0	-1	-1	-1	-1	-1	-1	55	0	
188	7191936	6945	-1	21	幽焚之齿		88.476913	152.213608	0	300640	10000	-1	-1	1	0	-1	-1	-1	-1	-1	-1	55	0	
189	7191937	6945	-1	21	幽焚之齿		88.91172	153.725555	0	300640	10000	-1	-1	1	0	-1	-1	-1	-1	-1	-1	55	0	
190	7191938	6945	-1	21	幽焚之齿		87.995087	154.302261	0	300640	10000	-1	-1	1	0	-1	-1	-1	-1	-1	-1	55	0	
191	7191939	6945	-1	21	幽焚之齿		88.564445	153.410522	0	300640	10000	-1	-1	1	0	-1	-1	-1	-1	-1	-1	55	0	
192	7191940	6945	-1	21	幽焚之齿		88.059624	152.655472	0	300640	10000	-1	-1	1	0	-1	-1	-1	-1	-1	-1	55	0	
193	7191941	6945	-1	21	幽焚之齿		60.649254	105.922318	0	300640	10000	-1	-1	1	0	-1	-1	-1	-1	-1	-1	55	0	
194	7191942	6945	-1	21	幽焚之齿		61.565674	108.372559	0	300640	10000	-1	-1	1	0	-1	-1	-1	-1	-1	-1	55	0	
195	7191943	6945	-1	21	幽焚之齿		61.302853	108.488922	0	300640	10000	-1	-1	1	0	-1	-1	-1	-1	-1	-1	55	0	
196	7191944	6945	-1	21	幽焚之齿		61.121601	107.630043	0	300640	10000	-1	-1	1	0	-1	-1	-1	-1	-1	-1	55	0	
197	7191945	6945	-1	21	幽焚之齿		61.486916	108.005066	0	300640	10000	-1	-1	1	0	-1	-1	-1	-1	-1	-1	55	0	
198	7191946	6945	-1	21	幽焚之齿		60.681366	107.623825	0	300640	10000	-1	-1	1	0	-1	-1	-1	-1	-1	-1	55	0	
199	7191947	6945	-1	21	幽焚之齿		61.456421	107.368698	0	300640	10000	-1	-1	1	0	-1	-1	-1	-1	-1	-1	55	0	
200	7191948	6945	-1	21	幽焚之齿		61.31168	107.540726	0	300640	10000	-1	-1	1	0	-1	-1	-1	-1	-1	-1	55	0	
201	7191949	6945	-1	21	幽焚之齿		60.976143	105.171806	0	300640	10000	-1	-1	1	0	-1	-1	-1	-1	-1	-1	55	0	
202	7191950	6945	-1	21	幽焚之齿		61.343197	105.989799	0	300640	10000	-1	-1	1	0	-1	-1	-1	-1	-1	-1	55	0	
203	7191951	6945	-1	21	幽焚之齿		90.455353	99.849533	0	300640	10000	-1	-1	1	0	-1	-1	-1	-1	-1	-1	55	0	
204	7191952	6945	-1	21	幽焚之齿		90.752289	98.789848	0	300640	10000	-1	-1	1	0	-1	-1	-1	-1	-1	-1	55	0	
205	7191953	6945	-1	21	幽焚之齿		86.857086	101.163918	0	300640	10000	-1	-1	1	0	-1	-1	-1	-1	-1	-1	55	0	
206	7191954	6945	-1	21	幽焚之齿		88.443024	99.890121	0	300640	10000	-1	-1	1	0	-1	-1	-1	-1	-1	-1	55	0	
207	7191955	6945	-1	21	幽焚之齿		87.038948	101.033089	0	300640	10000	-1	-1	1	0	-1	-1	-1	-1	-1	-1	55	0	
208	7191956	6945	-1	21	幽焚之齿		88.248581	100.530388	0	300640	10000	-1	-1	1	0	-1	-1	-1	-1	-1	-1	55	0	
209	7191957	6945	-1	21	幽焚之齿		87.742081	101.606522	0	300640	10000	-1	-1	1	0	-1	-1	-1	-1	-1	-1	55	0	
210	7191958	6945	-1	21	幽焚之齿		59.449825	46.948044	0	300640	10000	-1	-1	1	0	-1	-1	-1	-1	-1	-1	55	0	
211	7191959	6945	-1	21	幽焚之齿		60.535477	45.644638	0	300640	10000	-1	-1	1	0	-1	-1	-1	-1	-1	-1	55	0	
212	7191960	6945	-1	21	幽焚之齿		58.327389	45.275402	0	300640	10000	-1	-1	1	0	-1	-1	-1	-1	-1	-1	55	0	
213	7191961	6945	-1	21	幽焚之齿		58.990299	44.625633	0	300640	10000	-1	-1	1	0	-1	-1	-1	-1	-1	-1	55	0	
214	7191962	6945	-1	21	幽焚之齿		61.023258	44.399326	0	300640	10000	-1	-1	1	0	-1	-1	-1	-1	-1	-1	55	0	
215	7191963	6945	-1	21	幽焚之齿		59.765575	44.749279	0	300640	10000	-1	-1	1	0	-1	-1	-1	-1	-1	-1	55	0	
216	7191964	6945	-1	21	幽焚之齿		58.392643	44.681671	0	300640	10000	-1	-1	1	0	-1	-1	-1	-1	-1	-1	55	0	
217	7191965	6945	-1	21	幽焚之齿		58.329659	45.037373	0	300640	10000	-1	-1	1	0	-1	-1	-1	-1	-1	-1	55	0	
218	7191966	6945	-1	21	幽焚之齿		58.376152	46.643654	0	300640	10000	-1	-1	1	0	-1	-1	-1	-1	-1	-1	55	0	
219	7191967	6945	-1	21	幽焚之齿		59.337353	46.054123	0	300640	10000	-1	-1	1	0	-1	-1	-1	-1	-1	-1	55	0	
220	7191968	6945	-1	21	幽焚之齿		60.523457	71.412132	0	300640	10000	-1	-1	1	0	-1	-1	-1	-1	-1	-1	55	0	
221	7191969	6945	-1	21	幽焚之齿		60.473949	69.957161	0	300640	10000	-1	-1	1	0	-1	-1	-1	-1	-1	-1	55	0	
222	7191970	6945	-1	21	幽焚之齿		61.070168	71.051437	0	300640	10000	-1	-1	1	0	-1	-1	-1	-1	-1	-1	55	0	
223	7191971	6945	-1	21	幽焚之齿		61.675148	70.812614	0	300640	10000	-1	-1	1	0	-1	-1	-1	-1	-1	-1	55	0	
224	7191972	6945	-1	21	幽焚之齿		61.922905	69.844414	0	300640	10000	-1	-1	1	0	-1	-1	-1	-1	-1	-1	55	0	
225	7191973	6945	-1	21	幽焚之齿		59.256294	71.34494	0	300640	10000	-1	-1	1	0	-1	-1	-1	-1	-1	-1	55	0	
226	7191974	6945	-1	21	幽焚之齿		61.318249	70.022614	0	300640	10000	-1	-1	1	0	-1	-1	-1	-1	-1	-1	55	0	
227	7191975	6945	-1	21	幽焚之齿		59.750946	69.891586	0	300640	10000	-1	-1	1	0	-1	-1	-1	-1	-1	-1	55	0	
228	7191976	6945	-1	21	幽焚之齿		59.083851	70.252083	0	300640	10000	-1	-1	1	0	-1	-1	-1	-1	-1	-1	55	0	
229	7191977	6945	-1	21	幽焚之齿		60.833752	70.322571	0	300640	10000	-1	-1	1	0	-1	-1	-1	-1	-1	-1	55	0	
230	7191978	6945	-1	21	幽焚之齿		92.028793	58.181343	0	300640	10000	-1	-1	1	0	-1	-1	-1	-1	-1	-1	55	0	
231	7191979	6945	-1	21	幽焚之齿		93.894356	58.614483	0	300640	10000	-1	-1	1	0	-1	-1	-1	-1	-1	-1	55	0	
232	7191980	6945	-1	21	幽焚之齿		93.291687	58.309818	0	300640	10000	-1	-1	1	0	-1	-1	-1	-1	-1	-1	55	0	
233	7191981	6945	-1	21	幽焚之齿		93.412483	57.648129	0	300640	10000	-1	-1	1	0	-1	-1	-1	-1	-1	-1	55	0	
234	7191982	6945	-1	21	幽焚之齿		92.870773	58.006065	0	300640	10000	-1	-1	1	0	-1	-1	-1	-1	-1	-1	55	0	
235	7191983	6945	-1	21	幽焚之齿		92.630737	57.703217	0	300640	10000	-1	-1	1	0	-1	-1	-1	-1	-1	-1	55	0	
236	7191984	6945	-1	21	幽焚之齿		59.750946	69.891586	0	300640	10000	-1	-1	1	0	-1	-1	-1	-1	-1	-1	55	0	
237	7191985	6945	-1	21	幽焚之齿		59.750946	69.891586	0	300640	10000	-1	-1	1	0	-1	-1	-1	-1	-1	-1	55	0	
238	7191986	6945	-1	21	幽焚之齿		58.327389	45.275402	0	300640	10000	-1	-1	1	0	-1	-1	-1	-1	-1	-1	55	0	
239	7191987	6945	-1	21	幽焚之齿		58.192558	47.178146	0	300640	10000	-1	-1	1	0	-1	-1	-1	-1	-1	-1	55	0	
240	7191988	6945	-1	21	幽焚之齿		58.192558	47.178146	0	300640	10000	-1	-1	1	0	-1	-1	-1	-1	-1	-1	55	0	
241	7191989	1320	101518	-1	前往凤翔府和边塞	王国迷宫传送	77.5	125	0	0	10000	-1	-1	3	0	-1	-1	-1	-1	-1	-1	60	0	
242	7336799	4295	101668	-1	组队指引人		187	63	27	-1	1000	-1	-1	3	0	-1	-1	-1	-1	-1	-1	100	0	
243	7336799	2602	101168	-1	迷宫三层	迷宫传送人	198	93	9	-1	1000	-1	-1	3	0	-1	-1	-1	-1	-1	-1	100	0	
