NUM	NUM	NUM	NUM	NUM	TEXT	TEXT	FLOAT	FLOAT	NUM	NUM	NUM	NUM	NUM	NUM	NUM	NUM	NUM	NUM	NUM	NUM	NUM	NUM	NUM
编号	随机编号	attr编号	逻辑表编号	阵营编号	名称	称号	x轴坐标	z轴坐标	朝向	脚本编号	重生时间	分组编号	队伍编号	基础AI	AI文件	巡逻路径	商店0	商店1	商店2	商店3	名誉ID	等级	镜像组
0	15053370	9804	-1	21	脱脱迷失	恒河之王爪牙	150	234	35	300619	10000	-1	-1	1	0	-1	-1	-1	-1	-1	-1	65	0	
1	15053371	9828	400601	21	领地图腾	中亚地区	162	35	28	-1	180000	-1	-1	3	0	-1	-1	-1	-1	-1	-1	65	0	
2	15053764	1169	400291	20	商人萨希尔		144.4702	72.10408	9	0	10000	-1	-1	3	0	-1	-1	-1	-1	-1	-1	65	0	
3	15053780	1951	400290	20	耶律万沙	碎叶镇守将军	162.220398	97.115578	28	0	10000	-1	-1	3	0	-1	-1	-1	-1	-1	-1	65	0	
4	15053800	38	400293	20	伙计艾孜买提		146.266006	73.3629	8	0	10000	-1	-1	3	0	-1	-1	-1	-1	-1	-1	60	0	
5	15053801	81	400299	20	商人巴依		175.509262	64.830002	18	0	10000	-1	-1	3	0	-1	-1	-1	-1	-1	-1	60	0	
6	15053769	1950	400295	20	碎叶守卒		167.358795	78.080948	9	0	10000	-1	-1	3	0	-1	-1	-1	-1	-1	-1	65	0	
7	15053773	1950	400297	20	碎叶守卒		131.744385	72.999413	18	0	10000	-1	-1	3	0	-1	-1	-1	-1	-1	-1	65	0	
8	15053774	1950	400295	20	碎叶守卒		188.627533	61.033905	36	0	10000	-1	-1	3	0	-1	-1	-1	-1	-1	-1	65	0	
9	15053777	1950	400296	20	碎叶守卒		131.903656	54.31205	18	0	10000	-1	-1	3	0	-1	-1	-1	-1	-1	-1	65	0	
10	15053778	1950	400297	20	碎叶守卒		188.767441	48.872429	36	0	10000	-1	-1	3	0	-1	-1	-1	-1	-1	-1	65	0	
11	15053781	1950	400295	20	碎叶守卒		164.936966	95.924629	28	0	10000	-1	-1	3	0	-1	-1	-1	-1	-1	-1	65	0	
12	15053807	1950	400296	20	碎叶守卒		158.499298	95.892578	28	0	10000	-1	-1	3	0	-1	-1	-1	-1	-1	-1	65	0	
13	15053784	1950	400296	20	碎叶守卒		156.119217	77.686989	9	0	10000	-1	-1	3	0	-1	-1	-1	-1	-1	-1	65	0	
14	15053802	1950	400295	20	碎叶守卒		227.805908	64.568672	22	0	10000	-1	-1	3	0	-1	-1	-1	-1	-1	-1	65	0	
15	15053804	1950	400296	20	碎叶守卒		25	183	2	0	10000	-1	-1	3	0	-1	-1	-1	-1	-1	-1	65	0	
16	15053806	1950	400297	20	碎叶守卒		24	175	2	0	10000	-1	-1	3	0	-1	-1	-1	-1	-1	-1	65	0	
17	15053782	1950	400296	20	碎叶守卒		232.90741	71.159065	22	0	10000	-1	-1	3	0	-1	-1	-1	-1	-1	-1	65	0	
18	15053782	1950	400306	20	碎叶守卒队长		28	173	27	0	10000	-1	-1	3	0	-1	-1	-1	-1	-1	-1	65	0	
19	15053782	1950	400307	20	碎叶守卒队长		230	73	16	0	10000	-1	-1	3	0	-1	-1	-1	-1	-1	-1	65	0	
20	15053868	5808	-1	20	 		227.669861	175.582596	20	0	10000	-1	-1	2	0	-1	-1	-1	-1	-1	-1	10	0	
21	15053869	304	-1	20	 		229.404663	180.913773	0	0	10000	-1	-1	2	0	-1	-1	-1	-1	-1	-1	60	0	
22	15053870	304	-1	20	 		226.591095	181.138855	0	0	10000	-1	-1	2	0	-1	-1	-1	-1	-1	-1	60	0	
23	15053871	1540	-1	20	 		228.413208	182.1082	0	0	10000	-1	-1	2	0	-1	-1	-1	-1	-1	-1	60	0	
24	15053872	255	-1	20	 		227.228027	183.434647	0	0	10000	-1	-1	2	0	-1	-1	-1	-1	-1	-1	60	0	
25	15053808	1939	400302	20	碎叶城阿訇		119.721924	225.223206	9	0	10000	-1	-1	3	0	-1	-1	-1	-1	-1	-1	60	0	
26	15053873	837	400307	20	阿訇护卫		117.735031	227.706573	9	0	10000	-1	-1	3	0	-1	-1	-1	-1	-1	-1	45	0	
27	15053877	837	400307	20	阿訇护卫		122.042206	227.772583	9	0	10000	-1	-1	3	0	-1	-1	-1	-1	-1	-1	45	0	
28	15053843	38	400303	20	村民艾克孜		227.437286	174.585297	24	0	10000	-1	-1	3	0	-1	-1	-1	-1	-1	-1	60	0	
29	15053845	244	400304	20	佛窟石匠		40.165916	113.833763	0	0	10000	-1	-1	3	0	-1	-1	-1	-1	-1	-1	60	0	
30	15053846	245	400305	20	佛窟木匠		45.081493	117.021423	12	0	10000	-1	-1	3	0	-1	-1	-1	-1	-1	-1	60	0	
31	15053679	9556	-1	21	西辽红尾蝎		52.62294	24.708221	0	300640	10000	-1	-1	1	0	-1	-1	-1	-1	-1	-1	65	0	
32	15053679	9556	-1	21	西辽红尾蝎		65.026024	88.203407	0	300640	10000	-1	-1	1	0	-1	-1	-1	-1	-1	-1	65	0	
33	15053679	9556	-1	21	西辽红尾蝎		65.951492	87.784401	0	300640	10000	-1	-1	1	0	-1	-1	-1	-1	-1	-1	65	0	
34	15053679	9556	-1	21	西辽红尾蝎		64.97892	87.968369	0	300640	10000	-1	-1	1	0	-1	-1	-1	-1	-1	-1	65	0	
35	15053679	9556	-1	21	西辽红尾蝎		65.771019	88.14299	0	300640	10000	-1	-1	1	0	-1	-1	-1	-1	-1	-1	65	0	
36	15053679	9556	-1	21	西辽红尾蝎		65.319847	87.984901	0	300640	10000	-1	-1	1	0	-1	-1	-1	-1	-1	-1	65	0	
37	15053679	9556	-1	21	西辽红尾蝎		65.935371	87.707474	0	300640	10000	-1	-1	1	0	-1	-1	-1	-1	-1	-1	65	0	
38	15053679	9556	-1	21	西辽红尾蝎		66.059807	88.33242	0	300640	10000	-1	-1	1	0	-1	-1	-1	-1	-1	-1	65	0	
39	15053679	9556	-1	21	西辽红尾蝎		66.205597	88.225006	0	300640	10000	-1	-1	1	0	-1	-1	-1	-1	-1	-1	65	0	
40	15053679	9556	-1	21	西辽红尾蝎		65.932556	88.113708	0	300640	10000	-1	-1	1	0	-1	-1	-1	-1	-1	-1	65	0	
41	15053679	9556	-1	21	西辽红尾蝎		91.428261	55.597252	0	300640	10000	-1	-1	1	0	-1	-1	-1	-1	-1	-1	65	0	
42	15053679	9556	-1	21	西辽红尾蝎		91.972992	54.967091	0	300640	10000	-1	-1	1	0	-1	-1	-1	-1	-1	-1	65	0	
43	15053679	9556	-1	21	西辽红尾蝎		91.301689	55.388893	0	300640	10000	-1	-1	1	0	-1	-1	-1	-1	-1	-1	65	0	
44	15053679	9556	-1	21	西辽红尾蝎		91.043915	55.280811	0	300640	10000	-1	-1	1	0	-1	-1	-1	-1	-1	-1	65	0	
45	15053679	9556	-1	21	西辽红尾蝎		92.158516	55.393032	0	300640	10000	-1	-1	1	0	-1	-1	-1	-1	-1	-1	65	0	
46	15053679	9556	-1	21	西辽红尾蝎		90.675247	55.03878	0	300640	10000	-1	-1	1	0	-1	-1	-1	-1	-1	-1	65	0	
47	15053679	9556	-1	21	西辽红尾蝎		91.552681	54.505566	0	300640	10000	-1	-1	1	0	-1	-1	-1	-1	-1	-1	65	0	
48	15053679	9556	-1	21	西辽红尾蝎		91.309921	54.776608	0	300640	10000	-1	-1	1	0	-1	-1	-1	-1	-1	-1	65	0	
49	15053679	9556	-1	21	西辽红尾蝎		91.598419	55.337845	0	300640	10000	-1	-1	1	0	-1	-1	-1	-1	-1	-1	65	0	
50	15053679	9556	-1	21	西辽红尾蝎		91.675781	55.019005	0	300640	10000	-1	-1	1	0	-1	-1	-1	-1	-1	-1	65	0	
51	15053679	9556	-1	21	西辽红尾蝎		28.352119	32.821877	0	300640	10000	-1	-1	1	0	-1	-1	-1	-1	-1	-1	65	0	
52	15053679	9556	-1	21	西辽红尾蝎		28.006748	32.931808	0	300640	10000	-1	-1	1	0	-1	-1	-1	-1	-1	-1	65	0	
53	15053679	9556	-1	21	西辽红尾蝎		28.006748	32.931808	0	300640	10000	-1	-1	1	0	-1	-1	-1	-1	-1	-1	65	0	
54	15053679	9556	-1	21	西辽红尾蝎		28.053301	32.981308	0	300640	10000	-1	-1	1	0	-1	-1	-1	-1	-1	-1	65	0	
55	15053679	9556	-1	21	西辽红尾蝎		28.262148	33.415871	0	300640	10000	-1	-1	1	0	-1	-1	-1	-1	-1	-1	65	0	
56	15053679	9556	-1	21	西辽红尾蝎		28.36504	32.908653	0	300640	10000	-1	-1	1	0	-1	-1	-1	-1	-1	-1	65	0	
57	15053679	9556	-1	21	西辽红尾蝎		28.555069	32.962852	0	300640	10000	-1	-1	1	0	-1	-1	-1	-1	-1	-1	65	0	
58	15053679	9556	-1	21	西辽红尾蝎		28.530342	33.100117	0	300640	10000	-1	-1	1	0	-1	-1	-1	-1	-1	-1	65	0	
59	15053679	9556	-1	21	西辽红尾蝎		28.664366	33.074963	0	300640	10000	-1	-1	1	0	-1	-1	-1	-1	-1	-1	65	0	
60	15053679	9556	-1	21	西辽红尾蝎		28.581894	33.134865	0	300640	10000	-1	-1	1	0	-1	-1	-1	-1	-1	-1	65	0	
61	15053679	9556	-1	21	西辽红尾蝎		23.8521	61.131557	0	300640	10000	-1	-1	1	0	-1	-1	-1	-1	-1	-1	65	0	
62	15053679	9556	-1	21	西辽红尾蝎		24.06167	61.248035	0	300640	10000	-1	-1	1	0	-1	-1	-1	-1	-1	-1	65	0	
63	15053679	9556	-1	21	西辽红尾蝎		24.195419	61.232498	0	300640	10000	-1	-1	1	0	-1	-1	-1	-1	-1	-1	65	0	
64	15053679	9556	-1	21	西辽红尾蝎		23.955156	61.542458	0	300640	10000	-1	-1	1	0	-1	-1	-1	-1	-1	-1	65	0	
65	15053679	9556	-1	21	西辽红尾蝎		24.280518	61.432594	0	300640	10000	-1	-1	1	0	-1	-1	-1	-1	-1	-1	65	0	
66	15053679	9556	-1	21	西辽红尾蝎		23.942862	61.402847	0	300640	10000	-1	-1	1	0	-1	-1	-1	-1	-1	-1	65	0	
67	15053679	9556	-1	21	西辽红尾蝎		24.486767	61.478851	0	300640	10000	-1	-1	1	0	-1	-1	-1	-1	-1	-1	65	0	
68	15053679	9556	-1	21	西辽红尾蝎		24.188457	61.162178	0	300640	10000	-1	-1	1	0	-1	-1	-1	-1	-1	-1	65	0	
69	15053679	9556	-1	21	西辽红尾蝎		24.401924	61.27644	0	300640	10000	-1	-1	1	0	-1	-1	-1	-1	-1	-1	65	0	
70	15053679	9556	-1	21	西辽红尾蝎		24.546787	61.401592	0	300640	10000	-1	-1	1	0	-1	-1	-1	-1	-1	-1	65	0	
71	15053679	9556	-1	21	西辽红尾蝎		88.356422	29.289921	0	300640	10000	-1	-1	1	0	-1	-1	-1	-1	-1	-1	65	0	
72	15053679	9556	-1	21	西辽红尾蝎		88.295349	29.465958	0	300640	10000	-1	-1	1	0	-1	-1	-1	-1	-1	-1	65	0	
73	15053679	9556	-1	21	西辽红尾蝎		88.510147	29.383644	0	300640	10000	-1	-1	1	0	-1	-1	-1	-1	-1	-1	65	0	
74	15053679	9556	-1	21	西辽红尾蝎		88.699852	29.523262	0	300640	10000	-1	-1	1	0	-1	-1	-1	-1	-1	-1	65	0	
75	15053679	9556	-1	21	西辽红尾蝎		88.617508	29.16328	0	300640	10000	-1	-1	1	0	-1	-1	-1	-1	-1	-1	65	0	
76	15053679	9556	-1	21	西辽红尾蝎		88.669281	29.788612	0	300640	10000	-1	-1	1	0	-1	-1	-1	-1	-1	-1	65	0	
77	15053679	9556	-1	21	西辽红尾蝎		88.402206	29.246857	0	300640	10000	-1	-1	1	0	-1	-1	-1	-1	-1	-1	65	0	
78	15053679	9556	-1	21	西辽红尾蝎		88.608116	29.608574	0	300640	10000	-1	-1	1	0	-1	-1	-1	-1	-1	-1	65	0	
79	15053679	9556	-1	21	西辽红尾蝎		88.56797	29.96257	0	300640	10000	-1	-1	1	0	-1	-1	-1	-1	-1	-1	65	0	
80	15053679	9556	-1	21	西辽红尾蝎		88.544983	29.596046	0	300640	10000	-1	-1	1	0	-1	-1	-1	-1	-1	-1	65	0	
81	15053679	9556	-1	21	西辽红尾蝎		37.466366	83.081993	0	300640	10000	-1	-1	1	0	-1	-1	-1	-1	-1	-1	65	0	
82	15053679	9556	-1	21	西辽红尾蝎		36.98381	83.026978	0	300640	10000	-1	-1	1	0	-1	-1	-1	-1	-1	-1	65	0	
83	15053679	9556	-1	21	西辽红尾蝎		36.467403	82.99855	0	300640	10000	-1	-1	1	0	-1	-1	-1	-1	-1	-1	65	0	
84	15053679	9556	-1	21	西辽红尾蝎		37.456573	82.978668	0	300640	10000	-1	-1	1	0	-1	-1	-1	-1	-1	-1	65	0	
85	15053679	9556	-1	21	西辽红尾蝎		36.622139	82.466583	0	300640	10000	-1	-1	1	0	-1	-1	-1	-1	-1	-1	65	0	
86	15053679	9556	-1	21	西辽红尾蝎		37.506271	83.146599	0	300640	10000	-1	-1	1	0	-1	-1	-1	-1	-1	-1	65	0	
87	15053679	9556	-1	21	西辽红尾蝎		37.500351	83.078621	0	300640	10000	-1	-1	1	0	-1	-1	-1	-1	-1	-1	65	0	
88	15053679	9556	-1	21	西辽红尾蝎		36.820782	83.112968	0	300640	10000	-1	-1	1	0	-1	-1	-1	-1	-1	-1	65	0	
89	15053679	9556	-1	21	西辽红尾蝎		37.394543	83.054306	0	300640	10000	-1	-1	1	0	-1	-1	-1	-1	-1	-1	65	0	
90	15053679	9556	-1	21	西辽红尾蝎		37.494434	83.009682	0	300640	10000	-1	-1	1	0	-1	-1	-1	-1	-1	-1	65	0	
91	15053679	9556	-1	21	西辽红尾蝎		37.111073	82.561203	0	300640	10000	-1	-1	1	0	-1	-1	-1	-1	-1	-1	65	0	
92	15053452	9765	-1	21	碎叶黑豹		50.719238	194.329712	0	300640	10000	-1	-1	1	0	-1	-1	-1	-1	-1	-1	65	0	
93	15053452	9765	-1	21	碎叶黑豹		50.032112	193.956558	0	300640	10000	-1	-1	1	0	-1	-1	-1	-1	-1	-1	65	0	
94	15053452	9765	-1	21	碎叶黑豹		50.522575	193.932388	0	300640	10000	-1	-1	1	0	-1	-1	-1	-1	-1	-1	65	0	
95	15053452	9765	-1	21	碎叶黑豹		50.488495	194.215118	0	300640	10000	-1	-1	1	0	-1	-1	-1	-1	-1	-1	65	0	
96	15053452	9765	-1	21	碎叶黑豹		50.488495	194.215118	0	300640	10000	-1	-1	1	0	-1	-1	-1	-1	-1	-1	65	0	
97	15053452	9765	-1	21	碎叶黑豹		50.488495	194.215118	0	300640	10000	-1	-1	1	0	-1	-1	-1	-1	-1	-1	65	0	
98	15053452	9765	-1	21	碎叶黑豹		50.488495	194.215118	0	300640	10000	-1	-1	1	0	-1	-1	-1	-1	-1	-1	65	0	
99	15053452	9765	-1	21	碎叶黑豹		50.488495	194.215118	0	300640	10000	-1	-1	1	0	-1	-1	-1	-1	-1	-1	65	0	
100	15053452	9765	-1	21	碎叶黑豹		50.488495	194.215118	0	300640	10000	-1	-1	1	0	-1	-1	-1	-1	-1	-1	65	0	
101	15053452	9765	-1	21	碎叶黑豹		50.488495	194.215118	0	300640	10000	-1	-1	1	0	-1	-1	-1	-1	-1	-1	65	0	
102	15053452	9765	-1	21	碎叶黑豹		91.792412	210.449661	0	300640	10000	-1	-1	1	0	-1	-1	-1	-1	-1	-1	65	0	
103	15053452	9765	-1	21	碎叶黑豹		77.955734	228.947617	0	300640	10000	-1	-1	1	0	-1	-1	-1	-1	-1	-1	65	0	
104	15053452	9765	-1	21	碎叶黑豹		79.534271	228.440247	0	300640	10000	-1	-1	1	0	-1	-1	-1	-1	-1	-1	65	0	
105	15053452	9765	-1	21	碎叶黑豹		78.772469	228.581802	0	300640	10000	-1	-1	1	0	-1	-1	-1	-1	-1	-1	65	0	
106	15053452	9765	-1	21	碎叶黑豹		78.064224	228.759979	0	300640	10000	-1	-1	1	0	-1	-1	-1	-1	-1	-1	65	0	
107	15053452	9765	-1	21	碎叶黑豹		78.619415	228.081772	0	300640	10000	-1	-1	1	0	-1	-1	-1	-1	-1	-1	65	0	
108	15053452	9765	-1	21	碎叶黑豹		78.814079	228.37001	0	300640	10000	-1	-1	1	0	-1	-1	-1	-1	-1	-1	65	0	
109	15053452	9765	-1	21	碎叶黑豹		79.471779	228.409454	0	300640	10000	-1	-1	1	0	-1	-1	-1	-1	-1	-1	65	0	
110	15053452	9765	-1	21	碎叶黑豹		79.054451	228.442184	0	300640	10000	-1	-1	1	0	-1	-1	-1	-1	-1	-1	65	0	
111	15053452	9765	-1	21	碎叶黑豹		78.39637	228.050583	0	300640	10000	-1	-1	1	0	-1	-1	-1	-1	-1	-1	65	0	
112	15053452	9765	-1	21	碎叶黑豹		43.543221	219.323105	0	300640	10000	-1	-1	1	0	-1	-1	-1	-1	-1	-1	65	0	
113	15053452	9765	-1	21	碎叶黑豹		44.274796	219.894516	0	300640	10000	-1	-1	1	0	-1	-1	-1	-1	-1	-1	65	0	
114	15053452	9765	-1	21	碎叶黑豹		43.982605	219.226868	0	300640	10000	-1	-1	1	0	-1	-1	-1	-1	-1	-1	65	0	
115	15053452	9765	-1	21	碎叶黑豹		44.633011	220.535385	0	300640	10000	-1	-1	1	0	-1	-1	-1	-1	-1	-1	65	0	
116	15053452	9765	-1	21	碎叶黑豹		43.542755	220.096207	0	300640	10000	-1	-1	1	0	-1	-1	-1	-1	-1	-1	65	0	
117	15053452	9765	-1	21	碎叶黑豹		43.76783	220.391373	0	300640	10000	-1	-1	1	0	-1	-1	-1	-1	-1	-1	65	0	
118	15053452	9765	-1	21	碎叶黑豹		44.254486	219.697952	0	300640	10000	-1	-1	1	0	-1	-1	-1	-1	-1	-1	65	0	
119	15053452	9765	-1	21	碎叶黑豹		43.00238	219.153091	0	300640	10000	-1	-1	1	0	-1	-1	-1	-1	-1	-1	65	0	
120	15053452	9765	-1	21	碎叶黑豹		45.031845	219.055191	0	300640	10000	-1	-1	1	0	-1	-1	-1	-1	-1	-1	65	0	
121	15053452	9765	-1	21	碎叶黑豹		43.492607	219.91687	0	300640	10000	-1	-1	1	0	-1	-1	-1	-1	-1	-1	65	0	
122	15053787	9765	-1	21	碎叶黑豹		177.353958	237.027267	0	300640	10000	-1	-1	1	0	-1	-1	-1	-1	-1	-1	65	0	
123	15053787	9765	-1	21	碎叶黑豹		177.955383	237.44809	0	300640	10000	-1	-1	1	0	-1	-1	-1	-1	-1	-1	65	0	
124	15053787	9765	-1	21	碎叶黑豹		179.006943	236.249969	0	300640	10000	-1	-1	1	0	-1	-1	-1	-1	-1	-1	65	0	
125	15053787	9765	-1	21	碎叶黑豹		177.538818	236.960358	0	300640	10000	-1	-1	1	0	-1	-1	-1	-1	-1	-1	65	0	
126	15053787	9765	-1	21	碎叶黑豹		178.123642	236.523499	0	300640	10000	-1	-1	1	0	-1	-1	-1	-1	-1	-1	65	0	
127	15053787	9765	-1	21	碎叶黑豹		178.054764	236.733246	0	300640	10000	-1	-1	1	0	-1	-1	-1	-1	-1	-1	65	0	
128	15053787	9765	-1	21	碎叶黑豹		178.471039	236.757828	0	300640	10000	-1	-1	1	0	-1	-1	-1	-1	-1	-1	65	0	
129	15053787	9765	-1	21	碎叶黑豹		177.354828	236.405289	0	300640	10000	-1	-1	1	0	-1	-1	-1	-1	-1	-1	65	0	
130	15053787	9765	-1	21	碎叶黑豹		178.595215	237.004333	0	300640	10000	-1	-1	1	0	-1	-1	-1	-1	-1	-1	65	0	
131	15053787	9765	-1	21	碎叶黑豹		178.003082	236.173615	0	300640	10000	-1	-1	1	0	-1	-1	-1	-1	-1	-1	65	0	
132	15053788	9765	-1	21	碎叶黑豹		151.976639	234.477295	0	300640	10000	-1	-1	1	0	-1	-1	-1	-1	-1	-1	65	0	
133	15053788	9765	-1	21	碎叶黑豹		152.484375	235.216843	0	300640	10000	-1	-1	1	0	-1	-1	-1	-1	-1	-1	65	0	
134	15053788	9765	-1	21	碎叶黑豹		152.544373	234.826538	0	300640	10000	-1	-1	1	0	-1	-1	-1	-1	-1	-1	65	0	
135	15053788	9765	-1	21	碎叶黑豹		152.598648	235.139053	0	300640	10000	-1	-1	1	0	-1	-1	-1	-1	-1	-1	65	0	
136	15053788	9765	-1	21	碎叶黑豹		152.621841	234.709549	0	300640	10000	-1	-1	1	0	-1	-1	-1	-1	-1	-1	65	0	
137	15053788	9765	-1	21	碎叶黑豹		152.035492	233.707703	0	300640	10000	-1	-1	1	0	-1	-1	-1	-1	-1	-1	65	0	
138	15053788	9765	-1	21	碎叶黑豹		152.928696	235.609924	0	300640	10000	-1	-1	1	0	-1	-1	-1	-1	-1	-1	65	0	
139	15053788	9765	-1	21	碎叶黑豹		152.808151	235.768875	0	300640	10000	-1	-1	1	0	-1	-1	-1	-1	-1	-1	65	0	
140	15053788	9765	-1	21	碎叶黑豹		152.549118	235.845978	0	300640	10000	-1	-1	1	0	-1	-1	-1	-1	-1	-1	65	0	
141	15053788	9765	-1	21	碎叶黑豹		152.202759	235.608383	0	300640	10000	-1	-1	1	0	-1	-1	-1	-1	-1	-1	65	0	
142	15053789	9765	-1	21	碎叶黑豹		207.71048	216.34906	0	300640	10000	-1	-1	1	0	-1	-1	-1	-1	-1	-1	65	0	
143	15053789	9765	-1	21	碎叶黑豹		207.213593	217.906616	0	300640	10000	-1	-1	1	0	-1	-1	-1	-1	-1	-1	65	0	
144	15053789	9765	-1	21	碎叶黑豹		206.976654	218.143997	0	300640	10000	-1	-1	1	0	-1	-1	-1	-1	-1	-1	65	0	
145	15053789	9765	-1	21	碎叶黑豹		207.842987	216.047714	0	300640	10000	-1	-1	1	0	-1	-1	-1	-1	-1	-1	65	0	
146	15053789	9765	-1	21	碎叶黑豹		206.798523	217.797562	0	300640	10000	-1	-1	1	0	-1	-1	-1	-1	-1	-1	65	0	
147	15053789	9765	-1	21	碎叶黑豹		206.910828	217.769867	0	300640	10000	-1	-1	1	0	-1	-1	-1	-1	-1	-1	65	0	
148	15053789	9765	-1	21	碎叶黑豹		207.008469	217.687271	0	300640	10000	-1	-1	1	0	-1	-1	-1	-1	-1	-1	65	0	
149	15053789	9765	-1	21	碎叶黑豹		207.7267	217.690689	0	300640	10000	-1	-1	1	0	-1	-1	-1	-1	-1	-1	65	0	
150	15053789	9765	-1	21	碎叶黑豹		207.431503	216.89386	0	300640	10000	-1	-1	1	0	-1	-1	-1	-1	-1	-1	65	0	
151	15053789	9765	-1	21	碎叶黑豹		207.254562	216.787857	0	300640	10000	-1	-1	1	0	-1	-1	-1	-1	-1	-1	65	0	
152	15053790	9765	-1	21	碎叶黑豹		205.32135	193.356628	0	300640	10000	-1	-1	1	0	-1	-1	-1	-1	-1	-1	65	0	
153	15053790	9765	-1	21	碎叶黑豹		161.838455	210.524475	0	300640	10000	-1	-1	1	0	-1	-1	-1	-1	-1	-1	65	0	
154	15053790	9765	-1	21	碎叶黑豹		163.914627	210.156662	0	300640	10000	-1	-1	1	0	-1	-1	-1	-1	-1	-1	65	0	
155	15053790	9765	-1	21	碎叶黑豹		162.489685	211.306595	0	300640	10000	-1	-1	1	0	-1	-1	-1	-1	-1	-1	65	0	
156	15053790	9765	-1	21	碎叶黑豹		162.567169	211.184372	0	300640	10000	-1	-1	1	0	-1	-1	-1	-1	-1	-1	65	0	
157	15053790	9765	-1	21	碎叶黑豹		162.809448	211.299316	0	300640	10000	-1	-1	1	0	-1	-1	-1	-1	-1	-1	65	0	
158	15053790	9765	-1	21	碎叶黑豹		163.494736	210.770905	0	300640	10000	-1	-1	1	0	-1	-1	-1	-1	-1	-1	65	0	
159	15053790	9765	-1	21	碎叶黑豹		162.819931	209.873917	0	300640	10000	-1	-1	1	0	-1	-1	-1	-1	-1	-1	65	0	
160	15053790	9765	-1	21	碎叶黑豹		162.738281	210.969833	0	300640	10000	-1	-1	1	0	-1	-1	-1	-1	-1	-1	65	0	
161	15053790	9765	-1	21	碎叶黑豹		162.236145	211.166367	0	300640	10000	-1	-1	1	0	-1	-1	-1	-1	-1	-1	65	0	
162	15053810	9556	-1	21	西辽红尾蝎		65.867821	88.206398	0	300640	10000	-1	-1	1	0	-1	-1	-1	-1	-1	-1	65	0	
163	15053811	9556	-1	21	西辽红尾蝎		52.62294	24.708221	0	300640	10000	-1	-1	1	0	-1	-1	-1	-1	-1	-1	65	0	
164	15053812	9556	-1	21	西辽红尾蝎		52.62294	24.708221	0	300640	10000	-1	-1	1	0	-1	-1	-1	-1	-1	-1	65	0	
165	15053813	9556	-1	21	西辽红尾蝎		52.62294	24.708221	0	300640	10000	-1	-1	1	0	-1	-1	-1	-1	-1	-1	65	0	
166	15053814	9556	-1	21	西辽红尾蝎		52.62294	24.708221	0	300640	10000	-1	-1	1	0	-1	-1	-1	-1	-1	-1	65	0	
167	15053815	9556	-1	21	西辽红尾蝎		52.62294	24.708221	0	300640	10000	-1	-1	1	0	-1	-1	-1	-1	-1	-1	65	0	
168	15053816	9556	-1	21	西辽红尾蝎		52.62294	24.708221	0	300640	10000	-1	-1	1	0	-1	-1	-1	-1	-1	-1	65	0	
169	15053817	9556	-1	21	西辽红尾蝎		52.62294	24.708221	0	300640	10000	-1	-1	1	0	-1	-1	-1	-1	-1	-1	65	0	
170	15053818	9556	-1	21	西辽红尾蝎		52.62294	24.708221	0	300640	10000	-1	-1	1	0	-1	-1	-1	-1	-1	-1	65	0	
171	15053819	9556	-1	21	西辽红尾蝎		52.62294	24.708221	0	300640	10000	-1	-1	1	0	-1	-1	-1	-1	-1	-1	65	0	
172	15053820	9556	-1	21	西辽红尾蝎		52.62294	24.708221	0	300640	10000	-1	-1	1	0	-1	-1	-1	-1	-1	-1	65	0	
173	15053832	9765	-1	21	碎叶黑豹		78.521172	228.114029	0	300640	10000	-1	-1	1	0	-1	-1	-1	-1	-1	-1	65	0	
174	15053833	9765	-1	21	碎叶黑豹		92.227905	210.933151	0	300640	10000	-1	-1	1	0	-1	-1	-1	-1	-1	-1	65	0	
175	15053834	9765	-1	21	碎叶黑豹		92.372475	211.093903	0	300640	10000	-1	-1	1	0	-1	-1	-1	-1	-1	-1	65	0	
176	15053835	9765	-1	21	碎叶黑豹		92.447533	210.824905	0	300640	10000	-1	-1	1	0	-1	-1	-1	-1	-1	-1	65	0	
177	15053836	9765	-1	21	碎叶黑豹		92.342827	210.452621	0	300640	10000	-1	-1	1	0	-1	-1	-1	-1	-1	-1	65	0	
178	15053837	9765	-1	21	碎叶黑豹		92.121277	210.911057	0	300640	10000	-1	-1	1	0	-1	-1	-1	-1	-1	-1	65	0	
179	15053838	9765	-1	21	碎叶黑豹		92.181396	210.946259	0	300640	10000	-1	-1	1	0	-1	-1	-1	-1	-1	-1	65	0	
180	15053839	9765	-1	21	碎叶黑豹		91.645027	210.989578	0	300640	10000	-1	-1	1	0	-1	-1	-1	-1	-1	-1	65	0	
181	15053840	9765	-1	21	碎叶黑豹		92.061684	210.875946	0	300640	10000	-1	-1	1	0	-1	-1	-1	-1	-1	-1	65	0	
182	15053841	9765	-1	21	碎叶黑豹		92.029869	210.584244	0	300640	10000	-1	-1	1	0	-1	-1	-1	-1	-1	-1	65	0	
183	15053842	9765	-1	21	碎叶黑豹		91.765182	210.706421	0	300640	10000	-1	-1	1	0	-1	-1	-1	-1	-1	-1	65	0	
184	15053849	9556	-1	21	西辽红尾蝎		50.662899	49.875469	0	300640	10000	-1	-1	1	0	-1	-1	-1	-1	-1	-1	65	0	
185	15053850	9556	-1	21	西辽红尾蝎		50.797535	49.850685	0	300640	10000	-1	-1	1	0	-1	-1	-1	-1	-1	-1	65	0	
186	15053851	9556	-1	21	西辽红尾蝎		50.833492	50.051613	0	300640	10000	-1	-1	1	0	-1	-1	-1	-1	-1	-1	65	0	
187	15053852	9556	-1	21	西辽红尾蝎		51.214058	49.846325	0	300640	10000	-1	-1	1	0	-1	-1	-1	-1	-1	-1	65	0	
188	15053853	9556	-1	21	西辽红尾蝎		51.016151	50.295223	0	300640	10000	-1	-1	1	0	-1	-1	-1	-1	-1	-1	65	0	
189	15053854	9556	-1	21	西辽红尾蝎		50.841324	49.705235	0	300640	10000	-1	-1	1	0	-1	-1	-1	-1	-1	-1	65	0	
190	15053855	9556	-1	21	西辽红尾蝎		50.864834	49.839237	0	300640	10000	-1	-1	1	0	-1	-1	-1	-1	-1	-1	65	0	
191	15053856	9556	-1	21	西辽红尾蝎		51.280411	49.83392	0	300640	10000	-1	-1	1	0	-1	-1	-1	-1	-1	-1	65	0	
192	15053857	9556	-1	21	西辽红尾蝎		37.284969	82.580109	0	300640	10000	-1	-1	1	0	-1	-1	-1	-1	-1	-1	65	0	
193	15053880	3801	400260	20	碎叶僧人		148.831467	50.360241	32	0	10000	-1	-1	3	0	-1	-1	-1	-1	-1	-1	65	0	
194	15053881	25057	400259	20	玄慈大师	石佛寺主持	151.17572	50.350685	32	0	10000	-1	-1	3	0	-1	-1	-1	-1	-1	-1	65	0	
195	15053882	3801	400260	20	碎叶僧人		128.423386	50.581669	16	0	10000	-1	-1	3	0	-1	-1	-1	-1	-1	-1	65	0	
196	15053884	3801	400260	20	碎叶僧人		120.322472	48.346245	32	0	10000	-1	-1	3	0	-1	-1	-1	-1	-1	-1	65	0	
197	15053885	3801	400260	20	碎叶僧人		123.334068	48.199722	28	0	10000	-1	-1	3	0	-1	-1	-1	-1	-1	-1	65	0	
198	15053889	245	400230	20	石匠柏佛		124.932617	49.956154	28	0	10000	-1	-1	3	0	-1	-1	-1	-1	-1	-1	65	0	
199	15053894	73	400231	20	侍女		173.978088	36.431095	28	0	10000	-1	-1	3	0	-1	-1	-1	-1	-1	-1	65	0	
200	15053895	72	400232	20	耶律红颜	耶律万沙之妻	173.058319	37.186756	28	0	10000	-1	-1	3	0	-1	-1	-1	-1	-1	-1	65	0	
201	15053896	74	400233	20	纺织女纱织		175.811951	42.961231	18	0	10000	-1	-1	3	0	-1	-1	-1	-1	-1	-1	65	0	
202	15053897	71	400234	20	艾克孜之妻		231.20163	179.670242	20	0	10000	-1	-1	3	0	-1	-1	-1	-1	-1	-1	65	0	
203	15053898	1316	400289	20	丁采臣	乔家随从	145.611252	101.941887	24	0	10000	-1	-1	3	0	-1	-1	-1	-1	-1	-1	65	0	
204	15053905	7	400298	20	乔远见	中原富商	143.514542	101.309052	14	0	10000	-1	-1	3	0	-1	-1	-1	-1	-1	-1	65	0	
205	7336799	4295	101686	-1	组队指引人		197	85	0	-1	1000	-1	-1	3	0	-1	-1	-1	-1	-1	-1	100	0	
206	15053906	9765	-1	21	碎叶黑豹		162.868484	210.900696	0	300640	10000	-1	-1	1	0	-1	-1	-1	-1	-1	-1	65	0	
207	15053907	9765	-1	21	碎叶黑豹		163.078308	210.272339	0	300640	10000	-1	-1	1	0	-1	-1	-1	-1	-1	-1	65	0	
208	15053908	9765	-1	21	碎叶黑豹		208.122803	192.37796	0	300640	10000	-1	-1	1	0	-1	-1	-1	-1	-1	-1	65	0	
209	15053909	9765	-1	21	碎叶黑豹		208.68277	191.803253	0	300640	10000	-1	-1	1	0	-1	-1	-1	-1	-1	-1	65	0	
210	15053910	9765	-1	21	碎叶黑豹		182.278046	178.702652	0	300640	10000	-1	-1	1	0	-1	-1	-1	-1	-1	-1	65	0	
211	15053911	9765	-1	21	碎叶黑豹		204.994156	193.586853	0	300640	10000	-1	-1	1	0	-1	-1	-1	-1	-1	-1	65	0	
212	15053912	9765	-1	21	碎叶黑豹		205.969315	193.00853	0	300640	10000	-1	-1	1	0	-1	-1	-1	-1	-1	-1	65	0	
213	15053913	9765	-1	21	碎叶黑豹		206.525772	193.211212	0	300640	10000	-1	-1	1	0	-1	-1	-1	-1	-1	-1	65	0	
214	15053914	9765	-1	21	碎叶黑豹		207.587097	192.616348	0	300640	10000	-1	-1	1	0	-1	-1	-1	-1	-1	-1	65	0	
215	15053915	9765	-1	21	碎叶黑豹		208.898224	191.416809	0	300640	10000	-1	-1	1	0	-1	-1	-1	-1	-1	-1	65	0	
216	15053916	9765	-1	21	碎叶黑豹		208.221878	192.393143	0	300640	10000	-1	-1	1	0	-1	-1	-1	-1	-1	-1	65	0	
217	15053917	9765	-1	21	碎叶黑豹		207.245529	192.622116	0	300640	10000	-1	-1	1	0	-1	-1	-1	-1	-1	-1	65	0	
218	15053918	9765	-1	21	碎叶黑豹		207.482376	192.99942	0	300640	10000	-1	-1	1	0	-1	-1	-1	-1	-1	-1	65	0	
219	15053919	9765	-1	21	碎叶黑豹		208.387756	192.080551	0	300640	10000	-1	-1	1	0	-1	-1	-1	-1	-1	-1	65	0	
220	15053920	9765	-1	21	碎叶黑豹		182.055557	178.444244	0	300640	10000	-1	-1	1	0	-1	-1	-1	-1	-1	-1	65	0	
221	15053921	9765	-1	21	碎叶黑豹		182.600159	178.24234	0	300640	10000	-1	-1	1	0	-1	-1	-1	-1	-1	-1	65	0	
222	15053922	9765	-1	21	碎叶黑豹		181.83284	179.344971	0	300640	10000	-1	-1	1	0	-1	-1	-1	-1	-1	-1	65	0	
223	15053923	9765	-1	21	碎叶黑豹		181.776443	179.302185	0	300640	10000	-1	-1	1	0	-1	-1	-1	-1	-1	-1	65	0	
224	15053924	9765	-1	21	碎叶黑豹		181.685303	179.373169	0	300640	10000	-1	-1	1	0	-1	-1	-1	-1	-1	-1	65	0	
225	15053925	9765	-1	21	碎叶黑豹		181.957123	179.669052	0	300640	10000	-1	-1	1	0	-1	-1	-1	-1	-1	-1	65	0	
226	15053926	9765	-1	21	碎叶黑豹		182.802856	177.831833	0	300640	10000	-1	-1	1	0	-1	-1	-1	-1	-1	-1	65	0	
227	15053927	9765	-1	21	碎叶黑豹		181.649979	180.313339	0	300640	10000	-1	-1	1	0	-1	-1	-1	-1	-1	-1	65	0	
228	15053928	9765	-1	21	碎叶黑豹		181.552353	180.010117	0	300640	10000	-1	-1	1	0	-1	-1	-1	-1	-1	-1	65	0	
229	15053929	9765	-1	21	碎叶黑豹		182.854767	177.264877	0	300640	10000	-1	-1	1	0	-1	-1	-1	-1	-1	-1	65	0	
230	15053930	9556	-1	21	西辽红尾蝎		50.862289	50.599003	0	300640	10000	-1	-1	1	0	-1	-1	-1	-1	-1	-1	65	0	
231	15053931	9556	-1	21	西辽红尾蝎		51.175854	50.404922	0	300640	10000	-1	-1	1	0	-1	-1	-1	-1	-1	-1	65	0	
