NUM	NUM	NUM	NUM	NUM	TEXT	TEXT	FLOAT	FLOAT	NUM	NUM	NUM	NUM	NUM	NUM	NUM	NUM	NUM	NUM	NUM	NUM	NUM	NUM	NUM
编号	随机编号	attr编号	逻辑表编号	阵营编号	名称	称号	x轴坐标	z轴坐标	朝向	脚本编号	重生时间	分组编号	队伍编号	基础AI	AI文件	巡逻路径	商店0	商店1	商店2	商店3	名誉ID	等级	镜像组
0	15052371	9818	-1	21	代宗助国	幕府之王爪牙	218	209	18	300619	10000	-1	-1	1	0	-1	-1	-1	-1	-1	-1	110	0	
1	1	18806	-1	21	长鳌巨蟹		70.917702	150.435791	0	300640	10000	-1	-1	1	0	-1	-1	-1	-1	-1	-1	110	0	
2	2	18806	-1	21	长鳌巨蟹		71.017702	150.335791	0	300640	10000	-1	-1	1	0	-1	-1	-1	-1	-1	-1	110	0	
3	3	18806	-1	21	长鳌巨蟹		69.917702	150.435791	0	300640	10000	-1	-1	1	0	-1	-1	-1	-1	-1	-1	110	0	
4	4	18806	-1	21	长鳌巨蟹		69.917702	151.435791	0	300640	10000	-1	-1	1	0	-1	-1	-1	-1	-1	-1	110	0	
5	5	18806	-1	21	长鳌巨蟹		69.917702	149.435791	0	300640	10000	-1	-1	1	0	-1	-1	-1	-1	-1	-1	110	0	
6	6	18806	-1	21	长鳌巨蟹		70.917702	151.435791	0	300640	10000	-1	-1	1	0	-1	-1	-1	-1	-1	-1	110	0	
7	7	18806	-1	21	长鳌巨蟹		70.917702	149.435791	0	300640	10000	-1	-1	1	0	-1	-1	-1	-1	-1	-1	110	0	
8	8	18806	-1	21	长鳌巨蟹		71.917702	150.435791	0	300640	10000	-1	-1	1	0	-1	-1	-1	-1	-1	-1	110	0	
9	9	18806	-1	21	长鳌巨蟹		71.917702	151.435791	0	300640	10000	-1	-1	1	0	-1	-1	-1	-1	-1	-1	110	0	
10	10	18806	-1	21	长鳌巨蟹		71.917702	149.435791	0	300640	10000	-1	-1	1	0	-1	-1	-1	-1	-1	-1	110	0	
11	11	18806	-1	21	长鳌巨蟹		51.9552	132.469849	0	300640	10000	-1	-1	1	0	-1	-1	-1	-1	-1	-1	110	0	
12	12	18806	-1	21	长鳌巨蟹		52.0552	132.369849	0	300640	10000	-1	-1	1	0	-1	-1	-1	-1	-1	-1	110	0	
13	13	18806	-1	21	长鳌巨蟹		50.9552	132.469849	0	300640	10000	-1	-1	1	0	-1	-1	-1	-1	-1	-1	110	0	
14	14	18806	-1	21	长鳌巨蟹		50.9552	133.469849	0	300640	10000	-1	-1	1	0	-1	-1	-1	-1	-1	-1	110	0	
15	15	18806	-1	21	长鳌巨蟹		50.9552	131.469849	0	300640	10000	-1	-1	1	0	-1	-1	-1	-1	-1	-1	110	0	
16	16	18806	-1	21	长鳌巨蟹		51.9552	133.469849	0	300640	10000	-1	-1	1	0	-1	-1	-1	-1	-1	-1	110	0	
17	17	18806	-1	21	长鳌巨蟹		51.9552	131.469849	0	300640	10000	-1	-1	1	0	-1	-1	-1	-1	-1	-1	110	0	
18	18	18806	-1	21	长鳌巨蟹		52.9552	132.469849	0	300640	10000	-1	-1	1	0	-1	-1	-1	-1	-1	-1	110	0	
19	19	18806	-1	21	长鳌巨蟹		52.9552	133.469849	0	300640	10000	-1	-1	1	0	-1	-1	-1	-1	-1	-1	110	0	
20	20	18806	-1	21	长鳌巨蟹		52.9552	131.469849	0	300640	10000	-1	-1	1	0	-1	-1	-1	-1	-1	-1	110	0	
21	41	18806	-1	21	长鳌巨蟹		81.377052	138.593933	0	300640	10000	-1	-1	1	0	-1	-1	-1	-1	-1	-1	110	0	
22	42	18806	-1	21	长鳌巨蟹		81.477052	138.493933	0	300640	10000	-1	-1	1	0	-1	-1	-1	-1	-1	-1	110	0	
23	43	18806	-1	21	长鳌巨蟹		80.377052	138.593933	0	300640	10000	-1	-1	1	0	-1	-1	-1	-1	-1	-1	110	0	
24	44	18806	-1	21	长鳌巨蟹		80.377052	139.593933	0	300640	10000	-1	-1	1	0	-1	-1	-1	-1	-1	-1	110	0	
25	45	18806	-1	21	长鳌巨蟹		80.377052	137.593933	0	300640	10000	-1	-1	1	0	-1	-1	-1	-1	-1	-1	110	0	
26	46	18806	-1	21	长鳌巨蟹		81.377052	139.593933	0	300640	10000	-1	-1	1	0	-1	-1	-1	-1	-1	-1	110	0	
27	47	18806	-1	21	长鳌巨蟹		81.377052	137.593933	0	300640	10000	-1	-1	1	0	-1	-1	-1	-1	-1	-1	110	0	
28	48	18806	-1	21	长鳌巨蟹		82.377052	138.593933	0	300640	10000	-1	-1	1	0	-1	-1	-1	-1	-1	-1	110	0	
29	49	18806	-1	21	长鳌巨蟹		82.377052	139.593933	0	300640	10000	-1	-1	1	0	-1	-1	-1	-1	-1	-1	110	0	
30	50	18806	-1	21	长鳌巨蟹		82.377052	137.593933	0	300640	10000	-1	-1	1	0	-1	-1	-1	-1	-1	-1	110	0	
31	51	18806	-1	21	长鳌巨蟹		65.651291	108.895287	0	300640	10000	-1	-1	1	0	-1	-1	-1	-1	-1	-1	110	0	
32	52	18806	-1	21	长鳌巨蟹		65.751291	108.795287	0	300640	10000	-1	-1	1	0	-1	-1	-1	-1	-1	-1	110	0	
33	53	18806	-1	21	长鳌巨蟹		64.651291	108.895287	0	300640	10000	-1	-1	1	0	-1	-1	-1	-1	-1	-1	110	0	
34	54	18806	-1	21	长鳌巨蟹		64.651291	109.895287	0	300640	10000	-1	-1	1	0	-1	-1	-1	-1	-1	-1	110	0	
35	55	18806	-1	21	长鳌巨蟹		64.651291	107.895287	0	300640	10000	-1	-1	1	0	-1	-1	-1	-1	-1	-1	110	0	
36	56	18806	-1	21	长鳌巨蟹		65.651291	109.895287	0	300640	10000	-1	-1	1	0	-1	-1	-1	-1	-1	-1	110	0	
37	57	18806	-1	21	长鳌巨蟹		65.651291	107.895287	0	300640	10000	-1	-1	1	0	-1	-1	-1	-1	-1	-1	110	0	
38	58	18806	-1	21	长鳌巨蟹		66.651291	108.895287	0	300640	10000	-1	-1	1	0	-1	-1	-1	-1	-1	-1	110	0	
39	59	18806	-1	21	长鳌巨蟹		66.651291	109.895287	0	300640	10000	-1	-1	1	0	-1	-1	-1	-1	-1	-1	110	0	
40	60	18806	-1	21	长鳌巨蟹		66.651291	107.895287	0	300640	10000	-1	-1	1	0	-1	-1	-1	-1	-1	-1	110	0	
41	61	18806	-1	21	长鳌巨蟹		87.13343	47.04789	0	300640	10000	-1	-1	1	0	-1	-1	-1	-1	-1	-1	110	0	
42	62	18806	-1	21	长鳌巨蟹		87.23343	46.94789	0	300640	10000	-1	-1	1	0	-1	-1	-1	-1	-1	-1	110	0	
43	63	18806	-1	21	长鳌巨蟹		86.13343	47.04789	0	300640	10000	-1	-1	1	0	-1	-1	-1	-1	-1	-1	110	0	
44	64	18806	-1	21	长鳌巨蟹		86.13343	48.04789	0	300640	10000	-1	-1	1	0	-1	-1	-1	-1	-1	-1	110	0	
45	65	18806	-1	21	长鳌巨蟹		86.13343	46.04789	0	300640	10000	-1	-1	1	0	-1	-1	-1	-1	-1	-1	110	0	
46	66	18806	-1	21	长鳌巨蟹		87.13343	48.04789	0	300640	10000	-1	-1	1	0	-1	-1	-1	-1	-1	-1	110	0	
47	67	18806	-1	21	长鳌巨蟹		87.13343	46.04789	0	300640	10000	-1	-1	1	0	-1	-1	-1	-1	-1	-1	110	0	
48	68	18806	-1	21	长鳌巨蟹		88.13343	47.04789	0	300640	10000	-1	-1	1	0	-1	-1	-1	-1	-1	-1	110	0	
49	69	18806	-1	21	长鳌巨蟹		88.13343	48.04789	0	300640	10000	-1	-1	1	0	-1	-1	-1	-1	-1	-1	110	0	
50	70	18806	-1	21	长鳌巨蟹		88.13343	46.04789	0	300640	10000	-1	-1	1	0	-1	-1	-1	-1	-1	-1	110	0	
51	71	18806	-1	21	长鳌巨蟹		66.655563	46.949215	0	300640	10000	-1	-1	1	0	-1	-1	-1	-1	-1	-1	110	0	
52	72	18806	-1	21	长鳌巨蟹		66.323471	46.657303	0	300640	10000	-1	-1	1	0	-1	-1	-1	-1	-1	-1	110	0	
53	73	18806	-1	21	长鳌巨蟹		68.238243	46.996658	0	300640	10000	-1	-1	1	0	-1	-1	-1	-1	-1	-1	110	0	
54	74	18806	-1	21	长鳌巨蟹		67.774414	45.960186	0	300640	10000	-1	-1	1	0	-1	-1	-1	-1	-1	-1	110	0	
55	75	18806	-1	21	长鳌巨蟹		66.294243	45.690968	0	300640	10000	-1	-1	1	0	-1	-1	-1	-1	-1	-1	110	0	
56	76	18806	-1	21	长鳌巨蟹		67.616859	45.600117	0	300640	10000	-1	-1	1	0	-1	-1	-1	-1	-1	-1	110	0	
57	77	18806	-1	21	长鳌巨蟹		67.598	47.445606	0	300640	10000	-1	-1	1	0	-1	-1	-1	-1	-1	-1	110	0	
58	78	18806	-1	21	长鳌巨蟹		67.159874	47.121098	0	300640	10000	-1	-1	1	0	-1	-1	-1	-1	-1	-1	110	0	
59	79	18806	-1	21	长鳌巨蟹		67.391975	46.992867	0	300640	10000	-1	-1	1	0	-1	-1	-1	-1	-1	-1	110	0	
60	80	18806	-1	21	长鳌巨蟹		67.331223	45.585556	0	300640	10000	-1	-1	1	0	-1	-1	-1	-1	-1	-1	110	0	
61	81	18804	-1	21	对马银狼		106.103828	205.643295	0	300640	10000	-1	-1	1	0	-1	-1	-1	-1	-1	-1	110	0	
62	82	18804	-1	21	对马银狼		106.203828	205.543295	0	300640	10000	-1	-1	1	0	-1	-1	-1	-1	-1	-1	110	0	
63	83	18804	-1	21	对马银狼		105.103828	205.643295	0	300640	10000	-1	-1	1	0	-1	-1	-1	-1	-1	-1	110	0	
64	84	18804	-1	21	对马银狼		105.103828	206.643295	0	300640	10000	-1	-1	1	0	-1	-1	-1	-1	-1	-1	110	0	
65	85	18804	-1	21	对马银狼		105.103828	204.643295	0	300640	10000	-1	-1	1	0	-1	-1	-1	-1	-1	-1	110	0	
66	86	18804	-1	21	对马银狼		106.103828	206.643295	0	300640	10000	-1	-1	1	0	-1	-1	-1	-1	-1	-1	110	0	
67	87	18804	-1	21	对马银狼		106.103828	204.643295	0	300640	10000	-1	-1	1	0	-1	-1	-1	-1	-1	-1	110	0	
68	88	18804	-1	21	对马银狼		107.103828	205.643295	0	300640	10000	-1	-1	1	0	-1	-1	-1	-1	-1	-1	110	0	
69	89	18804	-1	21	对马银狼		107.103828	206.643295	0	300640	10000	-1	-1	1	0	-1	-1	-1	-1	-1	-1	110	0	
70	90	18804	-1	21	对马银狼		107.103828	204.643295	0	300640	10000	-1	-1	1	0	-1	-1	-1	-1	-1	-1	110	0	
71	91	18804	-1	21	对马银狼		77.537758	203.333694	0	300640	10000	-1	-1	1	0	-1	-1	-1	-1	-1	-1	110	0	
72	92	18804	-1	21	对马银狼		77.794594	206.893341	0	300640	10000	-1	-1	1	0	-1	-1	-1	-1	-1	-1	110	0	
73	93	18804	-1	21	对马银狼		77.637703	206.069122	0	300640	10000	-1	-1	1	0	-1	-1	-1	-1	-1	-1	110	0	
74	94	18804	-1	21	对马银狼		76.93737	204.251846	0	300640	10000	-1	-1	1	0	-1	-1	-1	-1	-1	-1	110	0	
75	95	18804	-1	21	对马银狼		77.109901	206.063217	0	300640	10000	-1	-1	1	0	-1	-1	-1	-1	-1	-1	110	0	
76	96	18804	-1	21	对马银狼		77.096123	204.825073	0	300640	10000	-1	-1	1	0	-1	-1	-1	-1	-1	-1	110	0	
77	97	18804	-1	21	对马银狼		77.948334	207.302734	0	300640	10000	-1	-1	1	0	-1	-1	-1	-1	-1	-1	110	0	
78	98	18804	-1	21	对马银狼		77.225189	202.722839	0	300640	10000	-1	-1	1	0	-1	-1	-1	-1	-1	-1	110	0	
79	99	18804	-1	21	对马银狼		77.176491	205.320755	0	300640	10000	-1	-1	1	0	-1	-1	-1	-1	-1	-1	110	0	
80	100	18804	-1	21	对马银狼		77.703537	204.998581	0	300640	10000	-1	-1	1	0	-1	-1	-1	-1	-1	-1	110	0	
81	111	18804	-1	21	对马银狼		96.193321	185.414795	0	300640	10000	-1	-1	1	0	-1	-1	-1	-1	-1	-1	110	0	
82	112	18804	-1	21	对马银狼		96.293321	185.314795	0	300640	10000	-1	-1	1	0	-1	-1	-1	-1	-1	-1	110	0	
83	113	18804	-1	21	对马银狼		95.193321	185.414795	0	300640	10000	-1	-1	1	0	-1	-1	-1	-1	-1	-1	110	0	
84	114	18804	-1	21	对马银狼		95.193321	186.414795	0	300640	10000	-1	-1	1	0	-1	-1	-1	-1	-1	-1	110	0	
85	115	18804	-1	21	对马银狼		95.193321	184.414795	0	300640	10000	-1	-1	1	0	-1	-1	-1	-1	-1	-1	110	0	
86	116	18804	-1	21	对马银狼		96.193321	186.414795	0	300640	10000	-1	-1	1	0	-1	-1	-1	-1	-1	-1	110	0	
87	117	18804	-1	21	对马银狼		96.193321	184.414795	0	300640	10000	-1	-1	1	0	-1	-1	-1	-1	-1	-1	110	0	
88	118	18804	-1	21	对马银狼		97.193321	185.414795	0	300640	10000	-1	-1	1	0	-1	-1	-1	-1	-1	-1	110	0	
89	119	18804	-1	21	对马银狼		97.193321	186.414795	0	300640	10000	-1	-1	1	0	-1	-1	-1	-1	-1	-1	110	0	
90	120	18804	-1	21	对马银狼		97.193321	184.414795	0	300640	10000	-1	-1	1	0	-1	-1	-1	-1	-1	-1	110	0	
91	131	18804	-1	21	对马银狼		130.700684	177.964401	0	300640	10000	-1	-1	1	0	-1	-1	-1	-1	-1	-1	110	0	
92	132	18804	-1	21	对马银狼		130.800684	177.864401	0	300640	10000	-1	-1	1	0	-1	-1	-1	-1	-1	-1	110	0	
93	133	18804	-1	21	对马银狼		129.700684	177.964401	0	300640	10000	-1	-1	1	0	-1	-1	-1	-1	-1	-1	110	0	
94	134	18804	-1	21	对马银狼		129.700684	178.964401	0	300640	10000	-1	-1	1	0	-1	-1	-1	-1	-1	-1	110	0	
95	135	18804	-1	21	对马银狼		129.700684	176.964401	0	300640	10000	-1	-1	1	0	-1	-1	-1	-1	-1	-1	110	0	
96	136	18804	-1	21	对马银狼		130.700684	178.964401	0	300640	10000	-1	-1	1	0	-1	-1	-1	-1	-1	-1	110	0	
97	137	18804	-1	21	对马银狼		130.700684	176.964401	0	300640	10000	-1	-1	1	0	-1	-1	-1	-1	-1	-1	110	0	
98	138	18804	-1	21	对马银狼		131.700684	177.964401	0	300640	10000	-1	-1	1	0	-1	-1	-1	-1	-1	-1	110	0	
99	139	18804	-1	21	对马银狼		131.700684	178.964401	0	300640	10000	-1	-1	1	0	-1	-1	-1	-1	-1	-1	110	0	
100	140	18804	-1	21	对马银狼		131.700684	176.964401	0	300640	10000	-1	-1	1	0	-1	-1	-1	-1	-1	-1	110	0	
101	141	18804	-1	21	对马银狼		135.427628	45.82616	0	300640	10000	-1	-1	1	0	-1	-1	-1	-1	-1	-1	110	0	
102	142	18804	-1	21	对马银狼		135.527628	45.72616	0	300640	10000	-1	-1	1	0	-1	-1	-1	-1	-1	-1	110	0	
103	143	18804	-1	21	对马银狼		134.427628	45.82616	0	300640	10000	-1	-1	1	0	-1	-1	-1	-1	-1	-1	110	0	
104	144	18804	-1	21	对马银狼		134.427628	46.82616	0	300640	10000	-1	-1	1	0	-1	-1	-1	-1	-1	-1	110	0	
105	145	18804	-1	21	对马银狼		134.427628	44.82616	0	300640	10000	-1	-1	1	0	-1	-1	-1	-1	-1	-1	110	0	
106	146	18804	-1	21	对马银狼		135.427628	46.82616	0	300640	10000	-1	-1	1	0	-1	-1	-1	-1	-1	-1	110	0	
107	147	18804	-1	21	对马银狼		135.427628	44.82616	0	300640	10000	-1	-1	1	0	-1	-1	-1	-1	-1	-1	110	0	
108	148	18804	-1	21	对马银狼		136.427628	45.82616	0	300640	10000	-1	-1	1	0	-1	-1	-1	-1	-1	-1	110	0	
109	149	18804	-1	21	对马银狼		136.427628	46.82616	0	300640	10000	-1	-1	1	0	-1	-1	-1	-1	-1	-1	110	0	
110	150	18804	-1	21	对马银狼		136.427628	44.82616	0	300640	10000	-1	-1	1	0	-1	-1	-1	-1	-1	-1	110	0	
111	151	18804	-1	21	对马银狼		137.183563	65.879929	0	300640	10000	-1	-1	1	0	-1	-1	-1	-1	-1	-1	110	0	
112	152	18804	-1	21	对马银狼		137.283563	65.779929	0	300640	10000	-1	-1	1	0	-1	-1	-1	-1	-1	-1	110	0	
113	153	18804	-1	21	对马银狼		136.183563	65.879929	0	300640	10000	-1	-1	1	0	-1	-1	-1	-1	-1	-1	110	0	
114	154	18804	-1	21	对马银狼		136.183563	66.879929	0	300640	10000	-1	-1	1	0	-1	-1	-1	-1	-1	-1	110	0	
115	155	18804	-1	21	对马银狼		136.183563	64.879929	0	300640	10000	-1	-1	1	0	-1	-1	-1	-1	-1	-1	110	0	
116	156	18804	-1	21	对马银狼		137.183563	66.879929	0	300640	10000	-1	-1	1	0	-1	-1	-1	-1	-1	-1	110	0	
117	157	18804	-1	21	对马银狼		137.183563	64.879929	0	300640	10000	-1	-1	1	0	-1	-1	-1	-1	-1	-1	110	0	
118	158	18804	-1	21	对马银狼		138.183563	65.879929	0	300640	10000	-1	-1	1	0	-1	-1	-1	-1	-1	-1	110	0	
119	159	18804	-1	21	对马银狼		138.183563	66.879929	0	300640	10000	-1	-1	1	0	-1	-1	-1	-1	-1	-1	110	0	
120	160	18804	-1	21	对马银狼		138.183563	64.879929	0	300640	10000	-1	-1	1	0	-1	-1	-1	-1	-1	-1	110	0	
121	161	18804	-1	21	对马银狼		162.279755	227.801605	0	300640	10000	-1	-1	1	0	-1	-1	-1	-1	-1	-1	110	0	
122	162	18804	-1	21	对马银狼		162.379761	227.701599	0	300640	10000	-1	-1	1	0	-1	-1	-1	-1	-1	-1	110	0	
123	163	18804	-1	21	对马银狼		161.279755	227.801605	0	300640	10000	-1	-1	1	0	-1	-1	-1	-1	-1	-1	110	0	
124	164	18804	-1	21	对马银狼		161.279755	228.801605	0	300640	10000	-1	-1	1	0	-1	-1	-1	-1	-1	-1	110	0	
125	165	18804	-1	21	对马银狼		161.279755	226.801605	0	300640	10000	-1	-1	1	0	-1	-1	-1	-1	-1	-1	110	0	
126	166	18804	-1	21	对马银狼		162.279755	228.801605	0	300640	10000	-1	-1	1	0	-1	-1	-1	-1	-1	-1	110	0	
127	167	18804	-1	21	对马银狼		162.279755	226.801605	0	300640	10000	-1	-1	1	0	-1	-1	-1	-1	-1	-1	110	0	
128	168	18804	-1	21	对马银狼		163.279755	227.801605	0	300640	10000	-1	-1	1	0	-1	-1	-1	-1	-1	-1	110	0	
129	169	18804	-1	21	对马银狼		163.279755	228.801605	0	300640	10000	-1	-1	1	0	-1	-1	-1	-1	-1	-1	110	0	
130	170	18804	-1	21	对马银狼		163.279755	226.801605	0	300640	10000	-1	-1	1	0	-1	-1	-1	-1	-1	-1	110	0	
131	181	18804	-1	21	对马银狼		199.249771	215.252182	0	300640	10000	-1	-1	1	0	-1	-1	-1	-1	-1	-1	110	0	
132	182	18804	-1	21	对马银狼		199.349771	215.152182	0	300640	10000	-1	-1	1	0	-1	-1	-1	-1	-1	-1	110	0	
133	183	18804	-1	21	对马银狼		198.249771	215.252182	0	300640	10000	-1	-1	1	0	-1	-1	-1	-1	-1	-1	110	0	
134	184	18804	-1	21	对马银狼		198.249771	216.252182	0	300640	10000	-1	-1	1	0	-1	-1	-1	-1	-1	-1	110	0	
135	185	18804	-1	21	对马银狼		198.249771	214.252182	0	300640	10000	-1	-1	1	0	-1	-1	-1	-1	-1	-1	110	0	
136	186	18804	-1	21	对马银狼		199.249771	216.252182	0	300640	10000	-1	-1	1	0	-1	-1	-1	-1	-1	-1	110	0	
137	187	18804	-1	21	对马银狼		199.249771	214.252182	0	300640	10000	-1	-1	1	0	-1	-1	-1	-1	-1	-1	110	0	
138	188	18804	-1	21	对马银狼		200.249771	215.252182	0	300640	10000	-1	-1	1	0	-1	-1	-1	-1	-1	-1	110	0	
139	189	18804	-1	21	对马银狼		200.249771	216.252182	0	300640	10000	-1	-1	1	0	-1	-1	-1	-1	-1	-1	110	0	
140	190	18804	-1	21	对马银狼		200.249771	214.252182	0	300640	10000	-1	-1	1	0	-1	-1	-1	-1	-1	-1	110	0	
141	191	18804	-1	21	对马银狼		175.488831	204.870972	0	300640	10000	-1	-1	1	0	-1	-1	-1	-1	-1	-1	110	0	
142	192	18804	-1	21	对马银狼		174.490402	205.132675	0	300640	10000	-1	-1	1	0	-1	-1	-1	-1	-1	-1	110	0	
143	193	18804	-1	21	对马银狼		175.644623	204.532166	0	300640	10000	-1	-1	1	0	-1	-1	-1	-1	-1	-1	110	0	
144	194	18804	-1	21	对马银狼		174.801346	204.376526	0	300640	10000	-1	-1	1	0	-1	-1	-1	-1	-1	-1	110	0	
145	195	18804	-1	21	对马银狼		175.712204	205.461945	0	300640	10000	-1	-1	1	0	-1	-1	-1	-1	-1	-1	110	0	
146	196	18804	-1	21	对马银狼		177.405197	204.716995	0	300640	10000	-1	-1	1	0	-1	-1	-1	-1	-1	-1	110	0	
147	197	18804	-1	21	对马银狼		174.567108	205.131989	0	300640	10000	-1	-1	1	0	-1	-1	-1	-1	-1	-1	110	0	
148	198	18804	-1	21	对马银狼		175.346558	203.37767	0	300640	10000	-1	-1	1	0	-1	-1	-1	-1	-1	-1	110	0	
149	199	18804	-1	21	对马银狼		178.02562	204.317963	0	300640	10000	-1	-1	1	0	-1	-1	-1	-1	-1	-1	110	0	
150	200	18804	-1	21	对马银狼		177.351593	203.448624	0	300640	10000	-1	-1	1	0	-1	-1	-1	-1	-1	-1	110	0	
151	201	18804	-1	21	对马银狼		199.386688	89.505959	0	300640	10000	-1	-1	1	0	-1	-1	-1	-1	-1	-1	110	0	
152	202	18804	-1	21	对马银狼		199.486688	89.405959	0	300640	10000	-1	-1	1	0	-1	-1	-1	-1	-1	-1	110	0	
153	203	18804	-1	21	对马银狼		198.386688	89.505959	0	300640	10000	-1	-1	1	0	-1	-1	-1	-1	-1	-1	110	0	
154	204	18804	-1	21	对马银狼		198.386688	90.505959	0	300640	10000	-1	-1	1	0	-1	-1	-1	-1	-1	-1	110	0	
155	205	18804	-1	21	对马银狼		198.386688	88.505959	0	300640	10000	-1	-1	1	0	-1	-1	-1	-1	-1	-1	110	0	
156	206	18804	-1	21	对马银狼		199.386688	90.505959	0	300640	10000	-1	-1	1	0	-1	-1	-1	-1	-1	-1	110	0	
157	207	18804	-1	21	对马银狼		199.386688	88.505959	0	300640	10000	-1	-1	1	0	-1	-1	-1	-1	-1	-1	110	0	
158	208	18804	-1	21	对马银狼		200.386688	89.505959	0	300640	10000	-1	-1	1	0	-1	-1	-1	-1	-1	-1	110	0	
159	209	18804	-1	21	对马银狼		200.386688	90.505959	0	300640	10000	-1	-1	1	0	-1	-1	-1	-1	-1	-1	110	0	
160	210	18804	-1	21	对马银狼		200.386688	88.505959	0	300640	10000	-1	-1	1	0	-1	-1	-1	-1	-1	-1	110	0	
161	221	18804	-1	21	对马银狼		166.131165	88.445618	0	300640	10000	-1	-1	1	0	-1	-1	-1	-1	-1	-1	110	0	
162	222	18804	-1	21	对马银狼		166.231165	88.345618	0	300640	10000	-1	-1	1	0	-1	-1	-1	-1	-1	-1	110	0	
163	223	18804	-1	21	对马银狼		165.131165	88.445618	0	300640	10000	-1	-1	1	0	-1	-1	-1	-1	-1	-1	110	0	
164	224	18804	-1	21	对马银狼		165.131165	89.445618	0	300640	10000	-1	-1	1	0	-1	-1	-1	-1	-1	-1	110	0	
165	225	18804	-1	21	对马银狼		165.131165	87.445618	0	300640	10000	-1	-1	1	0	-1	-1	-1	-1	-1	-1	110	0	
166	226	18804	-1	21	对马银狼		166.131165	89.445618	0	300640	10000	-1	-1	1	0	-1	-1	-1	-1	-1	-1	110	0	
167	227	18804	-1	21	对马银狼		166.131165	87.445618	0	300640	10000	-1	-1	1	0	-1	-1	-1	-1	-1	-1	110	0	
168	228	18804	-1	21	对马银狼		167.131165	88.445618	0	300640	10000	-1	-1	1	0	-1	-1	-1	-1	-1	-1	110	0	
169	229	18804	-1	21	对马银狼		167.131165	89.445618	0	300640	10000	-1	-1	1	0	-1	-1	-1	-1	-1	-1	110	0	
170	230	18804	-1	21	对马银狼		167.131165	87.445618	0	300640	10000	-1	-1	1	0	-1	-1	-1	-1	-1	-1	110	0	
171	231	18804	-1	21	对马银狼		157.755142	97.471069	0	300640	10000	-1	-1	1	0	-1	-1	-1	-1	-1	-1	110	0	
172	232	18804	-1	21	对马银狼		157.855142	97.371069	0	300640	10000	-1	-1	1	0	-1	-1	-1	-1	-1	-1	110	0	
173	233	18804	-1	21	对马银狼		156.755142	97.471069	0	300640	10000	-1	-1	1	0	-1	-1	-1	-1	-1	-1	110	0	
174	234	18804	-1	21	对马银狼		156.755142	98.471069	0	300640	10000	-1	-1	1	0	-1	-1	-1	-1	-1	-1	110	0	
175	235	18804	-1	21	对马银狼		156.755142	96.471069	0	300640	10000	-1	-1	1	0	-1	-1	-1	-1	-1	-1	110	0	
176	236	18804	-1	21	对马银狼		157.755142	98.471069	0	300640	10000	-1	-1	1	0	-1	-1	-1	-1	-1	-1	110	0	
177	237	18804	-1	21	对马银狼		157.755142	96.471069	0	300640	10000	-1	-1	1	0	-1	-1	-1	-1	-1	-1	110	0	
178	238	18804	-1	21	对马银狼		158.755142	97.471069	0	300640	10000	-1	-1	1	0	-1	-1	-1	-1	-1	-1	110	0	
179	239	18804	-1	21	对马银狼		158.755142	98.471069	0	300640	10000	-1	-1	1	0	-1	-1	-1	-1	-1	-1	110	0	
180	240	18804	-1	21	对马银狼		158.755142	96.471069	0	300640	10000	-1	-1	1	0	-1	-1	-1	-1	-1	-1	110	0	
181	241	18804	-1	21	对马银狼		202.271255	154.176102	0	300640	10000	-1	-1	1	0	-1	-1	-1	-1	-1	-1	110	0	
182	242	18804	-1	21	对马银狼		202.371255	154.076102	0	300640	10000	-1	-1	1	0	-1	-1	-1	-1	-1	-1	110	0	
183	243	18804	-1	21	对马银狼		201.271255	154.176102	0	300640	10000	-1	-1	1	0	-1	-1	-1	-1	-1	-1	110	0	
184	244	18804	-1	21	对马银狼		201.271255	155.176102	0	300640	10000	-1	-1	1	0	-1	-1	-1	-1	-1	-1	110	0	
185	245	18804	-1	21	对马银狼		201.271255	153.176102	0	300640	10000	-1	-1	1	0	-1	-1	-1	-1	-1	-1	110	0	
186	246	18804	-1	21	对马银狼		202.271255	155.176102	0	300640	10000	-1	-1	1	0	-1	-1	-1	-1	-1	-1	110	0	
187	247	18804	-1	21	对马银狼		202.271255	153.176102	0	300640	10000	-1	-1	1	0	-1	-1	-1	-1	-1	-1	110	0	
188	248	18804	-1	21	对马银狼		203.271255	154.176102	0	300640	10000	-1	-1	1	0	-1	-1	-1	-1	-1	-1	110	0	
189	249	18804	-1	21	对马银狼		203.271255	155.176102	0	300640	10000	-1	-1	1	0	-1	-1	-1	-1	-1	-1	110	0	
190	250	18804	-1	21	对马银狼		203.271255	153.176102	0	300640	10000	-1	-1	1	0	-1	-1	-1	-1	-1	-1	110	0	
191	251	18804	-1	21	对马银狼		207.270081	191.029694	0	300640	10000	-1	-1	1	0	-1	-1	-1	-1	-1	-1	110	0	
192	252	18804	-1	21	对马银狼		207.370081	190.929694	0	300640	10000	-1	-1	1	0	-1	-1	-1	-1	-1	-1	110	0	
193	253	18804	-1	21	对马银狼		206.270081	191.029694	0	300640	10000	-1	-1	1	0	-1	-1	-1	-1	-1	-1	110	0	
194	254	18804	-1	21	对马银狼		206.270081	192.029694	0	300640	10000	-1	-1	1	0	-1	-1	-1	-1	-1	-1	110	0	
195	255	18804	-1	21	对马银狼		206.270081	190.029694	0	300640	10000	-1	-1	1	0	-1	-1	-1	-1	-1	-1	110	0	
196	256	18804	-1	21	对马银狼		207.270081	192.029694	0	300640	10000	-1	-1	1	0	-1	-1	-1	-1	-1	-1	110	0	
197	257	18804	-1	21	对马银狼		207.270081	190.029694	0	300640	10000	-1	-1	1	0	-1	-1	-1	-1	-1	-1	110	0	
198	258	18804	-1	21	对马银狼		208.270081	191.029694	0	300640	10000	-1	-1	1	0	-1	-1	-1	-1	-1	-1	110	0	
199	259	18804	-1	21	对马银狼		208.270081	192.029694	0	300640	10000	-1	-1	1	0	-1	-1	-1	-1	-1	-1	110	0	
200	260	18804	-1	21	对马银狼		208.270081	190.029694	0	300640	10000	-1	-1	1	0	-1	-1	-1	-1	-1	-1	110	0	
201	271	18804	-1	21	对马银狼		151.755722	197.590805	0	300640	10000	-1	-1	1	0	-1	-1	-1	-1	-1	-1	110	0	
202	272	18804	-1	21	对马银狼		151.855722	197.490805	0	300640	10000	-1	-1	1	0	-1	-1	-1	-1	-1	-1	110	0	
203	273	18804	-1	21	对马银狼		150.755722	197.590805	0	300640	10000	-1	-1	1	0	-1	-1	-1	-1	-1	-1	110	0	
204	274	18804	-1	21	对马银狼		150.755722	198.590805	0	300640	10000	-1	-1	1	0	-1	-1	-1	-1	-1	-1	110	0	
205	275	18804	-1	21	对马银狼		150.755722	196.590805	0	300640	10000	-1	-1	1	0	-1	-1	-1	-1	-1	-1	110	0	
206	276	18804	-1	21	对马银狼		151.755722	198.590805	0	300640	10000	-1	-1	1	0	-1	-1	-1	-1	-1	-1	110	0	
207	277	18804	-1	21	对马银狼		151.755722	196.590805	0	300640	10000	-1	-1	1	0	-1	-1	-1	-1	-1	-1	110	0	
208	278	18804	-1	21	对马银狼		152.755722	197.590805	0	300640	10000	-1	-1	1	0	-1	-1	-1	-1	-1	-1	110	0	
209	279	18804	-1	21	对马银狼		152.755722	198.590805	0	300640	10000	-1	-1	1	0	-1	-1	-1	-1	-1	-1	110	0	
210	280	18804	-1	21	对马银狼		152.755722	196.590805	0	300640	10000	-1	-1	1	0	-1	-1	-1	-1	-1	-1	110	0	
211	281	18804	-1	21	对马银狼		162.279755	227.801605	0	300640	10000	-1	-1	1	0	-1	-1	-1	-1	-1	-1	110	0	
212	282	18804	-1	21	对马银狼		162.379761	227.701599	0	300640	10000	-1	-1	1	0	-1	-1	-1	-1	-1	-1	110	0	
213	283	18804	-1	21	对马银狼		161.279755	227.801605	0	300640	10000	-1	-1	1	0	-1	-1	-1	-1	-1	-1	110	0	
214	284	18804	-1	21	对马银狼		161.279755	228.801605	0	300640	10000	-1	-1	1	0	-1	-1	-1	-1	-1	-1	110	0	
215	285	18804	-1	21	对马银狼		161.279755	226.801605	0	300640	10000	-1	-1	1	0	-1	-1	-1	-1	-1	-1	110	0	
216	286	18804	-1	21	对马银狼		162.279755	228.801605	0	300640	10000	-1	-1	1	0	-1	-1	-1	-1	-1	-1	110	0	
217	287	18804	-1	21	对马银狼		162.279755	226.801605	0	300640	10000	-1	-1	1	0	-1	-1	-1	-1	-1	-1	110	0	
218	288	18804	-1	21	对马银狼		163.279755	227.801605	0	300640	10000	-1	-1	1	0	-1	-1	-1	-1	-1	-1	110	0	
219	289	18804	-1	21	对马银狼		163.279755	228.801605	0	300640	10000	-1	-1	1	0	-1	-1	-1	-1	-1	-1	110	0	
220	290	18804	-1	21	对马银狼		163.279755	226.801605	0	300640	10000	-1	-1	1	0	-1	-1	-1	-1	-1	-1	110	0	
221	15052370	2604	101221	-1	对马岛	领地传送人	227.936005	52.169498	16	-1	1000	-1	-1	3	0	-1	-1	-1	-1	-1	-1	100	0	
