NUM	NUM	NUM	NUM	NUM	TEXT	TEXT	FLOAT	FLOAT	NUM	NUM	NUM	NUM	NUM	NUM	NUM	NUM	NUM	NUM	NUM	NUM	NUM	NUM	NUM
БрКХ	ЫцЛњБрКХ	attrБрКХ	ТпМ­БэБрКХ	еѓгЊБрКХ	УћГЦ	ГЦКХ	xжсзјБъ	zжсзјБъ	ГЏЯђ	НХБОБрКХ	жиЩњЪБМф	ЗжзщБрКХ	ЖгЮщБрКХ	ЛљДЁAI	AIЮФМў	бВТпТЗОЖ	ЩЬЕъ0	ЩЬЕъ1	ЩЬЕъ2	ЩЬЕъ3	УћгўID	ЕШМЖ	ОЕЯёзщ
0	1	65338	-1	21	УЩЙХБЉЭН		40	68	0	300640	10000	-1	-1	1	0	-1	-1	-1	-1	-1	-1	60	0
1	2	65338	-1	21	УЩЙХБЉЭН		40	68	0	300640	10000	-1	-1	1	0	-1	-1	-1	-1	-1	-1	60	0
2	3	65338	-1	21	УЩЙХБЉЭН		40	68	0	300640	10000	-1	-1	1	0	-1	-1	-1	-1	-1	-1	60	0
3	4	65338	-1	21	УЩЙХБЉЭН		40	68	0	300640	10000	-1	-1	1	0	-1	-1	-1	-1	-1	-1	60	0
4	5	65338	-1	21	УЩЙХБЉЭН		40	68	0	300640	10000	-1	-1	1	0	-1	-1	-1	-1	-1	-1	60	0
5	6	65338	-1	21	УЩЙХБЉЭН		40	68	0	300640	10000	-1	-1	1	0	-1	-1	-1	-1	-1	-1	60	0
6	7	65338	-1	21	УЩЙХБЉЭН		40	68	0	300640	10000	-1	-1	1	0	-1	-1	-1	-1	-1	-1	60	0
7	8	65338	-1	21	УЩЙХБЉЭН		40	68	0	300640	10000	-1	-1	1	0	-1	-1	-1	-1	-1	-1	60	0
8	9	65338	-1	21	УЩЙХБЉЭН		40	68	0	300640	10000	-1	-1	1	0	-1	-1	-1	-1	-1	-1	60	0
9	10	65338	-1	21	УЩЙХБЉЭН		40	68	0	300640	10000	-1	-1	1	0	-1	-1	-1	-1	-1	-1	60	0
10	11	65338	-1	21	УЩЙХБЉЭН		40	68	0	300640	10000	-1	-1	1	0	-1	-1	-1	-1	-1	-1	60	0
11	12	65338	-1	21	УЩЙХБЉЭН		40	68	0	300640	10000	-1	-1	1	0	-1	-1	-1	-1	-1	-1	60	0
12	13	65338	-1	21	УЩЙХБЉЭН		40	88	0	300640	10000	-1	-1	1	0	-1	-1	-1	-1	-1	-1	60	0
13	14	65338	-1	21	УЩЙХБЉЭН		40	88	0	300640	10000	-1	-1	1	0	-1	-1	-1	-1	-1	-1	60	0
14	15	65338	-1	21	УЩЙХБЉЭН		40	88	0	300640	10000	-1	-1	1	0	-1	-1	-1	-1	-1	-1	60	0
15	16	65338	-1	21	УЩЙХБЉЭН		40	88	0	300640	10000	-1	-1	1	0	-1	-1	-1	-1	-1	-1	60	0
16	17	65338	-1	21	УЩЙХБЉЭН		40	88	0	300640	10000	-1	-1	1	0	-1	-1	-1	-1	-1	-1	60	0
17	18	65338	-1	21	УЩЙХБЉЭН		40	88	0	300640	10000	-1	-1	1	0	-1	-1	-1	-1	-1	-1	60	0
18	19	65338	-1	21	УЩЙХБЉЭН		40	88	0	300640	10000	-1	-1	1	0	-1	-1	-1	-1	-1	-1	60	0
19	20	65338	-1	21	УЩЙХБЉЭН		40	88	0	300640	10000	-1	-1	1	0	-1	-1	-1	-1	-1	-1	60	0
20	21	65338	-1	21	УЩЙХБЉЭН		40	88	0	300640	10000	-1	-1	1	0	-1	-1	-1	-1	-1	-1	60	0
21	22	65338	-1	21	УЩЙХБЉЭН		40	88	0	300640	10000	-1	-1	1	0	-1	-1	-1	-1	-1	-1	60	0
22	23	65338	-1	21	УЩЙХБЉЭН		40	88	0	300640	10000	-1	-1	1	0	-1	-1	-1	-1	-1	-1	60	0
23	24	65338	-1	21	УЩЙХБЉЭН		40	88	0	300640	10000	-1	-1	1	0	-1	-1	-1	-1	-1	-1	60	0
24	25	65338	-1	21	УЩЙХБЉЭН		40	118	0	300640	10000	-1	-1	1	0	-1	-1	-1	-1	-1	-1	60	0
25	26	65338	-1	21	УЩЙХБЉЭН		40	118	0	300640	10000	-1	-1	1	0	-1	-1	-1	-1	-1	-1	60	0
26	27	65338	-1	21	УЩЙХБЉЭН		40	118	0	300640	10000	-1	-1	1	0	-1	-1	-1	-1	-1	-1	60	0
27	28	65338	-1	21	УЩЙХБЉЭН		40	118	0	300640	10000	-1	-1	1	0	-1	-1	-1	-1	-1	-1	60	0
28	29	65338	-1	21	УЩЙХБЉЭН		40	118	0	300640	10000	-1	-1	1	0	-1	-1	-1	-1	-1	-1	60	0
29	30	65338	-1	21	УЩЙХБЉЭН		40	118	0	300640	10000	-1	-1	1	0	-1	-1	-1	-1	-1	-1	60	0
30	31	65338	-1	21	УЩЙХБЉЭН		40	118	0	300640	10000	-1	-1	1	0	-1	-1	-1	-1	-1	-1	60	0
31	32	65338	-1	21	УЩЙХБЉЭН		40	118	0	300640	10000	-1	-1	1	0	-1	-1	-1	-1	-1	-1	60	0
32	33	65338	-1	21	УЩЙХБЉЭН		40	118	0	300640	10000	-1	-1	1	0	-1	-1	-1	-1	-1	-1	60	0
33	34	65338	-1	21	УЩЙХБЉЭН		40	118	0	300640	10000	-1	-1	1	0	-1	-1	-1	-1	-1	-1	60	0
34	35	65338	-1	21	УЩЙХБЉЭН		40	118	0	300640	10000	-1	-1	1	0	-1	-1	-1	-1	-1	-1	60	0
35	36	65338	-1	21	УЩЙХБЉЭН		40	118	0	300640	10000	-1	-1	1	0	-1	-1	-1	-1	-1	-1	60	0
36	37	65338	-1	21	УЩЙХБЉЭН		60	118	0	300640	10000	-1	-1	1	0	-1	-1	-1	-1	-1	-1	60	0
37	38	65338	-1	21	УЩЙХБЉЭН		60	118	0	300640	10000	-1	-1	1	0	-1	-1	-1	-1	-1	-1	60	0
38	39	65338	-1	21	УЩЙХБЉЭН		60	118	0	300640	10000	-1	-1	1	0	-1	-1	-1	-1	-1	-1	60	0
39	40	65338	-1	21	УЩЙХБЉЭН		60	118	0	300640	10000	-1	-1	1	0	-1	-1	-1	-1	-1	-1	60	0
40	41	65338	-1	21	УЩЙХБЉЭН		60	118	0	300640	10000	-1	-1	1	0	-1	-1	-1	-1	-1	-1	60	0
41	42	65338	-1	21	УЩЙХБЉЭН		60	118	0	300640	10000	-1	-1	1	0	-1	-1	-1	-1	-1	-1	60	0
42	43	65338	-1	21	УЩЙХБЉЭН		60	118	0	300640	10000	-1	-1	1	0	-1	-1	-1	-1	-1	-1	60	0
43	44	65338	-1	21	УЩЙХБЉЭН		60	118	0	300640	10000	-1	-1	1	0	-1	-1	-1	-1	-1	-1	60	0
44	45	65338	-1	21	УЩЙХБЉЭН		60	118	0	300640	10000	-1	-1	1	0	-1	-1	-1	-1	-1	-1	60	0
45	46	65338	-1	21	УЩЙХБЉЭН		60	118	0	300640	10000	-1	-1	1	0	-1	-1	-1	-1	-1	-1	60	0
46	47	65338	-1	21	УЩЙХБЉЭН		60	118	0	300640	10000	-1	-1	1	0	-1	-1	-1	-1	-1	-1	60	0
47	48	65338	-1	21	УЩЙХБЉЭН		60	118	0	300640	10000	-1	-1	1	0	-1	-1	-1	-1	-1	-1	60	0
48	49	65338	-1	21	УЩЙХБЉЭН		80	118	0	300640	10000	-1	-1	1	0	-1	-1	-1	-1	-1	-1	60	0
49	50	65338	-1	21	УЩЙХБЉЭН		80	118	0	300640	10000	-1	-1	1	0	-1	-1	-1	-1	-1	-1	60	0
50	51	65338	-1	21	УЩЙХБЉЭН		80	118	0	300640	10000	-1	-1	1	0	-1	-1	-1	-1	-1	-1	60	0
51	52	65338	-1	21	УЩЙХБЉЭН		80	118	0	300640	10000	-1	-1	1	0	-1	-1	-1	-1	-1	-1	60	0
52	53	65338	-1	21	УЩЙХБЉЭН		80	118	0	300640	10000	-1	-1	1	0	-1	-1	-1	-1	-1	-1	60	0
53	54	65338	-1	21	УЩЙХБЉЭН		80	118	0	300640	10000	-1	-1	1	0	-1	-1	-1	-1	-1	-1	60	0
54	55	65338	-1	21	УЩЙХБЉЭН		80	118	0	300640	10000	-1	-1	1	0	-1	-1	-1	-1	-1	-1	60	0
55	56	65338	-1	21	УЩЙХБЉЭН		80	118	0	300640	10000	-1	-1	1	0	-1	-1	-1	-1	-1	-1	60	0
56	57	65338	-1	21	УЩЙХБЉЭН		80	118	0	300640	10000	-1	-1	1	0	-1	-1	-1	-1	-1	-1	60	0
57	58	65338	-1	21	УЩЙХБЉЭН		80	118	0	300640	10000	-1	-1	1	0	-1	-1	-1	-1	-1	-1	60	0
58	59	65338	-1	21	УЩЙХБЉЭН		80	118	0	300640	10000	-1	-1	1	0	-1	-1	-1	-1	-1	-1	60	0
59	60	65338	-1	21	УЩЙХБЉЭН		80	118	0	300640	10000	-1	-1	1	0	-1	-1	-1	-1	-1	-1	60	0
60	61	65338	-1	21	УЩЙХБЉЭН		110	118	0	300640	10000	-1	-1	1	0	-1	-1	-1	-1	-1	-1	60	0
61	62	65338	-1	21	УЩЙХБЉЭН		110	118	0	300640	10000	-1	-1	1	0	-1	-1	-1	-1	-1	-1	60	0
62	63	65338	-1	21	УЩЙХБЉЭН		110	118	0	300640	10000	-1	-1	1	0	-1	-1	-1	-1	-1	-1	60	0
63	64	65338	-1	21	УЩЙХБЉЭН		110	118	0	300640	10000	-1	-1	1	0	-1	-1	-1	-1	-1	-1	60	0
64	65	65338	-1	21	УЩЙХБЉЭН		110	118	0	300640	10000	-1	-1	1	0	-1	-1	-1	-1	-1	-1	60	0
65	66	65338	-1	21	УЩЙХБЉЭН		110	118	0	300640	10000	-1	-1	1	0	-1	-1	-1	-1	-1	-1	60	0
66	67	65338	-1	21	УЩЙХБЉЭН		110	118	0	300640	10000	-1	-1	1	0	-1	-1	-1	-1	-1	-1	60	0
67	68	65338	-1	21	УЩЙХБЉЭН		110	118	0	300640	10000	-1	-1	1	0	-1	-1	-1	-1	-1	-1	60	0
68	69	65338	-1	21	УЩЙХБЉЭН		110	118	0	300640	10000	-1	-1	1	0	-1	-1	-1	-1	-1	-1	60	0
69	70	65338	-1	21	УЩЙХБЉЭН		110	118	0	300640	10000	-1	-1	1	0	-1	-1	-1	-1	-1	-1	60	0
70	71	65338	-1	21	УЩЙХБЉЭН		110	118	0	300640	10000	-1	-1	1	0	-1	-1	-1	-1	-1	-1	60	0
71	72	65338	-1	21	УЩЙХБЉЭН		110	118	0	300640	10000	-1	-1	1	0	-1	-1	-1	-1	-1	-1	60	0
72	73	65338	-1	21	УЩЙХБЉЭН		120	95	0	300640	10000	-1	-1	1	0	-1	-1	-1	-1	-1	-1	60	0
73	74	65338	-1	21	УЩЙХБЉЭН		120	95	0	300640	10000	-1	-1	1	0	-1	-1	-1	-1	-1	-1	60	0
74	75	65338	-1	21	УЩЙХБЉЭН		120	95	0	300640	10000	-1	-1	1	0	-1	-1	-1	-1	-1	-1	60	0
75	76	65338	-1	21	УЩЙХБЉЭН		120	95	0	300640	10000	-1	-1	1	0	-1	-1	-1	-1	-1	-1	60	0
76	77	65338	-1	21	УЩЙХБЉЭН		120	95	0	300640	10000	-1	-1	1	0	-1	-1	-1	-1	-1	-1	60	0
77	78	65338	-1	21	УЩЙХБЉЭН		120	95	0	300640	10000	-1	-1	1	0	-1	-1	-1	-1	-1	-1	60	0
78	79	65338	-1	21	УЩЙХБЉЭН		120	95	0	300640	10000	-1	-1	1	0	-1	-1	-1	-1	-1	-1	60	0
79	80	65338	-1	21	УЩЙХБЉЭН		120	95	0	300640	10000	-1	-1	1	0	-1	-1	-1	-1	-1	-1	60	0
80	81	65338	-1	21	УЩЙХБЉЭН		120	95	0	300640	10000	-1	-1	1	0	-1	-1	-1	-1	-1	-1	60	0
81	82	65338	-1	21	УЩЙХБЉЭН		120	95	0	300640	10000	-1	-1	1	0	-1	-1	-1	-1	-1	-1	60	0
82	83	65338	-1	21	УЩЙХБЉЭН		120	95	0	300640	10000	-1	-1	1	0	-1	-1	-1	-1	-1	-1	60	0
83	84	65338	-1	21	УЩЙХБЉЭН		120	95	0	300640	10000	-1	-1	1	0	-1	-1	-1	-1	-1	-1	60	0
84	85	65338	-1	21	УЩЙХБЉЭН		120	95	0	300640	10000	-1	-1	1	0	-1	-1	-1	-1	-1	-1	60	0
85	86	65338	-1	21	УЩЙХБЉЭН		120	95	0	300640	10000	-1	-1	1	0	-1	-1	-1	-1	-1	-1	60	0
86	87	65338	-1	21	УЩЙХБЉЭН		120	95	0	300640	10000	-1	-1	1	0	-1	-1	-1	-1	-1	-1	60	0
87	88	65338	-1	21	УЩЙХБЉЭН		120	95	0	300640	10000	-1	-1	1	0	-1	-1	-1	-1	-1	-1	60	0
88	89	65338	-1	21	УЩЙХБЉЭН		120	95	0	300640	10000	-1	-1	1	0	-1	-1	-1	-1	-1	-1	60	0
89	90	65338	-1	21	УЩЙХБЉЭН		120	95	0	300640	10000	-1	-1	1	0	-1	-1	-1	-1	-1	-1	60	0
90	91	65338	-1	21	УЩЙХБЉЭН		120	95	0	300640	10000	-1	-1	1	0	-1	-1	-1	-1	-1	-1	60	0
91	92	65338	-1	21	УЩЙХБЉЭН		120	95	0	300640	10000	-1	-1	1	0	-1	-1	-1	-1	-1	-1	60	0
92	93	65338	-1	21	УЩЙХБЉЭН		120	95	0	300640	10000	-1	-1	1	0	-1	-1	-1	-1	-1	-1	60	0
93	94	65338	-1	21	УЩЙХБЉЭН		120	95	0	300640	10000	-1	-1	1	0	-1	-1	-1	-1	-1	-1	60	0
94	95	65338	-1	21	УЩЙХБЉЭН		120	95	0	300640	10000	-1	-1	1	0	-1	-1	-1	-1	-1	-1	60	0
95	96	65338	-1	21	УЩЙХБЉЭН		120	95	0	300640	10000	-1	-1	1	0	-1	-1	-1	-1	-1	-1	60	0
96	97	65338	-1	21	УЩЙХБЉЭН		90	90	0	300640	10000	-1	-1	1	0	-1	-1	-1	-1	-1	-1	60	0
97	98	65338	-1	21	УЩЙХБЉЭН		90	90	0	300640	10000	-1	-1	1	0	-1	-1	-1	-1	-1	-1	60	0
98	99	65338	-1	21	УЩЙХБЉЭН		90	90	0	300640	10000	-1	-1	1	0	-1	-1	-1	-1	-1	-1	60	0
99	100	65338	-1	21	УЩЙХБЉЭН		90	90	0	300640	10000	-1	-1	1	0	-1	-1	-1	-1	-1	-1	60	0
100	101	65338	-1	21	УЩЙХБЉЭН		90	90	0	300640	10000	-1	-1	1	0	-1	-1	-1	-1	-1	-1	60	0
101	102	65338	-1	21	УЩЙХБЉЭН		90	90	0	300640	10000	-1	-1	1	0	-1	-1	-1	-1	-1	-1	60	0
102	103	65338	-1	21	УЩЙХБЉЭН		90	90	0	300640	10000	-1	-1	1	0	-1	-1	-1	-1	-1	-1	60	0
103	104	65338	-1	21	УЩЙХБЉЭН		90	90	0	300640	10000	-1	-1	1	0	-1	-1	-1	-1	-1	-1	60	0
104	105	65338	-1	21	УЩЙХБЉЭН		90	90	0	300640	10000	-1	-1	1	0	-1	-1	-1	-1	-1	-1	60	0
105	106	65338	-1	21	УЩЙХБЉЭН		90	90	0	300640	10000	-1	-1	1	0	-1	-1	-1	-1	-1	-1	60	0
106	107	65338	-1	21	УЩЙХБЉЭН		90	90	0	300640	10000	-1	-1	1	0	-1	-1	-1	-1	-1	-1	60	0
107	108	65338	-1	21	УЩЙХБЉЭН		90	90	0	300640	10000	-1	-1	1	0	-1	-1	-1	-1	-1	-1	60	0
108	109	65338	-1	21	УЩЙХБЉЭН		80	48	0	300640	10000	-1	-1	1	0	-1	-1	-1	-1	-1	-1	60	0
109	110	65338	-1	21	УЩЙХБЉЭН		80	48	0	300640	10000	-1	-1	1	0	-1	-1	-1	-1	-1	-1	60	0
110	111	65338	-1	21	УЩЙХБЉЭН		80	48	0	300640	10000	-1	-1	1	0	-1	-1	-1	-1	-1	-1	60	0
111	112	65338	-1	21	УЩЙХБЉЭН		80	48	0	300640	10000	-1	-1	1	0	-1	-1	-1	-1	-1	-1	60	0
112	113	65338	-1	21	УЩЙХБЉЭН		80	48	0	300640	10000	-1	-1	1	0	-1	-1	-1	-1	-1	-1	60	0
113	114	65338	-1	21	УЩЙХБЉЭН		80	48	0	300640	10000	-1	-1	1	0	-1	-1	-1	-1	-1	-1	60	0
114	115	65338	-1	21	УЩЙХБЉЭН		80	48	0	300640	10000	-1	-1	1	0	-1	-1	-1	-1	-1	-1	60	0
115	116	65338	-1	21	УЩЙХБЉЭН		80	48	0	300640	10000	-1	-1	1	0	-1	-1	-1	-1	-1	-1	60	0
116	117	65338	-1	21	УЩЙХБЉЭН		80	48	0	300640	10000	-1	-1	1	0	-1	-1	-1	-1	-1	-1	60	0
117	118	65338	-1	21	УЩЙХБЉЭН		80	48	0	300640	10000	-1	-1	1	0	-1	-1	-1	-1	-1	-1	60	0
118	119	65338	-1	21	УЩЙХБЉЭН		80	48	0	300640	10000	-1	-1	1	0	-1	-1	-1	-1	-1	-1	60	0
119	120	65338	-1	21	УЩЙХБЉЭН		80	48	0	300640	10000	-1	-1	1	0	-1	-1	-1	-1	-1	-1	60	0
120	121	65338	-1	21	УЩЙХБЉЭН		80	48	0	300640	10000	-1	-1	1	0	-1	-1	-1	-1	-1	-1	60	0
121	122	65338	-1	21	УЩЙХБЉЭН		80	48	0	300640	10000	-1	-1	1	0	-1	-1	-1	-1	-1	-1	60	0
122	123	65338	-1	21	УЩЙХБЉЭН		80	48	0	300640	10000	-1	-1	1	0	-1	-1	-1	-1	-1	-1	60	0
123	124	65338	-1	21	УЩЙХБЉЭН		80	48	0	300640	10000	-1	-1	1	0	-1	-1	-1	-1	-1	-1	60	0
124	125	65338	-1	21	УЩЙХБЉЭН		80	48	0	300640	10000	-1	-1	1	0	-1	-1	-1	-1	-1	-1	60	0
125	126	65338	-1	21	УЩЙХБЉЭН		80	48	0	300640	10000	-1	-1	1	0	-1	-1	-1	-1	-1	-1	60	0
126	127	65338	-1	21	УЩЙХБЉЭН		80	48	0	300640	10000	-1	-1	1	0	-1	-1	-1	-1	-1	-1	60	0
127	128	65338	-1	21	УЩЙХБЉЭН		80	48	0	300640	10000	-1	-1	1	0	-1	-1	-1	-1	-1	-1	60	0
128	129	65338	-1	21	УЩЙХБЉЭН		80	48	0	300640	10000	-1	-1	1	0	-1	-1	-1	-1	-1	-1	60	0
129	130	65338	-1	21	УЩЙХБЉЭН		80	48	0	300640	10000	-1	-1	1	0	-1	-1	-1	-1	-1	-1	60	0
130	131	65338	-1	21	УЩЙХБЉЭН		80	48	0	300640	10000	-1	-1	1	0	-1	-1	-1	-1	-1	-1	60	0
131	132	65338	-1	21	УЩЙХБЉЭН		80	48	0	300640	10000	-1	-1	1	0	-1	-1	-1	-1	-1	-1	60	0
132	133	65338	-1	21	УЩЙХБЉЭН		81	57	0	300640	10000	-1	-1	1	0	-1	-1	-1	-1	-1	-1	60	0
133	134	65338	-1	21	УЩЙХБЉЭН		81	57	0	300640	10000	-1	-1	1	0	-1	-1	-1	-1	-1	-1	60	0
134	135	65338	-1	21	УЩЙХБЉЭН		81	57	0	300640	10000	-1	-1	1	0	-1	-1	-1	-1	-1	-1	60	0
135	136	65338	-1	21	УЩЙХБЉЭН		81	57	0	300640	10000	-1	-1	1	0	-1	-1	-1	-1	-1	-1	60	0
136	137	65338	-1	21	УЩЙХБЉЭН		81	57	0	300640	10000	-1	-1	1	0	-1	-1	-1	-1	-1	-1	60	0
137	138	65338	-1	21	УЩЙХБЉЭН		81	57	0	300640	10000	-1	-1	1	0	-1	-1	-1	-1	-1	-1	60	0
138	139	65338	-1	21	УЩЙХБЉЭН		81	57	0	300640	10000	-1	-1	1	0	-1	-1	-1	-1	-1	-1	60	0
139	140	65338	-1	21	УЩЙХБЉЭН		81	57	0	300640	10000	-1	-1	1	0	-1	-1	-1	-1	-1	-1	60	0
140	141	65338	-1	21	УЩЙХБЉЭН		81	57	0	300640	10000	-1	-1	1	0	-1	-1	-1	-1	-1	-1	60	0
141	142	65338	-1	21	УЩЙХБЉЭН		81	57	0	300640	10000	-1	-1	1	0	-1	-1	-1	-1	-1	-1	60	0
142	143	65338	-1	21	УЩЙХБЉЭН		81	57	0	300640	10000	-1	-1	1	0	-1	-1	-1	-1	-1	-1	60	0
143	144	65338	-1	21	УЩЙХБЉЭН		81	57	0	300640	10000	-1	-1	1	0	-1	-1	-1	-1	-1	-1	60	0
144	145	65338	-1	21	УЩЙХБЉЭН		113	48	0	300640	10000	-1	-1	1	0	-1	-1	-1	-1	-1	-1	60	0
145	146	65338	-1	21	УЩЙХБЉЭН		113	48	0	300640	10000	-1	-1	1	0	-1	-1	-1	-1	-1	-1	60	0
146	147	65338	-1	21	УЩЙХБЉЭН		113	48	0	300640	10000	-1	-1	1	0	-1	-1	-1	-1	-1	-1	60	0
147	148	65338	-1	21	УЩЙХБЉЭН		113	48	0	300640	10000	-1	-1	1	0	-1	-1	-1	-1	-1	-1	60	0
148	149	65338	-1	21	УЩЙХБЉЭН		113	48	0	300640	10000	-1	-1	1	0	-1	-1	-1	-1	-1	-1	60	0
149	150	65338	-1	21	УЩЙХБЉЭН		113	48	0	300640	10000	-1	-1	1	0	-1	-1	-1	-1	-1	-1	60	0
150	151	65338	-1	21	УЩЙХБЉЭН		113	48	0	300640	10000	-1	-1	1	0	-1	-1	-1	-1	-1	-1	60	0
151	152	65338	-1	21	УЩЙХБЉЭН		113	48	0	300640	10000	-1	-1	1	0	-1	-1	-1	-1	-1	-1	60	0
152	153	65338	-1	21	УЩЙХБЉЭН		113	48	0	300640	10000	-1	-1	1	0	-1	-1	-1	-1	-1	-1	60	0
153	154	65338	-1	21	УЩЙХБЉЭН		113	48	0	300640	10000	-1	-1	1	0	-1	-1	-1	-1	-1	-1	60	0
154	155	65338	-1	21	УЩЙХБЉЭН		113	48	0	300640	10000	-1	-1	1	0	-1	-1	-1	-1	-1	-1	60	0
155	156	65338	-1	21	УЩЙХБЉЭН		113	48	0	300640	10000	-1	-1	1	0	-1	-1	-1	-1	-1	-1	60	0
156	157	65338	-1	21	УЩЙХБЉЭН		143	56	0	300640	10000	-1	-1	1	0	-1	-1	-1	-1	-1	-1	60	0
157	158	65338	-1	21	УЩЙХБЉЭН		143	56	0	300640	10000	-1	-1	1	0	-1	-1	-1	-1	-1	-1	60	0
158	159	65338	-1	21	УЩЙХБЉЭН		143	56	0	300640	10000	-1	-1	1	0	-1	-1	-1	-1	-1	-1	60	0
159	160	65338	-1	21	УЩЙХБЉЭН		143	56	0	300640	10000	-1	-1	1	0	-1	-1	-1	-1	-1	-1	60	0
160	161	65338	-1	21	УЩЙХБЉЭН		143	56	0	300640	10000	-1	-1	1	0	-1	-1	-1	-1	-1	-1	60	0
161	162	65338	-1	21	УЩЙХБЉЭН		143	56	0	300640	10000	-1	-1	1	0	-1	-1	-1	-1	-1	-1	60	0
162	163	65338	-1	21	УЩЙХБЉЭН		143	56	0	300640	10000	-1	-1	1	0	-1	-1	-1	-1	-1	-1	60	0
163	164	65338	-1	21	УЩЙХБЉЭН		143	56	0	300640	10000	-1	-1	1	0	-1	-1	-1	-1	-1	-1	60	0
164	165	65338	-1	21	УЩЙХБЉЭН		143	56	0	300640	10000	-1	-1	1	0	-1	-1	-1	-1	-1	-1	60	0
165	166	65338	-1	21	УЩЙХБЉЭН		143	56	0	300640	10000	-1	-1	1	0	-1	-1	-1	-1	-1	-1	60	0
166	167	65338	-1	21	УЩЙХБЉЭН		143	56	0	300640	10000	-1	-1	1	0	-1	-1	-1	-1	-1	-1	60	0
167	168	65338	-1	21	УЩЙХБЉЭН		143	56	0	300640	10000	-1	-1	1	0	-1	-1	-1	-1	-1	-1	60	0
168	169	65338	-1	21	УЩЙХБЉЭН		144	48	0	300640	10000	-1	-1	1	0	-1	-1	-1	-1	-1	-1	60	0
169	170	65338	-1	21	УЩЙХБЉЭН		144	48	0	300640	10000	-1	-1	1	0	-1	-1	-1	-1	-1	-1	60	0
170	171	65338	-1	21	УЩЙХБЉЭН		144	48	0	300640	10000	-1	-1	1	0	-1	-1	-1	-1	-1	-1	60	0
171	172	65338	-1	21	УЩЙХБЉЭН		144	48	0	300640	10000	-1	-1	1	0	-1	-1	-1	-1	-1	-1	60	0
172	173	65338	-1	21	УЩЙХБЉЭН		144	48	0	300640	10000	-1	-1	1	0	-1	-1	-1	-1	-1	-1	60	0
173	174	65338	-1	21	УЩЙХБЉЭН		144	48	0	300640	10000	-1	-1	1	0	-1	-1	-1	-1	-1	-1	60	0
174	175	65338	-1	21	УЩЙХБЉЭН		144	48	0	300640	10000	-1	-1	1	0	-1	-1	-1	-1	-1	-1	60	0
175	176	65338	-1	21	УЩЙХБЉЭН		144	48	0	300640	10000	-1	-1	1	0	-1	-1	-1	-1	-1	-1	60	0
176	177	65338	-1	21	УЩЙХБЉЭН		144	48	0	300640	10000	-1	-1	1	0	-1	-1	-1	-1	-1	-1	60	0
177	178	65338	-1	21	УЩЙХБЉЭН		144	48	0	300640	10000	-1	-1	1	0	-1	-1	-1	-1	-1	-1	60	0
178	179	65338	-1	21	УЩЙХБЉЭН		144	48	0	300640	10000	-1	-1	1	0	-1	-1	-1	-1	-1	-1	60	0
179	180	65338	-1	21	УЩЙХБЉЭН		144	48	0	300640	10000	-1	-1	1	0	-1	-1	-1	-1	-1	-1	60	0
180	181	65338	-1	21	УЩЙХБЉЭН		186	54	0	300640	10000	-1	-1	1	0	-1	-1	-1	-1	-1	-1	60	0
181	182	65338	-1	21	УЩЙХБЉЭН		186	54	0	300640	10000	-1	-1	1	0	-1	-1	-1	-1	-1	-1	60	0
182	183	65338	-1	21	УЩЙХБЉЭН		186	54	0	300640	10000	-1	-1	1	0	-1	-1	-1	-1	-1	-1	60	0
183	184	65338	-1	21	УЩЙХБЉЭН		186	54	0	300640	10000	-1	-1	1	0	-1	-1	-1	-1	-1	-1	60	0
184	185	65338	-1	21	УЩЙХБЉЭН		186	54	0	300640	10000	-1	-1	1	0	-1	-1	-1	-1	-1	-1	60	0
185	186	65338	-1	21	УЩЙХБЉЭН		186	54	0	300640	10000	-1	-1	1	0	-1	-1	-1	-1	-1	-1	60	0
186	187	65338	-1	21	УЩЙХБЉЭН		186	54	0	300640	10000	-1	-1	1	0	-1	-1	-1	-1	-1	-1	60	0
187	188	65338	-1	21	УЩЙХБЉЭН		186	54	0	300640	10000	-1	-1	1	0	-1	-1	-1	-1	-1	-1	60	0
188	189	65338	-1	21	УЩЙХБЉЭН		186	54	0	300640	10000	-1	-1	1	0	-1	-1	-1	-1	-1	-1	60	0
189	190	65338	-1	21	УЩЙХБЉЭН		186	54	0	300640	10000	-1	-1	1	0	-1	-1	-1	-1	-1	-1	60	0
190	191	65338	-1	21	УЩЙХБЉЭН		186	54	0	300640	10000	-1	-1	1	0	-1	-1	-1	-1	-1	-1	60	0
191	192	65338	-1	21	УЩЙХБЉЭН		186	54	0	300640	10000	-1	-1	1	0	-1	-1	-1	-1	-1	-1	60	0
192	193	65338	-1	21	УЩЙХБЉЭН		184	52	0	300640	10000	-1	-1	1	0	-1	-1	-1	-1	-1	-1	60	0
193	194	65338	-1	21	УЩЙХБЉЭН		184	52	0	300640	10000	-1	-1	1	0	-1	-1	-1	-1	-1	-1	60	0
194	195	65338	-1	21	УЩЙХБЉЭН		184	52	0	300640	10000	-1	-1	1	0	-1	-1	-1	-1	-1	-1	60	0
195	196	65338	-1	21	УЩЙХБЉЭН		184	52	0	300640	10000	-1	-1	1	0	-1	-1	-1	-1	-1	-1	60	0
196	197	65338	-1	21	УЩЙХБЉЭН		184	52	0	300640	10000	-1	-1	1	0	-1	-1	-1	-1	-1	-1	60	0
197	198	65338	-1	21	УЩЙХБЉЭН		184	52	0	300640	10000	-1	-1	1	0	-1	-1	-1	-1	-1	-1	60	0
198	199	65338	-1	21	УЩЙХБЉЭН		186	84	0	300640	10000	-1	-1	1	0	-1	-1	-1	-1	-1	-1	60	0
199	200	65338	-1	21	УЩЙХБЉЭН		186	84	0	300640	10000	-1	-1	1	0	-1	-1	-1	-1	-1	-1	60	0
200	201	65338	-1	21	УЩЙХБЉЭН		186	84	0	300640	10000	-1	-1	1	0	-1	-1	-1	-1	-1	-1	60	0
201	202	65338	-1	21	УЩЙХБЉЭН		186	84	0	300640	10000	-1	-1	1	0	-1	-1	-1	-1	-1	-1	60	0
202	203	65338	-1	21	УЩЙХБЉЭН		186	84	0	300640	10000	-1	-1	1	0	-1	-1	-1	-1	-1	-1	60	0
203	204	65338	-1	21	УЩЙХБЉЭН		186	84	0	300640	10000	-1	-1	1	0	-1	-1	-1	-1	-1	-1	60	0
204	205	65338	-1	21	УЩЙХБЉЭН		186	84	0	300640	10000	-1	-1	1	0	-1	-1	-1	-1	-1	-1	60	0
205	206	65338	-1	21	УЩЙХБЉЭН		186	84	0	300640	10000	-1	-1	1	0	-1	-1	-1	-1	-1	-1	60	0
206	207	65338	-1	21	УЩЙХБЉЭН		186	84	0	300640	10000	-1	-1	1	0	-1	-1	-1	-1	-1	-1	60	0
207	208	65338	-1	21	УЩЙХБЉЭН		186	84	0	300640	10000	-1	-1	1	0	-1	-1	-1	-1	-1	-1	60	0
208	209	65338	-1	21	УЩЙХБЉЭН		186	84	0	300640	10000	-1	-1	1	0	-1	-1	-1	-1	-1	-1	60	0
209	210	65338	-1	21	УЩЙХБЉЭН		186	84	0	300640	10000	-1	-1	1	0	-1	-1	-1	-1	-1	-1	60	0
210	211	65338	-1	21	УЩЙХБЉЭН		150	92	0	300640	10000	-1	-1	1	0	-1	-1	-1	-1	-1	-1	60	0
211	212	65338	-1	21	УЩЙХБЉЭН		150	92	0	300640	10000	-1	-1	1	0	-1	-1	-1	-1	-1	-1	60	0
212	213	65338	-1	21	УЩЙХБЉЭН		150	92	0	300640	10000	-1	-1	1	0	-1	-1	-1	-1	-1	-1	60	0
213	214	65338	-1	21	УЩЙХБЉЭН		150	92	0	300640	10000	-1	-1	1	0	-1	-1	-1	-1	-1	-1	60	0
214	215	65338	-1	21	УЩЙХБЉЭН		150	92	0	300640	10000	-1	-1	1	0	-1	-1	-1	-1	-1	-1	60	0
215	216	65338	-1	21	УЩЙХБЉЭН		150	92	0	300640	10000	-1	-1	1	0	-1	-1	-1	-1	-1	-1	60	0
216	217	65338	-1	21	УЩЙХБЉЭН		150	92	0	300640	10000	-1	-1	1	0	-1	-1	-1	-1	-1	-1	60	0
217	218	65338	-1	21	УЩЙХБЉЭН		150	92	0	300640	10000	-1	-1	1	0	-1	-1	-1	-1	-1	-1	60	0
218	219	65338	-1	21	УЩЙХБЉЭН		150	92	0	300640	10000	-1	-1	1	0	-1	-1	-1	-1	-1	-1	60	0
219	220	65338	-1	21	УЩЙХБЉЭН		150	92	0	300640	10000	-1	-1	1	0	-1	-1	-1	-1	-1	-1	60	0
220	221	65338	-1	21	УЩЙХБЉЭН		150	92	0	300640	10000	-1	-1	1	0	-1	-1	-1	-1	-1	-1	60	0
221	222	65338	-1	21	УЩЙХБЉЭН		150	92	0	300640	10000	-1	-1	1	0	-1	-1	-1	-1	-1	-1	60	0
222	223	65338	-1	21	УЩЙХБЉЭН		154	119	0	300640	10000	-1	-1	1	0	-1	-1	-1	-1	-1	-1	60	0
223	224	65338	-1	21	УЩЙХБЉЭН		154	119	0	300640	10000	-1	-1	1	0	-1	-1	-1	-1	-1	-1	60	0
224	225	65338	-1	21	УЩЙХБЉЭН		154	119	0	300640	10000	-1	-1	1	0	-1	-1	-1	-1	-1	-1	60	0
225	226	65338	-1	21	УЩЙХБЉЭН		154	119	0	300640	10000	-1	-1	1	0	-1	-1	-1	-1	-1	-1	60	0
226	227	65338	-1	21	УЩЙХБЉЭН		154	119	0	300640	10000	-1	-1	1	0	-1	-1	-1	-1	-1	-1	60	0
227	228	65338	-1	21	УЩЙХБЉЭН		154	119	0	300640	10000	-1	-1	1	0	-1	-1	-1	-1	-1	-1	60	0
228	229	65338	-1	21	УЩЙХБЉЭН		154	119	0	300640	10000	-1	-1	1	0	-1	-1	-1	-1	-1	-1	60	0
229	230	65338	-1	21	УЩЙХБЉЭН		154	119	0	300640	10000	-1	-1	1	0	-1	-1	-1	-1	-1	-1	60	0
230	231	65338	-1	21	УЩЙХБЉЭН		154	119	0	300640	10000	-1	-1	1	0	-1	-1	-1	-1	-1	-1	60	0
231	232	65338	-1	21	УЩЙХБЉЭН		154	119	0	300640	10000	-1	-1	1	0	-1	-1	-1	-1	-1	-1	60	0
232	233	65338	-1	21	УЩЙХБЉЭН		154	119	0	300640	10000	-1	-1	1	0	-1	-1	-1	-1	-1	-1	60	0
233	234	65338	-1	21	УЩЙХБЉЭН		154	119	0	300640	10000	-1	-1	1	0	-1	-1	-1	-1	-1	-1	60	0
234	235	65338	-1	21	УЩЙХБЉЭН		185	119	0	300640	10000	-1	-1	1	0	-1	-1	-1	-1	-1	-1	60	0
235	236	65338	-1	21	УЩЙХБЉЭН		185	119	0	300640	10000	-1	-1	1	0	-1	-1	-1	-1	-1	-1	60	0
236	237	65338	-1	21	УЩЙХБЉЭН		185	119	0	300640	10000	-1	-1	1	0	-1	-1	-1	-1	-1	-1	60	0
237	238	65338	-1	21	УЩЙХБЉЭН		185	119	0	300640	10000	-1	-1	1	0	-1	-1	-1	-1	-1	-1	60	0
238	239	65338	-1	21	УЩЙХБЉЭН		185	119	0	300640	10000	-1	-1	1	0	-1	-1	-1	-1	-1	-1	60	0
239	240	65338	-1	21	УЩЙХБЉЭН		185	119	0	300640	10000	-1	-1	1	0	-1	-1	-1	-1	-1	-1	60	0
240	241	65338	-1	21	УЩЙХБЉЭН		185	119	0	300640	10000	-1	-1	1	0	-1	-1	-1	-1	-1	-1	60	0
241	242	65338	-1	21	УЩЙХБЉЭН		185	119	0	300640	10000	-1	-1	1	0	-1	-1	-1	-1	-1	-1	60	0
242	243	65338	-1	21	УЩЙХБЉЭН		185	119	0	300640	10000	-1	-1	1	0	-1	-1	-1	-1	-1	-1	60	0
243	244	65338	-1	21	УЩЙХБЉЭН		185	119	0	300640	10000	-1	-1	1	0	-1	-1	-1	-1	-1	-1	60	0
244	245	65338	-1	21	УЩЙХБЉЭН		185	119	0	300640	10000	-1	-1	1	0	-1	-1	-1	-1	-1	-1	60	0
245	246	65338	-1	21	УЩЙХБЉЭН		185	119	0	300640	10000	-1	-1	1	0	-1	-1	-1	-1	-1	-1	60	0
246	247	65338	-1	21	УЩЙХБЉЭН		218	119	0	300640	10000	-1	-1	1	0	-1	-1	-1	-1	-1	-1	60	0
247	248	65338	-1	21	УЩЙХБЉЭН		218	119	0	300640	10000	-1	-1	1	0	-1	-1	-1	-1	-1	-1	60	0
248	249	65338	-1	21	УЩЙХБЉЭН		218	119	0	300640	10000	-1	-1	1	0	-1	-1	-1	-1	-1	-1	60	0
249	250	65338	-1	21	УЩЙХБЉЭН		218	119	0	300640	10000	-1	-1	1	0	-1	-1	-1	-1	-1	-1	60	0
250	251	65338	-1	21	УЩЙХБЉЭН		218	119	0	300640	10000	-1	-1	1	0	-1	-1	-1	-1	-1	-1	60	0
251	252	65338	-1	21	УЩЙХБЉЭН		218	119	0	300640	10000	-1	-1	1	0	-1	-1	-1	-1	-1	-1	60	0
252	253	65338	-1	21	УЩЙХБЉЭН		218	119	0	300640	10000	-1	-1	1	0	-1	-1	-1	-1	-1	-1	60	0
253	254	65338	-1	21	УЩЙХБЉЭН		218	119	0	300640	10000	-1	-1	1	0	-1	-1	-1	-1	-1	-1	60	0
254	255	65338	-1	21	УЩЙХБЉЭН		218	119	0	300640	10000	-1	-1	1	0	-1	-1	-1	-1	-1	-1	60	0
255	256	65338	-1	21	УЩЙХБЉЭН		218	119	0	300640	10000	-1	-1	1	0	-1	-1	-1	-1	-1	-1	60	0
256	257	65338	-1	21	УЩЙХБЉЭН		218	119	0	300640	10000	-1	-1	1	0	-1	-1	-1	-1	-1	-1	60	0
257	258	65338	-1	21	УЩЙХБЉЭН		218	119	0	300640	10000	-1	-1	1	0	-1	-1	-1	-1	-1	-1	60	0
258	259	65338	-1	21	УЩЙХБЉЭН		218	68	0	300640	10000	-1	-1	1	0	-1	-1	-1	-1	-1	-1	60	0
259	260	65338	-1	21	УЩЙХБЉЭН		218	68	0	300640	10000	-1	-1	1	0	-1	-1	-1	-1	-1	-1	60	0
260	261	65338	-1	21	УЩЙХБЉЭН		218	68	0	300640	10000	-1	-1	1	0	-1	-1	-1	-1	-1	-1	60	0
261	262	65338	-1	21	УЩЙХБЉЭН		218	68	0	300640	10000	-1	-1	1	0	-1	-1	-1	-1	-1	-1	60	0
262	263	65338	-1	21	УЩЙХБЉЭН		218	68	0	300640	10000	-1	-1	1	0	-1	-1	-1	-1	-1	-1	60	0
263	264	65338	-1	21	УЩЙХБЉЭН		218	68	0	300640	10000	-1	-1	1	0	-1	-1	-1	-1	-1	-1	60	0
264	265	65338	-1	21	УЩЙХБЉЭН		218	68	0	300640	10000	-1	-1	1	0	-1	-1	-1	-1	-1	-1	60	0
265	266	65338	-1	21	УЩЙХБЉЭН		218	68	0	300640	10000	-1	-1	1	0	-1	-1	-1	-1	-1	-1	60	0
266	267	65338	-1	21	УЩЙХБЉЭН		218	68	0	300640	10000	-1	-1	1	0	-1	-1	-1	-1	-1	-1	60	0
267	268	65338	-1	21	УЩЙХБЉЭН		218	68	0	300640	10000	-1	-1	1	0	-1	-1	-1	-1	-1	-1	60	0
268	269	65338	-1	21	УЩЙХБЉЭН		218	68	0	300640	10000	-1	-1	1	0	-1	-1	-1	-1	-1	-1	60	0
269	270	65338	-1	21	УЩЙХБЉЭН		218	68	0	300640	10000	-1	-1	1	0	-1	-1	-1	-1	-1	-1	60	0
270	271	65338	-1	21	УЩЙХБЉЭН		213	152	0	300640	10000	-1	-1	1	0	-1	-1	-1	-1	-1	-1	60	0
271	272	65338	-1	21	УЩЙХБЉЭН		213	152	0	300640	10000	-1	-1	1	0	-1	-1	-1	-1	-1	-1	60	0
272	273	65338	-1	21	УЩЙХБЉЭН		213	152	0	300640	10000	-1	-1	1	0	-1	-1	-1	-1	-1	-1	60	0
273	274	65338	-1	21	УЩЙХБЉЭН		213	152	0	300640	10000	-1	-1	1	0	-1	-1	-1	-1	-1	-1	60	0
274	275	65338	-1	21	УЩЙХБЉЭН		213	152	0	300640	10000	-1	-1	1	0	-1	-1	-1	-1	-1	-1	60	0
275	276	65338	-1	21	УЩЙХБЉЭН		213	152	0	300640	10000	-1	-1	1	0	-1	-1	-1	-1	-1	-1	60	0
276	277	65338	-1	21	УЩЙХБЉЭН		213	152	0	300640	10000	-1	-1	1	0	-1	-1	-1	-1	-1	-1	60	0
277	278	65338	-1	21	УЩЙХБЉЭН		213	152	0	300640	10000	-1	-1	1	0	-1	-1	-1	-1	-1	-1	60	0
278	279	65338	-1	21	УЩЙХБЉЭН		213	152	0	300640	10000	-1	-1	1	0	-1	-1	-1	-1	-1	-1	60	0
279	280	65338	-1	21	УЩЙХБЉЭН		225	152	0	300640	10000	-1	-1	1	0	-1	-1	-1	-1	-1	-1	60	0
280	281	65338	-1	21	УЩЙХБЉЭН		225	152	0	300640	10000	-1	-1	1	0	-1	-1	-1	-1	-1	-1	60	0
281	282	65338	-1	21	УЩЙХБЉЭН		225	152	0	300640	10000	-1	-1	1	0	-1	-1	-1	-1	-1	-1	60	0
282	283	65338	-1	21	УЩЙХБЉЭН		225	152	0	300640	10000	-1	-1	1	0	-1	-1	-1	-1	-1	-1	60	0
283	284	65338	-1	21	УЩЙХБЉЭН		225	152	0	300640	10000	-1	-1	1	0	-1	-1	-1	-1	-1	-1	60	0
284	285	65338	-1	21	УЩЙХБЉЭН		225	152	0	300640	10000	-1	-1	1	0	-1	-1	-1	-1	-1	-1	60	0
285	286	65338	-1	21	УЩЙХБЉЭН		225	152	0	300640	10000	-1	-1	1	0	-1	-1	-1	-1	-1	-1	60	0
286	287	65338	-1	21	УЩЙХБЉЭН		225	152	0	300640	10000	-1	-1	1	0	-1	-1	-1	-1	-1	-1	60	0
287	288	65338	-1	21	УЩЙХБЉЭН		225	152	0	300640	10000	-1	-1	1	0	-1	-1	-1	-1	-1	-1	60	0
288	289	65338	-1	21	УЩЙХБЉЭН		225	165	0	300640	10000	-1	-1	1	0	-1	-1	-1	-1	-1	-1	60	0
289	290	65338	-1	21	УЩЙХБЉЭН		225	165	0	300640	10000	-1	-1	1	0	-1	-1	-1	-1	-1	-1	60	0
290	291	65338	-1	21	УЩЙХБЉЭН		225	165	0	300640	10000	-1	-1	1	0	-1	-1	-1	-1	-1	-1	60	0
291	292	65338	-1	21	УЩЙХБЉЭН		225	165	0	300640	10000	-1	-1	1	0	-1	-1	-1	-1	-1	-1	60	0
292	293	65338	-1	21	УЩЙХБЉЭН		225	165	0	300640	10000	-1	-1	1	0	-1	-1	-1	-1	-1	-1	60	0
293	294	65338	-1	21	УЩЙХБЉЭН		225	165	0	300640	10000	-1	-1	1	0	-1	-1	-1	-1	-1	-1	60	0
294	295	65338	-1	21	УЩЙХБЉЭН		225	165	0	300640	10000	-1	-1	1	0	-1	-1	-1	-1	-1	-1	60	0
295	296	65338	-1	21	УЩЙХБЉЭН		225	165	0	300640	10000	-1	-1	1	0	-1	-1	-1	-1	-1	-1	60	0
296	297	65338	-1	21	УЩЙХБЉЭН		225	165	0	300640	10000	-1	-1	1	0	-1	-1	-1	-1	-1	-1	60	0
297	298	65338	-1	21	УЩЙХБЉЭН		213	165	0	300640	10000	-1	-1	1	0	-1	-1	-1	-1	-1	-1	60	0
298	299	65338	-1	21	УЩЙХБЉЭН		213	165	0	300640	10000	-1	-1	1	0	-1	-1	-1	-1	-1	-1	60	0
299	300	65338	-1	21	УЩЙХБЉЭН		213	165	0	300640	10000	-1	-1	1	0	-1	-1	-1	-1	-1	-1	60	0
300	301	65338	-1	21	УЩЙХБЉЭН		213	165	0	300640	10000	-1	-1	1	0	-1	-1	-1	-1	-1	-1	60	0
301	302	65338	-1	21	УЩЙХБЉЭН		213	165	0	300640	10000	-1	-1	1	0	-1	-1	-1	-1	-1	-1	60	0
302	303	65338	-1	21	УЩЙХБЉЭН		213	165	0	300640	10000	-1	-1	1	0	-1	-1	-1	-1	-1	-1	60	0
303	304	65338	-1	21	УЩЙХБЉЭН		213	165	0	300640	10000	-1	-1	1	0	-1	-1	-1	-1	-1	-1	60	0
304	305	65338	-1	21	УЩЙХБЉЭН		213	165	0	300640	10000	-1	-1	1	0	-1	-1	-1	-1	-1	-1	60	0
305	306	65338	-1	21	УЩЙХБЉЭН		213	165	0	300640	10000	-1	-1	1	0	-1	-1	-1	-1	-1	-1	60	0
306	307	65338	-1	21	УЩЙХБЉЭН		154	152	0	300640	10000	-1	-1	1	0	-1	-1	-1	-1	-1	-1	60	0
307	308	65338	-1	21	УЩЙХБЉЭН		154	152	0	300640	10000	-1	-1	1	0	-1	-1	-1	-1	-1	-1	60	0
308	309	65338	-1	21	УЩЙХБЉЭН		154	152	0	300640	10000	-1	-1	1	0	-1	-1	-1	-1	-1	-1	60	0
309	310	65338	-1	21	УЩЙХБЉЭН		154	152	0	300640	10000	-1	-1	1	0	-1	-1	-1	-1	-1	-1	60	0
310	311	65338	-1	21	УЩЙХБЉЭН		154	152	0	300640	10000	-1	-1	1	0	-1	-1	-1	-1	-1	-1	60	0
311	312	65338	-1	21	УЩЙХБЉЭН		154	152	0	300640	10000	-1	-1	1	0	-1	-1	-1	-1	-1	-1	60	0
312	313	65338	-1	21	УЩЙХБЉЭН		154	152	0	300640	10000	-1	-1	1	0	-1	-1	-1	-1	-1	-1	60	0
313	314	65338	-1	21	УЩЙХБЉЭН		154	152	0	300640	10000	-1	-1	1	0	-1	-1	-1	-1	-1	-1	60	0
314	315	65338	-1	21	УЩЙХБЉЭН		154	152	0	300640	10000	-1	-1	1	0	-1	-1	-1	-1	-1	-1	60	0
315	316	65338	-1	21	УЩЙХБЉЭН		166	152	0	300640	10000	-1	-1	1	0	-1	-1	-1	-1	-1	-1	60	0
316	317	65338	-1	21	УЩЙХБЉЭН		166	152	0	300640	10000	-1	-1	1	0	-1	-1	-1	-1	-1	-1	60	0
317	318	65338	-1	21	УЩЙХБЉЭН		166	152	0	300640	10000	-1	-1	1	0	-1	-1	-1	-1	-1	-1	60	0
318	319	65338	-1	21	УЩЙХБЉЭН		166	152	0	300640	10000	-1	-1	1	0	-1	-1	-1	-1	-1	-1	60	0
319	320	65338	-1	21	УЩЙХБЉЭН		166	152	0	300640	10000	-1	-1	1	0	-1	-1	-1	-1	-1	-1	60	0
320	321	65338	-1	21	УЩЙХБЉЭН		166	152	0	300640	10000	-1	-1	1	0	-1	-1	-1	-1	-1	-1	60	0
321	322	65338	-1	21	УЩЙХБЉЭН		166	152	0	300640	10000	-1	-1	1	0	-1	-1	-1	-1	-1	-1	60	0
322	323	65338	-1	21	УЩЙХБЉЭН		166	152	0	300640	10000	-1	-1	1	0	-1	-1	-1	-1	-1	-1	60	0
323	324	65338	-1	21	УЩЙХБЉЭН		166	152	0	300640	10000	-1	-1	1	0	-1	-1	-1	-1	-1	-1	60	0
324	325	65338	-1	21	УЩЙХБЉЭН		166	165	0	300640	10000	-1	-1	1	0	-1	-1	-1	-1	-1	-1	60	0
325	326	65338	-1	21	УЩЙХБЉЭН		166	165	0	300640	10000	-1	-1	1	0	-1	-1	-1	-1	-1	-1	60	0
326	327	65338	-1	21	УЩЙХБЉЭН		166	165	0	300640	10000	-1	-1	1	0	-1	-1	-1	-1	-1	-1	60	0
327	328	65338	-1	21	УЩЙХБЉЭН		166	165	0	300640	10000	-1	-1	1	0	-1	-1	-1	-1	-1	-1	60	0
328	329	65338	-1	21	УЩЙХБЉЭН		166	165	0	300640	10000	-1	-1	1	0	-1	-1	-1	-1	-1	-1	60	0
329	330	65338	-1	21	УЩЙХБЉЭН		166	165	0	300640	10000	-1	-1	1	0	-1	-1	-1	-1	-1	-1	60	0
330	331	65338	-1	21	УЩЙХБЉЭН		166	165	0	300640	10000	-1	-1	1	0	-1	-1	-1	-1	-1	-1	60	0
331	332	65338	-1	21	УЩЙХБЉЭН		166	165	0	300640	10000	-1	-1	1	0	-1	-1	-1	-1	-1	-1	60	0
332	333	65338	-1	21	УЩЙХБЉЭН		166	165	0	300640	10000	-1	-1	1	0	-1	-1	-1	-1	-1	-1	60	0
333	334	65338	-1	21	УЩЙХБЉЭН		95	165	0	300640	10000	-1	-1	1	0	-1	-1	-1	-1	-1	-1	60	0
334	335	65338	-1	21	УЩЙХБЉЭН		95	165	0	300640	10000	-1	-1	1	0	-1	-1	-1	-1	-1	-1	60	0
335	336	65338	-1	21	УЩЙХБЉЭН		95	165	0	300640	10000	-1	-1	1	0	-1	-1	-1	-1	-1	-1	60	0
336	337	65338	-1	21	УЩЙХБЉЭН		95	165	0	300640	10000	-1	-1	1	0	-1	-1	-1	-1	-1	-1	60	0
337	338	65338	-1	21	УЩЙХБЉЭН		95	165	0	300640	10000	-1	-1	1	0	-1	-1	-1	-1	-1	-1	60	0
338	339	65338	-1	21	УЩЙХБЉЭН		95	165	0	300640	10000	-1	-1	1	0	-1	-1	-1	-1	-1	-1	60	0
339	340	65338	-1	21	УЩЙХБЉЭН		95	165	0	300640	10000	-1	-1	1	0	-1	-1	-1	-1	-1	-1	60	0
340	341	65338	-1	21	УЩЙХБЉЭН		95	165	0	300640	10000	-1	-1	1	0	-1	-1	-1	-1	-1	-1	60	0
341	342	65338	-1	21	УЩЙХБЉЭН		95	165	0	300640	10000	-1	-1	1	0	-1	-1	-1	-1	-1	-1	60	0
342	343	65338	-1	21	УЩЙХБЉЭН		95	152	0	300640	10000	-1	-1	1	0	-1	-1	-1	-1	-1	-1	60	0
343	344	65338	-1	21	УЩЙХБЉЭН		95	152	0	300640	10000	-1	-1	1	0	-1	-1	-1	-1	-1	-1	60	0
344	345	65338	-1	21	УЩЙХБЉЭН		95	152	0	300640	10000	-1	-1	1	0	-1	-1	-1	-1	-1	-1	60	0
345	346	65338	-1	21	УЩЙХБЉЭН		95	152	0	300640	10000	-1	-1	1	0	-1	-1	-1	-1	-1	-1	60	0
346	347	65338	-1	21	УЩЙХБЉЭН		95	152	0	300640	10000	-1	-1	1	0	-1	-1	-1	-1	-1	-1	60	0
347	348	65338	-1	21	УЩЙХБЉЭН		95	152	0	300640	10000	-1	-1	1	0	-1	-1	-1	-1	-1	-1	60	0
348	349	65338	-1	21	УЩЙХБЉЭН		95	152	0	300640	10000	-1	-1	1	0	-1	-1	-1	-1	-1	-1	60	0
349	350	65338	-1	21	УЩЙХБЉЭН		95	152	0	300640	10000	-1	-1	1	0	-1	-1	-1	-1	-1	-1	60	0
350	351	65338	-1	21	УЩЙХБЉЭН		95	152	0	300640	10000	-1	-1	1	0	-1	-1	-1	-1	-1	-1	60	0
351	352	65338	-1	21	УЩЙХБЉЭН		107	152	0	300640	10000	-1	-1	1	0	-1	-1	-1	-1	-1	-1	60	0
352	353	65338	-1	21	УЩЙХБЉЭН		107	152	0	300640	10000	-1	-1	1	0	-1	-1	-1	-1	-1	-1	60	0
353	354	65338	-1	21	УЩЙХБЉЭН		107	152	0	300640	10000	-1	-1	1	0	-1	-1	-1	-1	-1	-1	60	0
354	355	65338	-1	21	УЩЙХБЉЭН		107	152	0	300640	10000	-1	-1	1	0	-1	-1	-1	-1	-1	-1	60	0
355	356	65338	-1	21	УЩЙХБЉЭН		107	152	0	300640	10000	-1	-1	1	0	-1	-1	-1	-1	-1	-1	60	0
356	357	65338	-1	21	УЩЙХБЉЭН		107	152	0	300640	10000	-1	-1	1	0	-1	-1	-1	-1	-1	-1	60	0
357	358	65338	-1	21	УЩЙХБЉЭН		107	152	0	300640	10000	-1	-1	1	0	-1	-1	-1	-1	-1	-1	60	0
358	359	65338	-1	21	УЩЙХБЉЭН		107	152	0	300640	10000	-1	-1	1	0	-1	-1	-1	-1	-1	-1	60	0
359	360	65338	-1	21	УЩЙХБЉЭН		107	152	0	300640	10000	-1	-1	1	0	-1	-1	-1	-1	-1	-1	60	0
360	361	65338	-1	21	УЩЙХБЉЭН		107	165	0	300640	10000	-1	-1	1	0	-1	-1	-1	-1	-1	-1	60	0
361	362	65338	-1	21	УЩЙХБЉЭН		107	165	0	300640	10000	-1	-1	1	0	-1	-1	-1	-1	-1	-1	60	0
362	363	65338	-1	21	УЩЙХБЉЭН		107	165	0	300640	10000	-1	-1	1	0	-1	-1	-1	-1	-1	-1	60	0
363	364	65338	-1	21	УЩЙХБЉЭН		107	165	0	300640	10000	-1	-1	1	0	-1	-1	-1	-1	-1	-1	60	0
364	365	65338	-1	21	УЩЙХБЉЭН		107	165	0	300640	10000	-1	-1	1	0	-1	-1	-1	-1	-1	-1	60	0
365	366	65338	-1	21	УЩЙХБЉЭН		107	165	0	300640	10000	-1	-1	1	0	-1	-1	-1	-1	-1	-1	60	0
366	367	65338	-1	21	УЩЙХБЉЭН		107	165	0	300640	10000	-1	-1	1	0	-1	-1	-1	-1	-1	-1	60	0
367	368	65338	-1	21	УЩЙХБЉЭН		107	165	0	300640	10000	-1	-1	1	0	-1	-1	-1	-1	-1	-1	60	0
368	369	65338	-1	21	УЩЙХБЉЭН		107	165	0	300640	10000	-1	-1	1	0	-1	-1	-1	-1	-1	-1	60	0
369	370	65338	-1	21	УЩЙХБЉЭН		95	165	0	300640	10000	-1	-1	1	0	-1	-1	-1	-1	-1	-1	60	0
370	371	65338	-1	21	УЩЙХБЉЭН		95	165	0	300640	10000	-1	-1	1	0	-1	-1	-1	-1	-1	-1	60	0
371	372	65338	-1	21	УЩЙХБЉЭН		95	165	0	300640	10000	-1	-1	1	0	-1	-1	-1	-1	-1	-1	60	0
372	373	65338	-1	21	УЩЙХБЉЭН		95	165	0	300640	10000	-1	-1	1	0	-1	-1	-1	-1	-1	-1	60	0
373	374	65338	-1	21	УЩЙХБЉЭН		95	165	0	300640	10000	-1	-1	1	0	-1	-1	-1	-1	-1	-1	60	0
374	375	65338	-1	21	УЩЙХБЉЭН		95	165	0	300640	10000	-1	-1	1	0	-1	-1	-1	-1	-1	-1	60	0
375	376	65338	-1	21	УЩЙХБЉЭН		95	165	0	300640	10000	-1	-1	1	0	-1	-1	-1	-1	-1	-1	60	0
376	377	65338	-1	21	УЩЙХБЉЭН		95	165	0	300640	10000	-1	-1	1	0	-1	-1	-1	-1	-1	-1	60	0
377	378	65338	-1	21	УЩЙХБЉЭН		95	165	0	300640	10000	-1	-1	1	0	-1	-1	-1	-1	-1	-1	60	0
378	379	65338	-1	21	УЩЙХБЉЭН		36	152	0	300640	10000	-1	-1	1	0	-1	-1	-1	-1	-1	-1	60	0
379	380	65338	-1	21	УЩЙХБЉЭН		36	152	0	300640	10000	-1	-1	1	0	-1	-1	-1	-1	-1	-1	60	0
380	381	65338	-1	21	УЩЙХБЉЭН		36	152	0	300640	10000	-1	-1	1	0	-1	-1	-1	-1	-1	-1	60	0
381	382	65338	-1	21	УЩЙХБЉЭН		36	152	0	300640	10000	-1	-1	1	0	-1	-1	-1	-1	-1	-1	60	0
382	383	65338	-1	21	УЩЙХБЉЭН		36	152	0	300640	10000	-1	-1	1	0	-1	-1	-1	-1	-1	-1	60	0
383	384	65338	-1	21	УЩЙХБЉЭН		36	152	0	300640	10000	-1	-1	1	0	-1	-1	-1	-1	-1	-1	60	0
384	385	65338	-1	21	УЩЙХБЉЭН		36	152	0	300640	10000	-1	-1	1	0	-1	-1	-1	-1	-1	-1	60	0
385	386	65338	-1	21	УЩЙХБЉЭН		36	152	0	300640	10000	-1	-1	1	0	-1	-1	-1	-1	-1	-1	60	0
386	387	65338	-1	21	УЩЙХБЉЭН		36	152	0	300640	10000	-1	-1	1	0	-1	-1	-1	-1	-1	-1	60	0
387	388	65338	-1	21	УЩЙХБЉЭН		48	152	0	300640	10000	-1	-1	1	0	-1	-1	-1	-1	-1	-1	60	0
388	389	65338	-1	21	УЩЙХБЉЭН		48	152	0	300640	10000	-1	-1	1	0	-1	-1	-1	-1	-1	-1	60	0
389	390	65338	-1	21	УЩЙХБЉЭН		48	152	0	300640	10000	-1	-1	1	0	-1	-1	-1	-1	-1	-1	60	0
390	391	65338	-1	21	УЩЙХБЉЭН		48	152	0	300640	10000	-1	-1	1	0	-1	-1	-1	-1	-1	-1	60	0
391	392	65338	-1	21	УЩЙХБЉЭН		48	152	0	300640	10000	-1	-1	1	0	-1	-1	-1	-1	-1	-1	60	0
392	393	65338	-1	21	УЩЙХБЉЭН		48	152	0	300640	10000	-1	-1	1	0	-1	-1	-1	-1	-1	-1	60	0
393	394	65338	-1	21	УЩЙХБЉЭН		48	152	0	300640	10000	-1	-1	1	0	-1	-1	-1	-1	-1	-1	60	0
394	395	65338	-1	21	УЩЙХБЉЭН		48	152	0	300640	10000	-1	-1	1	0	-1	-1	-1	-1	-1	-1	60	0
395	396	65338	-1	21	УЩЙХБЉЭН		48	152	0	300640	10000	-1	-1	1	0	-1	-1	-1	-1	-1	-1	60	0
396	397	65338	-1	21	УЩЙХБЉЭН		48	165	0	300640	10000	-1	-1	1	0	-1	-1	-1	-1	-1	-1	60	0
397	398	65338	-1	21	УЩЙХБЉЭН		48	165	0	300640	10000	-1	-1	1	0	-1	-1	-1	-1	-1	-1	60	0
398	399	65338	-1	21	УЩЙХБЉЭН		48	165	0	300640	10000	-1	-1	1	0	-1	-1	-1	-1	-1	-1	60	0
399	400	65338	-1	21	УЩЙХБЉЭН		48	165	0	300640	10000	-1	-1	1	0	-1	-1	-1	-1	-1	-1	60	0
400	401	65338	-1	21	УЩЙХБЉЭН		48	165	0	300640	10000	-1	-1	1	0	-1	-1	-1	-1	-1	-1	60	0
401	402	65338	-1	21	УЩЙХБЉЭН		48	165	0	300640	10000	-1	-1	1	0	-1	-1	-1	-1	-1	-1	60	0
402	403	65338	-1	21	УЩЙХБЉЭН		48	165	0	300640	10000	-1	-1	1	0	-1	-1	-1	-1	-1	-1	60	0
403	404	65338	-1	21	УЩЙХБЉЭН		48	165	0	300640	10000	-1	-1	1	0	-1	-1	-1	-1	-1	-1	60	0
404	405	65338	-1	21	УЩЙХБЉЭН		48	165	0	300640	10000	-1	-1	1	0	-1	-1	-1	-1	-1	-1	60	0
405	406	65338	-1	21	УЩЙХБЉЭН		36	165	0	300640	10000	-1	-1	1	0	-1	-1	-1	-1	-1	-1	60	0
406	407	65338	-1	21	УЩЙХБЉЭН		36	165	0	300640	10000	-1	-1	1	0	-1	-1	-1	-1	-1	-1	60	0
407	408	65338	-1	21	УЩЙХБЉЭН		36	165	0	300640	10000	-1	-1	1	0	-1	-1	-1	-1	-1	-1	60	0
408	409	65338	-1	21	УЩЙХБЉЭН		36	165	0	300640	10000	-1	-1	1	0	-1	-1	-1	-1	-1	-1	60	0
409	410	65338	-1	21	УЩЙХБЉЭН		36	165	0	300640	10000	-1	-1	1	0	-1	-1	-1	-1	-1	-1	60	0
410	411	65338	-1	21	УЩЙХБЉЭН		36	165	0	300640	10000	-1	-1	1	0	-1	-1	-1	-1	-1	-1	60	0
411	412	65338	-1	21	УЩЙХБЉЭН		36	165	0	300640	10000	-1	-1	1	0	-1	-1	-1	-1	-1	-1	60	0
412	413	65338	-1	21	УЩЙХБЉЭН		36	165	0	300640	10000	-1	-1	1	0	-1	-1	-1	-1	-1	-1	60	0
413	414	65338	-1	21	УЩЙХБЉЭН		36	165	0	300640	10000	-1	-1	1	0	-1	-1	-1	-1	-1	-1	60	0
414	415	65338	-1	21	УЩЙХБЉЭН		220	95	0	300640	10000	-1	-1	1	0	-1	-1	-1	-1	-1	-1	60	0
415	416	65338	-1	21	УЩЙХБЉЭН		220	95	0	300640	10000	-1	-1	1	0	-1	-1	-1	-1	-1	-1	60	0
416	417	65338	-1	21	УЩЙХБЉЭН		220	95	0	300640	10000	-1	-1	1	0	-1	-1	-1	-1	-1	-1	60	0
417	418	65338	-1	21	УЩЙХБЉЭН		220	95	0	300640	10000	-1	-1	1	0	-1	-1	-1	-1	-1	-1	60	0
418	419	65338	-1	21	УЩЙХБЉЭН		220	95	0	300640	10000	-1	-1	1	0	-1	-1	-1	-1	-1	-1	60	0
419	420	65338	-1	21	УЩЙХБЉЭН		220	95	0	300640	10000	-1	-1	1	0	-1	-1	-1	-1	-1	-1	60	0
420	421	65338	-1	21	УЩЙХБЉЭН		220	95	0	300640	10000	-1	-1	1	0	-1	-1	-1	-1	-1	-1	60	0
421	422	65338	-1	21	УЩЙХБЉЭН		220	95	0	300640	10000	-1	-1	1	0	-1	-1	-1	-1	-1	-1	60	0
422	423	65338	-1	21	УЩЙХБЉЭН		220	95	0	300640	10000	-1	-1	1	0	-1	-1	-1	-1	-1	-1	60	0
423	424	65338	-1	21	УЩЙХБЉЭН		220	95	0	300640	10000	-1	-1	1	0	-1	-1	-1	-1	-1	-1	60	0
424	425	65338	-1	21	УЩЙХБЉЭН		220	95	0	300640	10000	-1	-1	1	0	-1	-1	-1	-1	-1	-1	60	0
425	426	65338	-1	21	УЩЙХБЉЭН		220	95	0	300640	10000	-1	-1	1	0	-1	-1	-1	-1	-1	-1	60	0
426	427	65338	-1	21	УЩЙХБЉЭН		224	213	0	300640	10000	-1	-1	1	0	-1	-1	-1	-1	-1	-1	60	0
427	428	65338	-1	21	УЩЙХБЉЭН		224	213	0	300640	10000	-1	-1	1	0	-1	-1	-1	-1	-1	-1	60	0
428	429	65338	-1	21	УЩЙХБЉЭН		224	213	0	300640	10000	-1	-1	1	0	-1	-1	-1	-1	-1	-1	60	0
429	430	65338	-1	21	УЩЙХБЉЭН		224	213	0	300640	10000	-1	-1	1	0	-1	-1	-1	-1	-1	-1	60	0
430	431	65338	-1	21	УЩЙХБЉЭН		224	213	0	300640	10000	-1	-1	1	0	-1	-1	-1	-1	-1	-1	60	0
431	432	65338	-1	21	УЩЙХБЉЭН		224	213	0	300640	10000	-1	-1	1	0	-1	-1	-1	-1	-1	-1	60	0
432	433	65338	-1	21	УЩЙХБЉЭН		224	213	0	300640	10000	-1	-1	1	0	-1	-1	-1	-1	-1	-1	60	0
433	434	65338	-1	21	УЩЙХБЉЭН		224	213	0	300640	10000	-1	-1	1	0	-1	-1	-1	-1	-1	-1	60	0
434	435	65338	-1	21	УЩЙХБЉЭН		224	213	0	300640	10000	-1	-1	1	0	-1	-1	-1	-1	-1	-1	60	0
435	436	65338	-1	21	УЩЙХБЉЭН		224	213	0	300640	10000	-1	-1	1	0	-1	-1	-1	-1	-1	-1	60	0
436	437	65338	-1	21	УЩЙХБЉЭН		224	213	0	300640	10000	-1	-1	1	0	-1	-1	-1	-1	-1	-1	60	0
437	438	65338	-1	21	УЩЙХБЉЭН		224	213	0	300640	10000	-1	-1	1	0	-1	-1	-1	-1	-1	-1	60	0
438	439	65338	-1	21	УЩЙХБЉЭН		214	213	0	300640	10000	-1	-1	1	0	-1	-1	-1	-1	-1	-1	60	0
439	440	65338	-1	21	УЩЙХБЉЭН		214	213	0	300640	10000	-1	-1	1	0	-1	-1	-1	-1	-1	-1	60	0
440	441	65338	-1	21	УЩЙХБЉЭН		214	213	0	300640	10000	-1	-1	1	0	-1	-1	-1	-1	-1	-1	60	0
441	442	65338	-1	21	УЩЙХБЉЭН		214	213	0	300640	10000	-1	-1	1	0	-1	-1	-1	-1	-1	-1	60	0
442	443	65338	-1	21	УЩЙХБЉЭН		214	213	0	300640	10000	-1	-1	1	0	-1	-1	-1	-1	-1	-1	60	0
443	444	65338	-1	21	УЩЙХБЉЭН		214	213	0	300640	10000	-1	-1	1	0	-1	-1	-1	-1	-1	-1	60	0
444	445	65338	-1	21	УЩЙХБЉЭН		214	213	0	300640	10000	-1	-1	1	0	-1	-1	-1	-1	-1	-1	60	0
445	446	65338	-1	21	УЩЙХБЉЭН		214	213	0	300640	10000	-1	-1	1	0	-1	-1	-1	-1	-1	-1	60	0
446	447	65338	-1	21	УЩЙХБЉЭН		214	213	0	300640	10000	-1	-1	1	0	-1	-1	-1	-1	-1	-1	60	0
447	448	65338	-1	21	УЩЙХБЉЭН		214	213	0	300640	10000	-1	-1	1	0	-1	-1	-1	-1	-1	-1	60	0
448	449	65338	-1	21	УЩЙХБЉЭН		214	213	0	300640	10000	-1	-1	1	0	-1	-1	-1	-1	-1	-1	60	0
449	450	65338	-1	21	УЩЙХБЉЭН		214	213	0	300640	10000	-1	-1	1	0	-1	-1	-1	-1	-1	-1	60	0
450	451	65338	-1	21	УЩЙХБЉЭН		165	213	0	300640	10000	-1	-1	1	0	-1	-1	-1	-1	-1	-1	60	0
451	452	65338	-1	21	УЩЙХБЉЭН		165	213	0	300640	10000	-1	-1	1	0	-1	-1	-1	-1	-1	-1	60	0
452	453	65338	-1	21	УЩЙХБЉЭН		165	213	0	300640	10000	-1	-1	1	0	-1	-1	-1	-1	-1	-1	60	0
453	454	65338	-1	21	УЩЙХБЉЭН		165	213	0	300640	10000	-1	-1	1	0	-1	-1	-1	-1	-1	-1	60	0
454	455	65338	-1	21	УЩЙХБЉЭН		165	213	0	300640	10000	-1	-1	1	0	-1	-1	-1	-1	-1	-1	60	0
455	456	65338	-1	21	УЩЙХБЉЭН		165	213	0	300640	10000	-1	-1	1	0	-1	-1	-1	-1	-1	-1	60	0
456	457	65338	-1	21	УЩЙХБЉЭН		165	213	0	300640	10000	-1	-1	1	0	-1	-1	-1	-1	-1	-1	60	0
457	458	65338	-1	21	УЩЙХБЉЭН		165	213	0	300640	10000	-1	-1	1	0	-1	-1	-1	-1	-1	-1	60	0
458	459	65338	-1	21	УЩЙХБЉЭН		165	213	0	300640	10000	-1	-1	1	0	-1	-1	-1	-1	-1	-1	60	0
459	460	65338	-1	21	УЩЙХБЉЭН		165	213	0	300640	10000	-1	-1	1	0	-1	-1	-1	-1	-1	-1	60	0
460	461	65338	-1	21	УЩЙХБЉЭН		165	213	0	300640	10000	-1	-1	1	0	-1	-1	-1	-1	-1	-1	60	0
461	462	65338	-1	21	УЩЙХБЉЭН		165	213	0	300640	10000	-1	-1	1	0	-1	-1	-1	-1	-1	-1	60	0
462	463	65338	-1	21	УЩЙХБЉЭН		155	213	0	300640	10000	-1	-1	1	0	-1	-1	-1	-1	-1	-1	60	0
463	464	65338	-1	21	УЩЙХБЉЭН		155	213	0	300640	10000	-1	-1	1	0	-1	-1	-1	-1	-1	-1	60	0
464	465	65338	-1	21	УЩЙХБЉЭН		155	213	0	300640	10000	-1	-1	1	0	-1	-1	-1	-1	-1	-1	60	0
465	466	65338	-1	21	УЩЙХБЉЭН		155	213	0	300640	10000	-1	-1	1	0	-1	-1	-1	-1	-1	-1	60	0
466	467	65338	-1	21	УЩЙХБЉЭН		155	213	0	300640	10000	-1	-1	1	0	-1	-1	-1	-1	-1	-1	60	0
467	468	65338	-1	21	УЩЙХБЉЭН		155	213	0	300640	10000	-1	-1	1	0	-1	-1	-1	-1	-1	-1	60	0
468	469	65338	-1	21	УЩЙХБЉЭН		155	213	0	300640	10000	-1	-1	1	0	-1	-1	-1	-1	-1	-1	60	0
469	470	65338	-1	21	УЩЙХБЉЭН		155	213	0	300640	10000	-1	-1	1	0	-1	-1	-1	-1	-1	-1	60	0
470	471	65338	-1	21	УЩЙХБЉЭН		155	213	0	300640	10000	-1	-1	1	0	-1	-1	-1	-1	-1	-1	60	0
471	472	65338	-1	21	УЩЙХБЉЭН		155	213	0	300640	10000	-1	-1	1	0	-1	-1	-1	-1	-1	-1	60	0
472	473	65338	-1	21	УЩЙХБЉЭН		155	213	0	300640	10000	-1	-1	1	0	-1	-1	-1	-1	-1	-1	60	0
473	474	65338	-1	21	УЩЙХБЉЭН		155	213	0	300640	10000	-1	-1	1	0	-1	-1	-1	-1	-1	-1	60	0
474	475	65338	-1	21	УЩЙХБЉЭН		106	213	0	300640	10000	-1	-1	1	0	-1	-1	-1	-1	-1	-1	60	0
475	476	65338	-1	21	УЩЙХБЉЭН		106	213	0	300640	10000	-1	-1	1	0	-1	-1	-1	-1	-1	-1	60	0
476	477	65338	-1	21	УЩЙХБЉЭН		106	213	0	300640	10000	-1	-1	1	0	-1	-1	-1	-1	-1	-1	60	0
477	478	65338	-1	21	УЩЙХБЉЭН		106	213	0	300640	10000	-1	-1	1	0	-1	-1	-1	-1	-1	-1	60	0
478	479	65338	-1	21	УЩЙХБЉЭН		106	213	0	300640	10000	-1	-1	1	0	-1	-1	-1	-1	-1	-1	60	0
479	480	65338	-1	21	УЩЙХБЉЭН		106	213	0	300640	10000	-1	-1	1	0	-1	-1	-1	-1	-1	-1	60	0
480	481	65338	-1	21	УЩЙХБЉЭН		106	213	0	300640	10000	-1	-1	1	0	-1	-1	-1	-1	-1	-1	60	0
481	482	65338	-1	21	УЩЙХБЉЭН		106	213	0	300640	10000	-1	-1	1	0	-1	-1	-1	-1	-1	-1	60	0
482	483	65338	-1	21	УЩЙХБЉЭН		106	213	0	300640	10000	-1	-1	1	0	-1	-1	-1	-1	-1	-1	60	0
483	484	65338	-1	21	УЩЙХБЉЭН		106	213	0	300640	10000	-1	-1	1	0	-1	-1	-1	-1	-1	-1	60	0
484	485	65338	-1	21	УЩЙХБЉЭН		106	213	0	300640	10000	-1	-1	1	0	-1	-1	-1	-1	-1	-1	60	0
485	486	65338	-1	21	УЩЙХБЉЭН		106	213	0	300640	10000	-1	-1	1	0	-1	-1	-1	-1	-1	-1	60	0
486	487	65338	-1	21	УЩЙХБЉЭН		96	213	0	300640	10000	-1	-1	1	0	-1	-1	-1	-1	-1	-1	60	0
487	488	65338	-1	21	УЩЙХБЉЭН		96	213	0	300640	10000	-1	-1	1	0	-1	-1	-1	-1	-1	-1	60	0
488	489	65338	-1	21	УЩЙХБЉЭН		96	213	0	300640	10000	-1	-1	1	0	-1	-1	-1	-1	-1	-1	60	0
489	490	65338	-1	21	УЩЙХБЉЭН		96	213	0	300640	10000	-1	-1	1	0	-1	-1	-1	-1	-1	-1	60	0
490	491	65338	-1	21	УЩЙХБЉЭН		96	213	0	300640	10000	-1	-1	1	0	-1	-1	-1	-1	-1	-1	60	0
491	492	65338	-1	21	УЩЙХБЉЭН		96	213	0	300640	10000	-1	-1	1	0	-1	-1	-1	-1	-1	-1	60	0
492	493	65338	-1	21	УЩЙХБЉЭН		96	213	0	300640	10000	-1	-1	1	0	-1	-1	-1	-1	-1	-1	60	0
493	494	65338	-1	21	УЩЙХБЉЭН		96	213	0	300640	10000	-1	-1	1	0	-1	-1	-1	-1	-1	-1	60	0
494	495	65338	-1	21	УЩЙХБЉЭН		96	213	0	300640	10000	-1	-1	1	0	-1	-1	-1	-1	-1	-1	60	0
495	496	65338	-1	21	УЩЙХБЉЭН		96	213	0	300640	10000	-1	-1	1	0	-1	-1	-1	-1	-1	-1	60	0
496	497	65338	-1	21	УЩЙХБЉЭН		96	213	0	300640	10000	-1	-1	1	0	-1	-1	-1	-1	-1	-1	60	0
497	498	65338	-1	21	УЩЙХБЉЭН		96	213	0	300640	10000	-1	-1	1	0	-1	-1	-1	-1	-1	-1	60	0
498	499	65338	-1	21	УЩЙХБЉЭН		47	213	0	300640	10000	-1	-1	1	0	-1	-1	-1	-1	-1	-1	60	0
499	500	65338	-1	21	УЩЙХБЉЭН		47	213	0	300640	10000	-1	-1	1	0	-1	-1	-1	-1	-1	-1	60	0
500	501	65338	-1	21	УЩЙХБЉЭН		47	213	0	300640	10000	-1	-1	1	0	-1	-1	-1	-1	-1	-1	60	0
501	502	65338	-1	21	УЩЙХБЉЭН		47	213	0	300640	10000	-1	-1	1	0	-1	-1	-1	-1	-1	-1	60	0
502	503	65338	-1	21	УЩЙХБЉЭН		47	213	0	300640	10000	-1	-1	1	0	-1	-1	-1	-1	-1	-1	60	0
503	504	65338	-1	21	УЩЙХБЉЭН		47	213	0	300640	10000	-1	-1	1	0	-1	-1	-1	-1	-1	-1	60	0
504	505	65338	-1	21	УЩЙХБЉЭН		47	213	0	300640	10000	-1	-1	1	0	-1	-1	-1	-1	-1	-1	60	0
505	506	65338	-1	21	УЩЙХБЉЭН		47	213	0	300640	10000	-1	-1	1	0	-1	-1	-1	-1	-1	-1	60	0
506	507	65338	-1	21	УЩЙХБЉЭН		47	213	0	300640	10000	-1	-1	1	0	-1	-1	-1	-1	-1	-1	60	0
507	508	65338	-1	21	УЩЙХБЉЭН		47	213	0	300640	10000	-1	-1	1	0	-1	-1	-1	-1	-1	-1	60	0
508	509	65338	-1	21	УЩЙХБЉЭН		47	213	0	300640	10000	-1	-1	1	0	-1	-1	-1	-1	-1	-1	60	0
509	510	65338	-1	21	УЩЙХБЉЭН		47	213	0	300640	10000	-1	-1	1	0	-1	-1	-1	-1	-1	-1	60	0
510	511	65338	-1	21	УЩЙХБЉЭН		37	213	0	300640	10000	-1	-1	1	0	-1	-1	-1	-1	-1	-1	60	0
511	512	65338	-1	21	УЩЙХБЉЭН		37	213	0	300640	10000	-1	-1	1	0	-1	-1	-1	-1	-1	-1	60	0
512	513	65338	-1	21	УЩЙХБЉЭН		37	213	0	300640	10000	-1	-1	1	0	-1	-1	-1	-1	-1	-1	60	0
513	514	65338	-1	21	УЩЙХБЉЭН		37	213	0	300640	10000	-1	-1	1	0	-1	-1	-1	-1	-1	-1	60	0
514	515	65338	-1	21	УЩЙХБЉЭН		37	213	0	300640	10000	-1	-1	1	0	-1	-1	-1	-1	-1	-1	60	0
515	516	65338	-1	21	УЩЙХБЉЭН		37	213	0	300640	10000	-1	-1	1	0	-1	-1	-1	-1	-1	-1	60	0
516	517	65338	-1	21	УЩЙХБЉЭН		37	213	0	300640	10000	-1	-1	1	0	-1	-1	-1	-1	-1	-1	60	0
517	518	65338	-1	21	УЩЙХБЉЭН		37	213	0	300640	10000	-1	-1	1	0	-1	-1	-1	-1	-1	-1	60	0
518	519	65338	-1	21	УЩЙХБЉЭН		37	213	0	300640	10000	-1	-1	1	0	-1	-1	-1	-1	-1	-1	60	0
519	520	65338	-1	21	УЩЙХБЉЭН		37	213	0	300640	10000	-1	-1	1	0	-1	-1	-1	-1	-1	-1	60	0
520	521	65338	-1	21	УЩЙХБЉЭН		37	213	0	300640	10000	-1	-1	1	0	-1	-1	-1	-1	-1	-1	60	0
521	522	65338	-1	21	УЩЙХБЉЭН		37	213	0	300640	10000	-1	-1	1	0	-1	-1	-1	-1	-1	-1	60	0
522	523	65338	-1	21	УЩЙХБЉЭН		101	226	0	300640	10000	-1	-1	1	0	-1	-1	-1	-1	-1	-1	60	0
523	524	65338	-1	21	УЩЙХБЉЭН		101	226	0	300640	10000	-1	-1	1	0	-1	-1	-1	-1	-1	-1	60	0
524	525	65338	-1	21	УЩЙХБЉЭН		101	226	0	300640	10000	-1	-1	1	0	-1	-1	-1	-1	-1	-1	60	0
525	526	65338	-1	21	УЩЙХБЉЭН		101	226	0	300640	10000	-1	-1	1	0	-1	-1	-1	-1	-1	-1	60	0
526	527	65338	-1	21	УЩЙХБЉЭН		101	226	0	300640	10000	-1	-1	1	0	-1	-1	-1	-1	-1	-1	60	0
527	528	65338	-1	21	УЩЙХБЉЭН		101	226	0	300640	10000	-1	-1	1	0	-1	-1	-1	-1	-1	-1	60	0
528	529	65338	-1	21	УЩЙХБЉЭН		101	226	0	300640	10000	-1	-1	1	0	-1	-1	-1	-1	-1	-1	60	0
529	530	65338	-1	21	УЩЙХБЉЭН		101	226	0	300640	10000	-1	-1	1	0	-1	-1	-1	-1	-1	-1	60	0
530	531	65338	-1	21	УЩЙХБЉЭН		101	226	0	300640	10000	-1	-1	1	0	-1	-1	-1	-1	-1	-1	60	0
531	532	65338	-1	21	УЩЙХБЉЭН		101	226	0	300640	10000	-1	-1	1	0	-1	-1	-1	-1	-1	-1	60	0
532	533	65338	-1	21	УЩЙХБЉЭН		101	226	0	300640	10000	-1	-1	1	0	-1	-1	-1	-1	-1	-1	60	0
533	534	65338	-1	21	УЩЙХБЉЭН		101	226	0	300640	10000	-1	-1	1	0	-1	-1	-1	-1	-1	-1	60	0
534	535	65338	-1	21	УЩЙХБЉЭН		160	226	0	300640	10000	-1	-1	1	0	-1	-1	-1	-1	-1	-1	60	0
535	536	65338	-1	21	УЩЙХБЉЭН		160	226	0	300640	10000	-1	-1	1	0	-1	-1	-1	-1	-1	-1	60	0
536	537	65338	-1	21	УЩЙХБЉЭН		160	226	0	300640	10000	-1	-1	1	0	-1	-1	-1	-1	-1	-1	60	0
537	538	65338	-1	21	УЩЙХБЉЭН		160	226	0	300640	10000	-1	-1	1	0	-1	-1	-1	-1	-1	-1	60	0
538	539	65338	-1	21	УЩЙХБЉЭН		160	226	0	300640	10000	-1	-1	1	0	-1	-1	-1	-1	-1	-1	60	0
539	540	65338	-1	21	УЩЙХБЉЭН		160	226	0	300640	10000	-1	-1	1	0	-1	-1	-1	-1	-1	-1	60	0
540	541	65338	-1	21	УЩЙХБЉЭН		160	226	0	300640	10000	-1	-1	1	0	-1	-1	-1	-1	-1	-1	60	0
541	542	65338	-1	21	УЩЙХБЉЭН		160	226	0	300640	10000	-1	-1	1	0	-1	-1	-1	-1	-1	-1	60	0
542	543	65338	-1	21	УЩЙХБЉЭН		160	226	0	300640	10000	-1	-1	1	0	-1	-1	-1	-1	-1	-1	60	0
543	544	65338	-1	21	УЩЙХБЉЭН		160	226	0	300640	10000	-1	-1	1	0	-1	-1	-1	-1	-1	-1	60	0
544	545	65338	-1	21	УЩЙХБЉЭН		160	226	0	300640	10000	-1	-1	1	0	-1	-1	-1	-1	-1	-1	60	0
545	546	65338	-1	21	УЩЙХБЉЭН		160	226	0	300640	10000	-1	-1	1	0	-1	-1	-1	-1	-1	-1	60	0
546	547	65338	-1	21	УЩЙХБЉЭН		152	166	0	300640	10000	-1	-1	1	0	-1	-1	-1	-1	-1	-1	60	0
547	548	65338	-1	21	УЩЙХБЉЭН		152	166	0	300640	10000	-1	-1	1	0	-1	-1	-1	-1	-1	-1	60	0
548	549	65338	-1	21	УЩЙХБЉЭН		152	166	0	300640	10000	-1	-1	1	0	-1	-1	-1	-1	-1	-1	60	0
549	550	65338	-1	21	УЩЙХБЉЭН		152	166	0	300640	10000	-1	-1	1	0	-1	-1	-1	-1	-1	-1	60	0
550	551	65338	-1	21	УЩЙХБЉЭН		152	166	0	300640	10000	-1	-1	1	0	-1	-1	-1	-1	-1	-1	60	0
551	552	65338	-1	21	УЩЙХБЉЭН		152	166	0	300640	10000	-1	-1	1	0	-1	-1	-1	-1	-1	-1	60	0
552	553	65338	-1	21	УЩЙХБЉЭН		152	166	0	300640	10000	-1	-1	1	0	-1	-1	-1	-1	-1	-1	60	0
553	554	65338	-1	21	УЩЙХБЉЭН		152	166	0	300640	10000	-1	-1	1	0	-1	-1	-1	-1	-1	-1	60	0
554	555	65338	-1	21	УЩЙХБЉЭН		152	166	0	300640	10000	-1	-1	1	0	-1	-1	-1	-1	-1	-1	60	0
555	556	65317	141404	20	ТѓемТз		40	23	27	0	10000	-1	-1	3	0	-1	-1	-1	-1	-1	-1	100	0
556	557	65317	141404	20	ТѓемТз		219	23	27	0	10000	-1	-1	3	0	-1	-1	-1	-1	-1	-1	100	0
