NUM	NUM	NUM	NUM	NUM	TEXT	TEXT	FLOAT	FLOAT	NUM	NUM	NUM	NUM	NUM	NUM	NUM	NUM	NUM	NUM	NUM	NUM	NUM	NUM	NUM
编号	随机编号	attr编号	逻辑表编号	阵营编号	名称	称号	x轴坐标	z轴坐标	朝向	脚本编号	重生时间	分组编号	队伍编号	基础AI	AI文件	巡逻路径	商店0	商店1	商店2	商店3	名誉ID	等级	镜像组
0	1505229	9810	-1	21	瓦连京	顿河之王爪牙	52	234	9	300619	10000	-1	-1	1	0	-1	-1	-1	-1	-1	-1	85	0	
1	1505230	9830	400603	21	领地图腾	斯拉夫地区	196	45	27	-1	180000	-1	-1	3	0	-1	-1	-1	-1	-1	-1	85	0	
2	1	223	400410	20	马克沁侯爵		219	41	27	0	10000	-1	-1	3	0	-1	-1	-1	-1	-1	-1	85	0	
3	2	249	400411	20	农奴主谢廖沙		143.345276	69.986908	0	0	10000	-1	-1	3	0	-1	-1	-1	-1	-1	-1	85	0	
4	3	42	400416	20	伊戈尔	东正教神甫	131.682449	32.649689	17	0	10000	-1	-1	3	0	-1	-1	-1	-1	-1	-1	85	0	
5	4	68	400413	20	谢尔盖	农奴主之子	115.774544	58.641727	12	0	10000	-1	-1	3	0	-1	-1	-1	-1	-1	-1	85	0	
6	5	69	400414	20	彼得	商人之子	205.509491	86.486023	0	0	10000	-1	-1	3	0	-1	-1	-1	-1	-1	-1	85	0	
7	6	43	400415	20	瓦连京	东正教大牧首	128.483871	31.044228	28	0	10000	-1	-1	3	0	-1	-1	-1	-1	-1	-1	85	0	
8	7	44	400412	20	索诺夫	东正教神甫	232.797516	44.063828	18	0	10000	-1	-1	3	0	-1	-1	-1	-1	-1	-1	85	0	
9	8	79	400417	20	安德烈	侯爵管家	217	45	4	0	10000	-1	-1	3	0	-1	-1	-1	-1	-1	-1	85	0	
10	9	76	400418	20	亚历山大	基辅商人	208.109833	85.094582	20	0	10000	-1	-1	3	0	-1	-1	-1	-1	-1	-1	85	0	
11	10	1359	400419	20	斯捷帕申伯爵		62.921032	204.116562	28	0	10000	-1	-1	3	0	-1	-1	-1	-1	-1	-1	85	0	
12	11	65	400420	20	娜塔莎	商人之妻	204.932449	84.767181	0	0	10000	-1	-1	3	0	-1	-1	-1	-1	-1	-1	85	0	
13	12	66	400421	20	叶莲娜	农奴主之妻	114.808678	56.807076	32	0	10000	-1	-1	3	0	-1	-1	-1	-1	-1	-1	85	0	
14	13	1915	400423	20	农奴尤里		146.047882	70.321266	18	0	10000	-1	-1	3	0	-1	-1	-1	-1	-1	-1	85	0	
15	14	1915	400422	20	农奴彼得		182.925507	61.848461	6	0	10000	-1	-1	3	0	-1	-1	-1	-1	-1	-1	85	0	
16	15	66	400424	20	信徒卓娅		229.849411	45.494999	4	0	10000	-1	-1	3	0	-1	-1	-1	-1	-1	-1	85	0	
17	16	77	400425	20	信徒安东尼		229.48732	43.078339	0	0	10000	-1	-1	3	0	-1	-1	-1	-1	-1	-1	85	0	
18	17	78	400426	20	信徒奥列格		230.9216	46.81044	8	0	10000	-1	-1	3	0	-1	-1	-1	-1	-1	-1	85	0	
19	18	65	400427	20	信徒尼娜		229.968628	41.339882	0	0	10000	-1	-1	3	0	-1	-1	-1	-1	-1	-1	85	0	
20	19	67	400428	20	冬妮娅	奥德萨公主	62.750019	206.988174	8	0	10000	-1	-1	3	0	-1	-1	-1	-1	-1	-1	85	0	
21	20	1915	400429	20	农奴谢苗		88.05442	32.967167	20	0	10000	-1	-1	3	0	-1	-1	-1	-1	-1	-1	85	0	
22	21	76	400430	20	税务官波将金		73.190819	46.554516	0	0	10000	-1	-1	3	0	-1	-1	-1	-1	-1	-1	85	0	
23	23	1373	400432	20	伯爵侍卫		64.234207	210.836929	0	0	10000	-1	-1	3	0	-1	-1	-1	-1	-1	-1	85	0	
24	24	1373	400433	20	伯爵侍卫		60.91692	208.677277	0	0	10000	-1	-1	3	0	-1	-1	-1	-1	-1	-1	85	0	
25	25	1373	400431	20	伯爵侍卫		64.272598	198.641006	27	0	10000	-1	-1	3	0	-1	-1	-1	-1	-1	-1	85	0	
26	27	1373	400433	20	伯爵侍卫		61.117149	201.9617	0	0	10000	-1	-1	3	0	-1	-1	-1	-1	-1	-1	85	0	
27	28	166	-1	20	 	 	83.784767	33.16124	0	0	10000	-1	-1	3	0	-1	-1	-1	-1	-1	-1	85	0	
28	29	166	-1	20	 	 	82.124214	33.43832	0	0	10000	-1	-1	3	0	-1	-1	-1	-1	-1	-1	85	0	
29	30	255	-1	20	 	 	82.405197	32.293663	0	0	10000	-1	-1	3	0	-1	-1	-1	-1	-1	-1	85	0	
30	31	363	-1	20	 	 	83.690712	31.695362	0	0	10000	-1	-1	3	0	-1	-1	-1	-1	-1	-1	85	0	
31	32	167	-1	20	 	 	213.365219	91.740669	20	0	10000	-1	-1	3	0	-1	-1	-1	-1	-1	-1	85	0	
32	33	163	-1	20	 	 	203.853012	92.401215	32	0	10000	-1	-1	3	0	-1	-1	-1	-1	-1	-1	85	0	
33	34	170	-1	20	 	 	71.420021	47.504791	0	0	10000	-1	-1	3	0	-1	-1	-1	-1	-1	-1	85	0	
34	35	168	-1	20	 	 	63.765659	195.985641	26	0	10000	-1	-1	3	0	-1	-1	-1	-1	-1	-1	85	0	
35	36	169	-1	20	 	 	65.52079	196.365051	26	0	10000	-1	-1	3	0	-1	-1	-1	-1	-1	-1	85	0	
36	38	581	-1	20	 	 	162.667877	57.850548	0	0	10000	-1	-1	0	0	-1	-1	-1	-1	-1	-1	85	0	
37	39	581	-1	20	 	 	162.774658	58.891006	0	0	10000	-1	-1	0	0	-1	-1	-1	-1	-1	-1	85	0	
38	40	581	-1	20	 	 	163.499146	58.959335	0	0	10000	-1	-1	0	0	-1	-1	-1	-1	-1	-1	85	0	
39	41	581	-1	20	 	 	163.18866	57.338268	0	0	10000	-1	-1	0	0	-1	-1	-1	-1	-1	-1	85	0	
40	42	581	-1	20	 	 	162.59874	58.272709	0	0	10000	-1	-1	0	0	-1	-1	-1	-1	-1	-1	85	0	
41	43	581	-1	20	 	 	163.323044	58.021362	0	0	10000	-1	-1	0	0	-1	-1	-1	-1	-1	-1	85	0	
42	44	163	-1	20	 	 	142.752045	72.165497	0	0	10000	-1	-1	0	0	-1	-1	-1	-1	-1	-1	85	0	
43	45	2218	-1	21	红毒蜂		96.104591	192.108093	0	300640	10000	-1	-1	1	0	-1	-1	-1	-1	-1	-1	85	0	
44	46	2218	-1	21	红毒蜂		90.250107	215.390686	0	300640	10000	-1	-1	1	0	-1	-1	-1	-1	-1	-1	85	0	
45	47	2218	-1	21	红毒蜂		148.976929	200.83725	0	300640	10000	-1	-1	1	0	-1	-1	-1	-1	-1	-1	85	0	
46	48	2218	-1	21	红毒蜂		157.35762	229.241714	0	300640	10000	-1	-1	1	0	-1	-1	-1	-1	-1	-1	85	0	
47	49	2218	-1	21	红毒蜂		40.156876	52.66433	0	300640	10000	-1	-1	1	0	-1	-1	-1	-1	-1	-1	85	0	
48	50	2218	-1	21	红毒蜂		22.8354	146.715302	0	300640	10000	-1	-1	1	0	-1	-1	-1	-1	-1	-1	85	0	
49	51	2218	-1	21	红毒蜂		33.038437	88.123627	0	300640	10000	-1	-1	1	0	-1	-1	-1	-1	-1	-1	85	0	
50	52	2218	-1	21	红毒蜂		27.850292	29.833759	0	300640	10000	-1	-1	1	0	-1	-1	-1	-1	-1	-1	85	0	
51	53	2218	-1	21	红毒蜂		20.291475	114.767723	0	300640	10000	-1	-1	1	0	-1	-1	-1	-1	-1	-1	85	0	
52	54	2218	-1	21	红毒蜂		131.103577	219.351166	0	300640	10000	-1	-1	1	0	-1	-1	-1	-1	-1	-1	85	0	
53	56	2219	-1	21	第伯聂水妖		177.405838	198.153336	0	300640	10000	-1	-1	1	0	-1	-1	-1	-1	-1	-1	85	0	
54	58	2219	-1	21	第伯聂水妖		228.968002	162.72374	0	300640	10000	-1	-1	1	0	-1	-1	-1	-1	-1	-1	85	0	
55	59	2219	-1	21	第伯聂水妖		180.098724	228.575714	0	300640	10000	-1	-1	1	0	-1	-1	-1	-1	-1	-1	85	0	
56	61	2219	-1	21	第伯聂水妖		197.732147	223.368362	0	300640	10000	-1	-1	1	0	-1	-1	-1	-1	-1	-1	85	0	
57	74	2219	-1	21	第伯聂水妖		176.137665	197.357178	0	300640	10000	-1	-1	1	0	-1	-1	-1	-1	-1	-1	85	0	
58	75	2219	-1	21	第伯聂水妖		175.903351	197.705872	0	300640	10000	-1	-1	1	0	-1	-1	-1	-1	-1	-1	85	0	
59	76	2219	-1	21	第伯聂水妖		176.66214	196.986496	0	300640	10000	-1	-1	1	0	-1	-1	-1	-1	-1	-1	85	0	
60	77	2219	-1	21	第伯聂水妖		176.126328	197.219437	0	300640	10000	-1	-1	1	0	-1	-1	-1	-1	-1	-1	85	0	
61	78	2219	-1	21	第伯聂水妖		176.744202	195.927948	0	300640	10000	-1	-1	1	0	-1	-1	-1	-1	-1	-1	85	0	
62	79	2219	-1	21	第伯聂水妖		176.144379	196.416397	0	300640	10000	-1	-1	1	0	-1	-1	-1	-1	-1	-1	85	0	
63	80	2219	-1	21	第伯聂水妖		175.791824	197.050613	0	300640	10000	-1	-1	1	0	-1	-1	-1	-1	-1	-1	85	0	
64	81	2219	-1	21	第伯聂水妖		176.22673	197.378052	0	300640	10000	-1	-1	1	0	-1	-1	-1	-1	-1	-1	85	0	
65	82	2219	-1	21	第伯聂水妖		177.437485	198.567398	0	300640	10000	-1	-1	1	0	-1	-1	-1	-1	-1	-1	85	0	
66	83	2219	-1	21	第伯聂水妖		175.836029	197.600342	0	300640	10000	-1	-1	1	0	-1	-1	-1	-1	-1	-1	85	0	
67	84	2219	-1	21	第伯聂水妖		176.103912	197.304321	0	300640	10000	-1	-1	1	0	-1	-1	-1	-1	-1	-1	85	0	
68	85	2219	-1	21	第伯聂水妖		176.294083	197.124146	0	300640	10000	-1	-1	1	0	-1	-1	-1	-1	-1	-1	85	0	
69	86	2219	-1	21	第伯聂水妖		176.848053	196.446472	0	300640	10000	-1	-1	1	0	-1	-1	-1	-1	-1	-1	85	0	
70	87	2219	-1	21	第伯聂水妖		228.615311	162.483871	0	300640	10000	-1	-1	1	0	-1	-1	-1	-1	-1	-1	85	0	
71	88	2219	-1	21	第伯聂水妖		229.033356	162.721725	0	300640	10000	-1	-1	1	0	-1	-1	-1	-1	-1	-1	85	0	
72	89	2219	-1	21	第伯聂水妖		229.364944	162.710754	0	300640	10000	-1	-1	1	0	-1	-1	-1	-1	-1	-1	85	0	
73	90	2219	-1	21	第伯聂水妖		227.489975	161.762314	0	300640	10000	-1	-1	1	0	-1	-1	-1	-1	-1	-1	85	0	
74	91	2219	-1	21	第伯聂水妖		228.646683	162.232712	0	300640	10000	-1	-1	1	0	-1	-1	-1	-1	-1	-1	85	0	
75	92	2219	-1	21	第伯聂水妖		227.951904	161.564499	0	300640	10000	-1	-1	1	0	-1	-1	-1	-1	-1	-1	85	0	
76	93	2219	-1	21	第伯聂水妖		227.708237	162.132721	0	300640	10000	-1	-1	1	0	-1	-1	-1	-1	-1	-1	85	0	
77	94	2219	-1	21	第伯聂水妖		228.008011	162.062393	0	300640	10000	-1	-1	1	0	-1	-1	-1	-1	-1	-1	85	0	
78	95	2219	-1	21	第伯聂水妖		228.246811	162.556885	0	300640	10000	-1	-1	1	0	-1	-1	-1	-1	-1	-1	85	0	
79	96	2219	-1	21	第伯聂水妖		229.241058	162.777634	0	300640	10000	-1	-1	1	0	-1	-1	-1	-1	-1	-1	85	0	
80	107	2219	-1	21	第伯聂水妖		221.634155	234.911438	0	300640	10000	-1	-1	1	0	-1	-1	-1	-1	-1	-1	85	0	
81	108	2219	-1	21	第伯聂水妖		222.201111	234.370575	0	300640	10000	-1	-1	1	0	-1	-1	-1	-1	-1	-1	85	0	
82	109	2219	-1	21	第伯聂水妖		221.714935	235.877731	0	300640	10000	-1	-1	1	0	-1	-1	-1	-1	-1	-1	85	0	
83	110	2219	-1	21	第伯聂水妖		221.927353	235.162094	0	300640	10000	-1	-1	1	0	-1	-1	-1	-1	-1	-1	85	0	
84	111	2219	-1	21	第伯聂水妖		221.468384	235.502151	0	300640	10000	-1	-1	1	0	-1	-1	-1	-1	-1	-1	85	0	
85	112	2219	-1	21	第伯聂水妖		221.089752	236.046982	0	300640	10000	-1	-1	1	0	-1	-1	-1	-1	-1	-1	85	0	
86	113	2219	-1	21	第伯聂水妖		220.418045	235.22261	0	300640	10000	-1	-1	1	0	-1	-1	-1	-1	-1	-1	85	0	
87	114	2219	-1	21	第伯聂水妖		219.942566	234.794449	0	300640	10000	-1	-1	1	0	-1	-1	-1	-1	-1	-1	85	0	
88	115	2219	-1	21	第伯聂水妖		220.552887	234.274719	0	300640	10000	-1	-1	1	0	-1	-1	-1	-1	-1	-1	85	0	
89	116	2219	-1	21	第伯聂水妖		219.547729	234.970398	0	300640	10000	-1	-1	1	0	-1	-1	-1	-1	-1	-1	85	0	
90	117	2219	-1	21	第伯聂水妖		221.267944	235.447281	0	300640	10000	-1	-1	1	0	-1	-1	-1	-1	-1	-1	85	0	
91	118	2219	-1	21	第伯聂水妖		220.112427	234.803345	0	300640	10000	-1	-1	1	0	-1	-1	-1	-1	-1	-1	85	0	
92	119	2219	-1	21	第伯聂水妖		219.964157	235.114624	0	300640	10000	-1	-1	1	0	-1	-1	-1	-1	-1	-1	85	0	
93	120	2219	-1	21	第伯聂水妖		220.285217	234.679825	0	300640	10000	-1	-1	1	0	-1	-1	-1	-1	-1	-1	85	0	
94	121	2219	-1	21	第伯聂水妖		179.074097	228.556458	0	300640	10000	-1	-1	1	0	-1	-1	-1	-1	-1	-1	85	0	
95	122	2219	-1	21	第伯聂水妖		179.853668	227.464859	0	300640	10000	-1	-1	1	0	-1	-1	-1	-1	-1	-1	85	0	
96	123	2219	-1	21	第伯聂水妖		179.251282	230.211853	0	300640	10000	-1	-1	1	0	-1	-1	-1	-1	-1	-1	85	0	
97	124	2219	-1	21	第伯聂水妖		179.328827	227.78688	0	300640	10000	-1	-1	1	0	-1	-1	-1	-1	-1	-1	85	0	
98	125	2219	-1	21	第伯聂水妖		178.111389	228.537689	0	300640	10000	-1	-1	1	0	-1	-1	-1	-1	-1	-1	85	0	
99	126	2219	-1	21	第伯聂水妖		179.492142	229.600861	0	300640	10000	-1	-1	1	0	-1	-1	-1	-1	-1	-1	85	0	
100	127	2219	-1	21	第伯聂水妖		179.722839	226.042282	0	300640	10000	-1	-1	1	0	-1	-1	-1	-1	-1	-1	85	0	
101	128	2219	-1	21	第伯聂水妖		180.082794	226.505981	0	300640	10000	-1	-1	1	0	-1	-1	-1	-1	-1	-1	85	0	
102	129	2219	-1	21	第伯聂水妖		179.730484	226.666504	0	300640	10000	-1	-1	1	0	-1	-1	-1	-1	-1	-1	85	0	
103	130	2219	-1	21	第伯聂水妖		179.732864	226.89299	0	300640	10000	-1	-1	1	0	-1	-1	-1	-1	-1	-1	85	0	
104	131	2219	-1	21	第伯聂水妖		180.380157	227.821136	0	300640	10000	-1	-1	1	0	-1	-1	-1	-1	-1	-1	85	0	
105	132	2219	-1	21	第伯聂水妖		197.467926	224.294281	0	300640	10000	-1	-1	1	0	-1	-1	-1	-1	-1	-1	85	0	
106	133	2219	-1	21	第伯聂水妖		196.881485	221.94577	0	300640	10000	-1	-1	1	0	-1	-1	-1	-1	-1	-1	85	0	
107	134	2219	-1	21	第伯聂水妖		198.136765	223.79631	0	300640	10000	-1	-1	1	0	-1	-1	-1	-1	-1	-1	85	0	
108	135	2219	-1	21	第伯聂水妖		198.047684	224.38063	0	300640	10000	-1	-1	1	0	-1	-1	-1	-1	-1	-1	85	0	
109	136	2219	-1	21	第伯聂水妖		196.957413	222.814819	0	300640	10000	-1	-1	1	0	-1	-1	-1	-1	-1	-1	85	0	
110	137	2219	-1	21	第伯聂水妖		197.80751	221.976547	0	300640	10000	-1	-1	1	0	-1	-1	-1	-1	-1	-1	85	0	
111	138	2219	-1	21	第伯聂水妖		196.943085	221.719849	0	300640	10000	-1	-1	1	0	-1	-1	-1	-1	-1	-1	85	0	
112	139	2219	-1	21	第伯聂水妖		197.856094	223.315964	0	300640	10000	-1	-1	1	0	-1	-1	-1	-1	-1	-1	85	0	
113	140	2219	-1	21	第伯聂水妖		196.392914	221.93219	0	300640	10000	-1	-1	1	0	-1	-1	-1	-1	-1	-1	85	0	
114	141	2219	-1	21	第伯聂水妖		197.87027	223.550034	0	300640	10000	-1	-1	1	0	-1	-1	-1	-1	-1	-1	85	0	
115	142	2218	-1	21	红毒蜂		158.205475	228.699554	0	300640	10000	-1	-1	1	0	-1	-1	-1	-1	-1	-1	85	0	
116	143	2218	-1	21	红毒蜂		158.591599	229.534241	0	300640	10000	-1	-1	1	0	-1	-1	-1	-1	-1	-1	85	0	
117	144	2218	-1	21	红毒蜂		158.524094	228.647446	0	300640	10000	-1	-1	1	0	-1	-1	-1	-1	-1	-1	85	0	
118	145	2218	-1	21	红毒蜂		159.022873	229.542191	0	300640	10000	-1	-1	1	0	-1	-1	-1	-1	-1	-1	85	0	
119	146	2218	-1	21	红毒蜂		158.962158	229.262512	0	300640	10000	-1	-1	1	0	-1	-1	-1	-1	-1	-1	85	0	
120	147	2218	-1	21	红毒蜂		158.757492	229.704971	0	300640	10000	-1	-1	1	0	-1	-1	-1	-1	-1	-1	85	0	
121	148	2218	-1	21	红毒蜂		158.265411	229.196732	0	300640	10000	-1	-1	1	0	-1	-1	-1	-1	-1	-1	85	0	
122	149	2218	-1	21	红毒蜂		157.46344	229.077957	0	300640	10000	-1	-1	1	0	-1	-1	-1	-1	-1	-1	85	0	
123	150	2218	-1	21	红毒蜂		158.789856	228.595474	0	300640	10000	-1	-1	1	0	-1	-1	-1	-1	-1	-1	85	0	
124	151	2218	-1	21	红毒蜂		157.88678	228.695236	0	300640	10000	-1	-1	1	0	-1	-1	-1	-1	-1	-1	85	0	
125	152	2218	-1	21	红毒蜂		157.730042	229.136108	0	300640	10000	-1	-1	1	0	-1	-1	-1	-1	-1	-1	85	0	
126	153	2218	-1	21	红毒蜂		150.221893	199.734558	0	300640	10000	-1	-1	1	0	-1	-1	-1	-1	-1	-1	85	0	
127	154	2218	-1	21	红毒蜂		149.857086	199.575684	0	300640	10000	-1	-1	1	0	-1	-1	-1	-1	-1	-1	85	0	
128	155	2218	-1	21	红毒蜂		149.420303	199.887146	0	300640	10000	-1	-1	1	0	-1	-1	-1	-1	-1	-1	85	0	
129	156	2218	-1	21	红毒蜂		150.700455	199.801117	0	300640	10000	-1	-1	1	0	-1	-1	-1	-1	-1	-1	85	0	
130	157	2218	-1	21	红毒蜂		149.518158	201.529022	0	300640	10000	-1	-1	1	0	-1	-1	-1	-1	-1	-1	85	0	
131	158	2218	-1	21	红毒蜂		149.550354	201.659607	0	300640	10000	-1	-1	1	0	-1	-1	-1	-1	-1	-1	85	0	
132	159	2218	-1	21	红毒蜂		149.13446	201.67244	0	300640	10000	-1	-1	1	0	-1	-1	-1	-1	-1	-1	85	0	
133	160	2218	-1	21	红毒蜂		148.663589	202.022903	0	300640	10000	-1	-1	1	0	-1	-1	-1	-1	-1	-1	85	0	
134	161	2218	-1	21	红毒蜂		150.166855	200.946243	0	300640	10000	-1	-1	1	0	-1	-1	-1	-1	-1	-1	85	0	
135	162	2218	-1	21	红毒蜂		149.739166	200.915588	0	300640	10000	-1	-1	1	0	-1	-1	-1	-1	-1	-1	85	0	
136	163	2218	-1	21	红毒蜂		149.333023	200.972565	0	300640	10000	-1	-1	1	0	-1	-1	-1	-1	-1	-1	85	0	
137	164	2218	-1	21	红毒蜂		131.20932	219.757614	0	300640	10000	-1	-1	1	0	-1	-1	-1	-1	-1	-1	85	0	
138	165	2218	-1	21	红毒蜂		131.078979	220.19455	0	300640	10000	-1	-1	1	0	-1	-1	-1	-1	-1	-1	85	0	
139	166	2218	-1	21	红毒蜂		130.656631	220.886276	0	300640	10000	-1	-1	1	0	-1	-1	-1	-1	-1	-1	85	0	
140	167	2218	-1	21	红毒蜂		130.828079	220.021774	0	300640	10000	-1	-1	1	0	-1	-1	-1	-1	-1	-1	85	0	
141	168	2218	-1	21	红毒蜂		131.57634	219.147308	0	300640	10000	-1	-1	1	0	-1	-1	-1	-1	-1	-1	85	0	
142	169	2218	-1	21	红毒蜂		131.354218	219.611954	0	300640	10000	-1	-1	1	0	-1	-1	-1	-1	-1	-1	85	0	
143	170	2218	-1	21	红毒蜂		131.163361	221.486969	0	300640	10000	-1	-1	1	0	-1	-1	-1	-1	-1	-1	85	0	
144	171	2218	-1	21	红毒蜂		131.860199	220.136932	0	300640	10000	-1	-1	1	0	-1	-1	-1	-1	-1	-1	85	0	
145	172	2218	-1	21	红毒蜂		132.239227	219.815781	0	300640	10000	-1	-1	1	0	-1	-1	-1	-1	-1	-1	85	0	
146	173	2218	-1	21	红毒蜂		132.432556	220.050491	0	300640	10000	-1	-1	1	0	-1	-1	-1	-1	-1	-1	85	0	
147	174	2218	-1	21	红毒蜂		129.713531	222.263824	0	300640	10000	-1	-1	1	0	-1	-1	-1	-1	-1	-1	85	0	
148	175	2218	-1	21	红毒蜂		110.798187	222.746643	0	300640	10000	-1	-1	1	0	-1	-1	-1	-1	-1	-1	85	0	
149	176	2218	-1	21	红毒蜂		110.293678	223.259476	0	300640	10000	-1	-1	1	0	-1	-1	-1	-1	-1	-1	85	0	
150	177	2218	-1	21	红毒蜂		111.15377	224.081314	0	300640	10000	-1	-1	1	0	-1	-1	-1	-1	-1	-1	85	0	
151	178	2218	-1	21	红毒蜂		110.207489	224.917221	0	300640	10000	-1	-1	1	0	-1	-1	-1	-1	-1	-1	85	0	
152	179	2218	-1	21	红毒蜂		109.072296	223.459183	0	300640	10000	-1	-1	1	0	-1	-1	-1	-1	-1	-1	85	0	
153	180	2218	-1	21	红毒蜂		109.621117	224.664734	0	300640	10000	-1	-1	1	0	-1	-1	-1	-1	-1	-1	85	0	
154	181	2218	-1	21	红毒蜂		109.694023	224.983963	0	300640	10000	-1	-1	1	0	-1	-1	-1	-1	-1	-1	85	0	
155	182	2218	-1	21	红毒蜂		109.814476	224.665344	0	300640	10000	-1	-1	1	0	-1	-1	-1	-1	-1	-1	85	0	
156	183	2218	-1	21	红毒蜂		109.792381	226.254883	0	300640	10000	-1	-1	1	0	-1	-1	-1	-1	-1	-1	85	0	
157	184	2218	-1	21	红毒蜂		109.7873	226.062347	0	300640	10000	-1	-1	1	0	-1	-1	-1	-1	-1	-1	85	0	
158	185	2218	-1	21	红毒蜂		97.106285	192.391037	0	300640	10000	-1	-1	1	0	-1	-1	-1	-1	-1	-1	85	0	
159	186	2218	-1	21	红毒蜂		96.979095	192.459702	0	300640	10000	-1	-1	1	0	-1	-1	-1	-1	-1	-1	85	0	
160	187	2218	-1	21	红毒蜂		123.24865	194.598099	0	300640	10000	-1	-1	1	0	-1	-1	-1	-1	-1	-1	85	0	
161	188	2218	-1	21	红毒蜂		96.757133	190.414474	0	300640	10000	-1	-1	1	0	-1	-1	-1	-1	-1	-1	85	0	
162	189	2218	-1	21	红毒蜂		96.391663	191.134949	0	300640	10000	-1	-1	1	0	-1	-1	-1	-1	-1	-1	85	0	
163	190	2218	-1	21	红毒蜂		96.542877	191.577301	0	300640	10000	-1	-1	1	0	-1	-1	-1	-1	-1	-1	85	0	
164	191	2218	-1	21	红毒蜂		96.480461	191.644638	0	300640	10000	-1	-1	1	0	-1	-1	-1	-1	-1	-1	85	0	
165	192	2218	-1	21	红毒蜂		95.96244	191.857468	0	300640	10000	-1	-1	1	0	-1	-1	-1	-1	-1	-1	85	0	
166	193	2218	-1	21	红毒蜂		95.945862	191.474091	0	300640	10000	-1	-1	1	0	-1	-1	-1	-1	-1	-1	85	0	
167	194	2218	-1	21	红毒蜂		96.611534	191.639465	0	300640	10000	-1	-1	1	0	-1	-1	-1	-1	-1	-1	85	0	
168	195	2218	-1	21	红毒蜂		121.953064	192.677765	0	300640	10000	-1	-1	1	0	-1	-1	-1	-1	-1	-1	85	0	
169	196	2218	-1	21	红毒蜂		123.688988	194.994781	0	300640	10000	-1	-1	1	0	-1	-1	-1	-1	-1	-1	85	0	
170	197	2218	-1	21	红毒蜂		122.065773	193.119858	0	300640	10000	-1	-1	1	0	-1	-1	-1	-1	-1	-1	85	0	
171	198	2218	-1	21	红毒蜂		123.083809	192.650909	0	300640	10000	-1	-1	1	0	-1	-1	-1	-1	-1	-1	85	0	
172	199	2218	-1	21	红毒蜂		122.158745	191.81337	0	300640	10000	-1	-1	1	0	-1	-1	-1	-1	-1	-1	85	0	
173	200	2218	-1	21	红毒蜂		123.140526	193.537857	0	300640	10000	-1	-1	1	0	-1	-1	-1	-1	-1	-1	85	0	
174	201	2218	-1	21	红毒蜂		122.841026	194.635513	0	300640	10000	-1	-1	1	0	-1	-1	-1	-1	-1	-1	85	0	
175	202	2218	-1	21	红毒蜂		122.792786	192.256546	0	300640	10000	-1	-1	1	0	-1	-1	-1	-1	-1	-1	85	0	
176	203	2218	-1	21	红毒蜂		122.373405	194.686035	0	300640	10000	-1	-1	1	0	-1	-1	-1	-1	-1	-1	85	0	
177	204	2218	-1	21	红毒蜂		120.553085	193.440063	0	300640	10000	-1	-1	1	0	-1	-1	-1	-1	-1	-1	85	0	
178	205	2218	-1	21	红毒蜂		122.754578	191.171936	0	300640	10000	-1	-1	1	0	-1	-1	-1	-1	-1	-1	85	0	
179	206	2218	-1	21	红毒蜂		123.961212	194.248306	0	300640	10000	-1	-1	1	0	-1	-1	-1	-1	-1	-1	85	0	
180	207	2218	-1	21	红毒蜂		122.498924	191.099411	0	300640	10000	-1	-1	1	0	-1	-1	-1	-1	-1	-1	85	0	
181	208	2218	-1	21	红毒蜂		121.483574	193.42131	0	300640	10000	-1	-1	1	0	-1	-1	-1	-1	-1	-1	85	0	
182	209	2218	-1	21	红毒蜂		89.995354	216.947388	0	300640	10000	-1	-1	1	0	-1	-1	-1	-1	-1	-1	85	0	
183	210	2218	-1	21	红毒蜂		90.617691	216.544525	0	300640	10000	-1	-1	1	0	-1	-1	-1	-1	-1	-1	85	0	
184	211	2218	-1	21	红毒蜂		89.697296	215.919769	0	300640	10000	-1	-1	1	0	-1	-1	-1	-1	-1	-1	85	0	
185	212	2218	-1	21	红毒蜂		89.080109	216.452133	0	300640	10000	-1	-1	1	0	-1	-1	-1	-1	-1	-1	85	0	
186	213	2218	-1	21	红毒蜂		90.261002	215.648254	0	300640	10000	-1	-1	1	0	-1	-1	-1	-1	-1	-1	85	0	
187	214	2218	-1	21	红毒蜂		90.553047	216.544235	0	300640	10000	-1	-1	1	0	-1	-1	-1	-1	-1	-1	85	0	
188	215	2218	-1	21	红毒蜂		90.314194	216.937759	0	300640	10000	-1	-1	1	0	-1	-1	-1	-1	-1	-1	85	0	
189	216	2218	-1	21	红毒蜂		90.252113	217.005585	0	300640	10000	-1	-1	1	0	-1	-1	-1	-1	-1	-1	85	0	
190	217	2218	-1	21	红毒蜂		89.93544	217.075958	0	300640	10000	-1	-1	1	0	-1	-1	-1	-1	-1	-1	85	0	
191	218	2218	-1	21	红毒蜂		89.92025	216.688797	0	300640	10000	-1	-1	1	0	-1	-1	-1	-1	-1	-1	85	0	
192	219	2218	-1	21	红毒蜂		90.920975	216.147919	0	300640	10000	-1	-1	1	0	-1	-1	-1	-1	-1	-1	85	0	
193	220	2219	-1	21	第伯聂水妖		231.487488	187.104263	0	300640	10000	-1	-1	1	0	-1	-1	-1	-1	-1	-1	85	0	
194	221	2219	-1	21	第伯聂水妖		231.91774	186.129333	0	300640	10000	-1	-1	1	0	-1	-1	-1	-1	-1	-1	85	0	
195	222	2219	-1	21	第伯聂水妖		231.476364	186.01268	0	300640	10000	-1	-1	1	0	-1	-1	-1	-1	-1	-1	85	0	
196	223	2219	-1	21	第伯聂水妖		231.391556	185.375076	0	300640	10000	-1	-1	1	0	-1	-1	-1	-1	-1	-1	85	0	
197	224	2219	-1	21	第伯聂水妖		231.162033	186.149399	0	300640	10000	-1	-1	1	0	-1	-1	-1	-1	-1	-1	85	0	
198	225	2219	-1	21	第伯聂水妖		231.857178	186.32338	0	300640	10000	-1	-1	1	0	-1	-1	-1	-1	-1	-1	85	0	
199	226	2219	-1	21	第伯聂水妖		231.154312	185.82959	0	300640	10000	-1	-1	1	0	-1	-1	-1	-1	-1	-1	85	0	
200	227	2219	-1	21	第伯聂水妖		229.648636	187.286179	0	300640	10000	-1	-1	1	0	-1	-1	-1	-1	-1	-1	85	0	
201	228	2219	-1	21	第伯聂水妖		230.345413	186.686554	0	300640	10000	-1	-1	1	0	-1	-1	-1	-1	-1	-1	85	0	
202	229	2219	-1	21	第伯聂水妖		230.34436	186.622452	0	300640	10000	-1	-1	1	0	-1	-1	-1	-1	-1	-1	85	0	
203	230	2219	-1	21	第伯聂水妖		230.032745	187.016541	0	300640	10000	-1	-1	1	0	-1	-1	-1	-1	-1	-1	85	0	
204	231	2219	-1	21	第伯聂水妖		229.778503	187.00061	0	300640	10000	-1	-1	1	0	-1	-1	-1	-1	-1	-1	85	0	
205	232	2219	-1	21	第伯聂水妖		229.839035	186.95874	0	300640	10000	-1	-1	1	0	-1	-1	-1	-1	-1	-1	85	0	
206	233	2219	-1	21	第伯聂水妖		229.585114	187.288422	0	300640	10000	-1	-1	1	0	-1	-1	-1	-1	-1	-1	85	0	
207	235	2219	-1	21	第伯聂水妖		207.477585	181.823898	0	300640	10000	-1	-1	1	0	-1	-1	-1	-1	-1	-1	85	0	
208	236	2219	-1	21	第伯聂水妖		208.032745	181.285095	0	300640	10000	-1	-1	1	0	-1	-1	-1	-1	-1	-1	85	0	
209	237	2219	-1	21	第伯聂水妖		207.407776	182.588654	0	300640	10000	-1	-1	1	0	-1	-1	-1	-1	-1	-1	85	0	
210	238	2219	-1	21	第伯聂水妖		208.618515	181.843628	0	300640	10000	-1	-1	1	0	-1	-1	-1	-1	-1	-1	85	0	
211	239	2219	-1	21	第伯聂水妖		207.799881	181.993393	0	300640	10000	-1	-1	1	0	-1	-1	-1	-1	-1	-1	85	0	
212	240	2219	-1	21	第伯聂水妖		208.63414	181.185318	0	300640	10000	-1	-1	1	0	-1	-1	-1	-1	-1	-1	85	0	
213	241	2219	-1	21	第伯聂水妖		207.797256	182.102585	0	300640	10000	-1	-1	1	0	-1	-1	-1	-1	-1	-1	85	0	
214	242	2219	-1	21	第伯聂水妖		208.242676	181.617935	0	300640	10000	-1	-1	1	0	-1	-1	-1	-1	-1	-1	85	0	
215	243	2219	-1	21	第伯聂水妖		207.942612	182.870941	0	300640	10000	-1	-1	1	0	-1	-1	-1	-1	-1	-1	85	0	
216	244	2218	-1	21	红毒蜂		27.550137	29.409199	0	300640	10000	-1	-1	1	0	-1	-1	-1	-1	-1	-1	85	0	
217	245	2218	-1	21	红毒蜂		27.368546	30.135216	0	300640	10000	-1	-1	1	0	-1	-1	-1	-1	-1	-1	85	0	
218	246	2218	-1	21	红毒蜂		27.263456	29.912315	0	300640	10000	-1	-1	1	0	-1	-1	-1	-1	-1	-1	85	0	
219	247	2218	-1	21	红毒蜂		28.568066	31.587461	0	300640	10000	-1	-1	1	0	-1	-1	-1	-1	-1	-1	85	0	
220	248	2218	-1	21	红毒蜂		27.079052	31.166904	0	300640	10000	-1	-1	1	0	-1	-1	-1	-1	-1	-1	85	0	
221	249	2218	-1	21	红毒蜂		27.060829	32.195381	0	300640	10000	-1	-1	1	0	-1	-1	-1	-1	-1	-1	85	0	
222	250	2218	-1	21	红毒蜂		28.793818	30.354931	0	300640	10000	-1	-1	1	0	-1	-1	-1	-1	-1	-1	85	0	
223	251	2218	-1	21	红毒蜂		29.048233	31.778877	0	300640	10000	-1	-1	1	0	-1	-1	-1	-1	-1	-1	85	0	
224	252	2218	-1	21	红毒蜂		28.360186	30.903837	0	300640	10000	-1	-1	1	0	-1	-1	-1	-1	-1	-1	85	0	
225	253	2218	-1	21	红毒蜂		29.674366	29.84329	0	300640	10000	-1	-1	1	0	-1	-1	-1	-1	-1	-1	85	0	
226	254	2218	-1	21	红毒蜂		42.006981	52.398418	0	300640	10000	-1	-1	1	0	-1	-1	-1	-1	-1	-1	85	0	
227	255	2218	-1	21	红毒蜂		41.644852	50.660507	0	300640	10000	-1	-1	1	0	-1	-1	-1	-1	-1	-1	85	0	
228	256	2218	-1	21	红毒蜂		38.841122	52.073204	0	300640	10000	-1	-1	1	0	-1	-1	-1	-1	-1	-1	85	0	
229	257	2218	-1	21	红毒蜂		40.372814	53.076439	0	300640	10000	-1	-1	1	0	-1	-1	-1	-1	-1	-1	85	0	
230	258	2218	-1	21	红毒蜂		38.019043	51.245541	0	300640	10000	-1	-1	1	0	-1	-1	-1	-1	-1	-1	85	0	
231	259	2218	-1	21	红毒蜂		41.623653	52.690685	0	300640	10000	-1	-1	1	0	-1	-1	-1	-1	-1	-1	85	0	
232	260	2218	-1	21	红毒蜂		40.784943	50.461632	0	300640	10000	-1	-1	1	0	-1	-1	-1	-1	-1	-1	85	0	
233	261	2218	-1	21	红毒蜂		40.342518	51.529518	0	300640	10000	-1	-1	1	0	-1	-1	-1	-1	-1	-1	85	0	
234	262	2218	-1	21	红毒蜂		39.204872	51.681454	0	300640	10000	-1	-1	1	0	-1	-1	-1	-1	-1	-1	85	0	
235	263	2218	-1	21	红毒蜂		39.149796	53.266388	0	300640	10000	-1	-1	1	0	-1	-1	-1	-1	-1	-1	85	0	
236	264	2218	-1	21	红毒蜂		39.189785	51.810635	0	300640	10000	-1	-1	1	0	-1	-1	-1	-1	-1	-1	85	0	
237	265	2218	-1	21	红毒蜂		39.683037	51.6856	0	300640	10000	-1	-1	1	0	-1	-1	-1	-1	-1	-1	85	0	
238	266	2218	-1	21	红毒蜂		33.135235	90.253151	0	300640	10000	-1	-1	1	0	-1	-1	-1	-1	-1	-1	85	0	
239	267	2218	-1	21	红毒蜂		33.50919	90.977531	0	300640	10000	-1	-1	1	0	-1	-1	-1	-1	-1	-1	85	0	
240	268	2218	-1	21	红毒蜂		33.936123	90.916634	0	300640	10000	-1	-1	1	0	-1	-1	-1	-1	-1	-1	85	0	
241	269	2218	-1	21	红毒蜂		35.00256	89.15834	0	300640	10000	-1	-1	1	0	-1	-1	-1	-1	-1	-1	85	0	
242	270	2218	-1	21	红毒蜂		34.835281	89.349525	0	300640	10000	-1	-1	1	0	-1	-1	-1	-1	-1	-1	85	0	
243	271	2218	-1	21	红毒蜂		35.124336	88.911263	0	300640	10000	-1	-1	1	0	-1	-1	-1	-1	-1	-1	85	0	
244	272	2218	-1	21	红毒蜂		34.120411	87.65638	0	300640	10000	-1	-1	1	0	-1	-1	-1	-1	-1	-1	85	0	
245	273	2218	-1	21	红毒蜂		33.570576	87.323318	0	300640	10000	-1	-1	1	0	-1	-1	-1	-1	-1	-1	85	0	
246	274	2218	-1	21	红毒蜂		33.861603	87.101646	0	300640	10000	-1	-1	1	0	-1	-1	-1	-1	-1	-1	85	0	
247	275	2218	-1	21	红毒蜂		34.175205	88.099983	0	300640	10000	-1	-1	1	0	-1	-1	-1	-1	-1	-1	85	0	
248	276	2218	-1	21	红毒蜂		21.123964	116.656448	0	300640	10000	-1	-1	1	0	-1	-1	-1	-1	-1	-1	85	0	
249	277	2218	-1	21	红毒蜂		22.842773	117.016296	0	300640	10000	-1	-1	1	0	-1	-1	-1	-1	-1	-1	85	0	
250	278	2218	-1	21	红毒蜂		21.198135	113.872421	0	300640	10000	-1	-1	1	0	-1	-1	-1	-1	-1	-1	85	0	
251	279	2218	-1	21	红毒蜂		22.568077	114.710899	0	300640	10000	-1	-1	1	0	-1	-1	-1	-1	-1	-1	85	0	
252	280	2218	-1	21	红毒蜂		22.601435	114.27002	0	300640	10000	-1	-1	1	0	-1	-1	-1	-1	-1	-1	85	0	
253	281	2218	-1	21	红毒蜂		22.278536	112.983582	0	300640	10000	-1	-1	1	0	-1	-1	-1	-1	-1	-1	85	0	
254	282	2218	-1	21	红毒蜂		22.363203	113.757538	0	300640	10000	-1	-1	1	0	-1	-1	-1	-1	-1	-1	85	0	
255	283	2218	-1	21	红毒蜂		22.754316	114.709404	0	300640	10000	-1	-1	1	0	-1	-1	-1	-1	-1	-1	85	0	
256	284	2218	-1	21	红毒蜂		24.041767	114.249985	0	300640	10000	-1	-1	1	0	-1	-1	-1	-1	-1	-1	85	0	
257	285	2218	-1	21	红毒蜂		19.770781	113.038574	0	300640	10000	-1	-1	1	0	-1	-1	-1	-1	-1	-1	85	0	
258	286	2218	-1	21	红毒蜂		22.076738	112.778564	0	300640	10000	-1	-1	1	0	-1	-1	-1	-1	-1	-1	85	0	
259	287	2218	-1	21	红毒蜂		25.816553	146.648621	0	300640	10000	-1	-1	1	0	-1	-1	-1	-1	-1	-1	85	0	
260	288	2218	-1	21	红毒蜂		24.106026	147.742981	0	300640	10000	-1	-1	1	0	-1	-1	-1	-1	-1	-1	85	0	
261	289	2218	-1	21	红毒蜂		26.405996	148.919327	0	300640	10000	-1	-1	1	0	-1	-1	-1	-1	-1	-1	85	0	
262	290	2218	-1	21	红毒蜂		26.253769	148.060501	0	300640	10000	-1	-1	1	0	-1	-1	-1	-1	-1	-1	85	0	
263	291	2218	-1	21	红毒蜂		25.150137	146.710922	0	300640	10000	-1	-1	1	0	-1	-1	-1	-1	-1	-1	85	0	
264	292	2218	-1	21	红毒蜂		25.059414	145.646606	0	300640	10000	-1	-1	1	0	-1	-1	-1	-1	-1	-1	85	0	
265	293	2218	-1	21	红毒蜂		23.774443	144.242645	0	300640	10000	-1	-1	1	0	-1	-1	-1	-1	-1	-1	85	0	
266	294	2218	-1	21	红毒蜂		22.60421	145.141937	0	300640	10000	-1	-1	1	0	-1	-1	-1	-1	-1	-1	85	0	
267	295	2218	-1	21	红毒蜂		23.082325	145.346313	0	300640	10000	-1	-1	1	0	-1	-1	-1	-1	-1	-1	85	0	
268	296	2218	-1	21	红毒蜂		25.764942	145.484589	0	300640	10000	-1	-1	1	0	-1	-1	-1	-1	-1	-1	85	0	
269	297	2218	-1	21	红毒蜂		25.150137	146.710922	0	300640	10000	-1	-1	1	0	-1	-1	-1	-1	-1	-1	85	0	
270	298	2218	-1	21	红毒蜂		25.150137	146.710922	0	300640	10000	-1	-1	1	0	-1	-1	-1	-1	-1	-1	85	0	
271	300	2219	-1	21	第伯聂水妖		208.654053	182.666245	0	300640	10000	-1	-1	1	0	-1	-1	-1	-1	-1	-1	85	0	
272	301	2219	-1	21	第伯聂水妖		209.137299	183.058472	0	300640	10000	-1	-1	1	0	-1	-1	-1	-1	-1	-1	85	0	
273	302	2219	-1	21	第伯聂水妖		208.233521	182.000977	0	300640	10000	-1	-1	1	0	-1	-1	-1	-1	-1	-1	85	0	
274	303	2219	-1	21	第伯聂水妖		209.369324	182.51532	0	300640	10000	-1	-1	1	0	-1	-1	-1	-1	-1	-1	85	0	
275	304	2219	-1	21	第伯聂水妖		209.276459	181.745346	0	300640	10000	-1	-1	1	0	-1	-1	-1	-1	-1	-1	85	0	
276	305	2219	-1	21	第伯聂水妖		208.009796	182.270706	0	300640	10000	-1	-1	1	0	-1	-1	-1	-1	-1	-1	85	0	
277	7336799	4295	101692	-1	组队指引人		222	212	27	-1	1000	-1	-1	3	0	-1	-1	-1	-1	-1	-1	100	0	
