NUM	NUM	NUM	NUM	NUM	TEXT	TEXT	FLOAT	FLOAT	NUM	NUM	NUM	NUM	NUM	NUM	NUM	NUM	NUM	NUM	NUM	NUM	NUM	NUM	NUM
编号	随机编号	attr编号	逻辑表编号	阵营编号	名称	称号	x轴坐标	z轴坐标	朝向	脚本编号	重生时间	分组编号	队伍编号	基础AI	AI文件	巡逻路径	商店0	商店1	商店2	商店3	名誉ID	等级	镜像组
0	1	65340	-1	21	蔑尔乞流犯		40	68	0	300640	10000	-1	-1	1	0	-1	-1	-1	-1	-1	-1	100	0
1	2	65340	-1	21	蔑尔乞流犯		40	68	0	300640	10000	-1	-1	1	0	-1	-1	-1	-1	-1	-1	100	0
2	3	65340	-1	21	蔑尔乞流犯		40	68	0	300640	10000	-1	-1	1	0	-1	-1	-1	-1	-1	-1	100	0
3	4	65340	-1	21	蔑尔乞流犯		40	68	0	300640	10000	-1	-1	1	0	-1	-1	-1	-1	-1	-1	100	0
4	5	65340	-1	21	蔑尔乞流犯		40	68	0	300640	10000	-1	-1	1	0	-1	-1	-1	-1	-1	-1	100	0
5	6	65340	-1	21	蔑尔乞流犯		40	68	0	300640	10000	-1	-1	1	0	-1	-1	-1	-1	-1	-1	100	0
6	7	65340	-1	21	蔑尔乞流犯		40	68	0	300640	10000	-1	-1	1	0	-1	-1	-1	-1	-1	-1	100	0
7	8	65340	-1	21	蔑尔乞流犯		40	68	0	300640	10000	-1	-1	1	0	-1	-1	-1	-1	-1	-1	100	0
8	9	65340	-1	21	蔑尔乞流犯		40	68	0	300640	10000	-1	-1	1	0	-1	-1	-1	-1	-1	-1	100	0
9	10	65340	-1	21	蔑尔乞流犯		40	68	0	300640	10000	-1	-1	1	0	-1	-1	-1	-1	-1	-1	100	0
10	11	65340	-1	21	蔑尔乞流犯		40	68	0	300640	10000	-1	-1	1	0	-1	-1	-1	-1	-1	-1	100	0
11	12	65340	-1	21	蔑尔乞流犯		40	68	0	300640	10000	-1	-1	1	0	-1	-1	-1	-1	-1	-1	100	0
12	13	65340	-1	21	蔑尔乞流犯		40	88	0	300640	10000	-1	-1	1	0	-1	-1	-1	-1	-1	-1	100	0
13	14	65340	-1	21	蔑尔乞流犯		40	88	0	300640	10000	-1	-1	1	0	-1	-1	-1	-1	-1	-1	100	0
14	15	65340	-1	21	蔑尔乞流犯		40	88	0	300640	10000	-1	-1	1	0	-1	-1	-1	-1	-1	-1	100	0
15	16	65340	-1	21	蔑尔乞流犯		40	88	0	300640	10000	-1	-1	1	0	-1	-1	-1	-1	-1	-1	100	0
16	17	65340	-1	21	蔑尔乞流犯		40	88	0	300640	10000	-1	-1	1	0	-1	-1	-1	-1	-1	-1	100	0
17	18	65340	-1	21	蔑尔乞流犯		40	88	0	300640	10000	-1	-1	1	0	-1	-1	-1	-1	-1	-1	100	0
18	19	65340	-1	21	蔑尔乞流犯		40	88	0	300640	10000	-1	-1	1	0	-1	-1	-1	-1	-1	-1	100	0
19	20	65340	-1	21	蔑尔乞流犯		40	88	0	300640	10000	-1	-1	1	0	-1	-1	-1	-1	-1	-1	100	0
20	21	65340	-1	21	蔑尔乞流犯		40	88	0	300640	10000	-1	-1	1	0	-1	-1	-1	-1	-1	-1	100	0
21	22	65340	-1	21	蔑尔乞流犯		40	88	0	300640	10000	-1	-1	1	0	-1	-1	-1	-1	-1	-1	100	0
22	23	65340	-1	21	蔑尔乞流犯		40	88	0	300640	10000	-1	-1	1	0	-1	-1	-1	-1	-1	-1	100	0
23	24	65340	-1	21	蔑尔乞流犯		40	88	0	300640	10000	-1	-1	1	0	-1	-1	-1	-1	-1	-1	100	0
24	25	65340	-1	21	蔑尔乞流犯		40	118	0	300640	10000	-1	-1	1	0	-1	-1	-1	-1	-1	-1	100	0
25	26	65340	-1	21	蔑尔乞流犯		40	118	0	300640	10000	-1	-1	1	0	-1	-1	-1	-1	-1	-1	100	0
26	27	65340	-1	21	蔑尔乞流犯		40	118	0	300640	10000	-1	-1	1	0	-1	-1	-1	-1	-1	-1	100	0
27	28	65340	-1	21	蔑尔乞流犯		40	118	0	300640	10000	-1	-1	1	0	-1	-1	-1	-1	-1	-1	100	0
28	29	65340	-1	21	蔑尔乞流犯		40	118	0	300640	10000	-1	-1	1	0	-1	-1	-1	-1	-1	-1	100	0
29	30	65340	-1	21	蔑尔乞流犯		40	118	0	300640	10000	-1	-1	1	0	-1	-1	-1	-1	-1	-1	100	0
30	31	65340	-1	21	蔑尔乞流犯		40	118	0	300640	10000	-1	-1	1	0	-1	-1	-1	-1	-1	-1	100	0
31	32	65340	-1	21	蔑尔乞流犯		40	118	0	300640	10000	-1	-1	1	0	-1	-1	-1	-1	-1	-1	100	0
32	33	65340	-1	21	蔑尔乞流犯		40	118	0	300640	10000	-1	-1	1	0	-1	-1	-1	-1	-1	-1	100	0
33	34	65340	-1	21	蔑尔乞流犯		40	118	0	300640	10000	-1	-1	1	0	-1	-1	-1	-1	-1	-1	100	0
34	35	65340	-1	21	蔑尔乞流犯		40	118	0	300640	10000	-1	-1	1	0	-1	-1	-1	-1	-1	-1	100	0
35	36	65340	-1	21	蔑尔乞流犯		40	118	0	300640	10000	-1	-1	1	0	-1	-1	-1	-1	-1	-1	100	0
36	37	65340	-1	21	蔑尔乞流犯		60	118	0	300640	10000	-1	-1	1	0	-1	-1	-1	-1	-1	-1	100	0
37	38	65340	-1	21	蔑尔乞流犯		60	118	0	300640	10000	-1	-1	1	0	-1	-1	-1	-1	-1	-1	100	0
38	39	65340	-1	21	蔑尔乞流犯		60	118	0	300640	10000	-1	-1	1	0	-1	-1	-1	-1	-1	-1	100	0
39	40	65340	-1	21	蔑尔乞流犯		60	118	0	300640	10000	-1	-1	1	0	-1	-1	-1	-1	-1	-1	100	0
40	41	65340	-1	21	蔑尔乞流犯		60	118	0	300640	10000	-1	-1	1	0	-1	-1	-1	-1	-1	-1	100	0
41	42	65340	-1	21	蔑尔乞流犯		60	118	0	300640	10000	-1	-1	1	0	-1	-1	-1	-1	-1	-1	100	0
42	43	65340	-1	21	蔑尔乞流犯		60	118	0	300640	10000	-1	-1	1	0	-1	-1	-1	-1	-1	-1	100	0
43	44	65340	-1	21	蔑尔乞流犯		60	118	0	300640	10000	-1	-1	1	0	-1	-1	-1	-1	-1	-1	100	0
44	45	65340	-1	21	蔑尔乞流犯		60	118	0	300640	10000	-1	-1	1	0	-1	-1	-1	-1	-1	-1	100	0
45	46	65340	-1	21	蔑尔乞流犯		60	118	0	300640	10000	-1	-1	1	0	-1	-1	-1	-1	-1	-1	100	0
46	47	65340	-1	21	蔑尔乞流犯		60	118	0	300640	10000	-1	-1	1	0	-1	-1	-1	-1	-1	-1	100	0
47	48	65340	-1	21	蔑尔乞流犯		60	118	0	300640	10000	-1	-1	1	0	-1	-1	-1	-1	-1	-1	100	0
48	49	65340	-1	21	蔑尔乞流犯		80	118	0	300640	10000	-1	-1	1	0	-1	-1	-1	-1	-1	-1	100	0
49	50	65340	-1	21	蔑尔乞流犯		80	118	0	300640	10000	-1	-1	1	0	-1	-1	-1	-1	-1	-1	100	0
50	51	65340	-1	21	蔑尔乞流犯		80	118	0	300640	10000	-1	-1	1	0	-1	-1	-1	-1	-1	-1	100	0
51	52	65340	-1	21	蔑尔乞流犯		80	118	0	300640	10000	-1	-1	1	0	-1	-1	-1	-1	-1	-1	100	0
52	53	65340	-1	21	蔑尔乞流犯		80	118	0	300640	10000	-1	-1	1	0	-1	-1	-1	-1	-1	-1	100	0
53	54	65340	-1	21	蔑尔乞流犯		80	118	0	300640	10000	-1	-1	1	0	-1	-1	-1	-1	-1	-1	100	0
54	55	65340	-1	21	蔑尔乞流犯		80	118	0	300640	10000	-1	-1	1	0	-1	-1	-1	-1	-1	-1	100	0
55	56	65340	-1	21	蔑尔乞流犯		80	118	0	300640	10000	-1	-1	1	0	-1	-1	-1	-1	-1	-1	100	0
56	57	65340	-1	21	蔑尔乞流犯		80	118	0	300640	10000	-1	-1	1	0	-1	-1	-1	-1	-1	-1	100	0
57	58	65340	-1	21	蔑尔乞流犯		80	118	0	300640	10000	-1	-1	1	0	-1	-1	-1	-1	-1	-1	100	0
58	59	65340	-1	21	蔑尔乞流犯		80	118	0	300640	10000	-1	-1	1	0	-1	-1	-1	-1	-1	-1	100	0
59	60	65340	-1	21	蔑尔乞流犯		80	118	0	300640	10000	-1	-1	1	0	-1	-1	-1	-1	-1	-1	100	0
60	61	65340	-1	21	蔑尔乞流犯		110	118	0	300640	10000	-1	-1	1	0	-1	-1	-1	-1	-1	-1	100	0
61	62	65340	-1	21	蔑尔乞流犯		110	118	0	300640	10000	-1	-1	1	0	-1	-1	-1	-1	-1	-1	100	0
62	63	65340	-1	21	蔑尔乞流犯		110	118	0	300640	10000	-1	-1	1	0	-1	-1	-1	-1	-1	-1	100	0
63	64	65340	-1	21	蔑尔乞流犯		110	118	0	300640	10000	-1	-1	1	0	-1	-1	-1	-1	-1	-1	100	0
64	65	65340	-1	21	蔑尔乞流犯		110	118	0	300640	10000	-1	-1	1	0	-1	-1	-1	-1	-1	-1	100	0
65	66	65340	-1	21	蔑尔乞流犯		110	118	0	300640	10000	-1	-1	1	0	-1	-1	-1	-1	-1	-1	100	0
66	67	65340	-1	21	蔑尔乞流犯		110	118	0	300640	10000	-1	-1	1	0	-1	-1	-1	-1	-1	-1	100	0
67	68	65340	-1	21	蔑尔乞流犯		110	118	0	300640	10000	-1	-1	1	0	-1	-1	-1	-1	-1	-1	100	0
68	69	65340	-1	21	蔑尔乞流犯		110	118	0	300640	10000	-1	-1	1	0	-1	-1	-1	-1	-1	-1	100	0
69	70	65340	-1	21	蔑尔乞流犯		110	118	0	300640	10000	-1	-1	1	0	-1	-1	-1	-1	-1	-1	100	0
70	71	65340	-1	21	蔑尔乞流犯		110	118	0	300640	10000	-1	-1	1	0	-1	-1	-1	-1	-1	-1	100	0
71	72	65340	-1	21	蔑尔乞流犯		110	118	0	300640	10000	-1	-1	1	0	-1	-1	-1	-1	-1	-1	100	0
72	73	65340	-1	21	蔑尔乞流犯		120	95	0	300640	10000	-1	-1	1	0	-1	-1	-1	-1	-1	-1	100	0
73	74	65340	-1	21	蔑尔乞流犯		120	95	0	300640	10000	-1	-1	1	0	-1	-1	-1	-1	-1	-1	100	0
74	75	65340	-1	21	蔑尔乞流犯		120	95	0	300640	10000	-1	-1	1	0	-1	-1	-1	-1	-1	-1	100	0
75	76	65340	-1	21	蔑尔乞流犯		120	95	0	300640	10000	-1	-1	1	0	-1	-1	-1	-1	-1	-1	100	0
76	77	65340	-1	21	蔑尔乞流犯		120	95	0	300640	10000	-1	-1	1	0	-1	-1	-1	-1	-1	-1	100	0
77	78	65340	-1	21	蔑尔乞流犯		120	95	0	300640	10000	-1	-1	1	0	-1	-1	-1	-1	-1	-1	100	0
78	79	65340	-1	21	蔑尔乞流犯		120	95	0	300640	10000	-1	-1	1	0	-1	-1	-1	-1	-1	-1	100	0
79	80	65340	-1	21	蔑尔乞流犯		120	95	0	300640	10000	-1	-1	1	0	-1	-1	-1	-1	-1	-1	100	0
80	81	65340	-1	21	蔑尔乞流犯		120	95	0	300640	10000	-1	-1	1	0	-1	-1	-1	-1	-1	-1	100	0
81	82	65340	-1	21	蔑尔乞流犯		120	95	0	300640	10000	-1	-1	1	0	-1	-1	-1	-1	-1	-1	100	0
82	83	65340	-1	21	蔑尔乞流犯		120	95	0	300640	10000	-1	-1	1	0	-1	-1	-1	-1	-1	-1	100	0
83	84	65340	-1	21	蔑尔乞流犯		120	95	0	300640	10000	-1	-1	1	0	-1	-1	-1	-1	-1	-1	100	0
84	85	65340	-1	21	蔑尔乞流犯		120	95	0	300640	10000	-1	-1	1	0	-1	-1	-1	-1	-1	-1	100	0
85	86	65340	-1	21	蔑尔乞流犯		120	95	0	300640	10000	-1	-1	1	0	-1	-1	-1	-1	-1	-1	100	0
86	87	65340	-1	21	蔑尔乞流犯		120	95	0	300640	10000	-1	-1	1	0	-1	-1	-1	-1	-1	-1	100	0
87	88	65340	-1	21	蔑尔乞流犯		120	95	0	300640	10000	-1	-1	1	0	-1	-1	-1	-1	-1	-1	100	0
88	89	65340	-1	21	蔑尔乞流犯		120	95	0	300640	10000	-1	-1	1	0	-1	-1	-1	-1	-1	-1	100	0
89	90	65340	-1	21	蔑尔乞流犯		120	95	0	300640	10000	-1	-1	1	0	-1	-1	-1	-1	-1	-1	100	0
90	91	65340	-1	21	蔑尔乞流犯		120	95	0	300640	10000	-1	-1	1	0	-1	-1	-1	-1	-1	-1	100	0
91	92	65340	-1	21	蔑尔乞流犯		120	95	0	300640	10000	-1	-1	1	0	-1	-1	-1	-1	-1	-1	100	0
92	93	65340	-1	21	蔑尔乞流犯		120	95	0	300640	10000	-1	-1	1	0	-1	-1	-1	-1	-1	-1	100	0
93	94	65340	-1	21	蔑尔乞流犯		120	95	0	300640	10000	-1	-1	1	0	-1	-1	-1	-1	-1	-1	100	0
94	95	65340	-1	21	蔑尔乞流犯		120	95	0	300640	10000	-1	-1	1	0	-1	-1	-1	-1	-1	-1	100	0
95	96	65340	-1	21	蔑尔乞流犯		120	95	0	300640	10000	-1	-1	1	0	-1	-1	-1	-1	-1	-1	100	0
96	97	65340	-1	21	蔑尔乞流犯		90	90	0	300640	10000	-1	-1	1	0	-1	-1	-1	-1	-1	-1	100	0
97	98	65340	-1	21	蔑尔乞流犯		90	90	0	300640	10000	-1	-1	1	0	-1	-1	-1	-1	-1	-1	100	0
98	99	65340	-1	21	蔑尔乞流犯		90	90	0	300640	10000	-1	-1	1	0	-1	-1	-1	-1	-1	-1	100	0
99	100	65340	-1	21	蔑尔乞流犯		90	90	0	300640	10000	-1	-1	1	0	-1	-1	-1	-1	-1	-1	100	0
100	101	65340	-1	21	蔑尔乞流犯		90	90	0	300640	10000	-1	-1	1	0	-1	-1	-1	-1	-1	-1	100	0
101	102	65340	-1	21	蔑尔乞流犯		90	90	0	300640	10000	-1	-1	1	0	-1	-1	-1	-1	-1	-1	100	0
102	103	65340	-1	21	蔑尔乞流犯		90	90	0	300640	10000	-1	-1	1	0	-1	-1	-1	-1	-1	-1	100	0
103	104	65340	-1	21	蔑尔乞流犯		90	90	0	300640	10000	-1	-1	1	0	-1	-1	-1	-1	-1	-1	100	0
104	105	65340	-1	21	蔑尔乞流犯		90	90	0	300640	10000	-1	-1	1	0	-1	-1	-1	-1	-1	-1	100	0
105	106	65340	-1	21	蔑尔乞流犯		90	90	0	300640	10000	-1	-1	1	0	-1	-1	-1	-1	-1	-1	100	0
106	107	65340	-1	21	蔑尔乞流犯		90	90	0	300640	10000	-1	-1	1	0	-1	-1	-1	-1	-1	-1	100	0
107	108	65340	-1	21	蔑尔乞流犯		90	90	0	300640	10000	-1	-1	1	0	-1	-1	-1	-1	-1	-1	100	0
108	109	65340	-1	21	蔑尔乞流犯		80	48	0	300640	10000	-1	-1	1	0	-1	-1	-1	-1	-1	-1	100	0
109	110	65340	-1	21	蔑尔乞流犯		80	48	0	300640	10000	-1	-1	1	0	-1	-1	-1	-1	-1	-1	100	0
110	111	65340	-1	21	蔑尔乞流犯		80	48	0	300640	10000	-1	-1	1	0	-1	-1	-1	-1	-1	-1	100	0
111	112	65340	-1	21	蔑尔乞流犯		80	48	0	300640	10000	-1	-1	1	0	-1	-1	-1	-1	-1	-1	100	0
112	113	65340	-1	21	蔑尔乞流犯		80	48	0	300640	10000	-1	-1	1	0	-1	-1	-1	-1	-1	-1	100	0
113	114	65340	-1	21	蔑尔乞流犯		80	48	0	300640	10000	-1	-1	1	0	-1	-1	-1	-1	-1	-1	100	0
114	115	65340	-1	21	蔑尔乞流犯		80	48	0	300640	10000	-1	-1	1	0	-1	-1	-1	-1	-1	-1	100	0
115	116	65340	-1	21	蔑尔乞流犯		80	48	0	300640	10000	-1	-1	1	0	-1	-1	-1	-1	-1	-1	100	0
116	117	65340	-1	21	蔑尔乞流犯		80	48	0	300640	10000	-1	-1	1	0	-1	-1	-1	-1	-1	-1	100	0
117	118	65340	-1	21	蔑尔乞流犯		80	48	0	300640	10000	-1	-1	1	0	-1	-1	-1	-1	-1	-1	100	0
118	119	65340	-1	21	蔑尔乞流犯		80	48	0	300640	10000	-1	-1	1	0	-1	-1	-1	-1	-1	-1	100	0
119	120	65340	-1	21	蔑尔乞流犯		80	48	0	300640	10000	-1	-1	1	0	-1	-1	-1	-1	-1	-1	100	0
120	121	65340	-1	21	蔑尔乞流犯		80	48	0	300640	10000	-1	-1	1	0	-1	-1	-1	-1	-1	-1	100	0
121	122	65340	-1	21	蔑尔乞流犯		80	48	0	300640	10000	-1	-1	1	0	-1	-1	-1	-1	-1	-1	100	0
122	123	65340	-1	21	蔑尔乞流犯		80	48	0	300640	10000	-1	-1	1	0	-1	-1	-1	-1	-1	-1	100	0
123	124	65340	-1	21	蔑尔乞流犯		80	48	0	300640	10000	-1	-1	1	0	-1	-1	-1	-1	-1	-1	100	0
124	125	65340	-1	21	蔑尔乞流犯		80	48	0	300640	10000	-1	-1	1	0	-1	-1	-1	-1	-1	-1	100	0
125	126	65340	-1	21	蔑尔乞流犯		80	48	0	300640	10000	-1	-1	1	0	-1	-1	-1	-1	-1	-1	100	0
126	127	65340	-1	21	蔑尔乞流犯		80	48	0	300640	10000	-1	-1	1	0	-1	-1	-1	-1	-1	-1	100	0
127	128	65340	-1	21	蔑尔乞流犯		80	48	0	300640	10000	-1	-1	1	0	-1	-1	-1	-1	-1	-1	100	0
128	129	65340	-1	21	蔑尔乞流犯		80	48	0	300640	10000	-1	-1	1	0	-1	-1	-1	-1	-1	-1	100	0
129	130	65340	-1	21	蔑尔乞流犯		80	48	0	300640	10000	-1	-1	1	0	-1	-1	-1	-1	-1	-1	100	0
130	131	65340	-1	21	蔑尔乞流犯		80	48	0	300640	10000	-1	-1	1	0	-1	-1	-1	-1	-1	-1	100	0
131	132	65340	-1	21	蔑尔乞流犯		80	48	0	300640	10000	-1	-1	1	0	-1	-1	-1	-1	-1	-1	100	0
132	133	65340	-1	21	蔑尔乞流犯		81	57	0	300640	10000	-1	-1	1	0	-1	-1	-1	-1	-1	-1	100	0
133	134	65340	-1	21	蔑尔乞流犯		81	57	0	300640	10000	-1	-1	1	0	-1	-1	-1	-1	-1	-1	100	0
134	135	65340	-1	21	蔑尔乞流犯		81	57	0	300640	10000	-1	-1	1	0	-1	-1	-1	-1	-1	-1	100	0
135	136	65340	-1	21	蔑尔乞流犯		81	57	0	300640	10000	-1	-1	1	0	-1	-1	-1	-1	-1	-1	100	0
136	137	65340	-1	21	蔑尔乞流犯		81	57	0	300640	10000	-1	-1	1	0	-1	-1	-1	-1	-1	-1	100	0
137	138	65340	-1	21	蔑尔乞流犯		81	57	0	300640	10000	-1	-1	1	0	-1	-1	-1	-1	-1	-1	100	0
138	139	65340	-1	21	蔑尔乞流犯		81	57	0	300640	10000	-1	-1	1	0	-1	-1	-1	-1	-1	-1	100	0
139	140	65340	-1	21	蔑尔乞流犯		81	57	0	300640	10000	-1	-1	1	0	-1	-1	-1	-1	-1	-1	100	0
140	141	65340	-1	21	蔑尔乞流犯		81	57	0	300640	10000	-1	-1	1	0	-1	-1	-1	-1	-1	-1	100	0
141	142	65340	-1	21	蔑尔乞流犯		81	57	0	300640	10000	-1	-1	1	0	-1	-1	-1	-1	-1	-1	100	0
142	143	65340	-1	21	蔑尔乞流犯		81	57	0	300640	10000	-1	-1	1	0	-1	-1	-1	-1	-1	-1	100	0
143	144	65340	-1	21	蔑尔乞流犯		81	57	0	300640	10000	-1	-1	1	0	-1	-1	-1	-1	-1	-1	100	0
144	145	65340	-1	21	蔑尔乞流犯		113	48	0	300640	10000	-1	-1	1	0	-1	-1	-1	-1	-1	-1	100	0
145	146	65340	-1	21	蔑尔乞流犯		113	48	0	300640	10000	-1	-1	1	0	-1	-1	-1	-1	-1	-1	100	0
146	147	65340	-1	21	蔑尔乞流犯		113	48	0	300640	10000	-1	-1	1	0	-1	-1	-1	-1	-1	-1	100	0
147	148	65340	-1	21	蔑尔乞流犯		113	48	0	300640	10000	-1	-1	1	0	-1	-1	-1	-1	-1	-1	100	0
148	149	65340	-1	21	蔑尔乞流犯		113	48	0	300640	10000	-1	-1	1	0	-1	-1	-1	-1	-1	-1	100	0
149	150	65340	-1	21	蔑尔乞流犯		113	48	0	300640	10000	-1	-1	1	0	-1	-1	-1	-1	-1	-1	100	0
150	151	65340	-1	21	蔑尔乞流犯		113	48	0	300640	10000	-1	-1	1	0	-1	-1	-1	-1	-1	-1	100	0
151	152	65340	-1	21	蔑尔乞流犯		113	48	0	300640	10000	-1	-1	1	0	-1	-1	-1	-1	-1	-1	100	0
152	153	65340	-1	21	蔑尔乞流犯		113	48	0	300640	10000	-1	-1	1	0	-1	-1	-1	-1	-1	-1	100	0
153	154	65340	-1	21	蔑尔乞流犯		113	48	0	300640	10000	-1	-1	1	0	-1	-1	-1	-1	-1	-1	100	0
154	155	65340	-1	21	蔑尔乞流犯		113	48	0	300640	10000	-1	-1	1	0	-1	-1	-1	-1	-1	-1	100	0
155	156	65340	-1	21	蔑尔乞流犯		113	48	0	300640	10000	-1	-1	1	0	-1	-1	-1	-1	-1	-1	100	0
156	157	65340	-1	21	蔑尔乞流犯		143	56	0	300640	10000	-1	-1	1	0	-1	-1	-1	-1	-1	-1	100	0
157	158	65340	-1	21	蔑尔乞流犯		143	56	0	300640	10000	-1	-1	1	0	-1	-1	-1	-1	-1	-1	100	0
158	159	65340	-1	21	蔑尔乞流犯		143	56	0	300640	10000	-1	-1	1	0	-1	-1	-1	-1	-1	-1	100	0
159	160	65340	-1	21	蔑尔乞流犯		143	56	0	300640	10000	-1	-1	1	0	-1	-1	-1	-1	-1	-1	100	0
160	161	65340	-1	21	蔑尔乞流犯		143	56	0	300640	10000	-1	-1	1	0	-1	-1	-1	-1	-1	-1	100	0
161	162	65340	-1	21	蔑尔乞流犯		143	56	0	300640	10000	-1	-1	1	0	-1	-1	-1	-1	-1	-1	100	0
162	163	65340	-1	21	蔑尔乞流犯		143	56	0	300640	10000	-1	-1	1	0	-1	-1	-1	-1	-1	-1	100	0
163	164	65340	-1	21	蔑尔乞流犯		143	56	0	300640	10000	-1	-1	1	0	-1	-1	-1	-1	-1	-1	100	0
164	165	65340	-1	21	蔑尔乞流犯		143	56	0	300640	10000	-1	-1	1	0	-1	-1	-1	-1	-1	-1	100	0
165	166	65340	-1	21	蔑尔乞流犯		143	56	0	300640	10000	-1	-1	1	0	-1	-1	-1	-1	-1	-1	100	0
166	167	65340	-1	21	蔑尔乞流犯		143	56	0	300640	10000	-1	-1	1	0	-1	-1	-1	-1	-1	-1	100	0
167	168	65340	-1	21	蔑尔乞流犯		143	56	0	300640	10000	-1	-1	1	0	-1	-1	-1	-1	-1	-1	100	0
168	169	65340	-1	21	蔑尔乞流犯		144	48	0	300640	10000	-1	-1	1	0	-1	-1	-1	-1	-1	-1	100	0
169	170	65340	-1	21	蔑尔乞流犯		144	48	0	300640	10000	-1	-1	1	0	-1	-1	-1	-1	-1	-1	100	0
170	171	65340	-1	21	蔑尔乞流犯		144	48	0	300640	10000	-1	-1	1	0	-1	-1	-1	-1	-1	-1	100	0
171	172	65340	-1	21	蔑尔乞流犯		144	48	0	300640	10000	-1	-1	1	0	-1	-1	-1	-1	-1	-1	100	0
172	173	65340	-1	21	蔑尔乞流犯		144	48	0	300640	10000	-1	-1	1	0	-1	-1	-1	-1	-1	-1	100	0
173	174	65340	-1	21	蔑尔乞流犯		144	48	0	300640	10000	-1	-1	1	0	-1	-1	-1	-1	-1	-1	100	0
174	175	65340	-1	21	蔑尔乞流犯		144	48	0	300640	10000	-1	-1	1	0	-1	-1	-1	-1	-1	-1	100	0
175	176	65340	-1	21	蔑尔乞流犯		144	48	0	300640	10000	-1	-1	1	0	-1	-1	-1	-1	-1	-1	100	0
176	177	65340	-1	21	蔑尔乞流犯		144	48	0	300640	10000	-1	-1	1	0	-1	-1	-1	-1	-1	-1	100	0
177	178	65340	-1	21	蔑尔乞流犯		144	48	0	300640	10000	-1	-1	1	0	-1	-1	-1	-1	-1	-1	100	0
178	179	65340	-1	21	蔑尔乞流犯		144	48	0	300640	10000	-1	-1	1	0	-1	-1	-1	-1	-1	-1	100	0
179	180	65340	-1	21	蔑尔乞流犯		144	48	0	300640	10000	-1	-1	1	0	-1	-1	-1	-1	-1	-1	100	0
180	181	65340	-1	21	蔑尔乞流犯		186	54	0	300640	10000	-1	-1	1	0	-1	-1	-1	-1	-1	-1	100	0
181	182	65340	-1	21	蔑尔乞流犯		186	54	0	300640	10000	-1	-1	1	0	-1	-1	-1	-1	-1	-1	100	0
182	183	65340	-1	21	蔑尔乞流犯		186	54	0	300640	10000	-1	-1	1	0	-1	-1	-1	-1	-1	-1	100	0
183	184	65340	-1	21	蔑尔乞流犯		186	54	0	300640	10000	-1	-1	1	0	-1	-1	-1	-1	-1	-1	100	0
184	185	65340	-1	21	蔑尔乞流犯		186	54	0	300640	10000	-1	-1	1	0	-1	-1	-1	-1	-1	-1	100	0
185	186	65340	-1	21	蔑尔乞流犯		186	54	0	300640	10000	-1	-1	1	0	-1	-1	-1	-1	-1	-1	100	0
186	187	65340	-1	21	蔑尔乞流犯		186	54	0	300640	10000	-1	-1	1	0	-1	-1	-1	-1	-1	-1	100	0
187	188	65340	-1	21	蔑尔乞流犯		186	54	0	300640	10000	-1	-1	1	0	-1	-1	-1	-1	-1	-1	100	0
188	189	65340	-1	21	蔑尔乞流犯		186	54	0	300640	10000	-1	-1	1	0	-1	-1	-1	-1	-1	-1	100	0
189	190	65340	-1	21	蔑尔乞流犯		186	54	0	300640	10000	-1	-1	1	0	-1	-1	-1	-1	-1	-1	100	0
190	191	65340	-1	21	蔑尔乞流犯		186	54	0	300640	10000	-1	-1	1	0	-1	-1	-1	-1	-1	-1	100	0
191	192	65340	-1	21	蔑尔乞流犯		186	54	0	300640	10000	-1	-1	1	0	-1	-1	-1	-1	-1	-1	100	0
192	193	65340	-1	21	蔑尔乞流犯		184	52	0	300640	10000	-1	-1	1	0	-1	-1	-1	-1	-1	-1	100	0
193	194	65340	-1	21	蔑尔乞流犯		184	52	0	300640	10000	-1	-1	1	0	-1	-1	-1	-1	-1	-1	100	0
194	195	65340	-1	21	蔑尔乞流犯		184	52	0	300640	10000	-1	-1	1	0	-1	-1	-1	-1	-1	-1	100	0
195	196	65340	-1	21	蔑尔乞流犯		184	52	0	300640	10000	-1	-1	1	0	-1	-1	-1	-1	-1	-1	100	0
196	197	65340	-1	21	蔑尔乞流犯		184	52	0	300640	10000	-1	-1	1	0	-1	-1	-1	-1	-1	-1	100	0
197	198	65340	-1	21	蔑尔乞流犯		184	52	0	300640	10000	-1	-1	1	0	-1	-1	-1	-1	-1	-1	100	0
198	199	65340	-1	21	蔑尔乞流犯		186	84	0	300640	10000	-1	-1	1	0	-1	-1	-1	-1	-1	-1	100	0
199	200	65340	-1	21	蔑尔乞流犯		186	84	0	300640	10000	-1	-1	1	0	-1	-1	-1	-1	-1	-1	100	0
200	201	65340	-1	21	蔑尔乞流犯		186	84	0	300640	10000	-1	-1	1	0	-1	-1	-1	-1	-1	-1	100	0
201	202	65340	-1	21	蔑尔乞流犯		186	84	0	300640	10000	-1	-1	1	0	-1	-1	-1	-1	-1	-1	100	0
202	203	65340	-1	21	蔑尔乞流犯		186	84	0	300640	10000	-1	-1	1	0	-1	-1	-1	-1	-1	-1	100	0
203	204	65340	-1	21	蔑尔乞流犯		186	84	0	300640	10000	-1	-1	1	0	-1	-1	-1	-1	-1	-1	100	0
204	205	65340	-1	21	蔑尔乞流犯		186	84	0	300640	10000	-1	-1	1	0	-1	-1	-1	-1	-1	-1	100	0
205	206	65340	-1	21	蔑尔乞流犯		186	84	0	300640	10000	-1	-1	1	0	-1	-1	-1	-1	-1	-1	100	0
206	207	65340	-1	21	蔑尔乞流犯		186	84	0	300640	10000	-1	-1	1	0	-1	-1	-1	-1	-1	-1	100	0
207	208	65340	-1	21	蔑尔乞流犯		186	84	0	300640	10000	-1	-1	1	0	-1	-1	-1	-1	-1	-1	100	0
208	209	65340	-1	21	蔑尔乞流犯		186	84	0	300640	10000	-1	-1	1	0	-1	-1	-1	-1	-1	-1	100	0
209	210	65340	-1	21	蔑尔乞流犯		186	84	0	300640	10000	-1	-1	1	0	-1	-1	-1	-1	-1	-1	100	0
210	211	65340	-1	21	蔑尔乞流犯		150	92	0	300640	10000	-1	-1	1	0	-1	-1	-1	-1	-1	-1	100	0
211	212	65340	-1	21	蔑尔乞流犯		150	92	0	300640	10000	-1	-1	1	0	-1	-1	-1	-1	-1	-1	100	0
212	213	65340	-1	21	蔑尔乞流犯		150	92	0	300640	10000	-1	-1	1	0	-1	-1	-1	-1	-1	-1	100	0
213	214	65340	-1	21	蔑尔乞流犯		150	92	0	300640	10000	-1	-1	1	0	-1	-1	-1	-1	-1	-1	100	0
214	215	65340	-1	21	蔑尔乞流犯		150	92	0	300640	10000	-1	-1	1	0	-1	-1	-1	-1	-1	-1	100	0
215	216	65340	-1	21	蔑尔乞流犯		150	92	0	300640	10000	-1	-1	1	0	-1	-1	-1	-1	-1	-1	100	0
216	217	65340	-1	21	蔑尔乞流犯		150	92	0	300640	10000	-1	-1	1	0	-1	-1	-1	-1	-1	-1	100	0
217	218	65340	-1	21	蔑尔乞流犯		150	92	0	300640	10000	-1	-1	1	0	-1	-1	-1	-1	-1	-1	100	0
218	219	65340	-1	21	蔑尔乞流犯		150	92	0	300640	10000	-1	-1	1	0	-1	-1	-1	-1	-1	-1	100	0
219	220	65340	-1	21	蔑尔乞流犯		150	92	0	300640	10000	-1	-1	1	0	-1	-1	-1	-1	-1	-1	100	0
220	221	65340	-1	21	蔑尔乞流犯		150	92	0	300640	10000	-1	-1	1	0	-1	-1	-1	-1	-1	-1	100	0
221	222	65340	-1	21	蔑尔乞流犯		150	92	0	300640	10000	-1	-1	1	0	-1	-1	-1	-1	-1	-1	100	0
222	223	65340	-1	21	蔑尔乞流犯		154	119	0	300640	10000	-1	-1	1	0	-1	-1	-1	-1	-1	-1	100	0
223	224	65340	-1	21	蔑尔乞流犯		154	119	0	300640	10000	-1	-1	1	0	-1	-1	-1	-1	-1	-1	100	0
224	225	65340	-1	21	蔑尔乞流犯		154	119	0	300640	10000	-1	-1	1	0	-1	-1	-1	-1	-1	-1	100	0
225	226	65340	-1	21	蔑尔乞流犯		154	119	0	300640	10000	-1	-1	1	0	-1	-1	-1	-1	-1	-1	100	0
226	227	65340	-1	21	蔑尔乞流犯		154	119	0	300640	10000	-1	-1	1	0	-1	-1	-1	-1	-1	-1	100	0
227	228	65340	-1	21	蔑尔乞流犯		154	119	0	300640	10000	-1	-1	1	0	-1	-1	-1	-1	-1	-1	100	0
228	229	65340	-1	21	蔑尔乞流犯		154	119	0	300640	10000	-1	-1	1	0	-1	-1	-1	-1	-1	-1	100	0
229	230	65340	-1	21	蔑尔乞流犯		154	119	0	300640	10000	-1	-1	1	0	-1	-1	-1	-1	-1	-1	100	0
230	231	65340	-1	21	蔑尔乞流犯		154	119	0	300640	10000	-1	-1	1	0	-1	-1	-1	-1	-1	-1	100	0
231	232	65340	-1	21	蔑尔乞流犯		154	119	0	300640	10000	-1	-1	1	0	-1	-1	-1	-1	-1	-1	100	0
232	233	65340	-1	21	蔑尔乞流犯		154	119	0	300640	10000	-1	-1	1	0	-1	-1	-1	-1	-1	-1	100	0
233	234	65340	-1	21	蔑尔乞流犯		154	119	0	300640	10000	-1	-1	1	0	-1	-1	-1	-1	-1	-1	100	0
234	235	65340	-1	21	蔑尔乞流犯		185	119	0	300640	10000	-1	-1	1	0	-1	-1	-1	-1	-1	-1	100	0
235	236	65340	-1	21	蔑尔乞流犯		185	119	0	300640	10000	-1	-1	1	0	-1	-1	-1	-1	-1	-1	100	0
236	237	65340	-1	21	蔑尔乞流犯		185	119	0	300640	10000	-1	-1	1	0	-1	-1	-1	-1	-1	-1	100	0
237	238	65340	-1	21	蔑尔乞流犯		185	119	0	300640	10000	-1	-1	1	0	-1	-1	-1	-1	-1	-1	100	0
238	239	65340	-1	21	蔑尔乞流犯		185	119	0	300640	10000	-1	-1	1	0	-1	-1	-1	-1	-1	-1	100	0
239	240	65340	-1	21	蔑尔乞流犯		185	119	0	300640	10000	-1	-1	1	0	-1	-1	-1	-1	-1	-1	100	0
240	241	65340	-1	21	蔑尔乞流犯		185	119	0	300640	10000	-1	-1	1	0	-1	-1	-1	-1	-1	-1	100	0
241	242	65340	-1	21	蔑尔乞流犯		185	119	0	300640	10000	-1	-1	1	0	-1	-1	-1	-1	-1	-1	100	0
242	243	65340	-1	21	蔑尔乞流犯		185	119	0	300640	10000	-1	-1	1	0	-1	-1	-1	-1	-1	-1	100	0
243	244	65340	-1	21	蔑尔乞流犯		185	119	0	300640	10000	-1	-1	1	0	-1	-1	-1	-1	-1	-1	100	0
244	245	65340	-1	21	蔑尔乞流犯		185	119	0	300640	10000	-1	-1	1	0	-1	-1	-1	-1	-1	-1	100	0
245	246	65340	-1	21	蔑尔乞流犯		185	119	0	300640	10000	-1	-1	1	0	-1	-1	-1	-1	-1	-1	100	0
246	247	65340	-1	21	蔑尔乞流犯		218	119	0	300640	10000	-1	-1	1	0	-1	-1	-1	-1	-1	-1	100	0
247	248	65340	-1	21	蔑尔乞流犯		218	119	0	300640	10000	-1	-1	1	0	-1	-1	-1	-1	-1	-1	100	0
248	249	65340	-1	21	蔑尔乞流犯		218	119	0	300640	10000	-1	-1	1	0	-1	-1	-1	-1	-1	-1	100	0
249	250	65340	-1	21	蔑尔乞流犯		218	119	0	300640	10000	-1	-1	1	0	-1	-1	-1	-1	-1	-1	100	0
250	251	65340	-1	21	蔑尔乞流犯		218	119	0	300640	10000	-1	-1	1	0	-1	-1	-1	-1	-1	-1	100	0
251	252	65340	-1	21	蔑尔乞流犯		218	119	0	300640	10000	-1	-1	1	0	-1	-1	-1	-1	-1	-1	100	0
252	253	65340	-1	21	蔑尔乞流犯		218	119	0	300640	10000	-1	-1	1	0	-1	-1	-1	-1	-1	-1	100	0
253	254	65340	-1	21	蔑尔乞流犯		218	119	0	300640	10000	-1	-1	1	0	-1	-1	-1	-1	-1	-1	100	0
254	255	65340	-1	21	蔑尔乞流犯		218	119	0	300640	10000	-1	-1	1	0	-1	-1	-1	-1	-1	-1	100	0
255	256	65340	-1	21	蔑尔乞流犯		218	119	0	300640	10000	-1	-1	1	0	-1	-1	-1	-1	-1	-1	100	0
256	257	65340	-1	21	蔑尔乞流犯		218	119	0	300640	10000	-1	-1	1	0	-1	-1	-1	-1	-1	-1	100	0
257	258	65340	-1	21	蔑尔乞流犯		218	119	0	300640	10000	-1	-1	1	0	-1	-1	-1	-1	-1	-1	100	0
258	259	65340	-1	21	蔑尔乞流犯		218	68	0	300640	10000	-1	-1	1	0	-1	-1	-1	-1	-1	-1	100	0
259	260	65340	-1	21	蔑尔乞流犯		218	68	0	300640	10000	-1	-1	1	0	-1	-1	-1	-1	-1	-1	100	0
260	261	65340	-1	21	蔑尔乞流犯		218	68	0	300640	10000	-1	-1	1	0	-1	-1	-1	-1	-1	-1	100	0
261	262	65340	-1	21	蔑尔乞流犯		218	68	0	300640	10000	-1	-1	1	0	-1	-1	-1	-1	-1	-1	100	0
262	263	65340	-1	21	蔑尔乞流犯		218	68	0	300640	10000	-1	-1	1	0	-1	-1	-1	-1	-1	-1	100	0
263	264	65340	-1	21	蔑尔乞流犯		218	68	0	300640	10000	-1	-1	1	0	-1	-1	-1	-1	-1	-1	100	0
264	265	65340	-1	21	蔑尔乞流犯		218	68	0	300640	10000	-1	-1	1	0	-1	-1	-1	-1	-1	-1	100	0
265	266	65340	-1	21	蔑尔乞流犯		218	68	0	300640	10000	-1	-1	1	0	-1	-1	-1	-1	-1	-1	100	0
266	267	65340	-1	21	蔑尔乞流犯		218	68	0	300640	10000	-1	-1	1	0	-1	-1	-1	-1	-1	-1	100	0
267	268	65340	-1	21	蔑尔乞流犯		218	68	0	300640	10000	-1	-1	1	0	-1	-1	-1	-1	-1	-1	100	0
268	269	65340	-1	21	蔑尔乞流犯		218	68	0	300640	10000	-1	-1	1	0	-1	-1	-1	-1	-1	-1	100	0
269	270	65340	-1	21	蔑尔乞流犯		218	68	0	300640	10000	-1	-1	1	0	-1	-1	-1	-1	-1	-1	100	0
270	271	65340	-1	21	蔑尔乞流犯		213	152	0	300640	10000	-1	-1	1	0	-1	-1	-1	-1	-1	-1	100	0
271	272	65340	-1	21	蔑尔乞流犯		213	152	0	300640	10000	-1	-1	1	0	-1	-1	-1	-1	-1	-1	100	0
272	273	65340	-1	21	蔑尔乞流犯		213	152	0	300640	10000	-1	-1	1	0	-1	-1	-1	-1	-1	-1	100	0
273	274	65340	-1	21	蔑尔乞流犯		213	152	0	300640	10000	-1	-1	1	0	-1	-1	-1	-1	-1	-1	100	0
274	275	65340	-1	21	蔑尔乞流犯		213	152	0	300640	10000	-1	-1	1	0	-1	-1	-1	-1	-1	-1	100	0
275	276	65340	-1	21	蔑尔乞流犯		213	152	0	300640	10000	-1	-1	1	0	-1	-1	-1	-1	-1	-1	100	0
276	277	65340	-1	21	蔑尔乞流犯		213	152	0	300640	10000	-1	-1	1	0	-1	-1	-1	-1	-1	-1	100	0
277	278	65340	-1	21	蔑尔乞流犯		213	152	0	300640	10000	-1	-1	1	0	-1	-1	-1	-1	-1	-1	100	0
278	279	65340	-1	21	蔑尔乞流犯		213	152	0	300640	10000	-1	-1	1	0	-1	-1	-1	-1	-1	-1	100	0
279	280	65340	-1	21	蔑尔乞流犯		225	152	0	300640	10000	-1	-1	1	0	-1	-1	-1	-1	-1	-1	100	0
280	281	65340	-1	21	蔑尔乞流犯		225	152	0	300640	10000	-1	-1	1	0	-1	-1	-1	-1	-1	-1	100	0
281	282	65340	-1	21	蔑尔乞流犯		225	152	0	300640	10000	-1	-1	1	0	-1	-1	-1	-1	-1	-1	100	0
282	283	65340	-1	21	蔑尔乞流犯		225	152	0	300640	10000	-1	-1	1	0	-1	-1	-1	-1	-1	-1	100	0
283	284	65340	-1	21	蔑尔乞流犯		225	152	0	300640	10000	-1	-1	1	0	-1	-1	-1	-1	-1	-1	100	0
284	285	65340	-1	21	蔑尔乞流犯		225	152	0	300640	10000	-1	-1	1	0	-1	-1	-1	-1	-1	-1	100	0
285	286	65340	-1	21	蔑尔乞流犯		225	152	0	300640	10000	-1	-1	1	0	-1	-1	-1	-1	-1	-1	100	0
286	287	65340	-1	21	蔑尔乞流犯		225	152	0	300640	10000	-1	-1	1	0	-1	-1	-1	-1	-1	-1	100	0
287	288	65340	-1	21	蔑尔乞流犯		225	152	0	300640	10000	-1	-1	1	0	-1	-1	-1	-1	-1	-1	100	0
288	289	65340	-1	21	蔑尔乞流犯		225	165	0	300640	10000	-1	-1	1	0	-1	-1	-1	-1	-1	-1	100	0
289	290	65340	-1	21	蔑尔乞流犯		225	165	0	300640	10000	-1	-1	1	0	-1	-1	-1	-1	-1	-1	100	0
290	291	65340	-1	21	蔑尔乞流犯		225	165	0	300640	10000	-1	-1	1	0	-1	-1	-1	-1	-1	-1	100	0
291	292	65340	-1	21	蔑尔乞流犯		225	165	0	300640	10000	-1	-1	1	0	-1	-1	-1	-1	-1	-1	100	0
292	293	65340	-1	21	蔑尔乞流犯		225	165	0	300640	10000	-1	-1	1	0	-1	-1	-1	-1	-1	-1	100	0
293	294	65340	-1	21	蔑尔乞流犯		225	165	0	300640	10000	-1	-1	1	0	-1	-1	-1	-1	-1	-1	100	0
294	295	65340	-1	21	蔑尔乞流犯		225	165	0	300640	10000	-1	-1	1	0	-1	-1	-1	-1	-1	-1	100	0
295	296	65340	-1	21	蔑尔乞流犯		225	165	0	300640	10000	-1	-1	1	0	-1	-1	-1	-1	-1	-1	100	0
296	297	65340	-1	21	蔑尔乞流犯		225	165	0	300640	10000	-1	-1	1	0	-1	-1	-1	-1	-1	-1	100	0
297	298	65340	-1	21	蔑尔乞流犯		213	165	0	300640	10000	-1	-1	1	0	-1	-1	-1	-1	-1	-1	100	0
298	299	65340	-1	21	蔑尔乞流犯		213	165	0	300640	10000	-1	-1	1	0	-1	-1	-1	-1	-1	-1	100	0
299	300	65340	-1	21	蔑尔乞流犯		213	165	0	300640	10000	-1	-1	1	0	-1	-1	-1	-1	-1	-1	100	0
300	301	65340	-1	21	蔑尔乞流犯		213	165	0	300640	10000	-1	-1	1	0	-1	-1	-1	-1	-1	-1	100	0
301	302	65340	-1	21	蔑尔乞流犯		213	165	0	300640	10000	-1	-1	1	0	-1	-1	-1	-1	-1	-1	100	0
302	303	65340	-1	21	蔑尔乞流犯		213	165	0	300640	10000	-1	-1	1	0	-1	-1	-1	-1	-1	-1	100	0
303	304	65340	-1	21	蔑尔乞流犯		213	165	0	300640	10000	-1	-1	1	0	-1	-1	-1	-1	-1	-1	100	0
304	305	65340	-1	21	蔑尔乞流犯		213	165	0	300640	10000	-1	-1	1	0	-1	-1	-1	-1	-1	-1	100	0
305	306	65340	-1	21	蔑尔乞流犯		213	165	0	300640	10000	-1	-1	1	0	-1	-1	-1	-1	-1	-1	100	0
306	307	65340	-1	21	蔑尔乞流犯		154	152	0	300640	10000	-1	-1	1	0	-1	-1	-1	-1	-1	-1	100	0
307	308	65340	-1	21	蔑尔乞流犯		154	152	0	300640	10000	-1	-1	1	0	-1	-1	-1	-1	-1	-1	100	0
308	309	65340	-1	21	蔑尔乞流犯		154	152	0	300640	10000	-1	-1	1	0	-1	-1	-1	-1	-1	-1	100	0
309	310	65340	-1	21	蔑尔乞流犯		154	152	0	300640	10000	-1	-1	1	0	-1	-1	-1	-1	-1	-1	100	0
310	311	65340	-1	21	蔑尔乞流犯		154	152	0	300640	10000	-1	-1	1	0	-1	-1	-1	-1	-1	-1	100	0
311	312	65340	-1	21	蔑尔乞流犯		154	152	0	300640	10000	-1	-1	1	0	-1	-1	-1	-1	-1	-1	100	0
312	313	65340	-1	21	蔑尔乞流犯		154	152	0	300640	10000	-1	-1	1	0	-1	-1	-1	-1	-1	-1	100	0
313	314	65340	-1	21	蔑尔乞流犯		154	152	0	300640	10000	-1	-1	1	0	-1	-1	-1	-1	-1	-1	100	0
314	315	65340	-1	21	蔑尔乞流犯		154	152	0	300640	10000	-1	-1	1	0	-1	-1	-1	-1	-1	-1	100	0
315	316	65340	-1	21	蔑尔乞流犯		166	152	0	300640	10000	-1	-1	1	0	-1	-1	-1	-1	-1	-1	100	0
316	317	65340	-1	21	蔑尔乞流犯		166	152	0	300640	10000	-1	-1	1	0	-1	-1	-1	-1	-1	-1	100	0
317	318	65340	-1	21	蔑尔乞流犯		166	152	0	300640	10000	-1	-1	1	0	-1	-1	-1	-1	-1	-1	100	0
318	319	65340	-1	21	蔑尔乞流犯		166	152	0	300640	10000	-1	-1	1	0	-1	-1	-1	-1	-1	-1	100	0
319	320	65340	-1	21	蔑尔乞流犯		166	152	0	300640	10000	-1	-1	1	0	-1	-1	-1	-1	-1	-1	100	0
320	321	65340	-1	21	蔑尔乞流犯		166	152	0	300640	10000	-1	-1	1	0	-1	-1	-1	-1	-1	-1	100	0
321	322	65340	-1	21	蔑尔乞流犯		166	152	0	300640	10000	-1	-1	1	0	-1	-1	-1	-1	-1	-1	100	0
322	323	65340	-1	21	蔑尔乞流犯		166	152	0	300640	10000	-1	-1	1	0	-1	-1	-1	-1	-1	-1	100	0
323	324	65340	-1	21	蔑尔乞流犯		166	152	0	300640	10000	-1	-1	1	0	-1	-1	-1	-1	-1	-1	100	0
324	325	65340	-1	21	蔑尔乞流犯		166	165	0	300640	10000	-1	-1	1	0	-1	-1	-1	-1	-1	-1	100	0
325	326	65340	-1	21	蔑尔乞流犯		166	165	0	300640	10000	-1	-1	1	0	-1	-1	-1	-1	-1	-1	100	0
326	327	65340	-1	21	蔑尔乞流犯		166	165	0	300640	10000	-1	-1	1	0	-1	-1	-1	-1	-1	-1	100	0
327	328	65340	-1	21	蔑尔乞流犯		166	165	0	300640	10000	-1	-1	1	0	-1	-1	-1	-1	-1	-1	100	0
328	329	65340	-1	21	蔑尔乞流犯		166	165	0	300640	10000	-1	-1	1	0	-1	-1	-1	-1	-1	-1	100	0
329	330	65340	-1	21	蔑尔乞流犯		166	165	0	300640	10000	-1	-1	1	0	-1	-1	-1	-1	-1	-1	100	0
330	331	65340	-1	21	蔑尔乞流犯		166	165	0	300640	10000	-1	-1	1	0	-1	-1	-1	-1	-1	-1	100	0
331	332	65340	-1	21	蔑尔乞流犯		166	165	0	300640	10000	-1	-1	1	0	-1	-1	-1	-1	-1	-1	100	0
332	333	65340	-1	21	蔑尔乞流犯		166	165	0	300640	10000	-1	-1	1	0	-1	-1	-1	-1	-1	-1	100	0
333	334	65340	-1	21	蔑尔乞流犯		95	165	0	300640	10000	-1	-1	1	0	-1	-1	-1	-1	-1	-1	100	0
334	335	65340	-1	21	蔑尔乞流犯		95	165	0	300640	10000	-1	-1	1	0	-1	-1	-1	-1	-1	-1	100	0
335	336	65340	-1	21	蔑尔乞流犯		95	165	0	300640	10000	-1	-1	1	0	-1	-1	-1	-1	-1	-1	100	0
336	337	65340	-1	21	蔑尔乞流犯		95	165	0	300640	10000	-1	-1	1	0	-1	-1	-1	-1	-1	-1	100	0
337	338	65340	-1	21	蔑尔乞流犯		95	165	0	300640	10000	-1	-1	1	0	-1	-1	-1	-1	-1	-1	100	0
338	339	65340	-1	21	蔑尔乞流犯		95	165	0	300640	10000	-1	-1	1	0	-1	-1	-1	-1	-1	-1	100	0
339	340	65340	-1	21	蔑尔乞流犯		95	165	0	300640	10000	-1	-1	1	0	-1	-1	-1	-1	-1	-1	100	0
340	341	65340	-1	21	蔑尔乞流犯		95	165	0	300640	10000	-1	-1	1	0	-1	-1	-1	-1	-1	-1	100	0
341	342	65340	-1	21	蔑尔乞流犯		95	165	0	300640	10000	-1	-1	1	0	-1	-1	-1	-1	-1	-1	100	0
342	343	65340	-1	21	蔑尔乞流犯		95	152	0	300640	10000	-1	-1	1	0	-1	-1	-1	-1	-1	-1	100	0
343	344	65340	-1	21	蔑尔乞流犯		95	152	0	300640	10000	-1	-1	1	0	-1	-1	-1	-1	-1	-1	100	0
344	345	65340	-1	21	蔑尔乞流犯		95	152	0	300640	10000	-1	-1	1	0	-1	-1	-1	-1	-1	-1	100	0
345	346	65340	-1	21	蔑尔乞流犯		95	152	0	300640	10000	-1	-1	1	0	-1	-1	-1	-1	-1	-1	100	0
346	347	65340	-1	21	蔑尔乞流犯		95	152	0	300640	10000	-1	-1	1	0	-1	-1	-1	-1	-1	-1	100	0
347	348	65340	-1	21	蔑尔乞流犯		95	152	0	300640	10000	-1	-1	1	0	-1	-1	-1	-1	-1	-1	100	0
348	349	65340	-1	21	蔑尔乞流犯		95	152	0	300640	10000	-1	-1	1	0	-1	-1	-1	-1	-1	-1	100	0
349	350	65340	-1	21	蔑尔乞流犯		95	152	0	300640	10000	-1	-1	1	0	-1	-1	-1	-1	-1	-1	100	0
350	351	65340	-1	21	蔑尔乞流犯		95	152	0	300640	10000	-1	-1	1	0	-1	-1	-1	-1	-1	-1	100	0
351	352	65340	-1	21	蔑尔乞流犯		107	152	0	300640	10000	-1	-1	1	0	-1	-1	-1	-1	-1	-1	100	0
352	353	65340	-1	21	蔑尔乞流犯		107	152	0	300640	10000	-1	-1	1	0	-1	-1	-1	-1	-1	-1	100	0
353	354	65340	-1	21	蔑尔乞流犯		107	152	0	300640	10000	-1	-1	1	0	-1	-1	-1	-1	-1	-1	100	0
354	355	65340	-1	21	蔑尔乞流犯		107	152	0	300640	10000	-1	-1	1	0	-1	-1	-1	-1	-1	-1	100	0
355	356	65340	-1	21	蔑尔乞流犯		107	152	0	300640	10000	-1	-1	1	0	-1	-1	-1	-1	-1	-1	100	0
356	357	65340	-1	21	蔑尔乞流犯		107	152	0	300640	10000	-1	-1	1	0	-1	-1	-1	-1	-1	-1	100	0
357	358	65340	-1	21	蔑尔乞流犯		107	152	0	300640	10000	-1	-1	1	0	-1	-1	-1	-1	-1	-1	100	0
358	359	65340	-1	21	蔑尔乞流犯		107	152	0	300640	10000	-1	-1	1	0	-1	-1	-1	-1	-1	-1	100	0
359	360	65340	-1	21	蔑尔乞流犯		107	152	0	300640	10000	-1	-1	1	0	-1	-1	-1	-1	-1	-1	100	0
360	361	65340	-1	21	蔑尔乞流犯		107	165	0	300640	10000	-1	-1	1	0	-1	-1	-1	-1	-1	-1	100	0
361	362	65340	-1	21	蔑尔乞流犯		107	165	0	300640	10000	-1	-1	1	0	-1	-1	-1	-1	-1	-1	100	0
362	363	65340	-1	21	蔑尔乞流犯		107	165	0	300640	10000	-1	-1	1	0	-1	-1	-1	-1	-1	-1	100	0
363	364	65340	-1	21	蔑尔乞流犯		107	165	0	300640	10000	-1	-1	1	0	-1	-1	-1	-1	-1	-1	100	0
364	365	65340	-1	21	蔑尔乞流犯		107	165	0	300640	10000	-1	-1	1	0	-1	-1	-1	-1	-1	-1	100	0
365	366	65340	-1	21	蔑尔乞流犯		107	165	0	300640	10000	-1	-1	1	0	-1	-1	-1	-1	-1	-1	100	0
366	367	65340	-1	21	蔑尔乞流犯		107	165	0	300640	10000	-1	-1	1	0	-1	-1	-1	-1	-1	-1	100	0
367	368	65340	-1	21	蔑尔乞流犯		107	165	0	300640	10000	-1	-1	1	0	-1	-1	-1	-1	-1	-1	100	0
368	369	65340	-1	21	蔑尔乞流犯		107	165	0	300640	10000	-1	-1	1	0	-1	-1	-1	-1	-1	-1	100	0
369	370	65340	-1	21	蔑尔乞流犯		95	165	0	300640	10000	-1	-1	1	0	-1	-1	-1	-1	-1	-1	100	0
370	371	65340	-1	21	蔑尔乞流犯		95	165	0	300640	10000	-1	-1	1	0	-1	-1	-1	-1	-1	-1	100	0
371	372	65340	-1	21	蔑尔乞流犯		95	165	0	300640	10000	-1	-1	1	0	-1	-1	-1	-1	-1	-1	100	0
372	373	65340	-1	21	蔑尔乞流犯		95	165	0	300640	10000	-1	-1	1	0	-1	-1	-1	-1	-1	-1	100	0
373	374	65340	-1	21	蔑尔乞流犯		95	165	0	300640	10000	-1	-1	1	0	-1	-1	-1	-1	-1	-1	100	0
374	375	65340	-1	21	蔑尔乞流犯		95	165	0	300640	10000	-1	-1	1	0	-1	-1	-1	-1	-1	-1	100	0
375	376	65340	-1	21	蔑尔乞流犯		95	165	0	300640	10000	-1	-1	1	0	-1	-1	-1	-1	-1	-1	100	0
376	377	65340	-1	21	蔑尔乞流犯		95	165	0	300640	10000	-1	-1	1	0	-1	-1	-1	-1	-1	-1	100	0
377	378	65340	-1	21	蔑尔乞流犯		95	165	0	300640	10000	-1	-1	1	0	-1	-1	-1	-1	-1	-1	100	0
378	379	65340	-1	21	蔑尔乞流犯		36	152	0	300640	10000	-1	-1	1	0	-1	-1	-1	-1	-1	-1	100	0
379	380	65340	-1	21	蔑尔乞流犯		36	152	0	300640	10000	-1	-1	1	0	-1	-1	-1	-1	-1	-1	100	0
380	381	65340	-1	21	蔑尔乞流犯		36	152	0	300640	10000	-1	-1	1	0	-1	-1	-1	-1	-1	-1	100	0
381	382	65340	-1	21	蔑尔乞流犯		36	152	0	300640	10000	-1	-1	1	0	-1	-1	-1	-1	-1	-1	100	0
382	383	65340	-1	21	蔑尔乞流犯		36	152	0	300640	10000	-1	-1	1	0	-1	-1	-1	-1	-1	-1	100	0
383	384	65340	-1	21	蔑尔乞流犯		36	152	0	300640	10000	-1	-1	1	0	-1	-1	-1	-1	-1	-1	100	0
384	385	65340	-1	21	蔑尔乞流犯		36	152	0	300640	10000	-1	-1	1	0	-1	-1	-1	-1	-1	-1	100	0
385	386	65340	-1	21	蔑尔乞流犯		36	152	0	300640	10000	-1	-1	1	0	-1	-1	-1	-1	-1	-1	100	0
386	387	65340	-1	21	蔑尔乞流犯		36	152	0	300640	10000	-1	-1	1	0	-1	-1	-1	-1	-1	-1	100	0
387	388	65340	-1	21	蔑尔乞流犯		48	152	0	300640	10000	-1	-1	1	0	-1	-1	-1	-1	-1	-1	100	0
388	389	65340	-1	21	蔑尔乞流犯		48	152	0	300640	10000	-1	-1	1	0	-1	-1	-1	-1	-1	-1	100	0
389	390	65340	-1	21	蔑尔乞流犯		48	152	0	300640	10000	-1	-1	1	0	-1	-1	-1	-1	-1	-1	100	0
390	391	65340	-1	21	蔑尔乞流犯		48	152	0	300640	10000	-1	-1	1	0	-1	-1	-1	-1	-1	-1	100	0
391	392	65340	-1	21	蔑尔乞流犯		48	152	0	300640	10000	-1	-1	1	0	-1	-1	-1	-1	-1	-1	100	0
392	393	65340	-1	21	蔑尔乞流犯		48	152	0	300640	10000	-1	-1	1	0	-1	-1	-1	-1	-1	-1	100	0
393	394	65340	-1	21	蔑尔乞流犯		48	152	0	300640	10000	-1	-1	1	0	-1	-1	-1	-1	-1	-1	100	0
394	395	65340	-1	21	蔑尔乞流犯		48	152	0	300640	10000	-1	-1	1	0	-1	-1	-1	-1	-1	-1	100	0
395	396	65340	-1	21	蔑尔乞流犯		48	152	0	300640	10000	-1	-1	1	0	-1	-1	-1	-1	-1	-1	100	0
396	397	65340	-1	21	蔑尔乞流犯		48	165	0	300640	10000	-1	-1	1	0	-1	-1	-1	-1	-1	-1	100	0
397	398	65340	-1	21	蔑尔乞流犯		48	165	0	300640	10000	-1	-1	1	0	-1	-1	-1	-1	-1	-1	100	0
398	399	65340	-1	21	蔑尔乞流犯		48	165	0	300640	10000	-1	-1	1	0	-1	-1	-1	-1	-1	-1	100	0
399	400	65340	-1	21	蔑尔乞流犯		48	165	0	300640	10000	-1	-1	1	0	-1	-1	-1	-1	-1	-1	100	0
400	401	65340	-1	21	蔑尔乞流犯		48	165	0	300640	10000	-1	-1	1	0	-1	-1	-1	-1	-1	-1	100	0
401	402	65340	-1	21	蔑尔乞流犯		48	165	0	300640	10000	-1	-1	1	0	-1	-1	-1	-1	-1	-1	100	0
402	403	65340	-1	21	蔑尔乞流犯		48	165	0	300640	10000	-1	-1	1	0	-1	-1	-1	-1	-1	-1	100	0
403	404	65340	-1	21	蔑尔乞流犯		48	165	0	300640	10000	-1	-1	1	0	-1	-1	-1	-1	-1	-1	100	0
404	405	65340	-1	21	蔑尔乞流犯		48	165	0	300640	10000	-1	-1	1	0	-1	-1	-1	-1	-1	-1	100	0
405	406	65340	-1	21	蔑尔乞流犯		36	165	0	300640	10000	-1	-1	1	0	-1	-1	-1	-1	-1	-1	100	0
406	407	65340	-1	21	蔑尔乞流犯		36	165	0	300640	10000	-1	-1	1	0	-1	-1	-1	-1	-1	-1	100	0
407	408	65340	-1	21	蔑尔乞流犯		36	165	0	300640	10000	-1	-1	1	0	-1	-1	-1	-1	-1	-1	100	0
408	409	65340	-1	21	蔑尔乞流犯		36	165	0	300640	10000	-1	-1	1	0	-1	-1	-1	-1	-1	-1	100	0
409	410	65340	-1	21	蔑尔乞流犯		36	165	0	300640	10000	-1	-1	1	0	-1	-1	-1	-1	-1	-1	100	0
410	411	65340	-1	21	蔑尔乞流犯		36	165	0	300640	10000	-1	-1	1	0	-1	-1	-1	-1	-1	-1	100	0
411	412	65340	-1	21	蔑尔乞流犯		36	165	0	300640	10000	-1	-1	1	0	-1	-1	-1	-1	-1	-1	100	0
412	413	65340	-1	21	蔑尔乞流犯		36	165	0	300640	10000	-1	-1	1	0	-1	-1	-1	-1	-1	-1	100	0
413	414	65340	-1	21	蔑尔乞流犯		36	165	0	300640	10000	-1	-1	1	0	-1	-1	-1	-1	-1	-1	100	0
414	415	65340	-1	21	蔑尔乞流犯		220	95	0	300640	10000	-1	-1	1	0	-1	-1	-1	-1	-1	-1	100	0
415	416	65340	-1	21	蔑尔乞流犯		220	95	0	300640	10000	-1	-1	1	0	-1	-1	-1	-1	-1	-1	100	0
416	417	65340	-1	21	蔑尔乞流犯		220	95	0	300640	10000	-1	-1	1	0	-1	-1	-1	-1	-1	-1	100	0
417	418	65340	-1	21	蔑尔乞流犯		220	95	0	300640	10000	-1	-1	1	0	-1	-1	-1	-1	-1	-1	100	0
418	419	65340	-1	21	蔑尔乞流犯		220	95	0	300640	10000	-1	-1	1	0	-1	-1	-1	-1	-1	-1	100	0
419	420	65340	-1	21	蔑尔乞流犯		220	95	0	300640	10000	-1	-1	1	0	-1	-1	-1	-1	-1	-1	100	0
420	421	65340	-1	21	蔑尔乞流犯		220	95	0	300640	10000	-1	-1	1	0	-1	-1	-1	-1	-1	-1	100	0
421	422	65340	-1	21	蔑尔乞流犯		220	95	0	300640	10000	-1	-1	1	0	-1	-1	-1	-1	-1	-1	100	0
422	423	65340	-1	21	蔑尔乞流犯		220	95	0	300640	10000	-1	-1	1	0	-1	-1	-1	-1	-1	-1	100	0
423	424	65340	-1	21	蔑尔乞流犯		220	95	0	300640	10000	-1	-1	1	0	-1	-1	-1	-1	-1	-1	100	0
424	425	65340	-1	21	蔑尔乞流犯		220	95	0	300640	10000	-1	-1	1	0	-1	-1	-1	-1	-1	-1	100	0
425	426	65340	-1	21	蔑尔乞流犯		220	95	0	300640	10000	-1	-1	1	0	-1	-1	-1	-1	-1	-1	100	0
426	427	65340	-1	21	蔑尔乞流犯		224	213	0	300640	10000	-1	-1	1	0	-1	-1	-1	-1	-1	-1	100	0
427	428	65340	-1	21	蔑尔乞流犯		224	213	0	300640	10000	-1	-1	1	0	-1	-1	-1	-1	-1	-1	100	0
428	429	65340	-1	21	蔑尔乞流犯		224	213	0	300640	10000	-1	-1	1	0	-1	-1	-1	-1	-1	-1	100	0
429	430	65340	-1	21	蔑尔乞流犯		224	213	0	300640	10000	-1	-1	1	0	-1	-1	-1	-1	-1	-1	100	0
430	431	65340	-1	21	蔑尔乞流犯		224	213	0	300640	10000	-1	-1	1	0	-1	-1	-1	-1	-1	-1	100	0
431	432	65340	-1	21	蔑尔乞流犯		224	213	0	300640	10000	-1	-1	1	0	-1	-1	-1	-1	-1	-1	100	0
432	433	65340	-1	21	蔑尔乞流犯		224	213	0	300640	10000	-1	-1	1	0	-1	-1	-1	-1	-1	-1	100	0
433	434	65340	-1	21	蔑尔乞流犯		224	213	0	300640	10000	-1	-1	1	0	-1	-1	-1	-1	-1	-1	100	0
434	435	65340	-1	21	蔑尔乞流犯		224	213	0	300640	10000	-1	-1	1	0	-1	-1	-1	-1	-1	-1	100	0
435	436	65340	-1	21	蔑尔乞流犯		224	213	0	300640	10000	-1	-1	1	0	-1	-1	-1	-1	-1	-1	100	0
436	437	65340	-1	21	蔑尔乞流犯		224	213	0	300640	10000	-1	-1	1	0	-1	-1	-1	-1	-1	-1	100	0
437	438	65340	-1	21	蔑尔乞流犯		224	213	0	300640	10000	-1	-1	1	0	-1	-1	-1	-1	-1	-1	100	0
438	439	65340	-1	21	蔑尔乞流犯		214	213	0	300640	10000	-1	-1	1	0	-1	-1	-1	-1	-1	-1	100	0
439	440	65340	-1	21	蔑尔乞流犯		214	213	0	300640	10000	-1	-1	1	0	-1	-1	-1	-1	-1	-1	100	0
440	441	65340	-1	21	蔑尔乞流犯		214	213	0	300640	10000	-1	-1	1	0	-1	-1	-1	-1	-1	-1	100	0
441	442	65340	-1	21	蔑尔乞流犯		214	213	0	300640	10000	-1	-1	1	0	-1	-1	-1	-1	-1	-1	100	0
442	443	65340	-1	21	蔑尔乞流犯		214	213	0	300640	10000	-1	-1	1	0	-1	-1	-1	-1	-1	-1	100	0
443	444	65340	-1	21	蔑尔乞流犯		214	213	0	300640	10000	-1	-1	1	0	-1	-1	-1	-1	-1	-1	100	0
444	445	65340	-1	21	蔑尔乞流犯		214	213	0	300640	10000	-1	-1	1	0	-1	-1	-1	-1	-1	-1	100	0
445	446	65340	-1	21	蔑尔乞流犯		214	213	0	300640	10000	-1	-1	1	0	-1	-1	-1	-1	-1	-1	100	0
446	447	65340	-1	21	蔑尔乞流犯		214	213	0	300640	10000	-1	-1	1	0	-1	-1	-1	-1	-1	-1	100	0
447	448	65340	-1	21	蔑尔乞流犯		214	213	0	300640	10000	-1	-1	1	0	-1	-1	-1	-1	-1	-1	100	0
448	449	65340	-1	21	蔑尔乞流犯		214	213	0	300640	10000	-1	-1	1	0	-1	-1	-1	-1	-1	-1	100	0
449	450	65340	-1	21	蔑尔乞流犯		214	213	0	300640	10000	-1	-1	1	0	-1	-1	-1	-1	-1	-1	100	0
450	451	65340	-1	21	蔑尔乞流犯		165	213	0	300640	10000	-1	-1	1	0	-1	-1	-1	-1	-1	-1	100	0
451	452	65340	-1	21	蔑尔乞流犯		165	213	0	300640	10000	-1	-1	1	0	-1	-1	-1	-1	-1	-1	100	0
452	453	65340	-1	21	蔑尔乞流犯		165	213	0	300640	10000	-1	-1	1	0	-1	-1	-1	-1	-1	-1	100	0
453	454	65340	-1	21	蔑尔乞流犯		165	213	0	300640	10000	-1	-1	1	0	-1	-1	-1	-1	-1	-1	100	0
454	455	65340	-1	21	蔑尔乞流犯		165	213	0	300640	10000	-1	-1	1	0	-1	-1	-1	-1	-1	-1	100	0
455	456	65340	-1	21	蔑尔乞流犯		165	213	0	300640	10000	-1	-1	1	0	-1	-1	-1	-1	-1	-1	100	0
456	457	65340	-1	21	蔑尔乞流犯		165	213	0	300640	10000	-1	-1	1	0	-1	-1	-1	-1	-1	-1	100	0
457	458	65340	-1	21	蔑尔乞流犯		165	213	0	300640	10000	-1	-1	1	0	-1	-1	-1	-1	-1	-1	100	0
458	459	65340	-1	21	蔑尔乞流犯		165	213	0	300640	10000	-1	-1	1	0	-1	-1	-1	-1	-1	-1	100	0
459	460	65340	-1	21	蔑尔乞流犯		165	213	0	300640	10000	-1	-1	1	0	-1	-1	-1	-1	-1	-1	100	0
460	461	65340	-1	21	蔑尔乞流犯		165	213	0	300640	10000	-1	-1	1	0	-1	-1	-1	-1	-1	-1	100	0
461	462	65340	-1	21	蔑尔乞流犯		165	213	0	300640	10000	-1	-1	1	0	-1	-1	-1	-1	-1	-1	100	0
462	463	65340	-1	21	蔑尔乞流犯		155	213	0	300640	10000	-1	-1	1	0	-1	-1	-1	-1	-1	-1	100	0
463	464	65340	-1	21	蔑尔乞流犯		155	213	0	300640	10000	-1	-1	1	0	-1	-1	-1	-1	-1	-1	100	0
464	465	65340	-1	21	蔑尔乞流犯		155	213	0	300640	10000	-1	-1	1	0	-1	-1	-1	-1	-1	-1	100	0
465	466	65340	-1	21	蔑尔乞流犯		155	213	0	300640	10000	-1	-1	1	0	-1	-1	-1	-1	-1	-1	100	0
466	467	65340	-1	21	蔑尔乞流犯		155	213	0	300640	10000	-1	-1	1	0	-1	-1	-1	-1	-1	-1	100	0
467	468	65340	-1	21	蔑尔乞流犯		155	213	0	300640	10000	-1	-1	1	0	-1	-1	-1	-1	-1	-1	100	0
468	469	65340	-1	21	蔑尔乞流犯		155	213	0	300640	10000	-1	-1	1	0	-1	-1	-1	-1	-1	-1	100	0
469	470	65340	-1	21	蔑尔乞流犯		155	213	0	300640	10000	-1	-1	1	0	-1	-1	-1	-1	-1	-1	100	0
470	471	65340	-1	21	蔑尔乞流犯		155	213	0	300640	10000	-1	-1	1	0	-1	-1	-1	-1	-1	-1	100	0
471	472	65340	-1	21	蔑尔乞流犯		155	213	0	300640	10000	-1	-1	1	0	-1	-1	-1	-1	-1	-1	100	0
472	473	65340	-1	21	蔑尔乞流犯		155	213	0	300640	10000	-1	-1	1	0	-1	-1	-1	-1	-1	-1	100	0
473	474	65340	-1	21	蔑尔乞流犯		155	213	0	300640	10000	-1	-1	1	0	-1	-1	-1	-1	-1	-1	100	0
474	475	65340	-1	21	蔑尔乞流犯		106	213	0	300640	10000	-1	-1	1	0	-1	-1	-1	-1	-1	-1	100	0
475	476	65340	-1	21	蔑尔乞流犯		106	213	0	300640	10000	-1	-1	1	0	-1	-1	-1	-1	-1	-1	100	0
476	477	65340	-1	21	蔑尔乞流犯		106	213	0	300640	10000	-1	-1	1	0	-1	-1	-1	-1	-1	-1	100	0
477	478	65340	-1	21	蔑尔乞流犯		106	213	0	300640	10000	-1	-1	1	0	-1	-1	-1	-1	-1	-1	100	0
478	479	65340	-1	21	蔑尔乞流犯		106	213	0	300640	10000	-1	-1	1	0	-1	-1	-1	-1	-1	-1	100	0
479	480	65340	-1	21	蔑尔乞流犯		106	213	0	300640	10000	-1	-1	1	0	-1	-1	-1	-1	-1	-1	100	0
480	481	65340	-1	21	蔑尔乞流犯		106	213	0	300640	10000	-1	-1	1	0	-1	-1	-1	-1	-1	-1	100	0
481	482	65340	-1	21	蔑尔乞流犯		106	213	0	300640	10000	-1	-1	1	0	-1	-1	-1	-1	-1	-1	100	0
482	483	65340	-1	21	蔑尔乞流犯		106	213	0	300640	10000	-1	-1	1	0	-1	-1	-1	-1	-1	-1	100	0
483	484	65340	-1	21	蔑尔乞流犯		106	213	0	300640	10000	-1	-1	1	0	-1	-1	-1	-1	-1	-1	100	0
484	485	65340	-1	21	蔑尔乞流犯		106	213	0	300640	10000	-1	-1	1	0	-1	-1	-1	-1	-1	-1	100	0
485	486	65340	-1	21	蔑尔乞流犯		106	213	0	300640	10000	-1	-1	1	0	-1	-1	-1	-1	-1	-1	100	0
486	487	65340	-1	21	蔑尔乞流犯		96	213	0	300640	10000	-1	-1	1	0	-1	-1	-1	-1	-1	-1	100	0
487	488	65340	-1	21	蔑尔乞流犯		96	213	0	300640	10000	-1	-1	1	0	-1	-1	-1	-1	-1	-1	100	0
488	489	65340	-1	21	蔑尔乞流犯		96	213	0	300640	10000	-1	-1	1	0	-1	-1	-1	-1	-1	-1	100	0
489	490	65340	-1	21	蔑尔乞流犯		96	213	0	300640	10000	-1	-1	1	0	-1	-1	-1	-1	-1	-1	100	0
490	491	65340	-1	21	蔑尔乞流犯		96	213	0	300640	10000	-1	-1	1	0	-1	-1	-1	-1	-1	-1	100	0
491	492	65340	-1	21	蔑尔乞流犯		96	213	0	300640	10000	-1	-1	1	0	-1	-1	-1	-1	-1	-1	100	0
492	493	65340	-1	21	蔑尔乞流犯		96	213	0	300640	10000	-1	-1	1	0	-1	-1	-1	-1	-1	-1	100	0
493	494	65340	-1	21	蔑尔乞流犯		96	213	0	300640	10000	-1	-1	1	0	-1	-1	-1	-1	-1	-1	100	0
494	495	65340	-1	21	蔑尔乞流犯		96	213	0	300640	10000	-1	-1	1	0	-1	-1	-1	-1	-1	-1	100	0
495	496	65340	-1	21	蔑尔乞流犯		96	213	0	300640	10000	-1	-1	1	0	-1	-1	-1	-1	-1	-1	100	0
496	497	65340	-1	21	蔑尔乞流犯		96	213	0	300640	10000	-1	-1	1	0	-1	-1	-1	-1	-1	-1	100	0
497	498	65340	-1	21	蔑尔乞流犯		96	213	0	300640	10000	-1	-1	1	0	-1	-1	-1	-1	-1	-1	100	0
498	499	65340	-1	21	蔑尔乞流犯		47	213	0	300640	10000	-1	-1	1	0	-1	-1	-1	-1	-1	-1	100	0
499	500	65340	-1	21	蔑尔乞流犯		47	213	0	300640	10000	-1	-1	1	0	-1	-1	-1	-1	-1	-1	100	0
500	501	65340	-1	21	蔑尔乞流犯		47	213	0	300640	10000	-1	-1	1	0	-1	-1	-1	-1	-1	-1	100	0
501	502	65340	-1	21	蔑尔乞流犯		47	213	0	300640	10000	-1	-1	1	0	-1	-1	-1	-1	-1	-1	100	0
502	503	65340	-1	21	蔑尔乞流犯		47	213	0	300640	10000	-1	-1	1	0	-1	-1	-1	-1	-1	-1	100	0
503	504	65340	-1	21	蔑尔乞流犯		47	213	0	300640	10000	-1	-1	1	0	-1	-1	-1	-1	-1	-1	100	0
504	505	65340	-1	21	蔑尔乞流犯		47	213	0	300640	10000	-1	-1	1	0	-1	-1	-1	-1	-1	-1	100	0
505	506	65340	-1	21	蔑尔乞流犯		47	213	0	300640	10000	-1	-1	1	0	-1	-1	-1	-1	-1	-1	100	0
506	507	65340	-1	21	蔑尔乞流犯		47	213	0	300640	10000	-1	-1	1	0	-1	-1	-1	-1	-1	-1	100	0
507	508	65340	-1	21	蔑尔乞流犯		47	213	0	300640	10000	-1	-1	1	0	-1	-1	-1	-1	-1	-1	100	0
508	509	65340	-1	21	蔑尔乞流犯		47	213	0	300640	10000	-1	-1	1	0	-1	-1	-1	-1	-1	-1	100	0
509	510	65340	-1	21	蔑尔乞流犯		47	213	0	300640	10000	-1	-1	1	0	-1	-1	-1	-1	-1	-1	100	0
510	511	65340	-1	21	蔑尔乞流犯		37	213	0	300640	10000	-1	-1	1	0	-1	-1	-1	-1	-1	-1	100	0
511	512	65340	-1	21	蔑尔乞流犯		37	213	0	300640	10000	-1	-1	1	0	-1	-1	-1	-1	-1	-1	100	0
512	513	65340	-1	21	蔑尔乞流犯		37	213	0	300640	10000	-1	-1	1	0	-1	-1	-1	-1	-1	-1	100	0
513	514	65340	-1	21	蔑尔乞流犯		37	213	0	300640	10000	-1	-1	1	0	-1	-1	-1	-1	-1	-1	100	0
514	515	65340	-1	21	蔑尔乞流犯		37	213	0	300640	10000	-1	-1	1	0	-1	-1	-1	-1	-1	-1	100	0
515	516	65340	-1	21	蔑尔乞流犯		37	213	0	300640	10000	-1	-1	1	0	-1	-1	-1	-1	-1	-1	100	0
516	517	65340	-1	21	蔑尔乞流犯		37	213	0	300640	10000	-1	-1	1	0	-1	-1	-1	-1	-1	-1	100	0
517	518	65340	-1	21	蔑尔乞流犯		37	213	0	300640	10000	-1	-1	1	0	-1	-1	-1	-1	-1	-1	100	0
518	519	65340	-1	21	蔑尔乞流犯		37	213	0	300640	10000	-1	-1	1	0	-1	-1	-1	-1	-1	-1	100	0
519	520	65340	-1	21	蔑尔乞流犯		37	213	0	300640	10000	-1	-1	1	0	-1	-1	-1	-1	-1	-1	100	0
520	521	65340	-1	21	蔑尔乞流犯		37	213	0	300640	10000	-1	-1	1	0	-1	-1	-1	-1	-1	-1	100	0
521	522	65340	-1	21	蔑尔乞流犯		37	213	0	300640	10000	-1	-1	1	0	-1	-1	-1	-1	-1	-1	100	0
522	523	65340	-1	21	蔑尔乞流犯		101	226	0	300640	10000	-1	-1	1	0	-1	-1	-1	-1	-1	-1	100	0
523	524	65340	-1	21	蔑尔乞流犯		101	226	0	300640	10000	-1	-1	1	0	-1	-1	-1	-1	-1	-1	100	0
524	525	65340	-1	21	蔑尔乞流犯		101	226	0	300640	10000	-1	-1	1	0	-1	-1	-1	-1	-1	-1	100	0
525	526	65340	-1	21	蔑尔乞流犯		101	226	0	300640	10000	-1	-1	1	0	-1	-1	-1	-1	-1	-1	100	0
526	527	65340	-1	21	蔑尔乞流犯		101	226	0	300640	10000	-1	-1	1	0	-1	-1	-1	-1	-1	-1	100	0
527	528	65340	-1	21	蔑尔乞流犯		101	226	0	300640	10000	-1	-1	1	0	-1	-1	-1	-1	-1	-1	100	0
528	529	65340	-1	21	蔑尔乞流犯		101	226	0	300640	10000	-1	-1	1	0	-1	-1	-1	-1	-1	-1	100	0
529	530	65340	-1	21	蔑尔乞流犯		101	226	0	300640	10000	-1	-1	1	0	-1	-1	-1	-1	-1	-1	100	0
530	531	65340	-1	21	蔑尔乞流犯		101	226	0	300640	10000	-1	-1	1	0	-1	-1	-1	-1	-1	-1	100	0
531	532	65340	-1	21	蔑尔乞流犯		101	226	0	300640	10000	-1	-1	1	0	-1	-1	-1	-1	-1	-1	100	0
532	533	65340	-1	21	蔑尔乞流犯		101	226	0	300640	10000	-1	-1	1	0	-1	-1	-1	-1	-1	-1	100	0
533	534	65340	-1	21	蔑尔乞流犯		101	226	0	300640	10000	-1	-1	1	0	-1	-1	-1	-1	-1	-1	100	0
534	535	65340	-1	21	蔑尔乞流犯		160	226	0	300640	10000	-1	-1	1	0	-1	-1	-1	-1	-1	-1	100	0
535	536	65340	-1	21	蔑尔乞流犯		160	226	0	300640	10000	-1	-1	1	0	-1	-1	-1	-1	-1	-1	100	0
536	537	65340	-1	21	蔑尔乞流犯		160	226	0	300640	10000	-1	-1	1	0	-1	-1	-1	-1	-1	-1	100	0
537	538	65340	-1	21	蔑尔乞流犯		160	226	0	300640	10000	-1	-1	1	0	-1	-1	-1	-1	-1	-1	100	0
538	539	65340	-1	21	蔑尔乞流犯		160	226	0	300640	10000	-1	-1	1	0	-1	-1	-1	-1	-1	-1	100	0
539	540	65340	-1	21	蔑尔乞流犯		160	226	0	300640	10000	-1	-1	1	0	-1	-1	-1	-1	-1	-1	100	0
540	541	65340	-1	21	蔑尔乞流犯		160	226	0	300640	10000	-1	-1	1	0	-1	-1	-1	-1	-1	-1	100	0
541	542	65340	-1	21	蔑尔乞流犯		160	226	0	300640	10000	-1	-1	1	0	-1	-1	-1	-1	-1	-1	100	0
542	543	65340	-1	21	蔑尔乞流犯		160	226	0	300640	10000	-1	-1	1	0	-1	-1	-1	-1	-1	-1	100	0
543	544	65340	-1	21	蔑尔乞流犯		160	226	0	300640	10000	-1	-1	1	0	-1	-1	-1	-1	-1	-1	100	0
544	545	65340	-1	21	蔑尔乞流犯		160	226	0	300640	10000	-1	-1	1	0	-1	-1	-1	-1	-1	-1	100	0
545	546	65340	-1	21	蔑尔乞流犯		160	226	0	300640	10000	-1	-1	1	0	-1	-1	-1	-1	-1	-1	100	0
546	547	65340	-1	21	蔑尔乞流犯		152	166	0	300640	10000	-1	-1	1	0	-1	-1	-1	-1	-1	-1	100	0
547	548	65340	-1	21	蔑尔乞流犯		152	166	0	300640	10000	-1	-1	1	0	-1	-1	-1	-1	-1	-1	100	0
548	549	65340	-1	21	蔑尔乞流犯		152	166	0	300640	10000	-1	-1	1	0	-1	-1	-1	-1	-1	-1	100	0
549	550	65340	-1	21	蔑尔乞流犯		152	166	0	300640	10000	-1	-1	1	0	-1	-1	-1	-1	-1	-1	100	0
550	551	65340	-1	21	蔑尔乞流犯		152	166	0	300640	10000	-1	-1	1	0	-1	-1	-1	-1	-1	-1	100	0
551	552	65340	-1	21	蔑尔乞流犯		152	166	0	300640	10000	-1	-1	1	0	-1	-1	-1	-1	-1	-1	100	0
552	553	65340	-1	21	蔑尔乞流犯		152	166	0	300640	10000	-1	-1	1	0	-1	-1	-1	-1	-1	-1	100	0
553	554	65340	-1	21	蔑尔乞流犯		152	166	0	300640	10000	-1	-1	1	0	-1	-1	-1	-1	-1	-1	100	0
554	555	65340	-1	21	蔑尔乞流犯		152	166	0	300640	10000	-1	-1	1	0	-1	-1	-1	-1	-1	-1	100	0
555	556	65317	141404	20	麦哲伦		40	23	27	0	10000	-1	-1	3	0	-1	-1	-1	-1	-1	-1	100	0
556	557	65317	141404	20	麦哲伦		219	23	27	0	10000	-1	-1	3	0	-1	-1	-1	-1	-1	-1	100	0
