NUM	NUM	NUM	NUM	NUM	TEXT	TEXT	FLOAT	FLOAT	NUM	NUM	NUM	NUM	NUM	NUM	NUM	NUM	NUM	NUM	NUM	NUM	NUM	NUM	NUM
编号	随机编号	attr编号	逻辑表编号	阵营编号	名称	称号	x轴坐标	z轴坐标	朝向	脚本编号	重生时间	分组编号	队伍编号	基础AI	AI文件	巡逻路径	商店0	商店1	商店2	商店3	名誉ID	等级	镜像组
0	4	6949	-1	21	幽冰之爪		119.935158	193.873306	0	300640	10000	-1	-1	1	0	-1	-1	-1	-1	-1	-1	75	0	
1	5	6949	-1	21	幽冰之爪		187.204025	166.05661	0	300640	10000	-1	-1	1	0	-1	-1	-1	-1	-1	-1	75	0	
2	6	6949	-1	21	幽冰之爪		184.668015	195.864563	0	300640	10000	-1	-1	1	0	-1	-1	-1	-1	-1	-1	75	0	
3	7	6949	-1	21	幽冰之爪		138.226028	167.090134	0	300640	10000	-1	-1	1	0	-1	-1	-1	-1	-1	-1	75	0	
4	8	6949	-1	21	幽冰之爪		124.375671	152.394348	0	300640	10000	-1	-1	1	0	-1	-1	-1	-1	-1	-1	75	0	
5	9	6949	-1	21	幽冰之爪		100.504295	139.193802	0	300640	10000	-1	-1	1	0	-1	-1	-1	-1	-1	-1	75	0	
6	10	6949	-1	21	幽冰之爪		174.750763	151.54895	0	300640	10000	-1	-1	1	0	-1	-1	-1	-1	-1	-1	75	0	
7	11	6948	-1	21	幽嚎之牛		100.6586	111.751457	0	300640	10000	-1	-1	1	0	-1	-1	-1	-1	-1	-1	70	0	
8	12	6948	-1	21	幽嚎之牛		81.202469	67.241577	0	300640	10000	-1	-1	1	0	-1	-1	-1	-1	-1	-1	70	0	
9	13	6948	-1	21	幽嚎之牛		101.384567	49.637314	0	300640	10000	-1	-1	1	0	-1	-1	-1	-1	-1	-1	70	0	
10	14	6948	-1	21	幽嚎之牛		66.888596	49.522728	0	300640	10000	-1	-1	1	0	-1	-1	-1	-1	-1	-1	70	0	
11	15	6948	-1	21	幽嚎之牛		152.115662	65.4207	0	300640	10000	-1	-1	1	0	-1	-1	-1	-1	-1	-1	70	0	
12	16	6948	-1	21	幽嚎之牛		177.358475	85.255119	0	300640	10000	-1	-1	1	0	-1	-1	-1	-1	-1	-1	70	0	
13	17	6948	-1	21	幽嚎之牛		132.670761	47.632336	0	300640	10000	-1	-1	1	0	-1	-1	-1	-1	-1	-1	70	0	
14	18	6948	-1	21	幽嚎之牛		130.967285	83.473709	0	300640	10000	-1	-1	1	0	-1	-1	-1	-1	-1	-1	70	0	
15	1	6949	-1	21	幽冰之爪		78.705315	124.74762	0	300640	10000	-1	-1	1	0	-1	-1	-1	-1	-1	-1	75	0	
16	3	6949	-1	21	幽冰之爪		72.27697	194.860901	0	300640	10000	-1	-1	1	0	-1	-1	-1	-1	-1	-1	75	0	
17	4	6949	-1	21	幽冰之爪		120.205368	193.114487	0	300640	10000	-1	-1	1	0	-1	-1	-1	-1	-1	-1	75	0	
18	5	6949	-1	21	幽冰之爪		168.204575	180.050491	0	300640	10000	-1	-1	1	0	-1	-1	-1	-1	-1	-1	75	0	
19	6	6949	-1	21	幽冰之爪		183.932648	196.851807	0	300640	10000	-1	-1	1	0	-1	-1	-1	-1	-1	-1	75	0	
20	7	6949	-1	21	幽冰之爪		138.426346	167.409927	0	300640	10000	-1	-1	1	0	-1	-1	-1	-1	-1	-1	75	0	
21	8	6949	-1	21	幽冰之爪		124.337029	150.394623	0	300640	10000	-1	-1	1	0	-1	-1	-1	-1	-1	-1	75	0	
22	9	6949	-1	21	幽冰之爪		102.32106	140.79538	0	300640	10000	-1	-1	1	0	-1	-1	-1	-1	-1	-1	75	0	
23	10	6949	-1	21	幽冰之爪		167.316528	110.363007	0	300640	10000	-1	-1	1	0	-1	-1	-1	-1	-1	-1	75	0	
24	11	6948	-1	21	幽嚎之牛		102.578255	112.826561	0	300640	10000	-1	-1	1	0	-1	-1	-1	-1	-1	-1	70	0	
25	12	6948	-1	21	幽嚎之牛		83.312927	68.705154	0	300640	10000	-1	-1	1	0	-1	-1	-1	-1	-1	-1	70	0	
26	13	6948	-1	21	幽嚎之牛		102.293182	48.681503	0	300640	10000	-1	-1	1	0	-1	-1	-1	-1	-1	-1	70	0	
27	14	6948	-1	21	幽嚎之牛		66.352341	87.878792	0	300640	10000	-1	-1	1	0	-1	-1	-1	-1	-1	-1	70	0	
28	15	6948	-1	21	幽嚎之牛		152.227417	63.03191	0	300640	10000	-1	-1	1	0	-1	-1	-1	-1	-1	-1	70	0	
29	16	6948	-1	21	幽嚎之牛		176.783401	82.933571	0	300640	10000	-1	-1	1	0	-1	-1	-1	-1	-1	-1	70	0	
30	17	6948	-1	21	幽嚎之牛		135.544083	46.865269	0	300640	10000	-1	-1	1	0	-1	-1	-1	-1	-1	-1	70	0	
31	1	6949	-1	21	幽冰之爪		78.157127	121.908943	0	300640	10000	-1	-1	1	0	-1	-1	-1	-1	-1	-1	75	0	
32	3	6949	-1	21	幽冰之爪		72.02874	195.216858	0	300640	10000	-1	-1	1	0	-1	-1	-1	-1	-1	-1	75	0	
33	4	6949	-1	21	幽冰之爪		120.478745	194.689163	0	300640	10000	-1	-1	1	0	-1	-1	-1	-1	-1	-1	75	0	
34	5	6949	-1	21	幽冰之爪		186.824646	167.170273	0	300640	10000	-1	-1	1	0	-1	-1	-1	-1	-1	-1	75	0	
35	6	6949	-1	21	幽冰之爪		150.134201	196.462372	0	300640	10000	-1	-1	1	0	-1	-1	-1	-1	-1	-1	75	0	
36	7	6949	-1	21	幽冰之爪		137.080505	168.151138	0	300640	10000	-1	-1	1	0	-1	-1	-1	-1	-1	-1	75	0	
37	8	6949	-1	21	幽冰之爪		123.386452	151.382782	0	300640	10000	-1	-1	1	0	-1	-1	-1	-1	-1	-1	75	0	
38	9	6949	-1	21	幽冰之爪		103.403687	137.696014	0	300640	10000	-1	-1	1	0	-1	-1	-1	-1	-1	-1	75	0	
39	10	6949	-1	21	幽冰之爪		184.596603	134.883774	0	300640	10000	-1	-1	1	0	-1	-1	-1	-1	-1	-1	75	0	
40	11	6948	-1	21	幽嚎之牛		101.370689	113.173538	0	300640	10000	-1	-1	1	0	-1	-1	-1	-1	-1	-1	70	0	
41	12	6948	-1	21	幽嚎之牛		82.423286	68.953102	0	300640	10000	-1	-1	1	0	-1	-1	-1	-1	-1	-1	70	0	
42	13	6948	-1	21	幽嚎之牛		102.406769	50.382198	0	300640	10000	-1	-1	1	0	-1	-1	-1	-1	-1	-1	70	0	
43	14	6948	-1	21	幽嚎之牛		66.873306	89.495247	0	300640	10000	-1	-1	1	0	-1	-1	-1	-1	-1	-1	70	0	
44	15	6948	-1	21	幽嚎之牛		151.59906	65.005852	0	300640	10000	-1	-1	1	0	-1	-1	-1	-1	-1	-1	70	0	
45	16	6948	-1	21	幽嚎之牛		177.906281	82.744316	0	300640	10000	-1	-1	1	0	-1	-1	-1	-1	-1	-1	70	0	
46	17	6948	-1	21	幽嚎之牛		134.038391	48.075794	0	300640	10000	-1	-1	1	0	-1	-1	-1	-1	-1	-1	70	0	
47	1	6949	-1	21	幽冰之爪		76.993484	163.674469	0	300640	10000	-1	-1	1	0	-1	-1	-1	-1	-1	-1	75	0	
48	2	6949	-1	21	幽冰之爪		72.293381	195.856827	0	300640	10000	-1	-1	1	0	-1	-1	-1	-1	-1	-1	75	0	
49	4	6949	-1	21	幽冰之爪		121.07415	193.335876	0	300640	10000	-1	-1	1	0	-1	-1	-1	-1	-1	-1	75	0	
50	5	6949	-1	21	幽冰之爪		186.583893	167.794113	0	300640	10000	-1	-1	1	0	-1	-1	-1	-1	-1	-1	75	0	
51	6	6949	-1	21	幽冰之爪		149.401199	195.512985	0	300640	10000	-1	-1	1	0	-1	-1	-1	-1	-1	-1	75	0	
52	7	6949	-1	21	幽冰之爪		136.491699	167.902328	0	300640	10000	-1	-1	1	0	-1	-1	-1	-1	-1	-1	75	0	
53	8	6949	-1	21	幽冰之爪		122.685265	152.730103	0	300640	10000	-1	-1	1	0	-1	-1	-1	-1	-1	-1	75	0	
54	9	6949	-1	21	幽冰之爪		101.46698	137.916031	0	300640	10000	-1	-1	1	0	-1	-1	-1	-1	-1	-1	75	0	
55	10	6949	-1	21	幽冰之爪		186.69075	135.454941	0	300640	10000	-1	-1	1	0	-1	-1	-1	-1	-1	-1	75	0	
56	11	6948	-1	21	幽嚎之牛		99.863342	113.770844	0	300640	10000	-1	-1	1	0	-1	-1	-1	-1	-1	-1	70	0	
57	12	6948	-1	21	幽嚎之牛		83.914894	68.183655	0	300640	10000	-1	-1	1	0	-1	-1	-1	-1	-1	-1	70	0	
58	13	6948	-1	21	幽嚎之牛		101.023384	48.767834	0	300640	10000	-1	-1	1	0	-1	-1	-1	-1	-1	-1	70	0	
59	15	6948	-1	21	幽嚎之牛		152.432541	62.202396	0	300640	10000	-1	-1	1	0	-1	-1	-1	-1	-1	-1	70	0	
60	16	6948	-1	21	幽嚎之牛		177.820374	80.430275	0	300640	10000	-1	-1	1	0	-1	-1	-1	-1	-1	-1	70	0	
61	17	6948	-1	21	幽嚎之牛		134.928192	47.589272	0	300640	10000	-1	-1	1	0	-1	-1	-1	-1	-1	-1	70	0	
62	4	6949	-1	21	幽冰之爪		119.069199	194.845474	0	300640	10000	-1	-1	1	0	-1	-1	-1	-1	-1	-1	75	0	
63	7	6949	-1	21	幽冰之爪		138.724579	169.221146	0	300640	10000	-1	-1	1	0	-1	-1	-1	-1	-1	-1	75	0	
64	8	6949	-1	21	幽冰之爪		125.169136	152.681839	0	300640	10000	-1	-1	1	0	-1	-1	-1	-1	-1	-1	75	0	
65	9	6949	-1	21	幽冰之爪		102.009789	138.37558	0	300640	10000	-1	-1	1	0	-1	-1	-1	-1	-1	-1	75	0	
66	10	6949	-1	21	幽冰之爪		186.960663	136.511612	0	300640	10000	-1	-1	1	0	-1	-1	-1	-1	-1	-1	75	0	
67	11	6948	-1	21	幽嚎之牛		100.109734	112.81208	0	300640	10000	-1	-1	1	0	-1	-1	-1	-1	-1	-1	70	0	
68	12	6948	-1	21	幽嚎之牛		83.634926	68.191406	0	300640	10000	-1	-1	1	0	-1	-1	-1	-1	-1	-1	70	0	
69	13	6948	-1	21	幽嚎之牛		101.311768	50.79504	0	300640	10000	-1	-1	1	0	-1	-1	-1	-1	-1	-1	70	0	
70	16	6948	-1	21	幽嚎之牛		176.647614	85.231529	0	300640	10000	-1	-1	1	0	-1	-1	-1	-1	-1	-1	70	0	
71	17	6948	-1	21	幽嚎之牛		133.055801	44.98534	0	300640	10000	-1	-1	1	0	-1	-1	-1	-1	-1	-1	70	0	
72	3	6949	-1	21	幽冰之爪		73.181023	195.973221	0	300640	10000	-1	-1	1	0	-1	-1	-1	-1	-1	-1	75	0	
73	4	6949	-1	21	幽冰之爪		118.904617	194.032791	0	300640	10000	-1	-1	1	0	-1	-1	-1	-1	-1	-1	75	0	
74	6	6949	-1	21	幽冰之爪		186.032272	197.526871	0	300640	10000	-1	-1	1	0	-1	-1	-1	-1	-1	-1	75	0	
75	7	6949	-1	21	幽冰之爪		139.029816	168.307571	0	300640	10000	-1	-1	1	0	-1	-1	-1	-1	-1	-1	75	0	
76	8	6949	-1	21	幽冰之爪		123.72226	153.073395	0	300640	10000	-1	-1	1	0	-1	-1	-1	-1	-1	-1	75	0	
77	9	6949	-1	21	幽冰之爪		99.801247	139.099609	0	300640	10000	-1	-1	1	0	-1	-1	-1	-1	-1	-1	75	0	
78	10	6949	-1	21	幽冰之爪		185.93457	137.250229	0	300640	10000	-1	-1	1	0	-1	-1	-1	-1	-1	-1	75	0	
79	11	6948	-1	21	幽嚎之牛		99.65184	112.100464	0	300640	10000	-1	-1	1	0	-1	-1	-1	-1	-1	-1	70	0	
80	12	6948	-1	21	幽嚎之牛		83.628746	67.966217	0	300640	10000	-1	-1	1	0	-1	-1	-1	-1	-1	-1	70	0	
81	13	6948	-1	21	幽嚎之牛		100.057381	49.726097	0	300640	10000	-1	-1	1	0	-1	-1	-1	-1	-1	-1	70	0	
82	15	6948	-1	21	幽嚎之牛		151.328415	63.915829	0	300640	10000	-1	-1	1	0	-1	-1	-1	-1	-1	-1	70	0	
83	16	6948	-1	21	幽嚎之牛		176.923889	82.681038	0	300640	10000	-1	-1	1	0	-1	-1	-1	-1	-1	-1	70	0	
84	17	6948	-1	21	幽嚎之牛		133.456543	46.790703	0	300640	10000	-1	-1	1	0	-1	-1	-1	-1	-1	-1	70	0	
85	4	6949	-1	21	幽冰之爪		119.17424	193.274155	0	300640	10000	-1	-1	1	0	-1	-1	-1	-1	-1	-1	75	0	
86	6	6949	-1	21	幽冰之爪		184.550629	197.162537	0	300640	10000	-1	-1	1	0	-1	-1	-1	-1	-1	-1	75	0	
87	7	6949	-1	21	幽冰之爪		140.494293	166.656128	0	300640	10000	-1	-1	1	0	-1	-1	-1	-1	-1	-1	75	0	
88	8	6949	-1	21	幽冰之爪		123.299316	153.142212	0	300640	10000	-1	-1	1	0	-1	-1	-1	-1	-1	-1	75	0	
89	9	6949	-1	21	幽冰之爪		100.835884	139.531158	0	300640	10000	-1	-1	1	0	-1	-1	-1	-1	-1	-1	75	0	
90	10	6949	-1	21	幽冰之爪		186.64386	135.758408	0	300640	10000	-1	-1	1	0	-1	-1	-1	-1	-1	-1	75	0	
91	11	6948	-1	21	幽嚎之牛		127.837906	112.042519	0	300640	10000	-1	-1	1	0	-1	-1	-1	-1	-1	-1	70	0	
92	12	6948	-1	21	幽嚎之牛		82.979218	66.748436	0	300640	10000	-1	-1	1	0	-1	-1	-1	-1	-1	-1	70	0	
93	13	6948	-1	21	幽嚎之牛		101.60717	51.339375	0	300640	10000	-1	-1	1	0	-1	-1	-1	-1	-1	-1	70	0	
94	15	6948	-1	21	幽嚎之牛		152.053452	64.425888	0	300640	10000	-1	-1	1	0	-1	-1	-1	-1	-1	-1	70	0	
95	16	6948	-1	21	幽嚎之牛		176.76297	82.573547	0	300640	10000	-1	-1	1	0	-1	-1	-1	-1	-1	-1	70	0	
96	17	6948	-1	21	幽嚎之牛		134.018753	47.036388	0	300640	10000	-1	-1	1	0	-1	-1	-1	-1	-1	-1	70	0	
97	3	6949	-1	21	幽冰之爪		72.404266	195.612854	0	300640	10000	-1	-1	1	0	-1	-1	-1	-1	-1	-1	75	0	
98	4	6949	-1	21	幽冰之爪		121.508713	193.988419	0	300640	10000	-1	-1	1	0	-1	-1	-1	-1	-1	-1	75	0	
99	5	6949	-1	21	幽冰之爪		186.614441	166.209106	0	300640	10000	-1	-1	1	0	-1	-1	-1	-1	-1	-1	75	0	
100	6	6949	-1	21	幽冰之爪		184.485519	195.06424	0	300640	10000	-1	-1	1	0	-1	-1	-1	-1	-1	-1	75	0	
101	7	6949	-1	21	幽冰之爪		184.82251	167.634872	0	300640	10000	-1	-1	1	0	-1	-1	-1	-1	-1	-1	75	0	
102	8	6949	-1	21	幽冰之爪		101.283936	166.343735	0	300640	10000	-1	-1	1	0	-1	-1	-1	-1	-1	-1	75	0	
103	9	6949	-1	21	幽冰之爪		143.315948	134.809006	0	300640	10000	-1	-1	1	0	-1	-1	-1	-1	-1	-1	75	0	
104	10	6949	-1	21	幽冰之爪		176.651871	150.309784	0	300640	10000	-1	-1	1	0	-1	-1	-1	-1	-1	-1	75	0	
105	12	6948	-1	21	幽嚎之牛		82.926033	66.861359	0	300640	10000	-1	-1	1	0	-1	-1	-1	-1	-1	-1	70	0	
106	13	6948	-1	21	幽嚎之牛		106.067719	79.097275	0	300640	10000	-1	-1	1	0	-1	-1	-1	-1	-1	-1	70	0	
107	14	6948	-1	21	幽嚎之牛		64.874611	52.506954	0	300640	10000	-1	-1	1	0	-1	-1	-1	-1	-1	-1	70	0	
108	16	6948	-1	21	幽嚎之牛		177.051651	85.711945	0	300640	10000	-1	-1	1	0	-1	-1	-1	-1	-1	-1	70	0	
109	17	6948	-1	21	幽嚎之牛		131.83847	83.463318	0	300640	10000	-1	-1	1	0	-1	-1	-1	-1	-1	-1	70	0	
110	18	6948	-1	21	幽嚎之牛		131.01236	83.562279	0	300640	10000	-1	-1	1	0	-1	-1	-1	-1	-1	-1	70	0	
111	1	6949	-1	21	幽冰之爪		77.018074	123.86837	0	300640	10000	-1	-1	1	0	-1	-1	-1	-1	-1	-1	75	0	
112	3	6949	-1	21	幽冰之爪		72.222351	195.853378	0	300640	10000	-1	-1	1	0	-1	-1	-1	-1	-1	-1	75	0	
113	4	6949	-1	21	幽冰之爪		121.56311	194.314072	0	300640	10000	-1	-1	1	0	-1	-1	-1	-1	-1	-1	75	0	
114	5	6949	-1	21	幽冰之爪		187.903214	166.088974	0	300640	10000	-1	-1	1	0	-1	-1	-1	-1	-1	-1	75	0	
115	6	6949	-1	21	幽冰之爪		186.118073	195.638992	0	300640	10000	-1	-1	1	0	-1	-1	-1	-1	-1	-1	75	0	
116	7	6949	-1	21	幽冰之爪		186.898315	167.110794	0	300640	10000	-1	-1	1	0	-1	-1	-1	-1	-1	-1	75	0	
117	8	6949	-1	21	幽冰之爪		101.867447	167.993103	0	300640	10000	-1	-1	1	0	-1	-1	-1	-1	-1	-1	75	0	
118	9	6949	-1	21	幽冰之爪		100.712799	139.860825	0	300640	10000	-1	-1	1	0	-1	-1	-1	-1	-1	-1	75	0	
119	10	6949	-1	21	幽冰之爪		175.44899	151.032242	0	300640	10000	-1	-1	1	0	-1	-1	-1	-1	-1	-1	75	0	
120	12	6948	-1	21	幽嚎之牛		81.394379	68.190865	0	300640	10000	-1	-1	1	0	-1	-1	-1	-1	-1	-1	70	0	
121	13	6948	-1	21	幽嚎之牛		106.343109	77.199043	0	300640	10000	-1	-1	1	0	-1	-1	-1	-1	-1	-1	70	0	
122	14	6948	-1	21	幽嚎之牛		64.389015	50.607899	0	300640	10000	-1	-1	1	0	-1	-1	-1	-1	-1	-1	70	0	
123	16	6948	-1	21	幽嚎之牛		176.859024	79.576248	0	300640	10000	-1	-1	1	0	-1	-1	-1	-1	-1	-1	70	0	
124	17	6948	-1	21	幽嚎之牛		129.830215	82.77021	0	300640	10000	-1	-1	1	0	-1	-1	-1	-1	-1	-1	70	0	
125	18	6948	-1	21	幽嚎之牛		131.120407	82.097542	0	300640	10000	-1	-1	1	0	-1	-1	-1	-1	-1	-1	70	0	
126	1	6949	-1	21	幽冰之爪		76.542351	122.139633	0	300640	10000	-1	-1	1	0	-1	-1	-1	-1	-1	-1	75	0	
127	3	6949	-1	21	幽冰之爪		74.232971	195.061249	0	300640	10000	-1	-1	1	0	-1	-1	-1	-1	-1	-1	75	0	
128	4	6949	-1	21	幽冰之爪		120.966309	194.148621	0	300640	10000	-1	-1	1	0	-1	-1	-1	-1	-1	-1	75	0	
129	5	6949	-1	21	幽冰之爪		185.578445	167.261841	0	300640	10000	-1	-1	1	0	-1	-1	-1	-1	-1	-1	75	0	
130	6	6949	-1	21	幽冰之爪		149.36348	192.382721	0	300640	10000	-1	-1	1	0	-1	-1	-1	-1	-1	-1	75	0	
131	7	6949	-1	21	幽冰之爪		185.875229	168.204117	0	300640	10000	-1	-1	1	0	-1	-1	-1	-1	-1	-1	75	0	
132	8	6949	-1	21	幽冰之爪		100.374992	166.823532	0	300640	10000	-1	-1	1	0	-1	-1	-1	-1	-1	-1	75	0	
133	9	6949	-1	21	幽冰之爪		102.818344	139.644989	0	300640	10000	-1	-1	1	0	-1	-1	-1	-1	-1	-1	75	0	
134	10	6949	-1	21	幽冰之爪		174.472824	151.13623	0	300640	10000	-1	-1	1	0	-1	-1	-1	-1	-1	-1	75	0	
135	11	6948	-1	21	幽嚎之牛		101.220245	113.374756	0	300640	10000	-1	-1	1	0	-1	-1	-1	-1	-1	-1	70	0	
136	12	6948	-1	21	幽嚎之牛		80.640877	67.143051	0	300640	10000	-1	-1	1	0	-1	-1	-1	-1	-1	-1	70	0	
137	13	6948	-1	21	幽嚎之牛		102.261101	47.750778	0	300640	10000	-1	-1	1	0	-1	-1	-1	-1	-1	-1	70	0	
138	14	6948	-1	21	幽嚎之牛		66.91217	52.361137	0	300640	10000	-1	-1	1	0	-1	-1	-1	-1	-1	-1	70	0	
139	16	6948	-1	21	幽嚎之牛		176.630859	80.553406	0	300640	10000	-1	-1	1	0	-1	-1	-1	-1	-1	-1	70	0	
140	17	6948	-1	21	幽嚎之牛		134.020767	45.82415	0	300640	10000	-1	-1	1	0	-1	-1	-1	-1	-1	-1	70	0	
141	18	6948	-1	21	幽嚎之牛		130.441193	83.140823	0	300640	10000	-1	-1	1	0	-1	-1	-1	-1	-1	-1	70	0	
142	21	6949	-1	21	幽冰之爪		184.633423	196.529785	0	300640	10000	-1	-1	1	0	-1	-1	-1	-1	-1	-1	75	0	
143	28	6949	-1	21	幽冰之爪		184.965134	196.589676	0	300640	10000	-1	-1	1	0	-1	-1	-1	-1	-1	-1	75	0	
144	29	6949	-1	21	幽冰之爪		185.567169	196.215591	0	300640	10000	-1	-1	1	0	-1	-1	-1	-1	-1	-1	75	0	
145	30	6949	-1	21	幽冰之爪		182.244522	196.244736	0	300640	10000	-1	-1	1	0	-1	-1	-1	-1	-1	-1	75	0	
146	31	6949	-1	21	幽冰之爪		183.105103	196.887543	0	300640	10000	-1	-1	1	0	-1	-1	-1	-1	-1	-1	75	0	
147	32	6949	-1	21	幽冰之爪		185.168137	196.399994	0	300640	10000	-1	-1	1	0	-1	-1	-1	-1	-1	-1	75	0	
148	33	6949	-1	21	幽冰之爪		184.875793	197.171539	0	300640	10000	-1	-1	1	0	-1	-1	-1	-1	-1	-1	75	0	
149	34	6949	-1	21	幽冰之爪		186.217346	165.964417	0	300640	10000	-1	-1	1	0	-1	-1	-1	-1	-1	-1	75	0	
150	35	6949	-1	21	幽冰之爪		123.299316	153.142212	0	300640	10000	-1	-1	1	0	-1	-1	-1	-1	-1	-1	75	0	
151	36	6949	-1	21	幽冰之爪		123.299316	153.142212	0	300640	10000	-1	-1	1	0	-1	-1	-1	-1	-1	-1	75	0	
152	37	6949	-1	21	幽冰之爪		123.299316	153.142212	0	300640	10000	-1	-1	1	0	-1	-1	-1	-1	-1	-1	75	0	
153	38	6949	-1	21	幽冰之爪		123.299316	153.142212	0	300640	10000	-1	-1	1	0	-1	-1	-1	-1	-1	-1	75	0	
154	39	6949	-1	21	幽冰之爪		123.299316	153.142212	0	300640	10000	-1	-1	1	0	-1	-1	-1	-1	-1	-1	75	0	
155	40	6949	-1	21	幽冰之爪		123.299316	153.142212	0	300640	10000	-1	-1	1	0	-1	-1	-1	-1	-1	-1	75	0	
156	41	6949	-1	21	幽冰之爪		123.299316	153.142212	0	300640	10000	-1	-1	1	0	-1	-1	-1	-1	-1	-1	75	0	
157	42	6949	-1	21	幽冰之爪		123.299316	153.142212	0	300640	10000	-1	-1	1	0	-1	-1	-1	-1	-1	-1	75	0	
158	43	6949	-1	21	幽冰之爪		123.299316	153.142212	0	300640	10000	-1	-1	1	0	-1	-1	-1	-1	-1	-1	75	0	
159	44	6949	-1	21	幽冰之爪		123.299316	153.142212	0	300640	10000	-1	-1	1	0	-1	-1	-1	-1	-1	-1	75	0	
160	45	6949	-1	21	幽冰之爪		123.299316	153.142212	0	300640	10000	-1	-1	1	0	-1	-1	-1	-1	-1	-1	75	0	
161	47	6949	-1	21	幽冰之爪		140.380188	167.762207	0	300640	10000	-1	-1	1	0	-1	-1	-1	-1	-1	-1	75	0	
162	48	6949	-1	21	幽冰之爪		139.643814	166.283234	0	300640	10000	-1	-1	1	0	-1	-1	-1	-1	-1	-1	75	0	
163	49	6949	-1	21	幽冰之爪		186.012375	136.872849	0	300640	10000	-1	-1	1	0	-1	-1	-1	-1	-1	-1	75	0	
164	50	6949	-1	21	幽冰之爪		185.396011	134.934845	0	300640	10000	-1	-1	1	0	-1	-1	-1	-1	-1	-1	75	0	
165	51	6949	-1	21	幽冰之爪		185.311157	135.772079	0	300640	10000	-1	-1	1	0	-1	-1	-1	-1	-1	-1	75	0	
166	52	6949	-1	21	幽冰之爪		185.524338	135.425491	0	300640	10000	-1	-1	1	0	-1	-1	-1	-1	-1	-1	75	0	
167	53	6949	-1	21	幽冰之爪		184.001328	135.550934	0	300640	10000	-1	-1	1	0	-1	-1	-1	-1	-1	-1	75	0	
168	54	6949	-1	21	幽冰之爪		186.568451	111.352737	0	300640	10000	-1	-1	1	0	-1	-1	-1	-1	-1	-1	75	0	
169	55	6949	-1	21	幽冰之爪		187.807175	110.679504	0	300640	10000	-1	-1	1	0	-1	-1	-1	-1	-1	-1	75	0	
170	56	6949	-1	21	幽冰之爪		186.568451	111.352737	0	300640	10000	-1	-1	1	0	-1	-1	-1	-1	-1	-1	75	0	
171	57	6949	-1	21	幽冰之爪		187.827591	110.679787	0	300640	10000	-1	-1	1	0	-1	-1	-1	-1	-1	-1	75	0	
172	58	6949	-1	21	幽冰之爪		187.951645	110.301331	0	300640	10000	-1	-1	1	0	-1	-1	-1	-1	-1	-1	75	0	
173	59	6949	-1	21	幽冰之爪		187.484955	110.90136	0	300640	10000	-1	-1	1	0	-1	-1	-1	-1	-1	-1	75	0	
174	60	6949	-1	21	幽冰之爪		188.10466	111.657333	0	300640	10000	-1	-1	1	0	-1	-1	-1	-1	-1	-1	75	0	
175	61	6949	-1	21	幽冰之爪		187.014389	112.290657	0	300640	10000	-1	-1	1	0	-1	-1	-1	-1	-1	-1	75	0	
176	62	6949	-1	21	幽冰之爪		187.148163	109.032654	0	300640	10000	-1	-1	1	0	-1	-1	-1	-1	-1	-1	75	0	
177	63	6949	-1	21	幽冰之爪		187.148163	109.032654	0	300640	10000	-1	-1	1	0	-1	-1	-1	-1	-1	-1	75	0	
178	64	6949	-1	21	幽冰之爪		185.444702	109.49482	0	300640	10000	-1	-1	1	0	-1	-1	-1	-1	-1	-1	75	0	
179	65	6949	-1	21	幽冰之爪		166.310516	110.695236	0	300640	10000	-1	-1	1	0	-1	-1	-1	-1	-1	-1	75	0	
180	66	6949	-1	21	幽冰之爪		166.154022	109.390068	0	300640	10000	-1	-1	1	0	-1	-1	-1	-1	-1	-1	75	0	
181	67	6949	-1	21	幽冰之爪		166.601715	112.395477	0	300640	10000	-1	-1	1	0	-1	-1	-1	-1	-1	-1	75	0	
182	68	6949	-1	21	幽冰之爪		166.518021	111.996506	0	300640	10000	-1	-1	1	0	-1	-1	-1	-1	-1	-1	75	0	
183	69	6949	-1	21	幽冰之爪		167.073425	111.295486	0	300640	10000	-1	-1	1	0	-1	-1	-1	-1	-1	-1	75	0	
184	70	6949	-1	21	幽冰之爪		167.611588	110.394295	0	300640	10000	-1	-1	1	0	-1	-1	-1	-1	-1	-1	75	0	
185	71	6949	-1	21	幽冰之爪		167.372849	109.956749	0	300640	10000	-1	-1	1	0	-1	-1	-1	-1	-1	-1	75	0	
186	72	6949	-1	21	幽冰之爪		167.632034	109.380829	0	300640	10000	-1	-1	1	0	-1	-1	-1	-1	-1	-1	75	0	
187	73	6949	-1	21	幽冰之爪		168.105164	108.940933	0	300640	10000	-1	-1	1	0	-1	-1	-1	-1	-1	-1	75	0	
188	74	6949	-1	21	幽冰之爪		167.347778	111.527946	0	300640	10000	-1	-1	1	0	-1	-1	-1	-1	-1	-1	75	0	
189	75	6949	-1	21	幽冰之爪		167.541306	110.146637	0	300640	10000	-1	-1	1	0	-1	-1	-1	-1	-1	-1	75	0	
190	76	6949	-1	21	幽冰之爪		166.601715	112.395477	0	300640	10000	-1	-1	1	0	-1	-1	-1	-1	-1	-1	75	0	
191	77	6949	-1	21	幽冰之爪		166.601715	112.395477	0	300640	10000	-1	-1	1	0	-1	-1	-1	-1	-1	-1	75	0	
192	78	6949	-1	21	幽冰之爪		166.601715	112.395477	0	300640	10000	-1	-1	1	0	-1	-1	-1	-1	-1	-1	75	0	
193	79	6949	-1	21	幽冰之爪		166.601715	112.395477	0	300640	10000	-1	-1	1	0	-1	-1	-1	-1	-1	-1	75	0	
194	80	6949	-1	21	幽冰之爪		166.601715	112.395477	0	300640	10000	-1	-1	1	0	-1	-1	-1	-1	-1	-1	75	0	
195	81	6949	-1	21	幽冰之爪		166.601715	112.395477	0	300640	10000	-1	-1	1	0	-1	-1	-1	-1	-1	-1	75	0	
196	82	6949	-1	21	幽冰之爪		166.601715	112.395477	0	300640	10000	-1	-1	1	0	-1	-1	-1	-1	-1	-1	75	0	
197	83	6949	-1	21	幽冰之爪		166.601715	112.395477	0	300640	10000	-1	-1	1	0	-1	-1	-1	-1	-1	-1	75	0	
198	84	6949	-1	21	幽冰之爪		166.601715	112.395477	0	300640	10000	-1	-1	1	0	-1	-1	-1	-1	-1	-1	75	0	
199	85	6948	-1	21	幽嚎之牛		101.875557	113.530167	0	300640	10000	-1	-1	1	0	-1	-1	-1	-1	-1	-1	70	0	
200	86	6948	-1	21	幽嚎之牛		102.578049	112.725204	0	300640	10000	-1	-1	1	0	-1	-1	-1	-1	-1	-1	70	0	
201	87	6948	-1	21	幽嚎之牛		101.718391	111.859093	0	300640	10000	-1	-1	1	0	-1	-1	-1	-1	-1	-1	70	0	
202	88	6948	-1	21	幽嚎之牛		127.716057	111.055412	0	300640	10000	-1	-1	1	0	-1	-1	-1	-1	-1	-1	70	0	
203	89	6948	-1	21	幽嚎之牛		127.856804	113.147362	0	300640	10000	-1	-1	1	0	-1	-1	-1	-1	-1	-1	70	0	
204	90	6948	-1	21	幽嚎之牛		126.104225	113.433609	0	300640	10000	-1	-1	1	0	-1	-1	-1	-1	-1	-1	70	0	
205	91	6948	-1	21	幽嚎之牛		125.071846	112.067787	0	300640	10000	-1	-1	1	0	-1	-1	-1	-1	-1	-1	70	0	
206	92	6948	-1	21	幽嚎之牛		126.844666	110.452202	0	300640	10000	-1	-1	1	0	-1	-1	-1	-1	-1	-1	70	0	
207	93	6948	-1	21	幽嚎之牛		125.248581	113.050278	0	300640	10000	-1	-1	1	0	-1	-1	-1	-1	-1	-1	70	0	
208	94	6948	-1	21	幽嚎之牛		125.56646	110.375473	0	300640	10000	-1	-1	1	0	-1	-1	-1	-1	-1	-1	70	0	
209	95	6948	-1	21	幽嚎之牛		127.209129	111.754181	0	300640	10000	-1	-1	1	0	-1	-1	-1	-1	-1	-1	70	0	
210	96	6948	-1	21	幽嚎之牛		127.19516	113.192863	0	300640	10000	-1	-1	1	0	-1	-1	-1	-1	-1	-1	70	0	
211	97	6948	-1	21	幽嚎之牛		126.194908	111.492569	0	300640	10000	-1	-1	1	0	-1	-1	-1	-1	-1	-1	70	0	
212	98	6948	-1	21	幽嚎之牛		126.194908	111.492569	0	300640	10000	-1	-1	1	0	-1	-1	-1	-1	-1	-1	70	0	
213	99	6948	-1	21	幽嚎之牛		126.194908	111.492569	0	300640	10000	-1	-1	1	0	-1	-1	-1	-1	-1	-1	70	0	
214	100	6948	-1	21	幽嚎之牛		100.325096	47.69014	0	300640	10000	-1	-1	1	0	-1	-1	-1	-1	-1	-1	70	0	
215	101	6948	-1	21	幽嚎之牛		99.220573	47.71769	0	300640	10000	-1	-1	1	0	-1	-1	-1	-1	-1	-1	70	0	
216	102	6948	-1	21	幽嚎之牛		102.703041	49.329315	0	300640	10000	-1	-1	1	0	-1	-1	-1	-1	-1	-1	70	0	
217	113	6948	-1	21	幽嚎之牛		150.167892	64.050667	0	300640	10000	-1	-1	1	0	-1	-1	-1	-1	-1	-1	70	0	
218	114	6948	-1	21	幽嚎之牛		151.245804	63.052319	0	300640	10000	-1	-1	1	0	-1	-1	-1	-1	-1	-1	70	0	
219	115	6948	-1	21	幽嚎之牛		134.762756	47.357559	0	300640	10000	-1	-1	1	0	-1	-1	-1	-1	-1	-1	70	0	
220	116	6948	-1	21	幽嚎之牛		133.870651	48.636242	0	300640	10000	-1	-1	1	0	-1	-1	-1	-1	-1	-1	70	0	
221	117	6948	-1	21	幽嚎之牛		134.269318	47.519276	0	300640	10000	-1	-1	1	0	-1	-1	-1	-1	-1	-1	70	0	
222	118	6948	-1	21	幽嚎之牛		152.062424	66.437767	0	300640	10000	-1	-1	1	0	-1	-1	-1	-1	-1	-1	70	0	
223	119	6948	-1	21	幽嚎之牛		151.338959	66.243263	0	300640	10000	-1	-1	1	0	-1	-1	-1	-1	-1	-1	70	0	
224	121	6948	-1	21	幽嚎之牛		151.355331	65.122772	0	300640	10000	-1	-1	1	0	-1	-1	-1	-1	-1	-1	70	0	
225	124	6949	-1	21	幽冰之爪		101.590256	169.419891	0	300640	10000	-1	-1	1	0	-1	-1	-1	-1	-1	-1	75	0	
226	125	6949	-1	21	幽冰之爪		104.369431	168.243958	0	300640	10000	-1	-1	1	0	-1	-1	-1	-1	-1	-1	75	0	
227	126	6949	-1	21	幽冰之爪		104.184586	168.089935	0	300640	10000	-1	-1	1	0	-1	-1	-1	-1	-1	-1	75	0	
228	127	6949	-1	21	幽冰之爪		99.541916	167.805115	0	300640	10000	-1	-1	1	0	-1	-1	-1	-1	-1	-1	75	0	
229	128	6949	-1	21	幽冰之爪		101.27182	168.726074	0	300640	10000	-1	-1	1	0	-1	-1	-1	-1	-1	-1	75	0	
230	129	6949	-1	21	幽冰之爪		101.27182	168.726074	0	300640	10000	-1	-1	1	0	-1	-1	-1	-1	-1	-1	75	0	
231	130	6949	-1	21	幽冰之爪		101.27182	168.726074	0	300640	10000	-1	-1	1	0	-1	-1	-1	-1	-1	-1	75	0	
232	131	6949	-1	21	幽冰之爪		101.27182	168.726074	0	300640	10000	-1	-1	1	0	-1	-1	-1	-1	-1	-1	75	0	
233	132	6949	-1	21	幽冰之爪		73.525055	194.773514	0	300640	10000	-1	-1	1	0	-1	-1	-1	-1	-1	-1	75	0	
234	133	6949	-1	21	幽冰之爪		72.443016	195.400253	0	300640	10000	-1	-1	1	0	-1	-1	-1	-1	-1	-1	75	0	
235	134	6949	-1	21	幽冰之爪		73.141136	194.28656	0	300640	10000	-1	-1	1	0	-1	-1	-1	-1	-1	-1	75	0	
236	135	6949	-1	21	幽冰之爪		148.717819	195.92926	0	300640	10000	-1	-1	1	0	-1	-1	-1	-1	-1	-1	75	0	
237	136	6949	-1	21	幽冰之爪		148.042191	194.978424	0	300640	10000	-1	-1	1	0	-1	-1	-1	-1	-1	-1	75	0	
238	137	6949	-1	21	幽冰之爪		149.153427	195.56781	0	300640	10000	-1	-1	1	0	-1	-1	-1	-1	-1	-1	75	0	
239	138	6949	-1	21	幽冰之爪		149.589584	195.145859	0	300640	10000	-1	-1	1	0	-1	-1	-1	-1	-1	-1	75	0	
240	139	6949	-1	21	幽冰之爪		149.536652	194.083817	0	300640	10000	-1	-1	1	0	-1	-1	-1	-1	-1	-1	75	0	
241	140	6949	-1	21	幽冰之爪		149.226563	194.013077	0	300640	10000	-1	-1	1	0	-1	-1	-1	-1	-1	-1	75	0	
242	141	6949	-1	21	幽冰之爪		149.226563	194.013077	0	300640	10000	-1	-1	1	0	-1	-1	-1	-1	-1	-1	75	0	
243	142	6949	-1	21	幽冰之爪		140.567673	136.15451	0	300640	10000	-1	-1	1	0	-1	-1	-1	-1	-1	-1	75	0	
244	143	6949	-1	21	幽冰之爪		141.805359	134.990463	0	300640	10000	-1	-1	1	0	-1	-1	-1	-1	-1	-1	75	0	
245	144	6949	-1	21	幽冰之爪		139.33847	136.415436	0	300640	10000	-1	-1	1	0	-1	-1	-1	-1	-1	-1	75	0	
246	145	6949	-1	21	幽冰之爪		140.978012	136.108627	0	300640	10000	-1	-1	1	0	-1	-1	-1	-1	-1	-1	75	0	
247	146	6949	-1	21	幽冰之爪		141.147858	134.919525	0	300640	10000	-1	-1	1	0	-1	-1	-1	-1	-1	-1	75	0	
248	147	6949	-1	21	幽冰之爪		142.271393	136.615692	0	300640	10000	-1	-1	1	0	-1	-1	-1	-1	-1	-1	75	0	
249	148	6949	-1	21	幽冰之爪		141.536301	136.393646	0	300640	10000	-1	-1	1	0	-1	-1	-1	-1	-1	-1	75	0	
250	149	6949	-1	21	幽冰之爪		140.265106	135.296387	0	300640	10000	-1	-1	1	0	-1	-1	-1	-1	-1	-1	75	0	
251	150	6949	-1	21	幽冰之爪		142.369324	134.128693	0	300640	10000	-1	-1	1	0	-1	-1	-1	-1	-1	-1	75	0	
252	151	6949	-1	21	幽冰之爪		141.863693	135.296677	0	300640	10000	-1	-1	1	0	-1	-1	-1	-1	-1	-1	75	0	
253	152	6948	-1	21	幽嚎之牛		105.653038	76.152145	0	300640	10000	-1	-1	1	0	-1	-1	-1	-1	-1	-1	70	0	
254	153	6948	-1	21	幽嚎之牛		104.780579	76.334824	0	300640	10000	-1	-1	1	0	-1	-1	-1	-1	-1	-1	70	0	
255	154	6948	-1	21	幽嚎之牛		105.950462	77.051544	0	300640	10000	-1	-1	1	0	-1	-1	-1	-1	-1	-1	70	0	
256	155	6948	-1	21	幽嚎之牛		105.446342	78.06179	0	300640	10000	-1	-1	1	0	-1	-1	-1	-1	-1	-1	70	0	
257	156	6948	-1	21	幽嚎之牛		104.487572	77.080009	0	300640	10000	-1	-1	1	0	-1	-1	-1	-1	-1	-1	70	0	
258	157	6948	-1	21	幽嚎之牛		103.868408	77.677933	0	300640	10000	-1	-1	1	0	-1	-1	-1	-1	-1	-1	70	0	
259	158	6948	-1	21	幽嚎之牛		104.982826	78.048943	0	300640	10000	-1	-1	1	0	-1	-1	-1	-1	-1	-1	70	0	
260	159	6948	-1	21	幽嚎之牛		104.364288	78.644287	0	300640	10000	-1	-1	1	0	-1	-1	-1	-1	-1	-1	70	0	
261	160	6948	-1	21	幽嚎之牛		104.364288	78.644287	0	300640	10000	-1	-1	1	0	-1	-1	-1	-1	-1	-1	70	0	
262	161	6948	-1	21	幽嚎之牛		104.364288	78.644287	0	300640	10000	-1	-1	1	0	-1	-1	-1	-1	-1	-1	70	0	
263	162	6948	-1	21	幽嚎之牛		64.862083	86.613518	0	300640	10000	-1	-1	1	0	-1	-1	-1	-1	-1	-1	70	0	
264	163	6948	-1	21	幽嚎之牛		63.904266	87.555229	0	300640	10000	-1	-1	1	0	-1	-1	-1	-1	-1	-1	70	0	
265	164	6948	-1	21	幽嚎之牛		65.207016	89.576973	0	300640	10000	-1	-1	1	0	-1	-1	-1	-1	-1	-1	70	0	
266	165	6948	-1	21	幽嚎之牛		63.854042	88.900917	0	300640	10000	-1	-1	1	0	-1	-1	-1	-1	-1	-1	70	0	
267	166	6948	-1	21	幽嚎之牛		65.136444	88.744148	0	300640	10000	-1	-1	1	0	-1	-1	-1	-1	-1	-1	70	0	
268	167	6948	-1	21	幽嚎之牛		65.449493	87.468704	0	300640	10000	-1	-1	1	0	-1	-1	-1	-1	-1	-1	70	0	
269	168	6948	-1	21	幽嚎之牛		64.302635	88.849808	0	300640	10000	-1	-1	1	0	-1	-1	-1	-1	-1	-1	70	0	
270	169	6948	-1	21	幽嚎之牛		65.559319	49.010303	0	300640	10000	-1	-1	1	0	-1	-1	-1	-1	-1	-1	70	0	
271	170	6948	-1	21	幽嚎之牛		68.019485	50.639374	0	300640	10000	-1	-1	1	0	-1	-1	-1	-1	-1	-1	70	0	
272	171	6948	-1	21	幽嚎之牛		66.308342	51.06646	0	300640	10000	-1	-1	1	0	-1	-1	-1	-1	-1	-1	70	0	
273	172	6948	-1	21	幽嚎之牛		66.106728	50.790085	0	300640	10000	-1	-1	1	0	-1	-1	-1	-1	-1	-1	70	0	
274	173	6948	-1	21	幽嚎之牛		66.106728	50.790085	0	300640	10000	-1	-1	1	0	-1	-1	-1	-1	-1	-1	70	0	
275	174	6948	-1	21	幽嚎之牛		66.106728	50.790085	0	300640	10000	-1	-1	1	0	-1	-1	-1	-1	-1	-1	70	0	
276	175	6948	-1	21	幽嚎之牛		66.106728	50.790085	0	300640	10000	-1	-1	1	0	-1	-1	-1	-1	-1	-1	70	0	
277	176	6948	-1	21	幽嚎之牛		66.106728	50.790085	0	300640	10000	-1	-1	1	0	-1	-1	-1	-1	-1	-1	70	0	
278	177	6948	-1	21	幽嚎之牛		129.567093	82.242058	0	300640	10000	-1	-1	1	0	-1	-1	-1	-1	-1	-1	70	0	
279	178	6948	-1	21	幽嚎之牛		131.399353	83.262444	0	300640	10000	-1	-1	1	0	-1	-1	-1	-1	-1	-1	70	0	
280	179	6948	-1	21	幽嚎之牛		131.346024	82.672218	0	300640	10000	-1	-1	1	0	-1	-1	-1	-1	-1	-1	70	0	
281	180	6948	-1	21	幽嚎之牛		132.224152	83.162903	0	300640	10000	-1	-1	1	0	-1	-1	-1	-1	-1	-1	70	0	
282	7191855	3870	400070	20			102	143	32	0	2000	-1	-1	5	0	0	-1	-1	-1	-1	-1	75	0	
283	7191857	3871	400071	20			188	141	32	0	2000	-1	-1	5	0	1	-1	-1	-1	-1	-1	75	0	
284	7191859	3872	400072	20			62	46	32	0	2000	-1	-1	5	0	2	-1	-1	-1	-1	-1	70	0	
285	7191860	3873	400073	20			130	38	32	0	2000	-1	-1	5	0	3	-1	-1	-1	-1	-1	70	0	
286	7191861	6949	-1	21	幽冰之爪		78.157127	121.908943	0	300640	10000	-1	-1	1	0	-1	-1	-1	-1	-1	-1	75	0	
287	7191862	6949	-1	21	幽冰之爪		78.157127	121.908943	0	300640	10000	-1	-1	1	0	-1	-1	-1	-1	-1	-1	75	0	
288	7191863	6949	-1	21	幽冰之爪		78.157127	121.908943	0	300640	10000	-1	-1	1	0	-1	-1	-1	-1	-1	-1	75	0	
289	7191864	6949	-1	21	幽冰之爪		78.157127	121.908943	0	300640	10000	-1	-1	1	0	-1	-1	-1	-1	-1	-1	75	0	
290	7191865	6949	-1	21	幽冰之爪		78.157127	121.908943	0	300640	10000	-1	-1	1	0	-1	-1	-1	-1	-1	-1	75	0	
291	7191866	6949	-1	21	幽冰之爪		78.157127	121.908943	0	300640	10000	-1	-1	1	0	-1	-1	-1	-1	-1	-1	75	0	
292	7191867	6949	-1	21	幽冰之爪		78.157127	121.908943	0	300640	10000	-1	-1	1	0	-1	-1	-1	-1	-1	-1	75	0	
293	7191868	6949	-1	21	幽冰之爪		166.065979	176.249039	0	300640	10000	-1	-1	1	0	-1	-1	-1	-1	-1	-1	75	0	
294	7191869	6949	-1	21	幽冰之爪		164.810226	177.852692	0	300640	10000	-1	-1	1	0	-1	-1	-1	-1	-1	-1	75	0	
295	7191870	6949	-1	21	幽冰之爪		167.312531	177.6828	0	300640	10000	-1	-1	1	0	-1	-1	-1	-1	-1	-1	75	0	
296	7191871	6949	-1	21	幽冰之爪		168.065979	178.476181	0	300640	10000	-1	-1	1	0	-1	-1	-1	-1	-1	-1	75	0	
297	7191872	6949	-1	21	幽冰之爪		167.787888	177.695984	0	300640	10000	-1	-1	1	0	-1	-1	-1	-1	-1	-1	75	0	
298	7191873	6949	-1	21	幽冰之爪		165.832169	180.015518	0	300640	10000	-1	-1	1	0	-1	-1	-1	-1	-1	-1	75	0	
299	7191874	6949	-1	21	幽冰之爪		167.79892	179.654984	0	300640	10000	-1	-1	1	0	-1	-1	-1	-1	-1	-1	75	0	
300	7191875	6949	-1	21	幽冰之爪		165.792267	179.155533	0	300640	10000	-1	-1	1	0	-1	-1	-1	-1	-1	-1	75	0	
301	7191876	6949	-1	21	幽冰之爪		165.931259	178.29512	0	300640	10000	-1	-1	1	0	-1	-1	-1	-1	-1	-1	75	0	
302	7191877	6949	-1	21	幽冰之爪		165.931259	178.29512	0	300640	10000	-1	-1	1	0	-1	-1	-1	-1	-1	-1	75	0	
303	7191878	6948	-1	21	幽嚎之牛		156.081284	89.412308	0	300640	10000	-1	-1	1	0	-1	-1	-1	-1	-1	-1	70	0	
304	7191879	6948	-1	21	幽嚎之牛		153.851288	88.98175	0	300640	10000	-1	-1	1	0	-1	-1	-1	-1	-1	-1	70	0	
305	7191880	6948	-1	21	幽嚎之牛		154.532074	88.412735	0	300640	10000	-1	-1	1	0	-1	-1	-1	-1	-1	-1	70	0	
306	7191881	6948	-1	21	幽嚎之牛		154.752258	89.592155	0	300640	10000	-1	-1	1	0	-1	-1	-1	-1	-1	-1	70	0	
307	7191882	6948	-1	21	幽嚎之牛		153.752747	89.246239	0	300640	10000	-1	-1	1	0	-1	-1	-1	-1	-1	-1	70	0	
308	7191883	6948	-1	21	幽嚎之牛		153.779938	89.649117	0	300640	10000	-1	-1	1	0	-1	-1	-1	-1	-1	-1	70	0	
309	7191884	6948	-1	21	幽嚎之牛		154.075867	89.971581	0	300640	10000	-1	-1	1	0	-1	-1	-1	-1	-1	-1	70	0	
310	7191885	6948	-1	21	幽嚎之牛		155.075836	87.895309	0	300640	10000	-1	-1	1	0	-1	-1	-1	-1	-1	-1	70	0	
311	7191886	6948	-1	21	幽嚎之牛		155.211411	89.116028	0	300640	10000	-1	-1	1	0	-1	-1	-1	-1	-1	-1	70	0	
312	7191887	6948	-1	21	幽嚎之牛		155.089981	88.84494	0	300640	10000	-1	-1	1	0	-1	-1	-1	-1	-1	-1	70	0	
313	7191888	6949	-1	21	幽冰之爪		175.159866	151.222229	0	300640	10000	-1	-1	1	0	-1	-1	-1	-1	-1	-1	75	0	
314	7191889	6949	-1	21	幽冰之爪		174.665085	149.914383	0	300640	10000	-1	-1	1	0	-1	-1	-1	-1	-1	-1	75	0	
315	7191890	6949	-1	21	幽冰之爪		174.599792	150.308105	0	300640	10000	-1	-1	1	0	-1	-1	-1	-1	-1	-1	75	0	
316	7191891	6949	-1	21	幽冰之爪		174.64801	151.211304	0	300640	10000	-1	-1	1	0	-1	-1	-1	-1	-1	-1	75	0	
317	7191892	6949	-1	21	幽冰之爪		175.010696	149.979309	0	300640	10000	-1	-1	1	0	-1	-1	-1	-1	-1	-1	75	0	
318	7191893	6949	-1	21	幽冰之爪		174.947617	150.416229	0	300640	10000	-1	-1	1	0	-1	-1	-1	-1	-1	-1	75	0	
319	7191894	6949	-1	21	幽冰之爪		77.015579	163.192139	0	300640	10000	-1	-1	1	0	-1	-1	-1	-1	-1	-1	75	0	
320	7191895	6949	-1	21	幽冰之爪		77.048912	163.563126	0	300640	10000	-1	-1	1	0	-1	-1	-1	-1	-1	-1	75	0	
321	7191896	6949	-1	21	幽冰之爪		75.131447	164.543137	0	300640	10000	-1	-1	1	0	-1	-1	-1	-1	-1	-1	75	0	
322	7191897	6949	-1	21	幽冰之爪		74.709274	164.811569	0	300640	10000	-1	-1	1	0	-1	-1	-1	-1	-1	-1	75	0	
323	7191898	6949	-1	21	幽冰之爪		75.374916	164.656097	0	300640	10000	-1	-1	1	0	-1	-1	-1	-1	-1	-1	75	0	
324	7191899	6949	-1	21	幽冰之爪		76.427887	161.299942	0	300640	10000	-1	-1	1	0	-1	-1	-1	-1	-1	-1	75	0	
325	7191900	6949	-1	21	幽冰之爪		76.096039	161.306488	0	300640	10000	-1	-1	1	0	-1	-1	-1	-1	-1	-1	75	0	
326	7191901	6949	-1	21	幽冰之爪		76.169212	161.40239	0	300640	10000	-1	-1	1	0	-1	-1	-1	-1	-1	-1	75	0	
327	7191902	6949	-1	21	幽冰之爪		76.431572	161.334839	0	300640	10000	-1	-1	1	0	-1	-1	-1	-1	-1	-1	75	0	
328	7191905	6949	-1	21	幽冰之爪		74.320335	163.41626	0	300640	10000	-1	-1	1	0	-1	-1	-1	-1	-1	-1	75	0	
329	7191908	6948	-1	21	幽嚎之牛		176.783401	82.933571	0	300640	10000	-1	-1	1	0	-1	-1	-1	-1	-1	-1	70	0	
330	7191909	6948	-1	21	幽嚎之牛		176.783401	82.933571	0	300640	10000	-1	-1	1	0	-1	-1	-1	-1	-1	-1	70	0	
331	7191910	1320	101520	-1	前往撒马尔罕和大都	王国迷宫传送	163	132	0	0	10000	-1	-1	3	0	-1	-1	-1	-1	-1	-1	60	0	
332	7336799	4295	101670	-1	组队指引人		174	39	27	-1	1000	-1	-1	3	0	-1	-1	-1	-1	-1	-1	100	0	
333	7336799	2602	101170	-1	迷宫五层	迷宫传送人	174	60	9	-1	1000	-1	-1	3	0	-1	-1	-1	-1	-1	-1	100	0	
