NUM	NUM	NUM	NUM	NUM	TEXT	TEXT	FLOAT	FLOAT	NUM	NUM	NUM	NUM	NUM	NUM	NUM	NUM	NUM	NUM	NUM	NUM	NUM	NUM	NUM
编号	随机编号	attr编号	逻辑表编号	阵营编号	名称	称号	x轴坐标	z轴坐标	朝向	脚本编号	重生时间	分组编号	队伍编号	基础AI	AI文件	巡逻路径	商店0	商店1	商店2	商店3	名誉ID	等级	镜像组
0	1	2600	101114	20	哲别村	王城王国传送人	301.316986	236.580994	27	-1	1000	-1	-1	3	0	-1	-1	-1	-1	-1	-1	100	0	
1	2	1099	138038	20	梅伊娜	新手领奖大使	314.139099	262.185852	14	-1	1000	-1	-1	3	0	-1	-1	-1	-1	-1	-1	20	-1	
2	3	86	123833	20	珐琅	猎场商人	285.689148	257.044067	2	-1	30000	-1	-1	3	0	-1	-1	-1	-1	-1	-1	60	-1	
3	4	4501	-1	20	  		305	367	22	0	10000	-1	-1	3	0	-1	-1	-1	-1	-1	-1	60	-1	
4	5	4380	138000	20	钥匙老人		298.972412	420.071716	10	0	10000	-1	-1	3	0	-1	-1	-1	-1	-1	-1	70	0	
5	6	4381	138001	20	雄鹰长老	王国先贤	298.781219	370.195374	27	-1	1000	-1	-1	3	0	-1	-1	-1	-1	-1	-1	20	0	
6	7	4403	138002	20	智者哈达	王国先贤	299.158813	326	9	-1	1000	-1	-1	3	0	-1	-1	-1	-1	-1	-1	20	0	
7	8	4398	138003	20	苍狼长老	王国先贤	302.434814	311.929779	21	-1	10000	-1	-1	3	0	-1	-1	-1	-1	-1	-1	20	0	
8	9	47	138004	20	穆图	哲别村村长	319.475159	256.196289	17	-1	10000	-1	-1	3	0	-1	-1	-1	-1	-1	-1	20	0	
9	10	2458	138005	20	草原之花塔娜	雄鹰长老之女	362.274841	214.902817	19	-1	10000	-1	-1	3	0	-1	-1	-1	-1	-1	-1	20	0	
10	11	11994	138006	20	哈日巴日	技能大师	315	155	30	-1	1000	-1	-1	3	0	-1	-1	-1	-1	-1	-1	20	-1	
11	12	664	138007	20	呼和巴日		272	170	10	-1	1000	-1	-1	3	0	-1	-1	-1	-1	-1	-1	20	-1	
12	13	658	138008	20	哈穆图	哲别村卫队长	222.273926	159.703629	32	-1	1000	-1	-1	3	0	-1	-1	-1	-1	-1	-1	20	0	
13	14	11954	138011	20	金虎	王城右都尉	321	152	26	-1	1000	-1	-1	3	0	-1	-1	-1	-1	-1	-1	20	-1	
14	15	11980	138012	20	刀之魂		294.305359	287.307617	24	-1	1000	-1	-1	3	0	-1	-1	-1	-1	-1	-1	20	0	
15	16	11981	138013	20	剑之魂		303.785553	287.491699	24	-1	1000	-1	-1	3	0	-1	-1	-1	-1	-1	-1	20	0	
16	17	11982	138014	20	弓之魂		303.720642	292.814484	28	-1	1000	-1	-1	3	0	-1	-1	-1	-1	-1	-1	20	0	
17	18	11983	138015	20	枪之魂		310.655823	293.206787	28	-1	1000	-1	-1	3	0	-1	-1	-1	-1	-1	-1	20	0	
18	19	11984	138016	20	杖之魂		293.9729	292.386688	28	-1	1000	-1	-1	3	0	-1	-1	-1	-1	-1	-1	20	0	
19	20	11985	138017	20	槌之魂		307.007477	287.506165	32	-1	1000	-1	-1	3	0	-1	-1	-1	-1	-1	-1	20	0	
20	21	11986	138018	20	矛之魂		286.914764	291.867615	0	-1	1000	-1	-1	3	0	-1	-1	-1	-1	-1	-1	20	0	
21	22	11987	138019	20	令之魂		290.773773	287.034058	25	-1	1000	-1	-1	3	0	-1	-1	-1	-1	-1	-1	20	0	
22	23	11988	138020	20	弩之魂		286.886902	286.871826	6	-1	1000	-1	-1	3	0	-1	-1	-1	-1	-1	-1	20	0	
23	24	11989	138021	20	铳之魂		310.541351	287.441437	18	-1	1000	-1	-1	3	0	-1	-1	-1	-1	-1	-1	20	0	
24	25	11990	138022	20	圣十字之魂		307.193817	292.980682	26	-1	1000	-1	-1	3	0	-1	-1	-1	-1	-1	-1	20	0	
25	26	11991	138023	20	幡之魂		290.507172	292.330872	5	-1	10000	-1	-1	3	0	-1	-1	-1	-1	-1	-1	20	0	
26	27	2453	137800	24	哈森	哲别村	279.878418	171.39473	8	0	10000	-1	-1	3	0	-1	-1	-1	-1	-1	-1	60	-1	
27	28	2454	137801	24	哈丹巴特尔	哲别村勇士	219.749237	260.294891	0	0	10000	-1	-1	3	0	-1	-1	-1	-1	-1	-1	60	0	
28	29	2454	137802	24	额尔德木图	哲别村勇士	251.050644	276.382782	12	0	10000	-1	-1	3	0	-1	-1	-1	-1	-1	-1	60	0	
29	30	2455	137803	24	德木图妻子		247.154007	280.057007	8	0	10000	-1	-1	3	0	-1	-1	-1	-1	-1	-1	60	0	
30	31	2456	137804	24	阿木古郎	德木图之子	248.282379	279.791687	16	0	10000	-1	-1	3	0	-1	-1	-1	-1	-1	-1	60	0	
31	32	2457	137805	24	其其格	苍狼长老之女	285.168365	233.079544	30	0	10000	-1	-1	3	0	-1	-1	-1	-1	-1	-1	60	0	
32	33	2458	137806	24	格日乐	苍狼长老之女	283.869568	234.581375	0	0	10000	-1	-1	3	0	-1	-1	-1	-1	-1	-1	60	0	
33	34	2459	137807	24	乌力吉		288.356293	262.225555	0	0	10000	-1	-1	3	0	-1	-1	-1	-1	-1	-1	60	0	
34	35	2460	137808	24	巴雅尔		290.117432	262.885742	16	0	10000	-1	-1	3	0	-1	-1	-1	-1	-1	-1	60	0	
35	36	2461	137809	24	乌日娜老人		288.727966	264.240479	8	0	10000	-1	-1	3	0	-1	-1	-1	-1	-1	-1	60	0	
36	37	2462	137810	24	哈斯巴根	哲别村铁匠	312.619812	230.114258	22	0	10000	-1	-1	3	0	-1	-1	-1	-1	-1	-1	60	0	
37	38	2463	137811	24	小学徒		320.224579	234.733307	28	0	10000	-1	-1	3	0	-1	-1	-1	-1	-1	-1	60	0	
38	39	2464	137812	24	阿古	捕鱼人	355.832306	216.322693	24	0	10000	-1	-1	3	0	-1	-1	-1	-1	-1	-1	60	0	
39	40	2465	137813	24	卓力格图	雄鹰长老之子	360.574341	222.329147	16	0	10000	-1	-1	3	0	-1	-1	-1	-1	-1	-1	60	0	
40	41	2466	137814	24	阿古拉		350.911804	174.796082	8	0	10000	-1	-1	3	0	-1	-1	-1	-1	-1	-1	60	0	
41	42	2467	137815	24	阿古达木	矿主	353.562683	270.379242	4	0	10000	-1	-1	3	0	-1	-1	-1	-1	-1	-1	60	0	
42	43	2455	137816	24	塔拉	厨娘	365.183044	268.799713	0	0	10000	-1	-1	3	0	-1	-1	-1	-1	-1	-1	60	0	
43	44	2452	137817	24	矿工		361.236145	272.244171	32	0	10000	-1	-1	3	0	-1	-1	-1	-1	-1	-1	60	0	
44	45	2452	137818	24	矿工		350.25354	255.368073	0	0	10000	-1	-1	3	0	-1	-1	-1	-1	-1	-1	60	0	
45	46	2452	137819	24	矿工		366.246155	274.380676	16	0	10000	-1	-1	3	0	-1	-1	-1	-1	-1	-1	60	0	
46	47	2455	137820	24	莎林娜	女仆	352.778076	263.472076	4	0	10000	-1	-1	3	0	-1	-1	-1	-1	-1	-1	60	0	
47	48	2468	137821	24	矿主妻子		353.118958	261.966034	0	0	10000	-1	-1	3	0	-1	-1	-1	-1	-1	-1	60	0	
48	49	2469	137822	24	满都拉图	大商贩	254.305328	210.909836	14	0	10000	-1	-1	3	0	-1	-1	-1	-1	-1	-1	60	0	
49	50	2469	137823	24	巴音	大商贩	254.681015	196.709366	18	0	10000	-1	-1	3	0	-1	-1	-1	-1	-1	-1	60	0	
50	51	2470	137824	24	那日松	大商贩	224.175079	262.98468	6	0	10000	-1	-1	0	0	-1	-1	-1	-1	-1	-1	60	0	
51	52	2471	137825	24	特木尔	猎人	165.762253	267.886322	4	0	10000	-1	-1	3	0	-1	-1	-1	-1	-1	-1	60	0	
52	53	1313	137833	20	腾格尔	牧马人	397.013031	155.486877	25	0	10000	-1	-1	3	0	-1	-1	-1	-1	-1	-1	60	0	
53	54	2472	137826	24	商队护卫		253.570435	198.743744	12	0	10000	-1	-1	3	0	-1	-1	-1	-1	-1	-1	60	0	
54	55	2472	137826	24	商队护卫		263.640656	182.514465	8	0	10000	-1	-1	3	0	-1	-1	-1	-1	-1	-1	60	0	
55	56	2472	137826	24	商队护卫		228.610382	264.919617	8	0	10000	-1	-1	0	0	-1	-1	-1	-1	-1	-1	60	0	
56	57	2472	137826	24	商队护卫		256.423401	209.485046	16	0	10000	-1	-1	3	0	-1	-1	-1	-1	-1	-1	60	0	
57	58	2472	137826	24	商队护卫		251.446716	225.033722	4	0	10000	-1	-1	3	0	-1	-1	-1	-1	-1	-1	60	0	
58	59	2472	137826	24	商队护卫		267.566498	179.48819	12	0	10000	-1	-1	3	0	-1	-1	-1	-1	-1	-1	60	0	
59	60	12004	137828	24	牧村卫兵	哲别村	344.882355	251.123322	4	0	10000	-1	-1	3	0	-1	-1	-1	-1	-1	-1	60	0	
60	61	12004	137829	24	牧村卫兵	哲别村	341.411194	235.75531	32	0	10000	-1	-1	3	0	-1	-1	-1	-1	-1	-1	60	0	
61	62	12004	137830	24	牧村卫兵	哲别村	305.722839	277.597443	16	0	10000	-1	-1	3	0	4	-1	-1	-1	-1	-1	60	0	
62	63	12004	137831	24	牧村卫兵	哲别村	329.654419	239.548157	24	0	10000	-1	-1	3	0	3	-1	-1	-1	-1	-1	60	0	
63	64	12004	137828	24	牧村卫兵	哲别村	330.681885	248.402618	8	0	10000	-1	-1	3	0	1	-1	-1	-1	-1	-1	60	0	
64	65	12004	137829	24	牧村卫兵	哲别村	240.965012	254.116013	0	0	10000	-1	-1	3	0	2	-1	-1	-1	-1	-1	60	0	
65	66	12004	137830	24	牧村卫兵	哲别村	349.670044	242.236237	0	0	10000	-1	-1	3	0	-1	-1	-1	-1	-1	-1	60	0	
66	67	12004	137831	24	牧村卫兵	哲别村	307.598724	191.416763	0	0	10000	-1	-1	3	0	-1	-1	-1	-1	-1	-1	60	0	
67	68	12004	137828	24	牧村卫兵	哲别村	305	277	18	0	10000	-1	-1	3	0	-1	-1	-1	-1	-1	-1	60	0	
68	69	12004	137829	24	牧村卫兵	哲别村	295.309082	201.7117	4	0	10000	-1	-1	3	0	-1	-1	-1	-1	-1	-1	60	0	
69	70	12004	137830	24	牧村卫兵	哲别村	307.724304	202.685715	12	0	10000	-1	-1	3	0	-1	-1	-1	-1	-1	-1	60	0	
70	71	12004	137831	24	牧村卫兵	哲别村	296.362732	276.821686	0	0	10000	-1	-1	3	0	-1	-1	-1	-1	-1	-1	60	0	
71	72	12004	137828	24	牧村卫兵	哲别村	296.56662	212.846375	0	0	10000	-1	-1	3	0	-1	-1	-1	-1	-1	-1	60	0	
72	73	12004	137829	24	牧村卫兵	哲别村	305.628662	213.570892	20	0	10000	-1	-1	3	0	-1	-1	-1	-1	-1	-1	60	0	
73	74	12004	137830	24	牧村卫兵	哲别村	270.873077	241.786697	28	0	10000	-1	-1	3	0	-1	-1	-1	-1	-1	-1	60	0	
74	75	12004	137831	24	牧村卫兵	哲别村	270.581238	250.356873	8	0	10000	-1	-1	3	0	-1	-1	-1	-1	-1	-1	60	0	
75	76	12004	-1	24	哲别村守卫		256.675446	117.950478	0	0	10000	-1	-1	0	0	-1	-1	-1	-1	-1	-1	60	0	
76	77	12004	-1	24	哲别村守卫		279.804016	124.390877	0	0	10000	-1	-1	0	0	-1	-1	-1	-1	-1	-1	60	0	
77	78	12004	-1	24	哲别村守卫		262.555786	128.085922	0	0	10000	-1	-1	0	0	-1	-1	-1	-1	-1	-1	60	0	
78	79	12004	-1	24	哲别村守卫		278.022736	132.153061	0	0	10000	-1	-1	0	0	-1	-1	-1	-1	-1	-1	60	0	
79	80	12004	-1	24	哲别村守卫		290.836212	117.672791	0	0	10000	-1	-1	0	0	-1	-1	-1	-1	-1	-1	60	0	
80	81	12004	-1	24	哲别村守卫		243.921539	138.601334	0	0	10000	-1	-1	0	0	-1	-1	-1	-1	-1	-1	60	0	
81	82	12004	-1	24	哲别村守卫		266.082306	121.24955	0	0	10000	-1	-1	0	0	-1	-1	-1	-1	-1	-1	60	0	
82	83	11971	-1	21	花鹿		374.887726	262.777557	16	-1	1000	-1	-1	1	-1	-1	-1	-1	-1	-1	-1	4	0	
83	84	11971	-1	21	花鹿		389.559875	262.510986	16	-1	1000	-1	-1	1	-1	-1	-1	-1	-1	-1	-1	4	0	
84	85	11971	-1	21	花鹿		387.894989	260.482178	16	-1	1000	-1	-1	1	-1	-1	-1	-1	-1	-1	-1	4	0	
85	86	11971	-1	21	花鹿		372.52597	249.041473	16	-1	1000	-1	-1	1	-1	-1	-1	-1	-1	-1	-1	4	0	
86	87	11971	-1	21	花鹿		372.725739	253.214508	16	-1	1000	-1	-1	1	-1	-1	-1	-1	-1	-1	-1	4	0	
87	88	11971	-1	21	花鹿		373.235291	250.839676	16	-1	1000	-1	-1	1	-1	-1	-1	-1	-1	-1	-1	4	0	
88	89	11971	-1	21	花鹿		371.352142	250.134521	16	-1	1000	-1	-1	1	-1	-1	-1	-1	-1	-1	-1	4	0	
89	90	11971	-1	21	花鹿		409.204041	282.156799	16	-1	1000	-1	-1	1	-1	-1	-1	-1	-1	-1	-1	4	0	
90	91	11971	-1	21	花鹿		407.122345	288.470215	16	-1	1000	-1	-1	1	-1	-1	-1	-1	-1	-1	-1	4	0	
91	92	11971	-1	21	花鹿		378.832825	288.202179	16	-1	1000	-1	-1	1	-1	-1	-1	-1	-1	-1	-1	4	0	
92	93	11971	-1	21	花鹿		399.051788	185.914413	18	-1	1000	-1	-1	1	-1	-1	-1	-1	-1	-1	-1	4	0	
93	94	11971	-1	21	花鹿		374.453186	265.853485	18	-1	1000	-1	-1	1	-1	-1	-1	-1	-1	-1	-1	4	0	
94	95	11971	-1	21	花鹿		384.864899	227.928024	18	-1	1000	-1	-1	1	-1	-1	-1	-1	-1	-1	-1	4	0	
95	96	11971	-1	21	花鹿		374.910614	286.150604	18	-1	1000	-1	-1	1	-1	-1	-1	-1	-1	-1	-1	4	0	
96	97	11971	-1	21	花鹿		386.612701	159.22197	18	-1	1000	-1	-1	1	-1	-1	-1	-1	-1	-1	-1	4	0	
97	98	11971	-1	21	花鹿		389.837921	277.396088	18	-1	1000	-1	-1	1	-1	-1	-1	-1	-1	-1	-1	4	0	
98	99	11971	-1	21	花鹿		393.3125	274.695404	18	-1	1000	-1	-1	1	-1	-1	-1	-1	-1	-1	-1	4	0	
99	100	11971	-1	21	花鹿		394.0672	270.944611	0	0	1000	-1	-1	1	-1	-1	-1	-1	-1	-1	-1	4	0	
100	101	11971	-1	21	花鹿		407.827881	285.997681	0	0	1000	-1	-1	1	-1	-1	-1	-1	-1	-1	-1	4	0	
101	102	11971	-1	21	花鹿		395.94516	269.70047	0	0	1000	-1	-1	1	-1	-1	-1	-1	-1	-1	-1	4	0	
102	103	11971	-1	21	花鹿		398.04657	228.856384	0	0	1000	-1	-1	1	-1	-1	-1	-1	-1	-1	-1	4	0	
103	104	11971	-1	21	花鹿		378.704742	287.05542	0	0	1000	-1	-1	1	-1	-1	-1	-1	-1	-1	-1	4	0	
104	105	11971	-1	21	花鹿		372.298859	262.767426	0	0	1000	-1	-1	1	-1	-1	-1	-1	-1	-1	-1	4	0	
105	106	11971	-1	21	花鹿		404.75943	239.59903	0	0	1000	-1	-1	1	-1	-1	-1	-1	-1	-1	-1	4	0	
106	107	11971	-1	21	花鹿		380.160309	273.081635	0	0	1000	-1	-1	1	-1	-1	-1	-1	-1	-1	-1	4	0	
107	108	11971	-1	21	花鹿		381.62793	270.651672	0	0	1000	-1	-1	1	-1	-1	-1	-1	-1	-1	-1	4	0	
108	109	11971	-1	21	花鹿		403.785645	251.036362	0	0	1000	-1	-1	1	-1	-1	-1	-1	-1	-1	-1	4	0	
109	110	11971	-1	21	花鹿		410.054047	286.176849	0	0	1000	-1	-1	1	-1	-1	-1	-1	-1	-1	-1	4	0	
110	111	11971	-1	21	花鹿		402.808289	252.301865	0	0	1000	-1	-1	1	-1	-1	-1	-1	-1	-1	-1	4	0	
111	112	11971	-1	21	花鹿		375.417053	288.54538	0	0	1000	-1	-1	1	-1	-1	-1	-1	-1	-1	-1	4	0	
112	113	11971	-1	21	花鹿		406.395172	253.083939	0	0	1000	-1	-1	1	-1	-1	-1	-1	-1	-1	-1	4	0	
113	114	11971	-1	21	花鹿		388.725311	251.211594	0	0	1000	-1	-1	1	-1	-1	-1	-1	-1	-1	-1	4	0	
114	115	11971	-1	21	花鹿		389.925293	225.573669	0	0	1000	-1	-1	1	-1	-1	-1	-1	-1	-1	-1	4	0	
115	116	11971	-1	21	花鹿		386.296661	248.528229	0	0	1000	-1	-1	1	-1	-1	-1	-1	-1	-1	-1	4	0	
116	117	11971	-1	21	花鹿		394.527954	235.344666	0	0	1000	-1	-1	1	-1	-1	-1	-1	-1	-1	-1	4	0	
117	118	11971	-1	21	花鹿		402.365814	253.630859	0	0	1000	-1	-1	1	-1	-1	-1	-1	-1	-1	-1	4	0	
118	119	11971	-1	21	花鹿		377.513611	274.552948	0	0	1000	-1	-1	1	-1	-1	-1	-1	-1	-1	-1	4	0	
119	120	11971	-1	21	花鹿		388.998505	228.166748	0	0	1000	-1	-1	1	-1	-1	-1	-1	-1	-1	-1	4	0	
120	121	11971	-1	21	花鹿		385.686249	262.809906	0	0	1000	-1	-1	1	-1	-1	-1	-1	-1	-1	-1	4	0	
121	122	11971	-1	21	花鹿		406.962677	283.190918	0	0	1000	-1	-1	1	-1	-1	-1	-1	-1	-1	-1	4	0	
122	123	11971	-1	21	花鹿		394.894073	232.919678	0	0	1000	-1	-1	1	-1	-1	-1	-1	-1	-1	-1	4	0	
123	124	11971	-1	21	花鹿		387.820099	263.414459	0	0	1000	-1	-1	1	-1	-1	-1	-1	-1	-1	-1	4	0	
124	125	11971	-1	21	花鹿		385.985413	244.880508	0	0	1000	-1	-1	1	-1	-1	-1	-1	-1	-1	-1	4	0	
125	126	11971	-1	21	花鹿		388.804993	245.086166	0	0	1000	-1	-1	1	-1	-1	-1	-1	-1	-1	-1	4	0	
126	127	11971	-1	21	花鹿		386.337799	261.443481	0	0	1000	-1	-1	1	-1	-1	-1	-1	-1	-1	-1	4	0	
127	128	11971	-1	21	花鹿		381.460327	276.340698	0	0	1000	-1	-1	1	-1	-1	-1	-1	-1	-1	-1	4	0	
128	129	11971	-1	21	花鹿		403.785645	251.036362	0	0	1000	-1	-1	1	-1	-1	-1	-1	-1	-1	-1	4	0	
129	130	11971	-1	21	花鹿		374.887726	262.777557	16	-1	1000	-1	-1	1	-1	-1	-1	-1	-1	-1	-1	4	0	
130	131	11971	-1	21	花鹿		389.559875	262.510986	16	-1	1000	-1	-1	1	-1	-1	-1	-1	-1	-1	-1	4	0	
131	132	11971	-1	21	花鹿		387.894989	260.482178	16	-1	1000	-1	-1	1	-1	-1	-1	-1	-1	-1	-1	4	0	
132	133	11971	-1	21	花鹿		372.52597	249.041473	16	-1	1000	-1	-1	1	-1	-1	-1	-1	-1	-1	-1	4	0	
133	134	11971	-1	21	花鹿		372.725739	253.214508	16	-1	1000	-1	-1	1	-1	-1	-1	-1	-1	-1	-1	4	0	
134	135	11971	-1	21	花鹿		373.235291	250.839676	16	-1	1000	-1	-1	1	-1	-1	-1	-1	-1	-1	-1	4	0	
135	136	11971	-1	21	花鹿		371.352142	250.134521	16	-1	1000	-1	-1	1	-1	-1	-1	-1	-1	-1	-1	4	0	
136	137	11971	-1	21	花鹿		409.204041	282.156799	16	-1	1000	-1	-1	1	-1	-1	-1	-1	-1	-1	-1	4	0	
137	138	11971	-1	21	花鹿		407.122345	288.470215	16	-1	1000	-1	-1	1	-1	-1	-1	-1	-1	-1	-1	4	0	
138	139	11971	-1	21	花鹿		378.832825	288.202179	16	-1	1000	-1	-1	1	-1	-1	-1	-1	-1	-1	-1	4	0	
139	140	11971	-1	21	花鹿		394.74939	209.762665	18	-1	1000	-1	-1	1	-1	-1	-1	-1	-1	-1	-1	4	0	
140	141	11971	-1	21	花鹿		374.453186	265.853485	18	-1	1000	-1	-1	1	-1	-1	-1	-1	-1	-1	-1	4	0	
141	142	11971	-1	21	花鹿		372.897278	159.941223	18	-1	1000	-1	-1	1	-1	-1	-1	-1	-1	-1	-1	4	0	
142	143	11971	-1	21	花鹿		374.910614	286.150604	18	-1	1000	-1	-1	1	-1	-1	-1	-1	-1	-1	-1	4	0	
143	144	11971	-1	21	花鹿		371.235077	162.457291	18	-1	1000	-1	-1	1	-1	-1	-1	-1	-1	-1	-1	4	0	
144	145	11971	-1	21	花鹿		389.837921	277.396088	18	-1	1000	-1	-1	1	-1	-1	-1	-1	-1	-1	-1	4	0	
145	146	11971	-1	21	花鹿		393.3125	274.695404	18	-1	1000	-1	-1	1	-1	-1	-1	-1	-1	-1	-1	4	0	
146	147	11971	-1	21	花鹿		394.0672	270.944611	0	0	1000	-1	-1	1	-1	-1	-1	-1	-1	-1	-1	4	0	
147	148	11971	-1	21	花鹿		407.827881	285.997681	0	0	1000	-1	-1	1	-1	-1	-1	-1	-1	-1	-1	4	0	
148	149	11971	-1	21	花鹿		395.94516	269.70047	0	0	1000	-1	-1	1	-1	-1	-1	-1	-1	-1	-1	4	0	
149	150	11971	-1	21	花鹿		386.685059	204.912369	0	0	1000	-1	-1	1	-1	-1	-1	-1	-1	-1	-1	4	0	
150	151	11971	-1	21	花鹿		378.704742	287.05542	0	0	1000	-1	-1	1	-1	-1	-1	-1	-1	-1	-1	4	0	
151	152	11971	-1	21	花鹿		372.298859	262.767426	0	0	1000	-1	-1	1	-1	-1	-1	-1	-1	-1	-1	4	0	
152	153	11971	-1	21	花鹿		391.287354	198.855621	0	0	1000	-1	-1	1	-1	-1	-1	-1	-1	-1	-1	4	0	
153	154	11971	-1	21	花鹿		380.160309	273.081635	0	0	1000	-1	-1	1	-1	-1	-1	-1	-1	-1	-1	4	0	
154	155	11971	-1	21	花鹿		381.62793	270.651672	0	0	1000	-1	-1	1	-1	-1	-1	-1	-1	-1	-1	4	0	
155	156	11971	-1	21	花鹿		403.785645	251.036362	0	0	1000	-1	-1	1	-1	-1	-1	-1	-1	-1	-1	4	0	
156	157	11971	-1	21	花鹿		410.054047	286.176849	0	0	1000	-1	-1	1	-1	-1	-1	-1	-1	-1	-1	4	0	
157	158	11971	-1	21	花鹿		402.808289	252.301865	0	0	1000	-1	-1	1	-1	-1	-1	-1	-1	-1	-1	4	0	
158	159	11971	-1	21	花鹿		375.417053	288.54538	0	0	1000	-1	-1	1	-1	-1	-1	-1	-1	-1	-1	4	0	
159	160	11971	-1	21	花鹿		406.395172	253.083939	0	0	1000	-1	-1	1	-1	-1	-1	-1	-1	-1	-1	4	0	
160	161	11971	-1	21	花鹿		388.725311	251.211594	0	0	1000	-1	-1	1	-1	-1	-1	-1	-1	-1	-1	4	0	
161	162	11971	-1	21	花鹿		389.925293	225.573669	0	0	1000	-1	-1	1	-1	-1	-1	-1	-1	-1	-1	4	0	
162	163	11971	-1	21	花鹿		386.296661	248.528229	0	0	1000	-1	-1	1	-1	-1	-1	-1	-1	-1	-1	4	0	
163	164	11971	-1	21	花鹿		394.527954	235.344666	0	0	1000	-1	-1	1	-1	-1	-1	-1	-1	-1	-1	4	0	
164	165	11971	-1	21	花鹿		402.365814	253.630859	0	0	1000	-1	-1	1	-1	-1	-1	-1	-1	-1	-1	4	0	
165	166	11971	-1	21	花鹿		377.513611	274.552948	0	0	1000	-1	-1	1	-1	-1	-1	-1	-1	-1	-1	4	0	
166	167	11971	-1	21	花鹿		388.998505	228.166748	0	0	1000	-1	-1	1	-1	-1	-1	-1	-1	-1	-1	4	0	
167	168	11971	-1	21	花鹿		385.686249	262.809906	0	0	1000	-1	-1	1	-1	-1	-1	-1	-1	-1	-1	4	0	
168	169	11971	-1	21	花鹿		406.962677	283.190918	0	0	1000	-1	-1	1	-1	-1	-1	-1	-1	-1	-1	4	0	
169	170	11971	-1	21	花鹿		394.894073	232.919678	0	0	1000	-1	-1	1	-1	-1	-1	-1	-1	-1	-1	4	0	
170	171	11971	-1	21	花鹿		387.820099	263.414459	0	0	1000	-1	-1	1	-1	-1	-1	-1	-1	-1	-1	4	0	
171	172	11971	-1	21	花鹿		385.985413	244.880508	0	0	1000	-1	-1	1	-1	-1	-1	-1	-1	-1	-1	4	0	
172	173	11971	-1	21	花鹿		388.804993	245.086166	0	0	1000	-1	-1	1	-1	-1	-1	-1	-1	-1	-1	4	0	
173	174	11971	-1	21	花鹿		386.337799	261.443481	0	0	1000	-1	-1	1	-1	-1	-1	-1	-1	-1	-1	4	0	
174	175	11971	-1	21	花鹿		381.460327	276.340698	0	0	1000	-1	-1	1	-1	-1	-1	-1	-1	-1	-1	4	0	
175	176	11971	-1	21	花鹿		403.785645	251.036362	0	0	1000	-1	-1	1	-1	-1	-1	-1	-1	-1	-1	4	0	
176	177	339	137832	20	阿木尔	牧羊人	217.826736	191.117416	8	0	10000	-1	-1	2	0	-1	-1	-1	-1	-1	-1	60	-1	
177	178	1155	-1	20	 		143.253647	183.238419	1	0	10000	-1	-1	2	0	-1	-1	-1	-1	-1	-1	60	-1	
178	179	1155	-1	20	 		211.431656	202.599045	2	0	10000	-1	-1	2	0	-1	-1	-1	-1	-1	-1	60	-1	
179	180	1155	-1	20	 		200.782166	155.371979	3	0	10000	-1	-1	2	0	-1	-1	-1	-1	-1	-1	60	-1	
180	181	1155	-1	20	 		328.606079	116.007195	4	0	10000	-1	-1	2	0	-1	-1	-1	-1	-1	-1	60	-1	
181	182	1155	-1	20	 		204.982468	180.590591	5	0	10000	-1	-1	2	0	-1	-1	-1	-1	-1	-1	60	-1	
182	183	1165	-1	20	 		328.833191	119.351784	6	0	10000	-1	-1	3	0	-1	-1	-1	-1	-1	-1	60	-1	
183	184	1165	-1	20	 		148.300705	173.169067	7	0	10000	-1	-1	2	0	-1	-1	-1	-1	-1	-1	60	-1	
184	185	1165	-1	20	 		214.506226	207.894562	8	0	10000	-1	-1	2	0	-1	-1	-1	-1	-1	-1	60	-1	
185	186	1165	-1	20	 		208.924988	185.349747	9	0	10000	-1	-1	2	0	-1	-1	-1	-1	-1	-1	60	-1	
186	187	255	-1	20	 		213.194855	181.096863	10	0	10000	-1	-1	2	0	-1	-1	-1	-1	-1	-1	60	-1	
187	188	255	-1	20	 		200.633682	165.867279	11	0	10000	-1	-1	2	0	-1	-1	-1	-1	-1	-1	60	-1	
188	189	255	-1	20	 		337.731201	111.804688	12	0	10000	-1	-1	2	0	-1	-1	-1	-1	-1	-1	60	-1	
189	190	363	-1	20	 		154.694931	173.710464	13	0	10000	-1	-1	2	0	-1	-1	-1	-1	-1	-1	60	-1	
190	191	363	-1	20	 		217.640671	203.806412	14	0	10000	-1	-1	2	0	-1	-1	-1	-1	-1	-1	60	-1	
191	192	363	-1	20	 		140.286636	179.03183	15	0	10000	-1	-1	2	0	-1	-1	-1	-1	-1	-1	60	-1	
192	193	363	-1	20	 		334.166962	122.179466	16	0	10000	-1	-1	2	0	-1	-1	-1	-1	-1	-1	60	-1	
193	194	363	-1	20	 		201.770233	160.433121	17	0	10000	-1	-1	2	0	-1	-1	-1	-1	-1	-1	60	-1	
194	195	363	-1	20	 		163.196655	157.916077	18	0	10000	-1	-1	2	0	-1	-1	-1	-1	-1	-1	60	-1	
195	196	363	-1	20	 		207.886993	176.263	19	0	10000	-1	-1	2	0	-1	-1	-1	-1	-1	-1	60	-1	
196	197	255	-1	20	 		150.27829	178.35022	20	0	10000	-1	-1	2	0	-1	-1	-1	-1	-1	-1	60	-1	
197	198	255	-1	20	 		205.739258	154.187164	21	0	10000	-1	-1	2	0	-1	-1	-1	-1	-1	-1	60	-1	
198	199	255	-1	20	 		170.398743	157.682007	22	0	10000	-1	-1	2	0	-1	-1	-1	-1	-1	-1	60	-1	
199	200	255	-1	20	 		333.775787	105.270882	23	0	10000	-1	-1	2	0	-1	-1	-1	-1	-1	-1	60	-1	
200	201	255	-1	20	 		199.577805	148.641327	24	0	10000	-1	-1	2	0	-1	-1	-1	-1	-1	-1	60	-1	
201	202	255	-1	20	 		323.782501	123.552521	25	0	10000	-1	-1	2	0	-1	-1	-1	-1	-1	-1	60	-1	
202	203	255	-1	20	 		161.786667	163.406174	26	0	10000	-1	-1	2	0	-1	-1	-1	-1	-1	-1	60	-1	
203	204	255	-1	20	 		204.368195	158.067093	27	0	10000	-1	-1	2	0	-1	-1	-1	-1	-1	-1	60	-1	
204	205	255	-1	20	 		214.389923	199.501266	28	0	10000	-1	-1	2	0	-1	-1	-1	-1	-1	-1	60	-1	
205	206	255	-1	20	 		325.285004	109.191002	29	0	10000	-1	-1	2	0	-1	-1	-1	-1	-1	-1	60	-1	
206	207	255	-1	20	 		198.053772	157.378494	30	0	10000	-1	-1	2	0	-1	-1	-1	-1	-1	-1	60	-1	
207	208	255	-1	20	 		339.422668	117.100998	31	0	10000	-1	-1	2	0	-1	-1	-1	-1	-1	-1	60	-1	
208	209	255	-1	20	 		173.884918	152.129196	32	0	10000	-1	-1	2	0	-1	-1	-1	-1	-1	-1	60	-1	
209	210	255	-1	20	 		220.162109	200.211487	33	0	10000	-1	-1	2	0	-1	-1	-1	-1	-1	-1	60	-1	
210	211	255	-1	20	 		218.794846	183.919144	34	0	10000	-1	-1	2	0	-1	-1	-1	-1	-1	-1	60	-1	
211	212	255	-1	20	 		214.513947	176.972626	35	0	10000	-1	-1	2	0	-1	-1	-1	-1	-1	-1	60	-1	
212	213	163	-1	20	  		334.801208	127.121445	12	0	10000	-1	-1	2	0	-1	-1	-1	-1	-1	-1	60	-1	
213	214	8601	-1	20	  		324.366211	151.632233	20	0	10000	-1	-1	3	0	-1	-1	-1	-1	-1	-1	60	-1	
214	215	4386	-1	20	小巴特尔		326.856995	122.612	0	0	10000	-1	-1	2	0	-1	-1	-1	-1	-1	-1	60	-1	
215	216	399	-1	20	  		248.196976	111.81665	16	0	10000	-1	-1	2	0	-1	-1	-1	-1	-1	-1	60	-1	
216	217	12003	-1	21	草原匪帮		246.714508	121.55452	7	-1	1000	-1	-1	0	-1	-1	-1	-1	-1	-1	-1	7	10	
217	218	12003	-1	21	草原匪帮		264.573578	100.675758	27	-1	1000	-1	-1	0	-1	-1	-1	-1	-1	-1	-1	7	10	
218	219	12003	-1	21	草原匪帮		274.983215	110.989006	12	-1	1000	-1	-1	0	-1	-1	-1	-1	-1	-1	-1	7	10	
219	220	12003	-1	21	草原匪帮		265.823242	91.559883	22	-1	1000	-1	-1	0	-1	-1	-1	-1	-1	-1	-1	7	10	
220	221	12003	-1	21	草原匪帮		275.763245	105.29583	12	-1	1000	-1	-1	0	-1	-1	-1	-1	-1	-1	-1	7	10	
221	222	12003	-1	21	草原匪帮		253.873032	120.730011	22	-1	1000	-1	-1	0	-1	-1	-1	-1	-1	-1	-1	7	10	
222	223	12003	-1	21	草原匪帮		262.759796	136.247513	14	-1	1000	-1	-1	0	-1	-1	-1	-1	-1	-1	-1	7	10	
223	224	12003	-1	21	草原匪帮		250.846146	103.924736	14	-1	1000	-1	-1	0	-1	-1	-1	-1	-1	-1	-1	7	10	
224	225	12003	-1	21	草原匪帮		275.522186	128.434875	14	-1	1000	-1	-1	0	-1	-1	-1	-1	-1	-1	-1	7	10	
225	226	12003	-1	21	草原匪帮		246.735321	137.924698	14	-1	1000	-1	-1	0	-1	-1	-1	-1	-1	-1	-1	7	10	
226	227	12003	-1	21	草原匪帮		253.209946	98.539383	14	-1	1000	-1	-1	0	-1	-1	-1	-1	-1	-1	-1	7	10	
227	228	12003	-1	21	草原匪帮		268.57019	99.147522	14	-1	1000	-1	-1	0	-1	-1	-1	-1	-1	-1	-1	7	10	
228	229	12003	-1	21	草原匪帮		267.582123	103.934265	0	-1	1000	-1	-1	0	0	-1	-1	-1	-1	-1	-1	7	10	
229	230	12003	-1	21	草原匪帮		271.582947	108.554489	7	-1	1000	-1	-1	0	-1	-1	-1	-1	-1	-1	-1	7	10	
230	231	12003	-1	21	草原匪帮		283.386658	92.686836	27	-1	1000	-1	-1	0	-1	-1	-1	-1	-1	-1	-1	7	10	
231	232	12003	-1	21	草原匪帮		258.592438	101.63044	7	-1	1000	-1	-1	0	-1	-1	-1	-1	-1	-1	-1	7	10	
232	233	12003	-1	21	草原匪帮		253.929306	115.185448	27	-1	1000	-1	-1	0	-1	-1	-1	-1	-1	-1	-1	7	10	
233	234	12003	-1	21	草原匪帮		252.431595	139.87851	12	-1	1000	-1	-1	0	-1	-1	-1	-1	-1	-1	-1	7	10	
234	235	12003	-1	21	草原匪帮		257.129456	122.241417	22	-1	1000	-1	-1	0	-1	-1	-1	-1	-1	-1	-1	7	10	
235	236	12003	-1	21	草原匪帮		278.462158	95.514221	12	-1	1000	-1	-1	0	-1	-1	-1	-1	-1	-1	-1	7	10	
236	237	12003	-1	21	草原匪帮		258.806	125.505081	22	-1	1000	-1	-1	0	-1	-1	-1	-1	-1	-1	-1	7	10	
237	238	12003	-1	21	草原匪帮		257.046356	98.567657	14	-1	1000	-1	-1	0	-1	-1	-1	-1	-1	-1	-1	7	10	
238	239	12003	-1	21	草原匪帮		262.588135	122.079056	14	-1	1000	-1	-1	0	-1	-1	-1	-1	-1	-1	-1	7	10	
239	240	12003	-1	21	草原匪帮		289.812927	108.618156	14	-1	1000	-1	-1	0	-1	-1	-1	-1	-1	-1	-1	7	10	
240	241	12003	-1	21	草原匪帮		279.497681	130.546127	14	-1	1000	-1	-1	0	-1	-1	-1	-1	-1	-1	-1	7	10	
241	242	12003	-1	21	草原匪帮		297.239014	106.234833	14	-1	1000	-1	-1	0	-1	-1	-1	-1	-1	-1	-1	7	10	
242	243	12003	-1	21	草原匪帮		243.111053	112.588036	14	-1	1000	-1	-1	0	-1	-1	-1	-1	-1	-1	-1	7	10	
243	244	12003	-1	21	草原匪帮		277.634979	128.628891	0	-1	1000	-1	-1	0	0	-1	-1	-1	-1	-1	-1	7	10	
244	245	12003	-1	21	草原匪帮		270.742767	115.984581	7	-1	1000	-1	-1	0	-1	-1	-1	-1	-1	-1	-1	7	10	
245	246	12003	-1	21	草原匪帮		268.135681	120.101212	27	-1	1000	-1	-1	0	-1	-1	-1	-1	-1	-1	-1	7	10	
246	247	12003	-1	21	草原匪帮		247.532166	104.92421	7	-1	1000	-1	-1	0	-1	-1	-1	-1	-1	-1	-1	7	10	
247	248	12003	-1	21	草原匪帮		250.008881	118.948914	27	-1	1000	-1	-1	0	-1	-1	-1	-1	-1	-1	-1	7	10	
248	249	12003	-1	21	草原匪帮		253.746429	106.003235	12	-1	1000	-1	-1	0	-1	-1	-1	-1	-1	-1	-1	7	10	
249	250	12003	-1	21	草原匪帮		250.07782	100.087471	22	-1	1000	-1	-1	0	-1	-1	-1	-1	-1	-1	-1	7	10	
250	251	12003	-1	21	草原匪帮		269.921692	91.955078	12	-1	1000	-1	-1	0	-1	-1	-1	-1	-1	-1	-1	7	10	
251	252	12003	-1	21	草原匪帮		244.367935	126.227509	22	-1	1000	-1	-1	0	-1	-1	-1	-1	-1	-1	-1	7	10	
252	253	12003	-1	21	草原匪帮		262.300354	108.079933	14	-1	1000	-1	-1	0	-1	-1	-1	-1	-1	-1	-1	7	10	
253	254	12003	-1	21	草原匪帮		274.852692	93.722015	14	-1	1000	-1	-1	0	-1	-1	-1	-1	-1	-1	-1	7	10	
254	255	12003	-1	21	草原匪帮		246.740891	135.400497	14	-1	1000	-1	-1	0	-1	-1	-1	-1	-1	-1	-1	7	10	
255	256	12003	-1	21	草原匪帮		250.187424	129.929474	14	-1	1000	-1	-1	0	-1	-1	-1	-1	-1	-1	-1	7	10	
256	257	12003	-1	21	草原匪帮		269.618958	123.730026	14	-1	1000	-1	-1	0	-1	-1	-1	-1	-1	-1	-1	7	10	
257	258	12003	-1	21	草原匪帮		286.202942	103.012871	14	-1	1000	-1	-1	0	-1	-1	-1	-1	-1	-1	-1	7	10	
258	259	12003	-1	21	草原匪帮		283.485046	123.652596	0	-1	1000	-1	-1	0	0	-1	-1	-1	-1	-1	-1	7	10	
259	260	12003	-1	21	草原匪帮		280.983337	113.368011	7	-1	1000	-1	-1	0	-1	-1	-1	-1	-1	-1	-1	7	10	
260	261	12003	-1	21	草原匪帮		265.773529	115.292686	27	-1	1000	-1	-1	0	-1	-1	-1	-1	-1	-1	-1	7	10	
261	262	12003	-1	21	草原匪帮		273.6586	98.174202	7	-1	1000	-1	-1	0	-1	-1	-1	-1	-1	-1	-1	7	10	
262	263	12003	-1	21	草原匪帮		248.69458	109.294525	27	-1	1000	-1	-1	0	-1	-1	-1	-1	-1	-1	-1	7	10	
263	264	12003	-1	21	草原匪帮		251.64357	137.481476	12	-1	1000	-1	-1	0	-1	-1	-1	-1	-1	-1	-1	7	10	
264	265	12003	-1	21	草原匪帮		247.802734	102.695724	22	-1	1000	-1	-1	0	-1	-1	-1	-1	-1	-1	-1	7	10	
265	266	12003	-1	21	草原匪帮		281.077087	117.871132	12	-1	1000	-1	-1	0	-1	-1	-1	-1	-1	-1	-1	7	10	
266	267	12003	-1	21	草原匪帮		262.67923	113.425949	22	-1	1000	-1	-1	0	-1	-1	-1	-1	-1	-1	-1	7	10	
267	268	12003	-1	21	草原匪帮		294.157562	117.244164	14	-1	1000	-1	-1	0	-1	-1	-1	-1	-1	-1	-1	7	10	
268	269	12003	-1	21	草原匪帮		277.748566	119.626541	14	-1	1000	-1	-1	0	-1	-1	-1	-1	-1	-1	-1	7	10	
269	270	12003	-1	21	草原匪帮		292.107361	118.47049	14	-1	1000	-1	-1	0	-1	-1	-1	-1	-1	-1	-1	7	10	
270	271	12003	-1	21	草原匪帮		250.663101	121.17347	14	-1	1000	-1	-1	0	-1	-1	-1	-1	-1	-1	-1	7	10	
271	272	12003	-1	21	草原匪帮		266.131256	128.593338	14	-1	1000	-1	-1	0	-1	-1	-1	-1	-1	-1	-1	7	10	
272	273	12003	-1	21	草原匪帮		248.939575	116.099403	14	-1	1000	-1	-1	0	-1	-1	-1	-1	-1	-1	-1	7	10	
273	274	12003	-1	21	草原匪帮		263.656158	95.99054	0	-1	1000	-1	-1	0	0	-1	-1	-1	-1	-1	-1	7	10	
274	275	12003	-1	21	草原匪帮		293.908783	98.036232	7	-1	1000	-1	-1	0	-1	-1	-1	-1	-1	-1	-1	7	10	
275	276	12003	-1	21	草原匪帮		288.294525	99.27845	27	-1	1000	-1	-1	0	-1	-1	-1	-1	-1	-1	-1	7	10	
276	277	12003	-1	21	草原匪帮		246.714508	121.55452	7	-1	1000	-1	-1	0	-1	-1	-1	-1	-1	-1	-1	7	10	
277	278	12003	-1	21	草原匪帮		268.177399	97.139267	27	-1	1000	-1	-1	0	-1	-1	-1	-1	-1	-1	-1	7	10	
278	279	12003	-1	21	草原匪帮		262.245728	144.056488	12	-1	1000	-1	-1	0	-1	-1	-1	-1	-1	-1	-1	7	10	
279	280	12003	-1	21	草原匪帮		258.127686	138.882965	22	-1	1000	-1	-1	0	-1	-1	-1	-1	-1	-1	-1	7	10	
280	281	12003	-1	21	草原匪帮		289.041962	121.903664	12	-1	1000	-1	-1	0	-1	-1	-1	-1	-1	-1	-1	7	10	
281	282	12003	-1	21	草原匪帮		251.442139	124.267845	22	-1	1000	-1	-1	0	-1	-1	-1	-1	-1	-1	-1	7	10	
282	283	12003	-1	21	草原匪帮		262.759796	136.247513	14	-1	1000	-1	-1	0	-1	-1	-1	-1	-1	-1	-1	7	10	
283	284	12003	-1	21	草原匪帮		251.694077	109.376213	14	-1	1000	-1	-1	0	-1	-1	-1	-1	-1	-1	-1	7	10	
284	285	12003	-1	21	草原匪帮		277.98941	108.336868	14	-1	1000	-1	-1	0	-1	-1	-1	-1	-1	-1	-1	7	10	
285	286	12003	-1	21	草原匪帮		246.735321	137.924698	14	-1	1000	-1	-1	0	-1	-1	-1	-1	-1	-1	-1	7	10	
286	287	12003	-1	21	草原匪帮		247.602768	146.539429	14	-1	1000	-1	-1	0	-1	-1	-1	-1	-1	-1	-1	7	10	
287	288	12003	-1	21	草原匪帮		271.152588	104.38266	14	-1	1000	-1	-1	0	-1	-1	-1	-1	-1	-1	-1	7	10	
288	289	12003	-1	21	草原匪帮		280.212158	102.926666	0	-1	1000	-1	-1	0	0	-1	-1	-1	-1	-1	-1	7	10	
289	290	12003	-1	21	草原匪帮		277.315887	114.672478	7	-1	1000	-1	-1	0	-1	-1	-1	-1	-1	-1	-1	7	10	
290	291	12003	-1	21	草原匪帮		283.89978	97.149353	27	-1	1000	-1	-1	0	-1	-1	-1	-1	-1	-1	-1	7	10	
291	292	12003	-1	21	草原匪帮		259.776703	118.539192	7	-1	1000	-1	-1	0	-1	-1	-1	-1	-1	-1	-1	7	10	
292	293	12003	-1	21	草原匪帮		255.735321	128.174942	27	-1	1000	-1	-1	0	-1	-1	-1	-1	-1	-1	-1	7	10	
293	294	12003	-1	21	草原匪帮		252.431595	139.87851	12	-1	1000	-1	-1	0	-1	-1	-1	-1	-1	-1	-1	7	10	
294	295	12003	-1	21	草原匪帮		253.585587	130.318893	22	-1	1000	-1	-1	0	-1	-1	-1	-1	-1	-1	-1	7	10	
295	296	12003	-1	21	草原匪帮		266.88443	135.059845	12	-1	1000	-1	-1	0	-1	-1	-1	-1	-1	-1	-1	7	10	
296	297	12003	-1	21	草原匪帮		291.917084	102.006882	22	-1	1000	-1	-1	0	-1	-1	-1	-1	-1	-1	-1	7	10	
297	298	12003	-1	21	草原匪帮		294.600372	122.372932	14	-1	1000	-1	-1	0	-1	-1	-1	-1	-1	-1	-1	7	10	
298	299	12003	-1	21	草原匪帮		262.588135	122.079056	14	-1	1000	-1	-1	0	-1	-1	-1	-1	-1	-1	-1	7	10	
299	300	12003	-1	21	草原匪帮		289.812927	108.618156	14	-1	1000	-1	-1	0	-1	-1	-1	-1	-1	-1	-1	7	10	
300	301	12003	-1	21	草原匪帮		279.497681	130.546127	14	-1	1000	-1	-1	0	-1	-1	-1	-1	-1	-1	-1	7	10	
301	302	12003	-1	21	草原匪帮		297.239014	106.234833	14	-1	1000	-1	-1	0	-1	-1	-1	-1	-1	-1	-1	7	10	
302	303	12003	-1	21	草原匪帮		243.111053	112.588036	14	-1	1000	-1	-1	0	-1	-1	-1	-1	-1	-1	-1	7	10	
303	304	12003	-1	21	草原匪帮		277.634979	128.628891	0	-1	1000	-1	-1	0	0	-1	-1	-1	-1	-1	-1	7	10	
304	305	12003	-1	21	草原匪帮		270.742767	115.984581	7	-1	1000	-1	-1	0	-1	-1	-1	-1	-1	-1	-1	7	10	
305	306	12003	-1	21	草原匪帮		268.135681	120.101212	27	-1	1000	-1	-1	0	-1	-1	-1	-1	-1	-1	-1	7	10	
306	307	12003	-1	21	草原匪帮		245.86174	143.186966	7	-1	1000	-1	-1	0	-1	-1	-1	-1	-1	-1	-1	7	10	
307	308	12003	-1	21	草原匪帮		250.008881	118.948914	27	-1	1000	-1	-1	0	-1	-1	-1	-1	-1	-1	-1	7	10	
308	309	12003	-1	21	草原匪帮		266.492523	139.126282	12	-1	1000	-1	-1	0	-1	-1	-1	-1	-1	-1	-1	7	10	
309	310	12003	-1	21	草原匪帮		246.525375	128.080521	22	-1	1000	-1	-1	0	-1	-1	-1	-1	-1	-1	-1	7	10	
310	311	12003	-1	21	草原匪帮		256.603668	142.6362	12	-1	1000	-1	-1	0	-1	-1	-1	-1	-1	-1	-1	7	10	
311	312	12003	-1	21	草原匪帮		293.928864	105.313698	22	-1	1000	-1	-1	0	-1	-1	-1	-1	-1	-1	-1	7	10	
312	313	12003	-1	21	草原匪帮		262.300354	108.079933	14	-1	1000	-1	-1	0	-1	-1	-1	-1	-1	-1	-1	7	10	
313	314	12003	-1	21	草原匪帮		277.681244	131.64328	14	-1	1000	-1	-1	0	-1	-1	-1	-1	-1	-1	-1	7	10	
314	315	12003	-1	21	草原匪帮		246.740891	135.400497	14	-1	1000	-1	-1	0	-1	-1	-1	-1	-1	-1	-1	7	10	
315	316	12003	-1	21	草原匪帮		250.187424	129.929474	14	-1	1000	-1	-1	0	-1	-1	-1	-1	-1	-1	-1	7	10	
316	317	12003	-1	21	草原匪帮		269.618958	123.730026	14	-1	1000	-1	-1	0	-1	-1	-1	-1	-1	-1	-1	7	10	
317	318	12003	-1	21	草原匪帮		284.328064	109.723244	14	-1	1000	-1	-1	0	-1	-1	-1	-1	-1	-1	-1	7	10	
318	319	12003	-1	21	草原匪帮		283.485046	123.652596	0	-1	1000	-1	-1	0	0	-1	-1	-1	-1	-1	-1	7	10	
319	320	12003	-1	21	草原匪帮		283.793304	127.326385	7	-1	1000	-1	-1	0	-1	-1	-1	-1	-1	-1	-1	7	10	
320	321	12003	-1	21	草原匪帮		273.261353	118.361992	27	-1	1000	-1	-1	0	-1	-1	-1	-1	-1	-1	-1	7	10	
321	322	12003	-1	21	草原匪帮		276.109741	101.884102	7	-1	1000	-1	-1	0	-1	-1	-1	-1	-1	-1	-1	7	10	
322	323	12003	-1	21	草原匪帮		252.183502	144.806747	27	-1	1000	-1	-1	0	-1	-1	-1	-1	-1	-1	-1	7	10	
323	324	12003	-1	21	草原匪帮		251.64357	137.481476	12	-1	1000	-1	-1	0	-1	-1	-1	-1	-1	-1	-1	7	10	
324	325	12003	-1	21	草原匪帮		249.505341	110.371346	22	-1	1000	-1	-1	0	-1	-1	-1	-1	-1	-1	-1	7	10	
325	326	12003	-1	21	草原匪帮		287.948456	113.269798	12	-1	1000	-1	-1	0	-1	-1	-1	-1	-1	-1	-1	7	10	
326	327	12003	-1	21	草原匪帮		274.596924	123.037659	22	-1	1000	-1	-1	0	-1	-1	-1	-1	-1	-1	-1	7	10	
327	328	12003	-1	21	草原匪帮		294.157562	117.244164	14	-1	1000	-1	-1	0	-1	-1	-1	-1	-1	-1	-1	7	10	
328	329	12003	-1	21	草原匪帮		270.562714	128.908676	14	-1	1000	-1	-1	0	-1	-1	-1	-1	-1	-1	-1	7	10	
329	330	12003	-1	21	草原匪帮		292.107361	118.47049	14	-1	1000	-1	-1	0	-1	-1	-1	-1	-1	-1	-1	7	10	
330	331	12003	-1	21	草原匪帮		254.086685	102.113319	14	-1	1000	-1	-1	0	-1	-1	-1	-1	-1	-1	-1	7	10	
331	332	12003	-1	21	草原匪帮		266.131256	128.593338	14	-1	1000	-1	-1	0	-1	-1	-1	-1	-1	-1	-1	7	10	
332	333	12003	-1	21	草原匪帮		248.939575	116.099403	14	-1	1000	-1	-1	0	-1	-1	-1	-1	-1	-1	-1	7	10	
333	334	12003	-1	21	草原匪帮		272.490753	135.323547	0	-1	1000	-1	-1	0	0	-1	-1	-1	-1	-1	-1	7	10	
334	335	12003	-1	21	草原匪帮		285.388977	117.704308	7	-1	1000	-1	-1	0	-1	-1	-1	-1	-1	-1	-1	7	10	
335	336	12003	-1	21	草原匪帮		282.839325	103.672318	27	-1	1000	-1	-1	0	-1	-1	-1	-1	-1	-1	-1	7	10	
336	337	12004	-1	24	哲别村守卫		262.680817	141.141388	0	0	10000	-1	-1	0	81	-1	-1	-1	-1	-1	-1	60	10	
337	338	12004	-1	24	哲别村守卫		269.849396	142.119324	0	0	10000	-1	-1	0	81	-1	-1	-1	-1	-1	-1	60	10	
338	339	12004	-1	24	哲别村守卫		254.266708	136.792038	0	0	10000	-1	-1	0	81	-1	-1	-1	-1	-1	-1	60	10	
339	340	12004	-1	24	哲别村守卫		291.459778	124.455429	0	0	10000	-1	-1	0	81	-1	-1	-1	-1	-1	-1	60	10	
340	341	12004	-1	24	哲别村守卫		286.49942	126.477631	0	0	10000	-1	-1	0	81	-1	-1	-1	-1	-1	-1	60	10	
341	342	12004	-1	24	哲别村守卫		260.111206	133.449265	0	0	10000	-1	-1	0	81	-1	-1	-1	-1	-1	-1	60	10	
342	343	12004	-1	24	哲别村守卫		269.74176	137.701813	0	0	10000	-1	-1	0	81	-1	-1	-1	-1	-1	-1	60	10	
343	344	12004	-1	24	哲别村守卫		282.338623	122.500626	0	0	10000	-1	-1	0	81	-1	-1	-1	-1	-1	-1	60	10	
344	345	12004	-1	24	哲别村守卫		274.422272	134.077621	0	0	10000	-1	-1	0	81	-1	-1	-1	-1	-1	-1	60	10	
345	346	658	138008	24	哈穆图	哲别村卫队长	232.365601	238.613297	28	-1	1000	-1	-1	3	0	-1	-1	-1	-1	-1	-1	20	5	
346	347	12006	-1	24	王城先遣队		363.632141	131.916809	20	0	10000	-1	-1	3	0	-1	-1	-1	-1	-1	-1	60	5	
347	348	12006	-1	24	王城先遣队		379.296143	132.086136	28	0	10000	-1	-1	3	0	-1	-1	-1	-1	-1	-1	60	5	
348	349	12006	-1	24	王城先遣队		369.559082	145.694855	4	0	10000	-1	-1	0	0	-1	-1	-1	-1	-1	-1	60	5	
349	350	12006	-1	24	王城先遣队		373.41687	129.462143	20	0	10000	-1	-1	0	0	-1	-1	-1	-1	-1	-1	60	5	
350	351	11960	138009	24	拉木	王城前锋校尉	347.378967	128.568817	24	-1	1000	-1	-1	3	0	-1	-1	-1	-1	-1	-1	20	5	
351	352	4380	138010	24	钥匙老人		299.190033	324.640289	9	-1	1000	-1	-1	3	0	-1	-1	-1	-1	-1	-1	20	5	
352	353	12002	138026	21	海都亲卫		302.565155	217.11792	31	0	1000	-1	-1	0	0	-1	-1	-1	-1	-1	-1	9	5	
353	354	12002	138026	21	海都亲卫		342.744781	240.125397	23	0	1000	-1	-1	0	0	-1	-1	-1	-1	-1	-1	9	5	
354	355	12002	138026	21	海都亲卫		313.316193	239.628799	5	0	1000	-1	-1	0	0	-1	-1	-1	-1	-1	-1	9	5	
355	356	12002	138026	21	海都亲卫		302.468567	231.981781	30	0	1000	-1	-1	0	0	-1	-1	-1	-1	-1	-1	9	5	
356	357	12002	138026	21	海都亲卫		295.020416	259.607666	33	0	1000	-1	-1	0	0	-1	-1	-1	-1	-1	-1	9	5	
357	358	12002	138026	21	海都亲卫		316.336182	245.951904	22	0	1000	-1	-1	0	0	-1	-1	-1	-1	-1	-1	9	5	
358	359	12002	138026	21	海都亲卫		283.048065	249.071106	25	0	1000	-1	-1	0	0	-1	-1	-1	-1	-1	-1	9	5	
359	360	12002	138026	21	海都亲卫		243.956085	275.358612	17	0	1000	-1	-1	0	0	-1	-1	-1	-1	-1	-1	9	5	
360	361	12002	138026	21	海都亲卫		300.309113	228.422333	21	0	1000	-1	-1	0	0	-1	-1	-1	-1	-1	-1	9	5	
361	362	12002	138026	21	海都亲卫		295.896515	227.776627	15	0	1000	-1	-1	0	0	-1	-1	-1	-1	-1	-1	9	5	
362	363	12002	138026	21	海都亲卫		289.124969	260.453369	27	0	1000	-1	-1	0	0	-1	-1	-1	-1	-1	-1	9	5	
363	364	12002	138026	21	海都亲卫		308.697571	262.490692	20	0	1000	-1	-1	0	0	-1	-1	-1	-1	-1	-1	9	5	
364	365	12002	138026	21	海都亲卫		345.664917	241.922562	17	0	1000	-1	-1	0	0	-1	-1	-1	-1	-1	-1	9	5	
365	366	12002	138026	21	海都亲卫		299.215027	262.800964	31	0	1000	-1	-1	0	0	-1	-1	-1	-1	-1	-1	9	5	
366	367	12002	138026	21	海都亲卫		274.453491	245.799515	23	0	1000	-1	-1	0	0	-1	-1	-1	-1	-1	-1	9	5	
367	368	12002	138026	21	海都亲卫		295.324493	262.330597	5	0	1000	-1	-1	0	0	-1	-1	-1	-1	-1	-1	9	5	
368	369	12002	138026	21	海都亲卫		304.264587	261.801788	30	0	1000	-1	-1	0	0	-1	-1	-1	-1	-1	-1	9	5	
369	370	12002	138026	21	海都亲卫		318.788208	255.160797	33	0	1000	-1	-1	0	0	-1	-1	-1	-1	-1	-1	9	5	
370	371	12002	138026	21	海都亲卫		311.24411	254.805923	22	0	1000	-1	-1	0	0	-1	-1	-1	-1	-1	-1	9	5	
371	372	12002	138026	21	海都亲卫		307.981964	234.33876	25	0	1000	-1	-1	0	0	-1	-1	-1	-1	-1	-1	9	5	
372	373	12002	138026	21	海都亲卫		287.557068	252.476563	17	0	1000	-1	-1	0	0	-1	-1	-1	-1	-1	-1	9	5	
373	374	12002	138026	21	海都亲卫		314.16275	236.364594	21	0	1000	-1	-1	0	0	-1	-1	-1	-1	-1	-1	9	5	
374	375	12002	138026	21	海都亲卫		296.575409	224.844727	15	0	1000	-1	-1	0	0	-1	-1	-1	-1	-1	-1	9	5	
375	376	12002	138026	21	海都亲卫		289.592194	256.551636	27	0	1000	-1	-1	0	0	-1	-1	-1	-1	-1	-1	9	5	
376	377	12002	138026	21	海都亲卫		342.752197	245.11702	20	0	1000	-1	-1	0	0	-1	-1	-1	-1	-1	-1	9	5	
377	378	12002	138026	21	海都亲卫		320.617737	239.475815	17	0	1000	-1	-1	0	0	-1	-1	-1	-1	-1	-1	9	5	
378	379	12002	138026	21	海都亲卫		281.294495	240.010605	31	0	1000	-1	-1	0	0	-1	-1	-1	-1	-1	-1	9	5	
379	380	12002	138026	21	海都亲卫		286.06955	237.87027	23	0	1000	-1	-1	0	0	-1	-1	-1	-1	-1	-1	9	5	
380	381	12002	138026	21	海都亲卫		312.53006	260.499695	5	0	1000	-1	-1	0	0	-1	-1	-1	-1	-1	-1	9	5	
381	382	12002	138026	21	海都亲卫		292.255615	263.627747	30	0	1000	-1	-1	0	0	-1	-1	-1	-1	-1	-1	9	5	
382	383	12002	138026	21	海都亲卫		358.742523	221.1922	33	0	1000	-1	-1	0	0	-1	-1	-1	-1	-1	-1	9	5	
383	384	12002	138026	21	海都亲卫		352.687347	251.862122	22	0	1000	-1	-1	0	0	-1	-1	-1	-1	-1	-1	9	5	
384	385	12002	138026	21	海都亲卫		354.543488	214.94072	25	0	1000	-1	-1	0	0	-1	-1	-1	-1	-1	-1	9	5	
385	386	12002	138026	21	海都亲卫		270.153351	247.300308	17	0	1000	-1	-1	0	0	-1	-1	-1	-1	-1	-1	9	5	
386	387	12002	138026	21	海都亲卫		305.485077	256.588226	21	0	1000	-1	-1	0	0	-1	-1	-1	-1	-1	-1	9	5	
387	388	12002	138026	21	海都亲卫		296.575409	224.844727	15	0	1000	-1	-1	0	0	-1	-1	-1	-1	-1	-1	9	5	
388	389	12002	138026	21	海都亲卫		263.026062	246.834915	27	0	1000	-1	-1	0	0	-1	-1	-1	-1	-1	-1	9	5	
389	390	12002	138026	21	海都亲卫		308.112823	250.07959	20	0	1000	-1	-1	0	0	-1	-1	-1	-1	-1	-1	9	5	
390	391	12002	138026	21	海都亲卫		322.851074	244.693466	17	0	1000	-1	-1	0	0	-1	-1	-1	-1	-1	-1	9	5	
391	392	12002	138026	21	海都亲卫		293.559784	258.407684	31	0	1000	-1	-1	0	0	-1	-1	-1	-1	-1	-1	9	5	
392	393	12002	138026	21	海都亲卫		291.387787	227.852554	23	0	1000	-1	-1	0	0	-1	-1	-1	-1	-1	-1	9	5	
393	394	12002	138026	21	海都亲卫		355.424591	267.522858	5	0	1000	-1	-1	0	0	-1	-1	-1	-1	-1	-1	9	5	
394	395	12002	138026	21	海都亲卫		298.960541	213.87738	30	0	1000	-1	-1	0	0	-1	-1	-1	-1	-1	-1	9	5	
395	396	12002	138026	21	海都亲卫		260.315765	241.301514	33	0	1000	-1	-1	0	0	-1	-1	-1	-1	-1	-1	9	5	
396	397	12002	138026	21	海都亲卫		314.842316	255.383636	22	0	1000	-1	-1	0	0	-1	-1	-1	-1	-1	-1	9	5	
397	398	12002	138026	21	海都亲卫		290.25946	232.083008	25	0	1000	-1	-1	0	0	-1	-1	-1	-1	-1	-1	9	5	
398	399	12002	138026	21	海都亲卫		243.249023	257.758698	17	0	1000	-1	-1	0	0	-1	-1	-1	-1	-1	-1	9	5	
399	400	12002	138026	21	海都亲卫		304.200317	220.100769	21	0	1000	-1	-1	0	0	-1	-1	-1	-1	-1	-1	9	5	
400	401	12002	138026	21	海都亲卫		296.575409	224.844727	15	0	1000	-1	-1	0	0	-1	-1	-1	-1	-1	-1	9	5	
401	402	12002	138026	21	海都亲卫		279.895844	247.731354	27	0	1000	-1	-1	0	0	-1	-1	-1	-1	-1	-1	9	5	
402	403	12002	138026	21	海都亲卫		291	242	20	0	1000	-1	-1	0	87	7	-1	-1	-1	-1	-1	9	5	
403	404	12002	138026	21	海都亲卫		291	242	17	0	1000	-1	-1	0	87	7	-1	-1	-1	-1	-1	9	5	
404	405	12002	138026	21	海都亲卫		291	242	23	0	1000	-1	-1	0	87	7	-1	-1	-1	-1	-1	9	5	
405	406	12002	138026	21	海都亲卫		291	242	5	0	1000	-1	-1	0	87	7	-1	-1	-1	-1	-1	9	5	
406	407	12002	138026	21	海都亲卫		291	242	30	0	1000	-1	-1	0	0	7	-1	-1	-1	-1	-1	9	5	
407	408	12002	138026	21	海都亲卫		291	242	33	0	1000	-1	-1	0	0	7	-1	-1	-1	-1	-1	9	5	
408	409	12002	138026	21	海都亲卫		291	242	22	0	1000	-1	-1	0	0	7	-1	-1	-1	-1	-1	9	5	
409	410	12002	138026	21	海都亲卫		291	242	25	0	1000	-1	-1	0	87	9	-1	-1	-1	-1	-1	9	5	
410	411	12002	138026	21	海都亲卫		291	242	17	0	1000	-1	-1	0	87	9	-1	-1	-1	-1	-1	9	5	
411	412	12002	138026	21	海都亲卫		291	242	21	0	1000	-1	-1	0	87	9	-1	-1	-1	-1	-1	9	5	
412	413	12002	138026	21	海都亲卫		291	242	15	0	1000	-1	-1	0	87	9	-1	-1	-1	-1	-1	9	5	
413	414	12002	138026	21	海都亲卫		291	242	27	0	1000	-1	-1	0	0	9	-1	-1	-1	-1	-1	9	5	
414	415	12002	138026	21	海都亲卫		311	243	20	0	1000	-1	-1	0	0	8	-1	-1	-1	-1	-1	9	5	
415	416	12002	138026	21	海都亲卫		311	243	17	0	1000	-1	-1	0	0	8	-1	-1	-1	-1	-1	9	5	
416	417	12002	138026	21	海都亲卫		311	243	5	0	1000	-1	-1	0	0	8	-1	-1	-1	-1	-1	9	5	
417	418	12002	138026	21	海都亲卫		311	243	30	0	1000	-1	-1	0	87	8	-1	-1	-1	-1	-1	9	5	
418	419	12002	138026	21	海都亲卫		311	243	33	0	1000	-1	-1	0	87	8	-1	-1	-1	-1	-1	9	5	
419	420	12002	138026	21	海都亲卫		311	243	22	0	1000	-1	-1	0	87	8	-1	-1	-1	-1	-1	9	5	
420	421	12002	138026	21	海都亲卫		311	243	25	0	1000	-1	-1	0	87	8	-1	-1	-1	-1	-1	9	5	
421	422	12002	138026	21	海都亲卫		311	243	17	0	1000	-1	-1	0	0	10	-1	-1	-1	-1	-1	9	5	
422	423	12002	138026	21	海都亲卫		311	243	21	0	1000	-1	-1	0	0	10	-1	-1	-1	-1	-1	9	5	
423	424	12002	138026	21	海都亲卫		311	243	15	0	1000	-1	-1	0	0	10	-1	-1	-1	-1	-1	9	5	
424	425	12002	138026	21	海都亲卫		311	243	27	0	1000	-1	-1	0	0	10	-1	-1	-1	-1	-1	9	5	
425	426	12002	138026	21	海都亲卫		311	243	20	0	1000	-1	-1	0	87	10	-1	-1	-1	-1	-1	9	5	
426	427	12002	138026	21	海都亲卫		311	243	17	0	1000	-1	-1	0	87	10	-1	-1	-1	-1	-1	9	5	
427	428	12002	138026	21	海都亲卫		311	243	31	0	1000	-1	-1	0	87	10	-1	-1	-1	-1	-1	9	5	
428	429	12002	138026	21	海都亲卫		311	243	23	0	1000	-1	-1	0	87	10	-1	-1	-1	-1	-1	9	5	
429	430	12002	138026	21	海都亲卫	 	302.08432	259.047119	5	0	1000	-1	-1	0	0	-1	-1	-1	-1	-1	-1	9	5	
430	431	12002	138026	21	海都亲卫		290.28183	235.675858	30	0	1000	-1	-1	0	0	-1	-1	-1	-1	-1	-1	9	5	
431	432	12002	138026	21	海都亲卫		300.246674	255.904358	33	0	1000	-1	-1	0	0	-1	-1	-1	-1	-1	-1	9	5	
432	433	12002	138026	21	海都亲卫		316.389008	241.613632	22	0	1000	-1	-1	0	0	-1	-1	-1	-1	-1	-1	9	5	
433	434	12002	138026	21	海都亲卫		295.274902	265.683838	25	0	1000	-1	-1	0	0	-1	-1	-1	-1	-1	-1	9	5	
434	435	12002	138026	21	海都亲卫		300.329926	252.802841	17	0	1000	-1	-1	0	0	-1	-1	-1	-1	-1	-1	9	5	
435	436	12002	138026	21	海都亲卫		302.690765	255.126282	21	0	1000	-1	-1	0	0	-1	-1	-1	-1	-1	-1	9	5	
436	437	12002	138026	21	海都亲卫		331.050446	245.536118	15	0	1000	-1	-1	0	0	-1	-1	-1	-1	-1	-1	9	5	
437	438	12002	138026	21	海都亲卫		286.565521	248.488754	27	0	1000	-1	-1	0	0	-1	-1	-1	-1	-1	-1	9	5	
438	439	12002	138026	21	海都亲卫		335.887482	240.199463	20	0	1000	-1	-1	0	0	-1	-1	-1	-1	-1	-1	9	5	
439	440	12002	138026	21	海都亲卫		298.189636	256.772369	17	0	1000	-1	-1	0	0	-1	-1	-1	-1	-1	-1	9	5	
440	441	12002	138026	21	海都亲卫		270.480927	242.803802	23	0	1000	-1	-1	0	0	-1	-1	-1	-1	-1	-1	9	5	
441	442	12002	138026	21	海都亲卫		275.363037	240.544357	5	0	1000	-1	-1	0	0	-1	-1	-1	-1	-1	-1	9	5	
442	443	12002	138026	21	海都亲卫		287.183929	235.251663	30	0	1000	-1	-1	0	0	-1	-1	-1	-1	-1	-1	9	5	
443	444	12002	138026	21	海都亲卫		320.549103	238.95874	33	0	1000	-1	-1	0	0	-1	-1	-1	-1	-1	-1	9	5	
444	445	12002	138026	21	海都亲卫		310.930786	231.345184	22	0	1000	-1	-1	0	0	-1	-1	-1	-1	-1	-1	9	5	
445	446	12002	138026	21	海都亲卫		304.5466	227.564316	25	0	1000	-1	-1	0	0	-1	-1	-1	-1	-1	-1	9	5	
446	447	12002	138026	21	海都亲卫		298.367065	221.974274	17	0	1000	-1	-1	0	0	-1	-1	-1	-1	-1	-1	9	5	
447	448	12002	138026	21	海都亲卫		303.263885	224.052094	21	0	1000	-1	-1	0	0	-1	-1	-1	-1	-1	-1	9	5	
448	449	12002	138026	21	海都亲卫		332.897797	240.27948	15	0	1000	-1	-1	0	0	-1	-1	-1	-1	-1	-1	9	5	
449	450	12002	138026	21	海都亲卫		328.721924	241.310104	27	0	1000	-1	-1	0	0	-1	-1	-1	-1	-1	-1	9	5	
450	451	12002	138026	21	海都亲卫		317.627289	252.370987	20	0	1000	-1	-1	0	0	-1	-1	-1	-1	-1	-1	9	5	
451	452	12002	138026	21	海都亲卫		304.660797	255.171204	17	0	1000	-1	-1	0	0	-1	-1	-1	-1	-1	-1	9	5	
452	453	2482	-1	20	    		291	242	8	-1	1000	-1	-1	3	0	-1	-1	-1	-1	-1	-1	20	5	
453	454	2482	-1	20	    		311	243	33	-1	1000	-1	-1	3	0	-1	-1	-1	-1	-1	-1	20	5	
454	455	4381	138001	24	雄鹰长老	王国先贤	305.910461	288.696503	21	-1	1000	-1	-1	3	0	-1	-1	-1	-1	-1	-1	20	5	
455	456	4403	138002	24	智者哈达	王国先贤	293.75769	288.213745	33	-1	1000	-1	-1	3	0	-1	-1	-1	-1	-1	-1	20	5	
456	457	2478	-1	20	    		305.910461	288.696503	21	-1	1000	-1	-1	3	0	-1	-1	-1	-1	-1	-1	20	5	
457	458	2479	-1	20	    		293.75769	288.213745	33	-1	1000	-1	-1	3	0	-1	-1	-1	-1	-1	-1	20	5	
458	459	47	138004	20	年轻的穆图		328.634186	247.886261	17	-1	10000	-1	-1	0	0	-1	-1	-1	-1	-1	-1	20	5	
459	460	2458	138005	20	草原之花	雄鹰长老之女	362.274841	214.902817	19	-1	10000	-1	-1	3	0	-1	-1	-1	-1	-1	-1	20	5	
460	461	2454	137801	24	哈丹巴特尔	哲别村勇士	219.748993	260.295013	0	0	10000	-1	-1	0	77	-1	-1	-1	-1	-1	-1	60	5	
461	462	2454	137802	24	额尔德木图	哲别村勇士	251.050644	276.382782	12	0	10000	-1	-1	0	78	-1	-1	-1	-1	-1	-1	60	5	
462	463	2455	137803	24	德木图妻子		247.154007	280.057007	8	0	10000	-1	-1	0	79	-1	-1	-1	-1	-1	-1	60	5	
463	464	2456	137804	24	阿木古郎	德木图之子	248.282379	279.791687	16	0	10000	-1	-1	0	80	-1	-1	-1	-1	-1	-1	60	5	
464	465	2457	137805	24	其其格	苍狼长老之女	304.623718	212.75322	30	0	10000	-1	-1	0	76	-1	-1	-1	-1	-1	-1	60	5	
465	466	2458	137806	24	格日乐	苍狼长老之女	265.145752	247.474945	0	0	10000	-1	-1	0	77	-1	-1	-1	-1	-1	-1	60	5	
466	467	2459	137807	24	乌力吉		266.967163	247.297791	0	0	10000	-1	-1	0	78	-1	-1	-1	-1	-1	-1	60	5	
467	468	2460	137808	24	巴雅尔		273.449554	242.439224	16	0	10000	-1	-1	0	79	-1	-1	-1	-1	-1	-1	60	5	
468	469	2461	137809	24	乌日娜老人		268.318634	248.044647	8	0	10000	-1	-1	0	80	-1	-1	-1	-1	-1	-1	60	5	
469	470	2462	137810	24	哈斯巴根	哲别村铁匠	309.243561	225.76358	22	0	10000	-1	-1	0	76	-1	-1	-1	-1	-1	-1	60	5	
470	471	2463	137811	24	小学徒		320.224579	234.733307	28	0	10000	-1	-1	0	77	-1	-1	-1	-1	-1	-1	60	5	
471	472	2464	137812	24	阿古	渔民	355.832306	216.322693	24	0	10000	-1	-1	3	0	-1	-1	-1	-1	-1	-1	60	5	
472	473	2465	137813	24	卓力格图	雄鹰长老之子	360.574341	222.329147	16	0	10000	-1	-1	0	79	-1	-1	-1	-1	-1	-1	60	5	
473	474	2466	137814	24	阿古拉		350.911804	174.796082	8	0	10000	-1	-1	0	80	-1	-1	-1	-1	-1	-1	60	5	
474	475	2467	137815	24	阿古达木	牧场主	353.562683	270.379242	4	0	10000	-1	-1	0	76	-1	-1	-1	-1	-1	-1	60	5	
475	476	2455	137816	24	塔拉	厨娘	365.183044	268.799713	0	0	10000	-1	-1	0	77	-1	-1	-1	-1	-1	-1	60	5	
476	477	2452	137817	24	牧民		361.236145	272.244171	32	0	10000	-1	-1	0	78	-1	-1	-1	-1	-1	-1	60	5	
477	478	2452	137818	24	牧民		350.25354	255.368073	0	0	10000	-1	-1	0	79	-1	-1	-1	-1	-1	-1	60	5	
478	479	2452	137819	24	牧民		366.246155	274.380676	16	0	10000	-1	-1	0	80	-1	-1	-1	-1	-1	-1	60	5	
479	480	2455	137820	24	莎林娜	女仆	352.778076	263.472076	4	0	10000	-1	-1	0	76	-1	-1	-1	-1	-1	-1	60	5	
480	481	2468	137821	24	矿主妻子		353.118958	261.966034	0	0	10000	-1	-1	0	77	-1	-1	-1	-1	-1	-1	60	5	
481	482	2469	137822	24	满都拉图	大商贩	254.305328	210.909836	14	0	10000	-1	-1	0	78	-1	-1	-1	-1	-1	-1	60	5	
482	483	2469	137823	24	巴音	大商贩	254.681015	196.709366	18	0	10000	-1	-1	0	79	-1	-1	-1	-1	-1	-1	60	5	
483	484	2470	137824	24	那日松	大商贩	224.175079	262.98468	6	0	10000	-1	-1	0	0	-1	-1	-1	-1	-1	-1	60	5	
484	485	2471	137825	24	特木尔	猎人	165.762253	267.886322	4	0	10000	-1	-1	0	76	-1	-1	-1	-1	-1	-1	60	5	
485	486	2472	137826	24	商队护卫		253.570435	198.743744	12	0	10000	-1	-1	0	77	-1	-1	-1	-1	-1	-1	60	5	
486	487	2472	137826	24	商队护卫		263.640656	182.514465	8	0	10000	-1	-1	0	78	-1	-1	-1	-1	-1	-1	60	5	
487	488	2472	137826	24	商队护卫		228.610382	264.919617	8	0	10000	-1	-1	0	0	-1	-1	-1	-1	-1	-1	60	5	
488	489	2472	137826	24	商队护卫		256.423401	209.485046	16	0	10000	-1	-1	0	80	-1	-1	-1	-1	-1	-1	60	5	
489	490	2472	137826	24	商队护卫		251.446716	225.033722	4	0	10000	-1	-1	0	76	-1	-1	-1	-1	-1	-1	60	5	
490	491	2472	137826	24	商队护卫		264.550812	178.778458	12	0	10000	-1	-1	0	77	-1	-1	-1	-1	-1	-1	60	5	
491	492	12004	137827	24	校尉护卫		229.513718	238.026367	28	0	10000	-1	-1	3	0	-1	-1	-1	-1	-1	-1	60	5	
492	493	12004	137827	24	校尉护卫		234.502579	237.77063	24	0	10000	-1	-1	3	0	-1	-1	-1	-1	-1	-1	60	5	
493	494	12007	-1	21	海都大王	十八魔君之首	301.112793	241.798279	26	0	10000	-1	-1	6	1014	-1	-1	-1	-1	-1	-1	80	5	
494	495	12004	137828	24	牧村卫兵	哲别村	338.73938	242.620361	4	0	10000	-1	-1	0	0	-1	-1	-1	-1	-1	-1	60	5	
495	496	12004	137829	24	牧村卫兵	哲别村	295.691162	219.702286	32	0	10000	-1	-1	0	0	-1	-1	-1	-1	-1	-1	60	5	
496	497	12004	137830	24	牧村卫兵	哲别村	307.442596	218.352661	16	0	10000	-1	-1	0	0	4	-1	-1	-1	-1	-1	60	5	
497	498	12004	137831	24	牧村卫兵	哲别村	329.654419	239.548157	24	0	10000	-1	-1	0	0	3	-1	-1	-1	-1	-1	60	5	
498	499	12004	137828	24	牧村卫兵	哲别村	330.681885	248.402618	8	0	10000	-1	-1	0	0	1	-1	-1	-1	-1	-1	60	5	
499	500	12004	137829	24	牧村卫兵	哲别村	240.965012	254.116013	0	0	10000	-1	-1	0	0	2	-1	-1	-1	-1	-1	60	5	
500	501	12004	137830	24	牧村卫兵	哲别村	311.397583	217.573868	0	0	10000	-1	-1	0	0	-1	-1	-1	-1	-1	-1	60	5	
501	502	12004	137831	24	牧村卫兵	哲别村	301.42691	213.910767	0	0	10000	-1	-1	0	0	-1	-1	-1	-1	-1	-1	60	5	
502	503	12004	137828	24	牧村卫兵	哲别村	293.939819	263.362885	0	0	10000	-1	-1	0	0	-1	-1	-1	-1	-1	-1	60	5	
503	504	12004	137829	24	牧村卫兵	哲别村	302.436829	256.597626	4	0	10000	-1	-1	0	0	-1	-1	-1	-1	-1	-1	60	5	
504	505	12004	137830	24	牧村卫兵	哲别村	317.296326	256.621613	12	0	10000	-1	-1	0	0	-1	-1	-1	-1	-1	-1	60	5	
505	506	12004	137831	24	牧村卫兵	哲别村	263.780334	248.664032	0	0	10000	-1	-1	0	0	-1	-1	-1	-1	-1	-1	60	5	
506	507	12004	137828	24	牧村卫兵	哲别村	298.233124	218.250015	0	0	10000	-1	-1	0	0	-1	-1	-1	-1	-1	-1	60	5	
507	508	12004	137829	24	牧村卫兵	哲别村	304.334686	216.086212	20	0	10000	-1	-1	0	0	-1	-1	-1	-1	-1	-1	60	5	
508	509	12004	137830	24	牧村卫兵	哲别村	263.520508	242.930298	28	0	10000	-1	-1	0	0	-1	-1	-1	-1	-1	-1	60	5	
509	510	12004	137831	24	牧村卫兵	哲别村	302.392456	220.658722	8	0	10000	-1	-1	0	0	-1	-1	-1	-1	-1	-1	60	5	
510	511	2473	-1	20	    		277.299988	228.600006	7	0	10000	-1	-1	3	0	-1	-1	-1	-1	-1	-1	60	5	
511	512	2473	-1	20	    		315.700012	225.800003	7	0	10000	-1	-1	3	0	-1	-1	-1	-1	-1	-1	60	5	
512	513	2473	-1	20	    		284	220	7	0	10000	-1	-1	3	0	-1	-1	-1	-1	-1	-1	60	5	
513	514	2473	-1	20	    		322	190	7	0	10000	-1	-1	3	0	-1	-1	-1	-1	-1	-1	60	5	
514	515	2473	-1	20	    		346	266	7	0	10000	-1	-1	3	0	-1	-1	-1	-1	-1	-1	60	5	
515	516	2474	-1	20	    		278.299988	257	7	0	10000	-1	-1	3	0	-1	-1	-1	-1	-1	-1	60	5	
516	517	2474	-1	20	    		283	181	7	0	10000	-1	-1	3	0	-1	-1	-1	-1	-1	-1	60	5	
517	518	2474	-1	20	    		321	262	7	0	10000	-1	-1	3	0	-1	-1	-1	-1	-1	-1	60	5	
518	519	2474	-1	20	    		282	182	7	0	10000	-1	-1	3	0	-1	-1	-1	-1	-1	-1	60	5	
519	520	12006	-1	24	王城先遣队		289.900299	259.898834	0	0	10000	-1	-1	0	86	-1	-1	-1	-1	-1	-1	60	5	
520	521	12006	-1	24	王城先遣队		301.043274	263.738831	0	0	10000	-1	-1	0	86	-1	-1	-1	-1	-1	-1	60	5	
521	522	12006	-1	24	王城先遣队		300.31604	259.400146	0	0	10000	-1	-1	0	86	-1	-1	-1	-1	-1	-1	60	5	
522	523	12006	-1	24	王城先遣队		314.591644	257.431671	0	0	10000	-1	-1	0	86	-1	-1	-1	-1	-1	-1	60	5	
523	524	12006	-1	24	王城先遣队		305.395844	261.489349	0	0	10000	-1	-1	0	86	-1	-1	-1	-1	-1	-1	60	5	
524	525	12006	-1	24	王城先遣队		296.710297	263.458038	0	0	10000	-1	-1	0	86	-1	-1	-1	-1	-1	-1	60	5	
525	526	12006	-1	24	王城先遣队		290.194366	261.912476	0	0	10000	-1	-1	0	86	-1	-1	-1	-1	-1	-1	60	5	
526	527	12006	-1	24	王城先遣队		311.988129	258.88678	0	0	10000	-1	-1	0	86	-1	-1	-1	-1	-1	-1	60	5	
527	528	12006	-1	24	王城先遣队		293.056488	260.619781	0	0	10000	-1	-1	0	86	-1	-1	-1	-1	-1	-1	60	5	
528	529	12006	-1	24	王城先遣队		310.85553	262.809906	0	0	10000	-1	-1	0	86	-1	-1	-1	-1	-1	-1	60	5	
529	530	12006	-1	24	王城先遣队		289.775757	189.822556	0	0	10000	-1	-1	0	86	-1	-1	-1	-1	-1	-1	60	5	
530	531	12006	-1	24	王城先遣队		305.486145	257.922455	0	0	10000	-1	-1	0	86	-1	-1	-1	-1	-1	-1	60	5	
531	532	4497	-1	20	旭日高娃	大萨满	356.158386	139.728455	27	0	10000	-1	-1	3	0	-1	-1	-1	-1	-1	-1	60	5	
532	533	4498	-1	20	哈斯高娃	大萨满	362.736481	143.401321	18	0	10000	-1	-1	3	0	-1	-1	-1	-1	-1	-1	60	5	
533	534	4499	-1	20	奥敦高娃	大萨满	359.110901	149.598206	9	0	10000	-1	-1	3	0	-1	-1	-1	-1	-1	-1	60	5	
534	535	4500	-1	20	索隆高娃	大萨满	352.688354	145.372147	0	0	10000	-1	-1	3	0	-1	-1	-1	-1	-1	-1	60	5	
535	536	2477	-1	20	   	   	357	144	7	0	10000	-1	-1	3	0	-1	-1	-1	-1	-1	-1	60	5	
536	537	12011	137834	20	哈日崔摩	被抓的海都探子	224.466705	146.455994	0	0	10000	-1	-1	3	0	-1	-1	-1	-1	-1	-1	60	0	
537	538	12004	137830	20	哲别村守卫		226.194733	149.359589	12	0	10000	-1	-1	3	84	-1	-1	-1	-1	-1	-1	60	0	
538	539	12004	137831	20	哲别村守卫		225.402695	144.785629	24	0	10000	-1	-1	3	85	-1	-1	-1	-1	-1	-1	60	0	
539	540	12004	137828	20	哲别村守卫		239.02536	155.365906	8	0	10000	-1	-1	0	0	-1	-1	-1	-1	-1	-1	60	0	
540	541	12004	137829	20	哲别村守卫		219.858353	160.482681	34	0	10000	-1	-1	3	0	-1	-1	-1	-1	-1	-1	60	0	
541	542	12004	137830	20	哲别村守卫		232.575211	171.723587	0	0	10000	-1	-1	0	0	-1	-1	-1	-1	-1	-1	60	0	
542	543	12004	137831	20	哲别村守卫		223.131409	157.225525	30	0	10000	-1	-1	3	0	-1	-1	-1	-1	-1	-1	60	0	
543	544	12004	137828	20	哲别村守卫		240.473267	161.729706	0	0	10000	-1	-1	3	0	-1	-1	-1	-1	-1	-1	60	0	
544	545	12012	138012	20	刀之魂		283.849304	291.52652	24	-1	1000	-1	-1	2	0	6	-1	-1	-1	-1	-1	20	5	
545	546	12013	138013	20	剑之魂		253.124054	289.36377	24	-1	1000	-1	-1	2	0	6	-1	-1	-1	-1	-1	20	5	
546	547	12014	138014	20	弓之魂		272.178741	290.321625	28	-1	1000	-1	-1	2	0	6	-1	-1	-1	-1	-1	20	5	
547	548	12015	138015	20	枪之魂		263.478271	289.040863	28	-1	1000	-1	-1	2	0	6	-1	-1	-1	-1	-1	20	5	
548	549	12016	138016	20	杖之魂		293.9729	292.386688	28	-1	1000	-1	-1	2	0	6	-1	-1	-1	-1	-1	20	5	
549	550	12017	138017	20	槌之魂		256.559204	289.015564	32	-1	1000	-1	-1	2	0	6	-1	-1	-1	-1	-1	20	5	
550	551	12018	138018	20	矛之魂		287.360321	291.924683	0	-1	1000	-1	-1	2	0	6	-1	-1	-1	-1	-1	20	5	
551	552	12019	138019	20	令之魂		280.350342	291.693695	25	-1	1000	-1	-1	2	0	6	-1	-1	-1	-1	-1	20	5	
552	553	12020	138020	20	弩之魂		276.35257	291.566345	6	-1	1000	-1	-1	2	0	6	-1	-1	-1	-1	-1	20	5	
553	554	12021	138021	20	铳之魂		259.673248	288.839447	18	-1	1000	-1	-1	2	0	6	-1	-1	-1	-1	-1	20	5	
554	555	12022	138022	20	圣十字之魂		267.804047	289.181091	26	-1	1000	-1	-1	2	0	6	-1	-1	-1	-1	-1	20	5	
555	556	12023	138023	20	幡之魂		290.580475	292.238403	5	-1	10000	-1	-1	2	0	6	-1	-1	-1	-1	-1	20	5	
