NUM	NUM	FLOAT	FLOAT	NUM	NUM	NUM	NUM
NUM	NUM	FLOAT	FLOAT	ВЩМЏЕуРраЭ(0БъзМЪН1МЏКЯЪН)	жжзгЕФЪ§СП	жжзгВЙГфМфИє	ОЕЯёзщId
1	58	285	221				-1
2	58	280	221				-1
3	58	275	221				-1
4	58	215	221				-1
5	58	220	221				-1
6	58	216	217				-1
7	58	284	216				-1
8	58	212	214				-1
9	400	108	83				1
10	400	119	59				1
11	400	100	54				1
12	400	63	66				1
13	400	90	86				1
14	400	94	313				1
15	400	79	291				1
16	400	95	283				1
17	400	111	304				1
18	400	102	274				1
19	400	183	293				1
20	400	198	282				1
21	400	194	321				1
22	400	216	313				1
23	400	222	306				1
24	400	239	311				1
25	400	227	268				1
26	400	298	279				1
27	400	306	296				1
28	400	454	310				1
29	400	462	318				1
30	400	458	269				1
31	400	475	276				1
32	400	400	59				1
33	400	398	75				1
34	400	446	50				1
35	400	429	39				1
36	400	194	57				1
37	400	196	196				1
38	400	217	188				1
39	400	305	87				1
40	400	298	34				1
41	400	273	188				1
42	400	320	155				1
43	400	193	48				1
44	400	205	203				1
45	400	219	166				1
46	400	315	188				1
47	400	316	141				1
48	400	304	35				1
49	400	299	79				1
50	400	300	92				1
51	400	279	176				1
52	400	199	187				1
53	400	195	77				1
54	400	186	94				1
55	400	214	66				1
56	400	95	67				1
57	400	82	300				1
58	400	207	301				1
59	400	243	319				1
60	400	175	311				1
61	400	309	291				1
62	400	299	272				1
63	400	301	287				1
64	400	446	290				1
65	400	454	279				1
66	400	459	330				1
67	400	443	56				1
68	400	382	47				1
69	400	386	70				1
70	400	373	57				1
71	400	410	57				1
72	400	430	48				1
73	400	68	79				1
74	400	78	65				1
75	400	96	61				1
76	400	112	90				1
77	400	111	59				1
78	400	115	53				1
79	400	89	62				1
80	400	97	290				1
81	400	99	307				1
82	400	117	299				1
83	400	87	286				1
84	400	178	299				1
85	400	208	283				1
86	400	214	305				1
87	400	221	316				1
88	400	219	283				1
89	400	199	278				1
90	400	304	274				1
91	400	310	286				1
92	400	299	296				1
93	400	324	275				1
94	400	464	311				1
95	400	477	284				1
96	400	460	262				1
97	400	443	277				1
98	400	467	270				1
99	400	462	297				1
100	400	393	48				1
101	400	400	54				1
102	400	432	41				1
103	400	429	54				1
104	400	444	45				1
105	400	426	57				1
106	400	385	58				1
107	400	395	52				1
108	400	212	181				1
109	400	194	91				1
110	400	198	58				1
111	400	300	57				1
112	400	309	91				1
113	400	288	200				1
114	400	309	192				1
115	401	114	76				1
116	401	130	59				1
117	401	85	65				1
118	401	74	74				1
119	401	115	313				1
120	401	84	307				1
121	401	84	282				1
122	401	95	299				1
123	401	116	293				1
124	401	184	303				1
125	401	185	281				1
126	401	199	292				1
127	401	206	323				1
128	401	230	324				1
129	401	211	289				1
130	401	240	293				1
131	401	283	273				1
132	401	317	271				1
133	401	445	310				1
134	401	451	325				1
135	401	445	299				1
136	401	462	284				1
137	401	389	45				1
138	401	401	49				1
139	401	416	68				1
140	401	446	63				1
141	401	194	40				1
142	401	202	62				1
143	401	208	196				1
144	401	208	176				1
145	401	319	90				1
146	401	303	171				1
147	401	284	168				1
148	401	310	182				1
149	401	195	64				1
150	401	208	185				1
151	401	280	209				1
152	401	307	159				1
153	401	313	172				1
154	401	308	74				1
155	401	306	66				1
156	401	297	62				1
157	401	287	184				1
158	401	214	206				1
159	401	188	87				1
160	401	200	88				1
161	401	120	49				1
162	401	83	314				1
163	401	105	283				1
164	401	176	318				1
165	401	231	316				1
166	401	178	271				1
167	401	288	280				1
168	401	325	283				1
169	401	305	267				1
170	401	437	292				1
171	401	448	318				1
172	401	453	287				1
173	401	434	50				1
174	401	386	39				1
175	401	392	65				1
176	401	370	64				1
177	401	398	41				1
178	401	446	42				1
179	401	69	67				1
180	401	78	81				1
181	401	94	79				1
182	401	104	73				1
183	401	66	74				1
184	401	134	69				1
185	401	99	86				1
186	401	91	308				1
187	401	113	286				1
188	401	109	319				1
189	401	90	301				1
190	401	192	286				1
191	401	207	292				1
192	401	220	293				1
193	401	233	299				1
194	401	214	278				1
195	401	189	295				1
196	401	304	281				1
197	401	286	297				1
198	401	321	293				1
199	401	312	271				1
200	401	457	300				1
201	401	468	278				1
202	401	449	262				1
203	401	456	273				1
204	401	452	293				1
205	401	383	53				1
206	401	392	70				1
207	401	418	46				1
208	401	442	41				1
209	401	424	53				1
210	401	424	42				1
211	401	421	50				1
212	401	375	66				1
213	401	216	195				1
214	401	202	193				1
215	401	203	92				1
216	401	198	45				1
217	401	303	73				1
218	401	299	179				1
219	401	297	192				1
220	401	309	176				1
221	402	121	69				1
222	402	107	47				1
223	402	62	51				1
224	402	62	83				1
225	402	104	313				1
226	402	89	293				1
227	402	88	276				1
228	402	103	293				1
229	402	112	280				1
230	402	189	311				1
231	402	191	272				1
232	402	200	308				1
233	402	218	326				1
234	402	217	298				1
235	402	209	274				1
236	402	235	275				1
237	402	284	290				1
238	402	317	288				1
239	402	461	306				1
240	402	456	318				1
241	402	446	282				1
242	402	467	297				1
243	402	385	62				1
244	402	418	53				1
245	402	439	45				1
246	402	455	57				1
247	402	202	47				1
248	402	202	39				1
249	402	221	199				1
250	402	229	177				1
251	402	303	51				1
252	402	304	164				1
253	402	324	165				1
254	402	294	200				1
255	402	201	52				1
256	402	227	205				1
257	402	280	198				1
258	402	294	179				1
259	402	299	46				1
260	402	313	85				1
261	402	298	72				1
262	402	294	168				1
263	402	291	191				1
264	402	214	172				1
265	402	211	90				1
266	402	201	78				1
267	402	110	66				1
268	402	102	302				1
269	402	231	305				1
270	402	230	293				1
271	402	195	300				1
272	402	308	307				1
273	402	275	286				1
274	402	317	309				1
275	402	459	291				1
276	402	473	290				1
277	402	450	305				1
278	402	448	272				1
279	402	421	43				1
280	402	389	52				1
281	402	378	51				1
282	402	378	63				1
283	402	439	39				1
284	402	69	57				1
285	402	85	72				1
286	402	99	93				1
287	402	125	75				1
288	402	83	58				1
289	402	92	73				1
290	402	105	64				1
291	402	97	273				1
292	402	115	271				1
293	402	105	307				1
294	402	108	276				1
295	402	195	274				1
296	402	210	315				1
297	402	227	300				1
298	402	230	287				1
299	402	226	275				1
300	402	292	275				1
301	402	281	280				1
302	402	310	300				1
303	402	315	281				1
304	402	292	268				1
305	402	467	289				1
306	402	474	269				1
307	402	444	268				1
308	402	460	275				1
309	402	441	286				1
310	402	391	57				1
311	402	380	66				1
312	402	425	46				1
313	402	440	52				1
314	402	437	55				1
315	402	420	56				1
316	402	397	64				1
317	402	380	58				1
318	402	220	178				1
319	402	224	190				1
320	402	196	82				1
321	402	301	41				1
322	402	306	79				1
323	402	300	201				1
324	402	293	185				1
325	402	291	205				1
326	711	97	299				-1
327	712	368	299				-1
328	931	255	278	1	1	-1	-1
329	934	255	278	1	1	-1	-1
330	935	255	278	1	1	-1	-1
331	937	255	278	1	1	-1	-1
332	1032	367.835117	57.376387	0	1	-1	-1
333	1032	375.471543	53.728535	0	1	-1	-1
334	1032	373.562227	46.063047	0	1	-1	-1
335	1032	369.200254	54.402148	0	1	-1	-1
336	1032	376.377402	49.744336	0	1	-1	-1
337	1033	393.087812	275.967426	0	1	-1	-1
338	1033	394.414043	272.345723	0	1	-1	-1
339	1033	398.125352	270.726042	0	1	-1	-1
340	1033	401.437324	268.955222	0	1	-1	-1
341	1033	394.073398	278.447903	0	1	-1	-1
342	1050	59	145				1
343	1050	157	239				1
344	1050	87	302				1
345	1050	192	306				1
346	1050	276	343				1
347	1050	333	395				1
348	1050	363	268				1
349	1050	473	285				1
350	1050	382	104				1
351	1050	463	57				1
