NUM	NUM	NUM	NUM	NUM	TEXT	TEXT	FLOAT	FLOAT	NUM	NUM	NUM	NUM	NUM	NUM	NUM	NUM	NUM	NUM	NUM	NUM	NUM	NUM	NUM
園催	昧字園催	attr園催	貸辞燕園催	專唔園催	兆各	各催	x已恫炎	z已恫炎	劾﨑	重云園催	嶷伏扮寂	蛍怏園催	錦礼園催	児粥AI	AI猟周	儔貸揃抄	斌糾0	斌糾1	斌糾2	斌糾3	兆圉ID	吉雫	承崧怏
0	16343839	45	118100	-1	仍漂杵	叫屎縮舞研	77.125999	223.39006	9	0	10000	-1	-1	3	0	-1	-1	-1	-1	-1	-1	92	0	
1	16343840	65	118101	-1	鶴凧健繁	鯖紐偏酎	81.134369	196.283157	26	0	10000	-1	-1	3	0	-1	-1	-1	-1	-1	-1	92	0	
2	16343841	249	118102	-1	唄櫛曳屈弊	襖声寄巷	68.004486	217.776917	9	0	10000	-1	-1	3	0	-1	-1	-1	-1	-1	-1	92	0	
3	16343842	66	118103	-1	帽范	署帽岻曇	81.088966	198.235611	8	0	10000	-1	-1	3	0	-1	-1	-1	-1	-1	-1	92	0	
4	16343843	67	118104	-1	逼抑		56.214676	222.172943	4	0	10000	-1	-1	3	0	-1	-1	-1	-1	-1	-1	92	0	
5	16343844	68	118105	-1	泳誼	酷怛富定	56.735889	220.354095	0	0	10000	-1	-1	3	0	-1	-1	-1	-1	-1	-1	92	0	
6	16343845	77	118106	-1	鯖櫛廉		188.319885	207.202286	32	0	10000	-1	-1	3	0	-1	-1	-1	-1	-1	-1	92	0	
7	16343846	78	118107	20	囘芒畔帽児	楯針寄巷	69.264801	215.753296	24	0	10000	-1	-1	3	0	-1	-1	-1	-1	-1	-1	92	0	
8	16343847	76	118108	-1	唄典卅帽児	酷怛別貫	66.454376	215.643509	32	0	10000	-1	-1	3	0	-1	-1	-1	-1	-1	-1	92	0	
9	16343848	1374	118109	-1	児満	鑓遮韻繍嘱	208.506119	27.979345	30	0	10000	-1	-1	3	0	-1	-1	-1	-1	-1	-1	92	0	
10	16343849	79	118110	-1	嶝帽	鯖紐偏酎	57.781261	193.021454	0	0	10000	-1	-1	3	0	-1	-1	-1	-1	-1	-1	92	0	
11	16343850	69	118111	-1	囘辛廉	嶝帽岻徨	59.528	195.269745	0	0	10000	-1	-1	3	0	-1	-1	-1	-1	-1	-1	92	0	
12	16343851	79	118112	-1	下垂謎帽児	鯖紐偏酎	57.929653	222.283463	9	0	10000	-1	-1	3	0	-1	-1	-1	-1	-1	-1	92	0	
13	16343852	1374	118113	-1	卅続尾帽	賞土韻便繍	135.293594	117.939438	18	0	10000	-1	-1	3	0	-1	-1	-1	-1	-1	-1	92	0	
14	16343853	2272	118114	20	賞土韻平汚		137.676849	112.977837	0	0	10000	-1	-1	3	0	-1	-1	-1	-1	-1	-1	92	0	
15	16343854	2272	118114	20	賞土韻平汚		137.4487	122.777672	0	0	10000	-1	-1	3	0	-1	-1	-1	-1	-1	-1	92	0	
16	16343855	2272	118114	20	賞土韻平汚		118.611641	124.215248	18	0	10000	-1	-1	3	0	-1	-1	-1	-1	-1	-1	92	0	
17	16343856	2272	118114	20	賞土韻平汚		118.648041	117.803406	18	0	10000	-1	-1	3	0	-1	-1	-1	-1	-1	-1	92	0	
18	16343857	2272	118114	20	賞土韻平汚		131.552185	125.07653	9	0	10000	-1	-1	3	0	-1	-1	-1	-1	-1	-1	92	0	
19	16343858	2272	118130	20	唖櫛硬薦	賞土韻険繍	136.408066	119.908661	18	0	10000	-1	-1	3	0	-1	-1	-1	-1	-1	-1	92	0	
20	16343859	2272	118114	20	賞土韻平汚		136.48912	116.157478	18	0	10000	-1	-1	3	0	-1	-1	-1	-1	-1	-1	92	0	
21	16343860	2272	118114	20	賞土韻平汚		123.045654	147.357147	27	0	10000	-1	-1	3	0	-1	-1	-1	-1	-1	-1	92	0	
22	16343861	2272	118114	20	賞土韻平汚		131.923187	147.639145	27	0	10000	-1	-1	3	0	-1	-1	-1	-1	-1	-1	92	0	
23	16343862	2272	118114	21	鑓遮韻平汚		207.00676	40.130234	0	0	10000	-1	-1	3	0	-1	-1	-1	-1	-1	-1	92	0	
24	16343863	2272	118114	21	鑓遮韻平汚		205.5961	34.768036	4	0	10000	-1	-1	3	0	-1	-1	-1	-1	-1	-1	92	0	
25	16343864	2272	118114	21	鑓遮韻平汚		216.108902	29.968847	20	0	10000	-1	-1	3	0	-1	-1	-1	-1	-1	-1	92	0	
26	16343865	2272	118114	21	鑓遮韻平汚		218.935684	34.637264	24	0	10000	-1	-1	3	0	-1	-1	-1	-1	-1	-1	92	0	
27	16343866	2272	118114	21	鑓遮韻平汚		210	33	24	0	10000	-1	-1	1	0	-1	-1	-1	-1	-1	-1	92	0	
28	16343867	2272	118114	21	鑓遮韻平汚		212	35	24	0	10000	-1	-1	1	0	-1	-1	-1	-1	-1	-1	92	0	
29	16343868	2272	118114	21	鑓遮韻平汚		214	31	24	0	10000	-1	-1	1	0	-1	-1	-1	-1	-1	-1	92	0	
30	16343869	167	-1	-1	 	 	199.383133	28.478954	0	0	10000	-1	-1	3	0	-1	-1	-1	-1	-1	-1	92	0	
31	16343870	168	-1	-1	 	 	198.775024	25.844336	0	0	10000	-1	-1	3	0	-1	-1	-1	-1	-1	-1	92	0	
32	16343871	169	-1	-1	 	 	213.971497	19.404854	24	0	10000	-1	-1	3	0	-1	-1	-1	-1	-1	-1	92	0	
33	16343872	170	-1	-1	 	 	212.250061	18.374268	24	0	10000	-1	-1	3	0	-1	-1	-1	-1	-1	-1	92	0	
34	16343873	172	-1	-1	 	 	216.181595	20.512695	24	0	10000	-1	-1	3	0	-1	-1	-1	-1	-1	-1	92	0	
35	16343874	170	-1	-1	 	 	159.501099	192.581314	16	0	10000	-1	-1	3	0	-1	-1	-1	-1	-1	-1	92	0	
36	16343875	2272	-1	21	襖声懸汚		30.920313	231.176285	8	0	10000	-1	-1	1	0	-1	-1	-1	-1	-1	-1	92	0	
37	16343876	2272	-1	20	賞土韻平汚		123.463257	125.234848	9	0	10000	-1	-1	3	0	-1	-1	-1	-1	-1	-1	92	0	
38	16343877	2272	-1	20	襖声平汚		230.489517	157.274094	9	0	10000	-1	-1	3	0	-1	-1	-1	-1	-1	-1	92	0	
39	16343878	2272	-1	20	襖声平汚		102.934395	205.632614	35	0	10000	-1	-1	3	0	-1	-1	-1	-1	-1	-1	92	0	
40	16343879	2272	-1	20	襖声平汚		102.627838	215.240463	35	0	10000	-1	-1	3	0	-1	-1	-1	-1	-1	-1	92	0	
41	16343880	2272	-1	20	襖声平汚		85.537201	215.417847	18	0	10000	-1	-1	3	0	-1	-1	-1	-1	-1	-1	92	0	
42	16343881	2272	-1	20	襖声平汚		85.463997	204.982895	18	0	10000	-1	-1	3	0	-1	-1	-1	-1	-1	-1	92	0	
43	16343882	2272	-1	20	襖声平汚		71.7724	188.036591	19	0	10000	-1	-1	3	0	-1	-1	-1	-1	-1	-1	92	0	
44	16343883	2272	-1	20	襖声平汚		64.733253	187.799377	35	0	10000	-1	-1	3	0	-1	-1	-1	-1	-1	-1	92	0	
45	16343884	2272	-1	20	襖声平汚		73.718414	172.986511	9	0	10000	-1	-1	3	0	-1	-1	-1	-1	-1	-1	92	0	
46	16343885	2272	-1	20	襖声平汚		63.174862	172.718536	9	0	10000	-1	-1	3	0	-1	-1	-1	-1	-1	-1	92	0	
47	16343886	2272	-1	21	襖声懸汚		20.33873	224.795319	2	0	10000	-1	-1	1	0	-1	-1	-1	-1	-1	-1	92	0	
48	16343887	2272	-1	20	襖声平汚		46.982525	205.496338	0	0	10000	-1	-1	3	0	-1	-1	-1	-1	-1	-1	92	0	
49	16343888	2272	-1	21	襖声懸汚		26.097197	231.875305	0	0	10000	-1	-1	1	0	-1	-1	-1	-1	-1	-1	92	0	
50	16343889	2272	-1	21	襖声懸汚		22.776934	232.456451	0	0	10000	-1	-1	1	0	-1	-1	-1	-1	-1	-1	92	0	
51	16343890	2272	-1	20	襖声平汚		235.224304	142.778946	18	0	10000	-1	-1	3	0	-1	-1	-1	-1	-1	-1	92	0	
52	16343891	2272	-1	20	襖声平汚		234.287857	155.402328	18	0	10000	-1	-1	3	0	-1	-1	-1	-1	-1	-1	92	0	
53	16343892	2272	-1	21	襖声懸汚		19.113544	227.471802	30	0	10000	-1	-1	1	0	-1	-1	-1	-1	-1	-1	92	0	
54	16343893	2272	-1	20	襖声平汚		65.407516	219.426498	9	0	10000	-1	-1	3	0	-1	-1	-1	-1	-1	-1	92	0	
55	16343894	2272	-1	20	襖声平汚		46.969658	216.708313	0	0	10000	-1	-1	3	0	-1	-1	-1	-1	-1	-1	92	0	
56	16343895	2272	-1	20	襖声平汚		70.359612	219.539124	9	0	10000	-1	-1	3	0	-1	-1	-1	-1	-1	-1	92	0	
57	16343896	2268	118115	-1	檀硬啾平		94.819954	65.935059	30	0	10000	-1	-1	3	0	-1	-1	-1	-1	-1	-1	92	0	
58	16343897	2260	118116	-1	甑右囁	廉尢嘱険由芳	61.5989	46.997856	35	0	10000	-1	-1	3	0	-1	-1	-1	-1	-1	-1	92	0	
59	16343898	2261	118117	-1	拶隅岬	廉尢繍嘱	94.294136	67.728752	0	0	10000	-1	-1	3	0	-1	-1	-1	-1	-1	-1	92	0	
60	16343899	2262	118118	-1	夕蒙唖今	廉尢繍嘱	61.508961	50.506073	2	0	10000	-1	-1	3	0	-1	-1	-1	-1	-1	-1	92	0	
61	16343900	2262	118119	-1	艮払憬	廉尢繍嘱	66.295891	50.383266	18	0	10000	-1	-1	3	0	-1	-1	-1	-1	-1	-1	92	0	
62	16343901	2268	118115	-1	檀硬啾平		52.20734	76.256577	24	0	10000	-1	-1	3	0	-1	-1	-1	-1	-1	-1	92	0	
63	16343902	2261	118120	-1	砕櫛梁	廉尢繍嘱	51.185169	77.816818	24	0	10000	-1	-1	3	0	-1	-1	-1	-1	-1	-1	92	0	
64	16343903	2268	118115	-1	檀硬啾平		93.079597	66.515694	0	0	10000	-1	-1	3	0	-1	-1	-1	-1	-1	-1	92	0	
65	16343904	2268	118115	-1	檀硬啾平		60.307133	42.538612	32	0	10000	-1	-1	3	0	-1	-1	-1	-1	-1	-1	92	0	
66	16343905	2268	118115	-1	檀硬啾平		180.776428	65.971169	34	0	10000	-1	-1	3	0	-1	-1	-1	-1	-1	-1	92	0	
67	16343906	2268	118115	-1	檀硬啾平		179.898987	67.933884	34	0	10000	-1	-1	3	0	-1	-1	-1	-1	-1	-1	92	0	
68	16343907	2268	118115	-1	檀硬啾平		53.851318	77.197762	26	0	10000	-1	-1	3	0	-1	-1	-1	-1	-1	-1	92	0	
69	16343908	2268	118115	-1	檀硬啾平		92.13166	67.869133	32	0	10000	-1	-1	3	0	-1	-1	-1	-1	-1	-1	92	0	
70	16343909	2268	118115	-1	檀硬啾平		50.557655	75.903801	24	0	10000	-1	-1	3	0	-1	-1	-1	-1	-1	-1	92	0	
71	16343910	2265	118121	-1	釦蟻决耳隅	廉尢嘱寄尾諾	66.16391	47.067471	20	0	10000	-1	-1	3	0	-1	-1	-1	-1	-1	-1	92	0	
72	16343911	2266	118122	-1	偉脅	廉尢嘱由芳	63.877354	44.379726	27	0	10000	-1	-1	3	0	-1	-1	-1	-1	-1	-1	92	0	
73	16343912	1152	118123	-1	埒革析繁		50.977749	38.804012	31	0	10000	-1	-1	3	0	-1	-1	-1	-1	-1	-1	92	0	
74	16343913	2266	118124	-1	甑扎		181.510849	68.39769	32	0	10000	-1	-1	3	0	-1	-1	-1	-1	-1	-1	92	0	
75	16343914	2268	0	-1	檀硬啾平		67.463028	42.344933	24	0	10000	-1	-1	3	0	-1	-1	-1	-1	-1	-1	92	0	
76	16343915	2269	118125	-1	檀硬啾平↙楠瀧儔貸⇄		34.99588	68.338722	0	0	10000	-1	-1	3	0	-1	-1	-1	-1	-1	-1	92	0	
77	16343916	2269	118125	-1	檀硬啾平↙楠瀧儔貸⇄		79.254372	66.45533	0	0	10000	-1	-1	3	0	-1	-1	-1	-1	-1	-1	92	0	
78	16343917	2274	-1	21	徴霜軌		193.410049	220.349594	0	0	10000	-1	-1	6	0	-1	-1	-1	-1	-1	-1	92	0	
79	16343918	2274	-1	21	徴霜軌		195.398895	222.495102	0	0	10000	-1	-1	6	0	-1	-1	-1	-1	-1	-1	92	0	
80	16343919	2274	-1	21	徴霜軌		196.209915	220.365738	0	0	10000	-1	-1	6	0	-1	-1	-1	-1	-1	-1	92	0	
81	16343920	2273	-1	21	垓硬徴霜		203.097	219.130997	13	0	10000	-1	-1	1	0	-1	-1	-1	-1	-1	-1	92	0	
82	16343921	2104	118126	-1	羨盲乱寄巷		75.927017	224.259521	8	0	10000	-1	-1	3	0	-1	-1	-1	-1	-1	-1	92	0	
83	16343922	2272	-1	21	襖声懸汚		31.112383	226.307983	0	0	10000	-1	-1	1	0	-1	-1	-1	-1	-1	-1	92	0	
84	16343923	2272	-1	21	襖声懸汚		23.142021	225.276459	0	0	10000	-1	-1	1	0	-1	-1	-1	-1	-1	-1	92	0	
85	16343924	2272	-1	21	襖声懸汚		22.372324	229.130905	0	0	10000	-1	-1	1	0	-1	-1	-1	-1	-1	-1	92	0	
86	16343925	2272	-1	21	襖声懸汚		27.12039	223.736557	0	0	10000	-1	-1	1	0	-1	-1	-1	-1	-1	-1	92	0	
87	16343926	2272	-1	21	襖声懸汚		26.306602	227.878448	0	0	10000	-1	-1	1	0	-1	-1	-1	-1	-1	-1	92	0	
88	16343927	2109	118127	-1	続卅	襖声寄巷聞宀	58.233471	59.491837	0	0	10000	-1	-1	3	0	-1	-1	-1	-1	-1	-1	92	0	
89	16343928	2272	118128	20	砕塩	険郊	62.196976	59.90461	16	0	10000	-1	-1	3	0	-1	-1	-1	-1	-1	-1	92	0	
90	16343929	2270	-1	21	僻僮忤税		123.229774	35.501659	28	0	10000	-1	-1	1	0	-1	-1	-1	-1	-1	-1	92	0	
91	16343930	2270	-1	21	僻僮忤税		116.996353	44.320908	0	0	10000	-1	-1	1	0	-1	-1	-1	-1	-1	-1	92	0	
92	16343931	2270	-1	21	僻僮忤税		118.913811	38.420753	28	0	10000	-1	-1	1	0	-1	-1	-1	-1	-1	-1	92	0	
93	16343932	2270	-1	21	僻僮忤税		115.274017	39.298397	0	0	10000	-1	-1	1	0	-1	-1	-1	-1	-1	-1	92	0	
94	16343933	2270	-1	21	僻僮忤税		116.6464	29.781553	28	0	10000	-1	-1	1	0	-1	-1	-1	-1	-1	-1	92	0	
95	16343934	2270	-1	21	僻僮忤税		116.568588	34.444454	0	0	10000	-1	-1	1	0	-1	-1	-1	-1	-1	-1	92	0	
96	16343935	2270	-1	21	僻僮忤税		111.545639	32.915165	28	0	10000	-1	-1	1	0	-1	-1	-1	-1	-1	-1	92	0	
97	16343936	2270	-1	21	僻僮忤税		111.049866	40.61414	0	0	10000	-1	-1	1	0	-1	-1	-1	-1	-1	-1	92	0	
98	16343937	2270	-1	21	僻僮忤税		120.750778	32.928661	28	0	10000	-1	-1	1	0	-1	-1	-1	-1	-1	-1	92	0	
99	16343938	2270	-1	21	僻僮忤税		112.848251	45.633701	0	0	10000	-1	-1	1	0	-1	-1	-1	-1	-1	-1	92	0	
100	16343939	2270	-1	21	僻僮忤税		124.467438	41.803185	28	0	10000	-1	-1	1	0	-1	-1	-1	-1	-1	-1	92	0	
101	16343940	2270	-1	21	僻僮忤税		123.086891	46.127365	0	0	10000	-1	-1	1	0	-1	-1	-1	-1	-1	-1	92	0	
102	16343941	2270	-1	21	僻僮忤税		113.491592	30.330078	28	0	10000	-1	-1	1	0	-1	-1	-1	-1	-1	-1	92	0	
103	16343942	2270	-1	21	僻僮忤税		129.098511	40.313644	0	0	10000	-1	-1	1	0	-1	-1	-1	-1	-1	-1	92	0	
104	16343943	2270	-1	21	僻僮忤税		108.643845	34.109795	28	0	10000	-1	-1	1	0	-1	-1	-1	-1	-1	-1	92	0	
105	16343944	2270	-1	21	僻僮忤税		116.555603	48.622543	0	0	10000	-1	-1	1	0	-1	-1	-1	-1	-1	-1	92	0	
106	16343945	2271	-1	21	僻僮咢税		121.23542	39.936455	28	0	10000	-1	-1	1	0	-1	-1	-1	-1	-1	-1	92	0	
107	16343946	2271	-1	21	僻僮咢税		120.23542	36.936455	28	0	10000	-1	-1	1	0	-1	-1	-1	-1	-1	-1	92	0	
108	16343947	2272	118129	20	器个蟻帽児		18	229	0	0	10000	-1	-1	3	0	-1	-1	-1	-1	-1	-1	92	0	
