NUM	NUM	NUM	NUM	NUM	TEXT	TEXT	FLOAT	FLOAT	NUM	NUM	NUM	NUM	NUM	NUM	NUM	NUM	NUM	NUM	NUM	NUM	NUM	NUM	NUM
编号	随机编号	attr编号	逻辑表编号	阵营编号	名称	称号	x轴坐标	z轴坐标	朝向	脚本编号	重生时间	分组编号	队伍编号	基础AI	AI文件	巡逻路径	商店0	商店1	商店2	商店3	名誉ID	等级	镜像组
0	15052906	3643	-1	21	踏雪白熊		227.752045	110.869911	0	300640	10000	-1	-1	1	0	-1	-1	-1	-1	-1	-1	40	0	
1	15052907	3643	-1	21	踏雪白熊		227.630035	110.881828	0	300640	10000	-1	-1	1	0	-1	-1	-1	-1	-1	-1	40	0	
2	15052909	3643	-1	21	踏雪白熊		227.697845	110.937119	0	300640	10000	-1	-1	1	0	-1	-1	-1	-1	-1	-1	40	0	
3	15052910	3643	-1	21	踏雪白熊		217.089172	158.790619	0	300640	10000	-1	-1	1	0	-1	-1	-1	-1	-1	-1	40	0	
4	15052911	3643	-1	21	踏雪白熊		219.464569	133.410828	0	300640	10000	-1	-1	1	0	-1	-1	-1	-1	-1	-1	40	0	
5	15052914	3643	-1	21	踏雪白熊		219.640976	133.190964	0	300640	10000	-1	-1	1	0	-1	-1	-1	-1	-1	-1	40	0	
6	15052918	3643	-1	21	踏雪白熊		232.790955	145.121719	0	300640	10000	-1	-1	1	0	-1	-1	-1	-1	-1	-1	40	0	
7	15052919	3643	-1	21	踏雪白熊		232.874649	145.30365	0	300640	10000	-1	-1	1	0	-1	-1	-1	-1	-1	-1	40	0	
8	15052920	3643	-1	21	踏雪白熊		219.04863	133.176712	0	300640	10000	-1	-1	1	0	-1	-1	-1	-1	-1	-1	40	0	
9	15052925	13640	-1	20	 	 	233.988647	121.055038	0	0	10000	-1	-1	3	0	-1	-1	-1	-1	-1	-1	40	0	
10	15052929	163	-1	20	 	 	71.88665	213.170319	16	0	10000	-1	-1	3	0	-1	-1	-1	-1	-1	-1	40	0	
11	15052937	6	136027	20	赵德昌	村长	74.261604	234.182953	7	0	10000	-1	-1	3	0	-1	-1	-1	-1	-1	-1	40	0	
12	15052953	19	136028	20	赵翠云	村长女儿	83.85611	230.967468	24	0	10000	-1	-1	3	0	-1	-1	-1	-1	-1	-1	40	0	
13	15052954	31	136034	20	玄空	少林和尚	67.487885	203.658997	28	0	10000	-1	-1	3	0	-1	-1	-1	-1	-1	-1	40	0	
14	15052955	13	136035	20	明辰	少林和尚	68.644844	202.404022	26	0	10000	-1	-1	3	0	-1	-1	-1	-1	-1	-1	40	0	
15	15052956	13	136036	20	明真	少林和尚	66.133636	202.649719	30	0	10000	-1	-1	3	0	-1	-1	-1	-1	-1	-1	40	0	
16	15052957	89	136029	20	谷满仓	农夫	71.77903	215.006119	14	0	10000	-1	-1	3	0	-1	-1	-1	-1	-1	-1	40	0	
17	15052958	90	136030	20	赵彤云	村长女儿	65.794182	232.211868	2	0	10000	-1	-1	3	0	-1	-1	-1	-1	-1	-1	40	0	
18	15052959	92	136050	20	刘婆婆	村长夫人	66.989716	232.759888	4	0	10000	-1	-1	3	0	-1	-1	-1	-1	-1	-1	40	0	
19	15053064	4	136032	20	谷有牛	农夫	56.999969	219.107376	0	0	10000	-1	-1	3	0	-1	-1	-1	-1	-1	-1	40	0	
20	15052995	3642	-1	21	花脸山魈	 	127.289818	225.385162	0	300640	10000	-1	-1	1	0	-1	-1	-1	-1	-1	-1	40	0	
21	15052996	3642	-1	21	花脸山魈	 	150.892624	185.937943	0	300640	10000	-1	-1	1	0	-1	-1	-1	-1	-1	-1	40	0	
22	15052997	3642	-1	21	花脸山魈	 	101.218124	199.070938	0	300640	10000	-1	-1	1	0	-1	-1	-1	-1	-1	-1	40	0	
23	15052998	3642	-1	21	花脸山魈	 	127.085114	224.654251	0	300640	10000	-1	-1	1	0	-1	-1	-1	-1	-1	-1	40	0	
24	15052999	3642	-1	21	花脸山魈	 	126.415749	224.537415	0	300640	10000	-1	-1	1	0	-1	-1	-1	-1	-1	-1	40	0	
25	15053000	3642	-1	21	花脸山魈	 	127.084099	225.258301	0	300640	10000	-1	-1	1	0	-1	-1	-1	-1	-1	-1	40	0	
26	15053001	3642	-1	21	花脸山魈	 	101.088318	199.13678	0	300640	10000	-1	-1	1	0	-1	-1	-1	-1	-1	-1	40	0	
27	15053002	3642	-1	21	花脸山魈	 	100.82119	198.979492	0	300640	10000	-1	-1	1	0	-1	-1	-1	-1	-1	-1	40	0	
28	15053003	3642	-1	21	花脸山魈	 	100.907196	199.016647	0	300640	10000	-1	-1	1	0	-1	-1	-1	-1	-1	-1	40	0	
29	15053004	3642	-1	21	花脸山魈	 	100.806244	198.93367	0	300640	10000	-1	-1	1	0	-1	-1	-1	-1	-1	-1	40	0	
30	15053005	3642	-1	21	花脸山魈	 	101.120461	198.988129	0	300640	10000	-1	-1	1	0	-1	-1	-1	-1	-1	-1	40	0	
31	15053006	3642	-1	21	花脸山魈	 	100.841927	199.316132	0	300640	10000	-1	-1	1	0	-1	-1	-1	-1	-1	-1	40	0	
32	15053011	3641	-1	21	冀北黄虎		113.32914	72.666168	0	300640	10000	-1	-1	1	0	-1	-1	-1	-1	-1	-1	40	0	
33	15053012	3641	-1	21	冀北黄虎		113.397087	72.416359	0	300640	10000	-1	-1	1	0	-1	-1	-1	-1	-1	-1	40	0	
34	15053013	3641	-1	21	冀北黄虎		98.652519	47.873985	0	300640	10000	-1	-1	1	0	-1	-1	-1	-1	-1	-1	40	0	
35	15053014	3641	-1	21	冀北黄虎		133.798813	87.895554	0	300640	10000	-1	-1	1	0	-1	-1	-1	-1	-1	-1	40	0	
36	15053019	3641	-1	21	冀北黄虎		113.067078	71.220375	0	300640	10000	-1	-1	1	0	-1	-1	-1	-1	-1	-1	40	0	
37	15053020	3641	-1	21	冀北黄虎		112.610016	70.97908	0	300640	10000	-1	-1	1	0	-1	-1	-1	-1	-1	-1	40	0	
38	15053021	3641	-1	21	冀北黄虎		113.11261	71.176178	0	300640	10000	-1	-1	1	0	-1	-1	-1	-1	-1	-1	40	0	
39	15053022	3641	-1	21	冀北黄虎		111.384911	70.559479	0	300640	10000	-1	-1	1	0	-1	-1	-1	-1	-1	-1	40	0	
40	15053023	3641	-1	21	冀北黄虎		112.748039	71.211136	0	300640	10000	-1	-1	1	0	-1	-1	-1	-1	-1	-1	40	0	
41	15053024	3641	-1	21	冀北黄虎		113.246574	70.807594	0	300640	10000	-1	-1	1	0	-1	-1	-1	-1	-1	-1	40	0	
42	15053028	3641	-1	21	冀北黄虎		99.320168	48.569061	0	300640	10000	-1	-1	1	0	-1	-1	-1	-1	-1	-1	40	0	
43	15053029	3641	-1	21	冀北黄虎		99.403206	48.860363	0	300640	10000	-1	-1	1	0	-1	-1	-1	-1	-1	-1	40	0	
44	15053032	3641	-1	21	冀北黄虎		120.549873	105.705124	0	300640	10000	-1	-1	1	0	-1	-1	-1	-1	-1	-1	40	0	
45	15053033	3641	-1	21	冀北黄虎		120.462509	105.783012	0	300640	10000	-1	-1	1	0	-1	-1	-1	-1	-1	-1	40	0	
46	15053034	3641	-1	21	冀北黄虎		119.920044	105.410156	0	300640	10000	-1	-1	1	0	-1	-1	-1	-1	-1	-1	40	0	
47	15053035	3641	-1	21	冀北黄虎		120.563812	105.397522	0	300640	10000	-1	-1	1	0	-1	-1	-1	-1	-1	-1	40	0	
48	15053036	3640	-1	21	冀北山狼		78.571236	81.801933	0	300640	10000	-1	-1	1	0	-1	-1	-1	-1	-1	-1	40	0	
49	15053049	3640	-1	21	冀北山狼		33.308788	107.303246	0	300640	10000	-1	-1	1	0	-1	-1	-1	-1	-1	-1	40	0	
50	15053052	3640	-1	21	冀北山狼		36.615822	86.530731	0	300640	10000	-1	-1	1	0	-1	-1	-1	-1	-1	-1	40	0	
51	15053053	3640	-1	21	冀北山狼		57.184849	88.330772	0	300640	10000	-1	-1	1	0	-1	-1	-1	-1	-1	-1	40	0	
52	15053054	3640	-1	21	冀北山狼		57.648228	88.497826	0	300640	10000	-1	-1	1	0	-1	-1	-1	-1	-1	-1	40	0	
53	15053055	3640	-1	21	冀北山狼		57.645981	88.627502	0	300640	10000	-1	-1	1	0	-1	-1	-1	-1	-1	-1	40	0	
54	15053056	3640	-1	21	冀北山狼		57.583683	89.009789	0	300640	10000	-1	-1	1	0	-1	-1	-1	-1	-1	-1	40	0	
55	15053057	3640	-1	21	冀北山狼		78.807549	81.953278	0	300640	10000	-1	-1	1	0	-1	-1	-1	-1	-1	-1	40	0	
56	15053058	3640	-1	21	冀北山狼		78.907532	82.342796	0	300640	10000	-1	-1	1	0	-1	-1	-1	-1	-1	-1	40	0	
57	15053059	3640	-1	21	冀北山狼		79.422127	82.230095	0	300640	10000	-1	-1	1	0	-1	-1	-1	-1	-1	-1	40	0	
58	15053060	3640	-1	21	冀北山狼		78.903954	82.406158	0	300640	10000	-1	-1	1	0	-1	-1	-1	-1	-1	-1	40	0	
59	15053061	3640	-1	21	冀北山狼		78.621948	81.999176	0	300640	10000	-1	-1	1	0	-1	-1	-1	-1	-1	-1	40	0	
60	15053062	3640	-1	21	冀北山狼		79.179909	81.861305	0	300640	10000	-1	-1	1	0	-1	-1	-1	-1	-1	-1	40	0	
61	15053063	3640	-1	21	冀北山狼		79.16909	82.051521	0	300640	10000	-1	-1	1	0	-1	-1	-1	-1	-1	-1	40	0	
62	15053074	3640	-1	21	冀北山狼		36.930996	86.429436	0	300640	10000	-1	-1	1	0	-1	-1	-1	-1	-1	-1	40	0	
63	15053075	3640	-1	21	冀北山狼		36.575645	86.448303	0	300640	10000	-1	-1	1	0	-1	-1	-1	-1	-1	-1	40	0	
64	15053076	3640	-1	21	冀北山狼		36.595459	86.670631	0	300640	10000	-1	-1	1	0	-1	-1	-1	-1	-1	-1	40	0	
65	15053077	3640	-1	21	冀北山狼		36.958916	86.465034	0	300640	10000	-1	-1	1	0	-1	-1	-1	-1	-1	-1	40	0	
66	15053078	3640	-1	21	冀北山狼		36.810127	86.74295	0	300640	10000	-1	-1	1	0	-1	-1	-1	-1	-1	-1	40	0	
67	15053079	3640	-1	21	冀北山狼		36.583096	86.389885	0	300640	10000	-1	-1	1	0	-1	-1	-1	-1	-1	-1	40	0	
68	15053080	3643	-1	21	踏雪白熊		232.839966	145.626328	0	300640	10000	-1	-1	1	0	-1	-1	-1	-1	-1	-1	40	0	
69	15053081	3643	-1	21	踏雪白熊		228.260941	111.006805	0	300640	10000	-1	-1	1	0	-1	-1	-1	-1	-1	-1	40	0	
70	15053082	3643	-1	21	踏雪白熊		232.983597	145.895065	0	300640	10000	-1	-1	1	0	-1	-1	-1	-1	-1	-1	40	0	
71	15053083	3643	-1	21	踏雪白熊		233.113678	145.525406	0	300640	10000	-1	-1	1	0	-1	-1	-1	-1	-1	-1	40	0	
72	15053084	3643	-1	21	踏雪白熊		219.03891	133.363541	0	300640	10000	-1	-1	1	0	-1	-1	-1	-1	-1	-1	40	0	
73	15053085	3643	-1	21	踏雪白熊		232.995621	145.802887	0	300640	10000	-1	-1	1	0	-1	-1	-1	-1	-1	-1	40	0	
74	15053086	3643	-1	21	踏雪白熊		228.335739	111.123558	0	300640	10000	-1	-1	1	0	-1	-1	-1	-1	-1	-1	40	0	
75	15053087	3643	-1	21	踏雪白熊		227.85054	111.231995	0	300640	10000	-1	-1	1	0	-1	-1	-1	-1	-1	-1	40	0	
76	15053088	3643	-1	21	踏雪白熊		219.300018	133.153076	0	300640	10000	-1	-1	1	0	-1	-1	-1	-1	-1	-1	40	0	
77	15053089	3643	-1	21	踏雪白熊		219.073593	132.804077	0	300640	10000	-1	-1	1	0	-1	-1	-1	-1	-1	-1	40	0	
78	15053090	3643	-1	21	踏雪白熊		227.428802	110.715828	0	300640	10000	-1	-1	1	0	-1	-1	-1	-1	-1	-1	40	0	
79	15053091	3643	-1	21	踏雪白熊		219.129135	132.737213	0	300640	10000	-1	-1	1	0	-1	-1	-1	-1	-1	-1	40	0	
80	15053092	3643	-1	21	踏雪白熊		219.564377	132.939713	0	300640	10000	-1	-1	1	0	-1	-1	-1	-1	-1	-1	40	0	
81	15053145	3642	-1	21	花脸山魈		126.292389	197.073257	0	300640	10000	-1	-1	1	0	-1	-1	-1	-1	-1	-1	40	0	
82	15053146	3642	-1	21	花脸山魈		126.085335	197.724899	0	300640	10000	-1	-1	1	0	-1	-1	-1	-1	-1	-1	40	0	
83	15053147	3642	-1	21	花脸山魈		112.65873	216.042007	0	300640	10000	-1	-1	1	0	-1	-1	-1	-1	-1	-1	40	0	
84	15053148	3642	-1	21	花脸山魈		126.341972	197.383362	0	300640	10000	-1	-1	1	0	-1	-1	-1	-1	-1	-1	40	0	
85	15053149	3642	-1	21	花脸山魈		126.824013	197.028122	0	300640	10000	-1	-1	1	0	-1	-1	-1	-1	-1	-1	40	0	
86	15053150	3642	-1	21	花脸山魈		126.081276	197.565872	0	300640	10000	-1	-1	1	0	-1	-1	-1	-1	-1	-1	40	0	
87	15053151	3642	-1	21	花脸山魈		126.591866	197.311813	0	300640	10000	-1	-1	1	0	-1	-1	-1	-1	-1	-1	40	0	
88	15053152	3642	-1	21	花脸山魈		126.774628	224.662933	0	300640	10000	-1	-1	1	0	-1	-1	-1	-1	-1	-1	40	0	
89	15053153	3642	-1	21	花脸山魈		126.624489	224.466248	0	300640	10000	-1	-1	1	0	-1	-1	-1	-1	-1	-1	40	0	
90	15053154	3642	-1	21	花脸山魈		126.774628	224.662933	0	300640	10000	-1	-1	1	0	-1	-1	-1	-1	-1	-1	40	0	
91	15053155	3642	-1	21	花脸山魈		127.189255	224.517502	0	300640	10000	-1	-1	1	0	-1	-1	-1	-1	-1	-1	40	0	
92	15053156	3642	-1	21	花脸山魈		126.827293	224.593567	0	300640	10000	-1	-1	1	0	-1	-1	-1	-1	-1	-1	40	0	
93	15053157	3641	-1	21	冀北黄虎		112.379128	70.516876	0	300640	10000	-1	-1	1	0	-1	-1	-1	-1	-1	-1	40	0	
94	15053158	3641	-1	21	冀北黄虎		112.559738	70.333702	0	300640	10000	-1	-1	1	0	-1	-1	-1	-1	-1	-1	40	0	
95	15053159	3641	-1	21	冀北黄虎		112.652733	70.657043	0	300640	10000	-1	-1	1	0	-1	-1	-1	-1	-1	-1	40	0	
96	15053161	3641	-1	21	冀北黄虎		112.333527	70.156052	0	300640	10000	-1	-1	1	0	-1	-1	-1	-1	-1	-1	40	0	
97	15053162	3641	-1	21	冀北黄虎		120.887817	105.737358	0	300640	10000	-1	-1	1	0	-1	-1	-1	-1	-1	-1	40	0	
98	15053163	3641	-1	21	冀北黄虎		120.876419	105.507553	0	300640	10000	-1	-1	1	0	-1	-1	-1	-1	-1	-1	40	0	
99	15053164	3641	-1	21	冀北黄虎		120.792343	105.66259	0	300640	10000	-1	-1	1	0	-1	-1	-1	-1	-1	-1	40	0	
100	15053165	3641	-1	21	冀北黄虎		120.708572	105.816788	0	300640	10000	-1	-1	1	0	-1	-1	-1	-1	-1	-1	40	0	
101	15053171	3640	-1	21	冀北山狼		58.284565	89.216095	0	300640	10000	-1	-1	1	0	-1	-1	-1	-1	-1	-1	40	0	
102	15053172	3640	-1	21	冀北山狼		58.058319	88.407402	0	300640	10000	-1	-1	1	0	-1	-1	-1	-1	-1	-1	40	0	
103	15053173	3640	-1	21	冀北山狼		57.768848	88.184753	0	300640	10000	-1	-1	1	0	-1	-1	-1	-1	-1	-1	40	0	
104	15053177	3640	-1	21	冀北山狼		90.728508	105.403297	0	300640	10000	-1	-1	1	0	-1	-1	-1	-1	-1	-1	40	0	
105	15053185	3640	-1	21	冀北山狼		58.050613	89.123039	0	300640	10000	-1	-1	1	0	-1	-1	-1	-1	-1	-1	40	0	
106	15053186	3640	-1	21	冀北山狼		57.251278	87.824005	0	300640	10000	-1	-1	1	0	-1	-1	-1	-1	-1	-1	40	0	
107	15053187	3640	-1	21	冀北山狼		58.343658	89.023438	0	300640	10000	-1	-1	1	0	-1	-1	-1	-1	-1	-1	40	0	
108	15053188	3640	-1	21	冀北山狼		80.241364	82.469353	0	300640	10000	-1	-1	1	0	-1	-1	-1	-1	-1	-1	40	0	
109	15053189	3640	-1	21	冀北山狼		78.930977	81.913033	0	300640	10000	-1	-1	1	0	-1	-1	-1	-1	-1	-1	40	0	
110	15053190	3640	-1	21	冀北山狼		79.235535	82.012161	0	300640	10000	-1	-1	1	0	-1	-1	-1	-1	-1	-1	40	0	
111	15053191	98	-1	20	 	 	83.190643	232.817291	8	0	10000	-1	-1	3	0	-1	-1	-1	-1	-1	-1	60	0	
112	15053192	98	-1	20	 	 	83.912521	233.409454	12	0	10000	-1	-1	3	0	-1	-1	-1	-1	-1	-1	60	0	
113	15053193	98	-1	20	 	 	83.846741	232.461716	8	0	10000	-1	-1	1	0	-1	-1	-1	-1	-1	-1	60	0	
114	15053194	98	-1	20	 	 	84.546936	232.973587	8	0	10000	-1	-1	3	0	-1	-1	-1	-1	-1	-1	60	0	
115	15053197	3640	-1	21	冀北山狼		33.292412	106.98127	0	300640	10000	-1	-1	1	0	-1	-1	-1	-1	-1	-1	40	0	
116	15053198	3640	-1	21	冀北山狼		33.192841	107.044556	0	300640	10000	-1	-1	1	0	-1	-1	-1	-1	-1	-1	40	0	
117	15053199	3640	-1	21	冀北山狼		31.863867	105.221336	0	300640	10000	-1	-1	1	0	-1	-1	-1	-1	-1	-1	40	0	
118	15053200	3640	-1	21	冀北山狼		31.863867	105.221336	0	300640	10000	-1	-1	1	0	-1	-1	-1	-1	-1	-1	40	0	
119	15053201	3640	-1	21	冀北山狼		31.863867	105.221336	0	300640	10000	-1	-1	1	0	-1	-1	-1	-1	-1	-1	40	0	
120	15053202	3640	-1	21	冀北山狼		31.863867	105.221336	0	300640	10000	-1	-1	1	0	-1	-1	-1	-1	-1	-1	40	0	
121	15053203	3640	-1	21	冀北山狼		31.863867	105.221336	0	300640	10000	-1	-1	1	0	-1	-1	-1	-1	-1	-1	40	0	
122	15053204	3640	-1	21	冀北山狼		31.863867	105.221336	0	300640	10000	-1	-1	1	0	-1	-1	-1	-1	-1	-1	40	0	
123	15053205	3640	-1	21	冀北山狼		78.849831	82.171005	0	300640	10000	-1	-1	1	0	-1	-1	-1	-1	-1	-1	40	0	
124	15053206	3640	-1	21	冀北山狼		79.482819	82.038498	0	300640	10000	-1	-1	1	0	-1	-1	-1	-1	-1	-1	40	0	
125	15053207	3640	-1	21	冀北山狼		79.013084	81.651649	0	300640	10000	-1	-1	1	0	-1	-1	-1	-1	-1	-1	40	0	
126	15053208	3640	-1	21	冀北山狼		79.106354	82.364609	0	300640	10000	-1	-1	1	0	-1	-1	-1	-1	-1	-1	40	0	
127	15053212	3640	-1	21	冀北山狼		79.130646	82.477882	0	300640	10000	-1	-1	1	0	-1	-1	-1	-1	-1	-1	40	0	
128	15053213	3640	-1	21	冀北山狼		36.838398	87.047928	0	300640	10000	-1	-1	1	0	-1	-1	-1	-1	-1	-1	40	0	
129	15053214	3641	-1	21	冀北黄虎		107.619164	90.132576	0	300640	10000	-1	-1	1	0	-1	-1	-1	-1	-1	-1	40	0	
130	15053216	3641	-1	21	冀北黄虎		107.625778	89.952042	0	300640	10000	-1	-1	1	0	-1	-1	-1	-1	-1	-1	40	0	
131	15053217	3641	-1	21	冀北黄虎		107.042084	89.858398	0	300640	10000	-1	-1	1	0	-1	-1	-1	-1	-1	-1	40	0	
132	15053218	3641	-1	21	冀北黄虎		107.048103	89.678276	0	300640	10000	-1	-1	1	0	-1	-1	-1	-1	-1	-1	40	0	
133	15053219	3641	-1	21	冀北黄虎		106.606773	89.677956	0	300640	10000	-1	-1	1	0	-1	-1	-1	-1	-1	-1	40	0	
134	15053220	3641	-1	21	冀北黄虎		106.830597	89.587898	0	300640	10000	-1	-1	1	0	-1	-1	-1	-1	-1	-1	40	0	
135	15053221	3641	-1	21	冀北黄虎		106.672592	89.948059	0	300640	10000	-1	-1	1	0	-1	-1	-1	-1	-1	-1	40	0	
136	15053230	3641	-1	21	冀北黄虎		98.58783	48.676338	0	300640	10000	-1	-1	1	0	-1	-1	-1	-1	-1	-1	40	0	
137	15053231	3641	-1	21	冀北黄虎		98.81115	48.649551	0	300640	10000	-1	-1	1	0	-1	-1	-1	-1	-1	-1	40	0	
138	15053232	3641	-1	21	冀北黄虎		99.604103	48.632763	0	300640	10000	-1	-1	1	0	-1	-1	-1	-1	-1	-1	40	0	
139	15053233	3641	-1	21	冀北黄虎		98.404984	49.113712	0	300640	10000	-1	-1	1	0	-1	-1	-1	-1	-1	-1	40	0	
140	15053234	3641	-1	21	冀北黄虎		99.37825	48.536747	0	300640	10000	-1	-1	1	0	-1	-1	-1	-1	-1	-1	40	0	
141	15053235	3641	-1	21	冀北黄虎		98.265511	48.44482	0	300640	10000	-1	-1	1	0	-1	-1	-1	-1	-1	-1	40	0	
142	15053236	3641	-1	21	冀北黄虎		100.182907	48.453472	0	300640	10000	-1	-1	1	0	-1	-1	-1	-1	-1	-1	40	0	
143	15053237	3641	-1	21	冀北黄虎		99.422539	48.954487	0	300640	10000	-1	-1	1	0	-1	-1	-1	-1	-1	-1	40	0	
144	15053238	3641	-1	21	冀北黄虎		100.008469	48.521885	0	300640	10000	-1	-1	1	0	-1	-1	-1	-1	-1	-1	40	0	
145	15053247	3640	-1	21	冀北山狼		58.741501	107.362	0	300640	10000	-1	-1	1	0	-1	-1	-1	-1	-1	-1	40	0	
146	15053248	3640	-1	21	冀北山狼		58.741493	107.361565	0	300640	10000	-1	-1	1	0	-1	-1	-1	-1	-1	-1	40	0	
147	15053249	3640	-1	21	冀北山狼		58.741493	107.361565	0	300640	10000	-1	-1	1	0	-1	-1	-1	-1	-1	-1	40	0	
148	15053250	3640	-1	21	冀北山狼		58.741493	107.361565	0	300640	10000	-1	-1	1	0	-1	-1	-1	-1	-1	-1	40	0	
149	15053251	3640	-1	21	冀北山狼		58.741493	107.361565	0	300640	10000	-1	-1	1	0	-1	-1	-1	-1	-1	-1	40	0	
150	15053252	3640	-1	21	冀北山狼		58.741493	107.361565	0	300640	10000	-1	-1	1	0	-1	-1	-1	-1	-1	-1	40	0	
151	15053253	3640	-1	21	冀北山狼		58.741493	107.361565	0	300640	10000	-1	-1	1	0	-1	-1	-1	-1	-1	-1	40	0	
152	15053254	3640	-1	21	冀北山狼		58.741493	107.361565	0	300640	10000	-1	-1	1	0	-1	-1	-1	-1	-1	-1	40	0	
153	15053261	3641	-1	21	冀北黄虎		133.798813	87.895554	0	300640	10000	-1	-1	1	0	-1	-1	-1	-1	-1	-1	40	0	
154	15053262	3641	-1	21	冀北黄虎		133.798813	87.895554	0	300640	10000	-1	-1	1	0	-1	-1	-1	-1	-1	-1	40	0	
155	15053263	3641	-1	21	冀北黄虎		133.798813	87.895554	0	300640	10000	-1	-1	1	0	-1	-1	-1	-1	-1	-1	40	0	
156	15053264	3641	-1	21	冀北黄虎		133.798813	87.895554	0	300640	10000	-1	-1	1	0	-1	-1	-1	-1	-1	-1	40	0	
157	15053265	3641	-1	21	冀北黄虎		133.798813	87.895554	0	300640	10000	-1	-1	1	0	-1	-1	-1	-1	-1	-1	40	0	
158	15053266	3641	-1	21	冀北黄虎		133.798813	87.895554	0	300640	10000	-1	-1	1	0	-1	-1	-1	-1	-1	-1	40	0	
159	15053267	3641	-1	21	冀北黄虎		133.798813	87.895554	0	300640	10000	-1	-1	1	0	-1	-1	-1	-1	-1	-1	40	0	
160	15053268	3641	-1	21	冀北黄虎		133.798813	87.895554	0	300640	10000	-1	-1	1	0	-1	-1	-1	-1	-1	-1	40	0	
161	15053269	3641	-1	21	冀北黄虎		133.798813	87.895554	0	300640	10000	-1	-1	1	0	-1	-1	-1	-1	-1	-1	40	0	
162	15053270	3641	-1	21	冀北黄虎		133.798813	87.895554	0	300640	10000	-1	-1	1	0	-1	-1	-1	-1	-1	-1	40	0	
163	15053279	3643	-1	21	踏雪白熊		227.421997	110.654404	0	300640	10000	-1	-1	1	0	-1	-1	-1	-1	-1	-1	40	0	
164	15053280	3643	-1	21	踏雪白熊		227.415512	111.21167	0	300640	10000	-1	-1	1	0	-1	-1	-1	-1	-1	-1	40	0	
165	15053294	3642	-1	21	花脸山魈		175.726959	221.917252	0	300640	10000	-1	-1	1	0	-1	-1	-1	-1	-1	-1	40	0	
166	15053295	3642	-1	21	花脸山魈		175.828339	221.938309	0	300640	10000	-1	-1	1	0	-1	-1	-1	-1	-1	-1	40	0	
167	15053315	3642	-1	21	花脸山魈		175.676132	221.906693	0	300640	10000	-1	-1	1	0	-1	-1	-1	-1	-1	-1	40	0	
168	15053316	3642	-1	21	花脸山魈		175.777603	221.92778	0	300640	10000	-1	-1	1	0	-1	-1	-1	-1	-1	-1	40	0	
169	15053317	3642	-1	21	花脸山魈		175.5961	221.996887	0	300640	10000	-1	-1	1	0	-1	-1	-1	-1	-1	-1	40	0	
170	15053318	3642	-1	21	花脸山魈		175.716995	221.951187	0	300640	10000	-1	-1	1	0	-1	-1	-1	-1	-1	-1	40	0	
171	15053319	3642	-1	21	花脸山魈		175.828339	221.938309	0	300640	10000	-1	-1	1	0	-1	-1	-1	-1	-1	-1	40	0	
172	15053320	3642	-1	21	花脸山魈		175.344635	221.94519	0	300640	10000	-1	-1	1	0	-1	-1	-1	-1	-1	-1	40	0	
173	15053321	3642	-1	21	花脸山魈		175.726959	221.917252	0	300640	10000	-1	-1	1	0	-1	-1	-1	-1	-1	-1	40	0	
174	15053323	3640	-1	21	冀北山狼		57.852554	87.605392	0	300640	10000	-1	-1	1	0	-1	-1	-1	-1	-1	-1	40	0	
175	15053324	3640	-1	21	冀北山狼		37.213467	86.525017	0	300640	10000	-1	-1	1	0	-1	-1	-1	-1	-1	-1	40	0	
176	15053325	3641	-1	21	冀北黄虎		107.619164	90.132576	0	300640	10000	-1	-1	1	0	-1	-1	-1	-1	-1	-1	40	0	
177	15053326	3641	-1	21	冀北黄虎		107.619164	90.132576	0	300640	10000	-1	-1	1	0	-1	-1	-1	-1	-1	-1	40	0	
178	15053336	3641	-1	21	冀北黄虎		100.008469	48.521885	0	300640	10000	-1	-1	1	0	-1	-1	-1	-1	-1	-1	40	0	
179	15053337	3641	-1	21	冀北黄虎		99.12133	48.638153	0	300640	10000	-1	-1	1	0	-1	-1	-1	-1	-1	-1	40	0	
180	15053365	3642	-1	21	花脸山魈	 	101.069336	199.332657	0	300640	10000	-1	-1	1	0	-1	-1	-1	-1	-1	-1	40	0	
181	15053366	3642	-1	21	花脸山魈	 	101.120461	198.988129	0	300640	10000	-1	-1	1	0	-1	-1	-1	-1	-1	-1	40	0	
182	15053369	3250	-1	21	红云盗宝客		229.448227	64.926392	0	0	10000	-1	-1	1	0	-1	-1	-1	-1	-1	-1	40	0	
183	15053370	3250	-1	21	红云盗宝客		213.970428	59.576153	0	0	10000	-1	-1	1	0	-1	-1	-1	-1	-1	-1	40	0	
184	15053373	3250	-1	21	红云盗宝客		221.092056	63.922619	0	0	10000	-1	-1	1	0	-1	-1	-1	-1	-1	-1	40	0	
185	15053374	3250	-1	21	红云盗宝客		204.890549	79.506546	0	0	10000	-1	-1	1	0	-1	-1	-1	-1	-1	-1	40	0	
186	15053385	3251	-1	21	大漠盗宝客		110.05117	141.741592	0	0	10000	-1	-1	1	0	-1	-1	-1	-1	-1	-1	45	0	
187	15053387	3251	-1	21	大漠盗宝客		103.174843	125.791306	0	0	10000	-1	-1	1	0	-1	-1	-1	-1	-1	-1	45	0	
188	15053388	3251	-1	21	大漠盗宝客		108.54435	107.977921	0	0	10000	-1	-1	1	0	-1	-1	-1	-1	-1	-1	45	0	
189	15053390	3251	-1	21	大漠盗宝客		91.82074	115.185822	0	0	10000	-1	-1	1	0	-1	-1	-1	-1	-1	-1	45	0	
190	15053399	3252	-1	21	独行盗宝客		138.985016	222.402618	0	0	10000	-1	-1	1	0	-1	-1	-1	-1	-1	-1	50	0	
191	15053403	3252	-1	21	独行盗宝客		161.811218	221.810471	0	0	10000	-1	-1	1	0	-1	-1	-1	-1	-1	-1	50	0	
192	15053404	3252	-1	21	独行盗宝客		139.098663	207.434967	0	0	10000	-1	-1	1	0	-1	-1	-1	-1	-1	-1	50	0	
193	15053405	3252	-1	21	独行盗宝客		158.848877	215.146362	0	0	10000	-1	-1	1	0	-1	-1	-1	-1	-1	-1	50	0	
194	15053415	3253	-1	21	黑风盗宝客		206.994232	214.782425	0	0	10000	-1	-1	1	0	-1	-1	-1	-1	-1	-1	55	0	
195	15053419	3253	-1	21	黑风盗宝客		216.505173	217.960861	0	0	10000	-1	-1	1	0	-1	-1	-1	-1	-1	-1	55	0	
196	15053421	3253	-1	21	黑风盗宝客		230.654022	184.927826	0	0	10000	-1	-1	1	0	-1	-1	-1	-1	-1	-1	55	0	
197	15053422	3253	-1	21	黑风盗宝客		210.309723	181.538132	0	0	10000	-1	-1	1	0	-1	-1	-1	-1	-1	-1	55	0	
198	15053423	3642	-1	21	花脸山魈	 	150.892624	185.937943	0	300640	10000	-1	-1	1	0	-1	-1	-1	-1	-1	-1	40	0	
199	15053424	3642	-1	21	花脸山魈	 	150.892624	185.937943	0	300640	10000	-1	-1	1	0	-1	-1	-1	-1	-1	-1	40	0	
200	15053425	3642	-1	21	花脸山魈	 	150.892624	185.937943	0	300640	10000	-1	-1	1	0	-1	-1	-1	-1	-1	-1	40	0	
201	15053426	3642	-1	21	花脸山魈	 	150.892624	185.937943	0	300640	10000	-1	-1	1	0	-1	-1	-1	-1	-1	-1	40	0	
202	15053427	3642	-1	21	花脸山魈	 	150.892624	185.937943	0	300640	10000	-1	-1	1	0	-1	-1	-1	-1	-1	-1	40	0	
203	15053428	3642	-1	21	花脸山魈	 	150.892624	185.937943	0	300640	10000	-1	-1	1	0	-1	-1	-1	-1	-1	-1	40	0	
204	15053429	3642	-1	21	花脸山魈	 	150.892624	185.937943	0	300640	10000	-1	-1	1	0	-1	-1	-1	-1	-1	-1	40	0	
205	15053430	3642	-1	21	花脸山魈	 	150.892624	185.937943	0	300640	10000	-1	-1	1	0	-1	-1	-1	-1	-1	-1	40	0	
206	15053431	3642	-1	21	花脸山魈	 	150.892624	185.937943	0	300640	10000	-1	-1	1	0	-1	-1	-1	-1	-1	-1	40	0	
207	15053432	3642	-1	21	花脸山魈	 	150.892624	185.937943	0	300640	10000	-1	-1	1	0	-1	-1	-1	-1	-1	-1	40	0	
208	15053433	3642	-1	21	花脸山魈	 	150.892624	185.937943	0	300640	10000	-1	-1	1	0	-1	-1	-1	-1	-1	-1	40	0	
209	15053434	3642	-1	21	花脸山魈	 	150.892624	185.937943	0	300640	10000	-1	-1	1	0	-1	-1	-1	-1	-1	-1	40	0	
210	15053435	3642	-1	21	花脸山魈	 	150.892624	185.937943	0	300640	10000	-1	-1	1	0	-1	-1	-1	-1	-1	-1	40	0	
211	15053436	3642	-1	21	花脸山魈	 	150.892624	185.937943	0	300640	10000	-1	-1	1	0	-1	-1	-1	-1	-1	-1	40	0	
212	15053437	3642	-1	21	花脸山魈		112.65873	216.042007	0	300640	10000	-1	-1	1	0	-1	-1	-1	-1	-1	-1	40	0	
213	15053438	3642	-1	21	花脸山魈		112.65873	216.042007	0	300640	10000	-1	-1	1	0	-1	-1	-1	-1	-1	-1	40	0	
214	15053439	3642	-1	21	花脸山魈		112.65873	216.042007	0	300640	10000	-1	-1	1	0	-1	-1	-1	-1	-1	-1	40	0	
215	15053440	3642	-1	21	花脸山魈		112.65873	216.042007	0	300640	10000	-1	-1	1	0	-1	-1	-1	-1	-1	-1	40	0	
216	15053441	3642	-1	21	花脸山魈		112.65873	216.042007	0	300640	10000	-1	-1	1	0	-1	-1	-1	-1	-1	-1	40	0	
217	15053442	3642	-1	21	花脸山魈		112.65873	216.042007	0	300640	10000	-1	-1	1	0	-1	-1	-1	-1	-1	-1	40	0	
218	15053443	3642	-1	21	花脸山魈		112.65873	216.042007	0	300640	10000	-1	-1	1	0	-1	-1	-1	-1	-1	-1	40	0	
219	15053444	3642	-1	21	花脸山魈		112.65873	216.042007	0	300640	10000	-1	-1	1	0	-1	-1	-1	-1	-1	-1	40	0	
220	15053445	3642	-1	21	花脸山魈		112.65873	216.042007	0	300640	10000	-1	-1	1	0	-1	-1	-1	-1	-1	-1	40	0	
221	15053446	3642	-1	21	花脸山魈		112.65873	216.042007	0	300640	10000	-1	-1	1	0	-1	-1	-1	-1	-1	-1	40	0	
222	15053447	3643	-1	21	踏雪白熊		217.341782	158.870453	0	300640	10000	-1	-1	1	0	-1	-1	-1	-1	-1	-1	40	0	
223	15053448	3643	-1	21	踏雪白熊		217.341782	158.870453	0	300640	10000	-1	-1	1	0	-1	-1	-1	-1	-1	-1	40	0	
224	15053449	3643	-1	21	踏雪白熊		217.089172	158.790619	0	300640	10000	-1	-1	1	0	-1	-1	-1	-1	-1	-1	40	0	
225	15053450	3643	-1	21	踏雪白熊		217.089172	158.790619	0	300640	10000	-1	-1	1	0	-1	-1	-1	-1	-1	-1	40	0	
226	15053451	3643	-1	21	踏雪白熊		217.089172	158.790619	0	300640	10000	-1	-1	1	0	-1	-1	-1	-1	-1	-1	40	0	
227	15053452	3643	-1	21	踏雪白熊		217.089172	158.790619	0	300640	10000	-1	-1	1	0	-1	-1	-1	-1	-1	-1	40	0	
228	15053453	3643	-1	21	踏雪白熊		217.089172	158.790619	0	300640	10000	-1	-1	1	0	-1	-1	-1	-1	-1	-1	40	0	
229	15053454	3643	-1	21	踏雪白熊		217.089172	158.790619	0	300640	10000	-1	-1	1	0	-1	-1	-1	-1	-1	-1	40	0	
230	15053455	3643	-1	21	踏雪白熊		217.089172	158.790619	0	300640	10000	-1	-1	1	0	-1	-1	-1	-1	-1	-1	40	0	
231	15053456	3643	-1	21	踏雪白熊		217.341782	158.870453	0	300640	10000	-1	-1	1	0	-1	-1	-1	-1	-1	-1	40	0	
232	15053457	3643	-1	21	踏雪白熊		217.341782	158.870453	0	300640	10000	-1	-1	1	0	-1	-1	-1	-1	-1	-1	40	0	
233	15053458	3640	-1	21	冀北山狼		90.728508	105.403297	0	300640	10000	-1	-1	1	0	-1	-1	-1	-1	-1	-1	40	0	
234	15053459	3640	-1	21	冀北山狼		90.728508	105.403297	0	300640	10000	-1	-1	1	0	-1	-1	-1	-1	-1	-1	40	0	
235	15053460	3640	-1	21	冀北山狼		90.728508	105.403297	0	300640	10000	-1	-1	1	0	-1	-1	-1	-1	-1	-1	40	0	
236	15053461	3640	-1	21	冀北山狼		90.728508	105.403297	0	300640	10000	-1	-1	1	0	-1	-1	-1	-1	-1	-1	40	0	
237	15053462	3640	-1	21	冀北山狼		90.728508	105.403297	0	300640	10000	-1	-1	1	0	-1	-1	-1	-1	-1	-1	40	0	
238	15053463	3640	-1	21	冀北山狼		90.728508	105.403297	0	300640	10000	-1	-1	1	0	-1	-1	-1	-1	-1	-1	40	0	
239	15053464	3640	-1	21	冀北山狼		90.728508	105.403297	0	300640	10000	-1	-1	1	0	-1	-1	-1	-1	-1	-1	40	0	
240	15053465	3640	-1	21	冀北山狼		90.728508	105.403297	0	300640	10000	-1	-1	1	0	-1	-1	-1	-1	-1	-1	40	0	
241	15053466	3640	-1	21	冀北山狼		90.728508	105.403297	0	300640	10000	-1	-1	1	0	-1	-1	-1	-1	-1	-1	40	0	
242	15053467	3640	-1	21	冀北山狼		90.728508	105.403297	0	300640	10000	-1	-1	1	0	-1	-1	-1	-1	-1	-1	40	0	
243	15053474	1037	136051	20	大元守军		141.934143	55.687668	4	0	10000	-1	-1	3	0	-1	-1	-1	-1	-1	-1	40	0	
244	15053475	1037	136051	20	大元守军		149.96376	38.831337	24	0	10000	-1	-1	3	0	-1	-1	-1	-1	-1	-1	40	0	
245	15053476	1037	136051	20	大元守军		160.059799	50.757069	32	0	10000	-1	-1	3	0	-1	-1	-1	-1	-1	-1	40	0	
246	15053477	1037	136051	20	大元守军		157.156906	57.283924	0	0	10000	-1	-1	3	0	-1	-1	-1	-1	-1	-1	40	0	
247	15053478	658	136053	20	太行守将赵勇智		138.98439	44.153282	32	0	10000	-1	-1	3	0	-1	-1	-1	-1	-1	-1	40	0	
248	15053479	1037	136052	20	太行精锐		39.378788	39.426613	4	0	10000	-1	-1	3	0	-1	-1	-1	-1	-1	-1	40	0	
249	15053480	1037	136054	20	太行精锐		40.734894	41.016827	4	0	10000	-1	-1	3	0	-1	-1	-1	-1	-1	-1	40	0	
250	15053481	1037	136055	20	太行精锐		45.927071	34.956768	20	0	10000	-1	-1	3	0	-1	-1	-1	-1	-1	-1	40	0	
251	15053482	1037	136056	20	太行精锐		47.24873	36.723751	20	0	10000	-1	-1	3	0	-1	-1	-1	-1	-1	-1	40	0	
252	15053483	1037	136052	20	太行精锐		51.200497	60.100201	4	0	10000	-1	-1	3	0	-1	-1	-1	-1	-1	-1	40	0	
253	15053484	1037	136054	20	太行精锐		46.560402	54.910038	4	0	10000	-1	-1	3	0	-1	-1	-1	-1	-1	-1	40	0	
254	15053485	1037	136055	20	太行精锐		65.626221	55.435829	32	0	10000	-1	-1	3	0	-1	-1	-1	-1	-1	-1	40	0	
255	15053486	1037	136056	20	太行精锐		58.289398	45.794003	24	0	10000	-1	-1	3	0	-1	-1	-1	-1	-1	-1	40	0	
256	15053487	1037	136054	20	太行精锐		56.77309	63.247036	32	0	10000	-1	-1	3	0	-1	-1	-1	-1	-1	-1	40	0	
257	15053489	1037	136055	20	太行精锐		61.1931	48.685802	24	0	10000	-1	-1	3	0	-1	-1	-1	-1	-1	-1	40	0	
258	15053491	1037	136051	20	大元守军		139.205032	40.393787	32	0	10000	-1	-1	3	0	-1	-1	-1	-1	-1	-1	40	0	
259	15053492	1037	136051	20	大元守军		135.001236	45.853146	0	0	10000	-1	-1	3	0	-1	-1	-1	-1	-1	-1	40	0	
260	15053493	1037	136057	20	驿卒		133.005005	161.084732	32	0	10000	-1	-1	3	0	-1	-1	-1	-1	-1	-1	40	0	
261	15053495	167	-1	20	 		135.035156	150.555405	30	0	10000	-1	-1	3	0	-1	-1	-1	-1	-1	-1	40	0	
262	15053497	168	-1	20	 		130.0298	156.661285	0	0	10000	-1	-1	3	0	-1	-1	-1	-1	-1	-1	40	0	
263	15053498	168	-1	20	 		130.044785	154.543228	36	0	10000	-1	-1	3	0	-1	-1	-1	-1	-1	-1	40	0	
264	15053499	169	-1	20	 		132.393295	151.92778	32	0	10000	-1	-1	3	0	-1	-1	-1	-1	-1	-1	40	0	
265	15053502	213	136058	20	太行副将赵智勇		40.00631	34.409191	32	0	10000	-1	-1	3	0	-1	-1	-1	-1	-1	-1	40	0	
266	15053503	3250	-1	21	红云盗宝客		208.52594	58.058155	0	0	10000	-1	-1	1	0	-1	-1	-1	-1	-1	-1	40	0	
267	15053504	3250	-1	21	红云盗宝客		210.114197	67.708069	0	0	10000	-1	-1	1	0	-1	-1	-1	-1	-1	-1	40	0	
268	15053505	3250	-1	21	红云盗宝客		208.922958	75.052193	0	0	10000	-1	-1	1	0	-1	-1	-1	-1	-1	-1	40	0	
269	15053506	3250	-1	21	红云盗宝客		215.358688	70.540146	0	0	10000	-1	-1	1	0	-1	-1	-1	-1	-1	-1	40	0	
270	15053507	3252	-1	21	独行盗宝客		149.899277	223.202103	0	0	10000	-1	-1	1	0	-1	-1	-1	-1	-1	-1	50	0	
271	15053508	3252	-1	21	独行盗宝客		137.434372	214.222321	0	0	10000	-1	-1	1	0	-1	-1	-1	-1	-1	-1	50	0	
272	15053509	3252	-1	21	独行盗宝客		148.961548	203.384674	0	0	10000	-1	-1	1	0	-1	-1	-1	-1	-1	-1	50	0	
273	15053510	3252	-1	21	独行盗宝客		159.405838	205.772324	0	0	10000	-1	-1	1	0	-1	-1	-1	-1	-1	-1	50	0	
274	15053511	3253	-1	21	黑风盗宝客		220.124786	183.169662	0	0	10000	-1	-1	1	0	-1	-1	-1	-1	-1	-1	55	0	
275	15053512	3253	-1	21	黑风盗宝客		230.348923	195.608185	0	0	10000	-1	-1	1	0	-1	-1	-1	-1	-1	-1	55	0	
276	15053513	3253	-1	21	黑风盗宝客		228.097565	207.460495	0	0	10000	-1	-1	1	0	-1	-1	-1	-1	-1	-1	55	0	
277	15053514	3253	-1	21	黑风盗宝客		225.296753	219.896835	0	0	10000	-1	-1	1	0	-1	-1	-1	-1	-1	-1	55	0	
278	15053515	3251	-1	21	大漠盗宝客		105.118683	133.361099	0	0	10000	-1	-1	1	0	-1	-1	-1	-1	-1	-1	45	0	
279	15053516	3251	-1	21	大漠盗宝客		117.139137	115.02195	0	0	10000	-1	-1	1	0	-1	-1	-1	-1	-1	-1	45	0	
280	15053517	3251	-1	21	大漠盗宝客		107.669258	118.105232	0	0	10000	-1	-1	1	0	-1	-1	-1	-1	-1	-1	45	0	
281	15053518	3251	-1	21	大漠盗宝客		122.82254	124.26403	0	0	10000	-1	-1	1	0	-1	-1	-1	-1	-1	-1	45	0	
282	15052370	2604	101417	-1	太行山	传送人	144	38	29	-1	1000	-1	-1	3	0	-1	-1	-1	-1	-1	-1	100	0	
