NUM	NUM	NUM	NUM	NUM	TEXT	TEXT	FLOAT	FLOAT	NUM	NUM	NUM	NUM	NUM	NUM	NUM	NUM	NUM	NUM	NUM	NUM	NUM	NUM	NUM
晤瘍	呴儂晤瘍	attr晤瘍	軀憮桶晤瘍	淝茠晤瘍	靡備	備瘍	x粣釴梓	z粣釴梓	陳砃	褐掛晤瘍	笭汜奀潔	煦郪晤瘍	勦斪晤瘍	價插AI	AI恅璃	挐軀繚噤	妀虛0	妀虛1	妀虛2	妀虛3	靡酐ID	脹撰	噩砉郪
0	6126252	1211	142780	20	卼弊茠華緛逑	臍冼絢換冞	213	39.8	29	-1	1000	-1	-1	3	-1	-1	-1	-1	-1	-1	-1	100	0	
1	6126394	1211	142781	20	卼弊怹條		218.510117	40.891834	27	-1	1000	-1	-1	3	-1	-1	-1	-1	-1	-1	-1	100	0	
2	6126412	1211	142782	20	卼弊怹條		220.815887	43.854229	27	-1	1000	-1	-1	3	-1	-1	-1	-1	-1	-1	-1	100	0	
3	6126512	1211	142783	20	卼弊怹條		213.058685	34.792019	29	-1	1000	-1	-1	3	-1	-1	-1	-1	-1	-1	-1	100	0	
4	6126556	1211	142784	20	卼弊怹條		210.381638	32.449844	29	-1	1000	-1	-1	3	-1	-1	-1	-1	-1	-1	-1	100	0	
5	6181840	9753	-1	21			194.049255	44.001766	27	300640	1000	-1	-1	0	-1	-1	-1	-1	-1	-1	-1	95	0	
6	6181841	9753	-1	21			194.388367	44.028095	27	300640	1000	-1	-1	0	-1	-1	-1	-1	-1	-1	-1	95	0	
7	6181842	9753	-1	21			194.840515	43.997433	27	300640	1000	-1	-1	0	-1	-1	-1	-1	-1	-1	-1	95	0	
8	6181843	9753	-1	21			194.869659	44.311981	27	300640	1000	-1	-1	0	-1	-1	-1	-1	-1	-1	-1	95	0	
9	6181844	9753	-1	21			194.531418	44.342567	27	300640	1000	-1	-1	0	-1	-1	-1	-1	-1	-1	-1	95	0	
10	6181845	9753	-1	21			194.10791	44.34462	27	300640	1000	-1	-1	0	-1	-1	-1	-1	-1	-1	-1	95	0	
11	6181847	9753	-1	21			194.19455	44.628956	27	300640	1000	-1	-1	0	-1	-1	-1	-1	-1	-1	-1	95	0	
12	6181849	9753	-1	21			194.589523	44.68417	27	300640	1000	-1	-1	0	-1	-1	-1	-1	-1	-1	-1	95	0	
13	6181851	9753	-1	21			194.927597	44.597694	27	300640	1000	-1	-1	0	-1	-1	-1	-1	-1	-1	-1	95	0	
14	6181852	9753	-1	21			194.754059	43.653965	27	300640	1000	-1	-1	0	-1	-1	-1	-1	-1	-1	-1	95	0	
15	6181853	9753	-1	21			194.443054	43.684864	27	300640	1000	-1	-1	0	-1	-1	-1	-1	-1	-1	-1	95	0	
16	6181854	9753	-1	21			193.991531	43.716415	27	300640	1000	-1	-1	0	-1	-1	-1	-1	-1	-1	-1	95	0	
17	6181856	9753	-1	21			193.880661	44.003143	27	300640	1000	-1	-1	0	-1	-1	-1	-1	-1	-1	-1	95	0	
18	6181857	9753	-1	21			193.797668	44.231808	27	300640	1000	-1	-1	0	-1	-1	-1	-1	-1	-1	-1	95	0	
19	6181858	9753	-1	21			193.799911	44.517303	27	300640	1000	-1	-1	0	-1	-1	-1	-1	-1	-1	-1	95	0	
20	6181882	9753	-1	21			204.490173	73.260063	27	300640	1000	-1	-1	0	-1	-1	-1	-1	-1	-1	-1	95	0	
21	6181884	9753	-1	21			204.130981	73.453842	27	300640	1000	-1	-1	0	-1	-1	-1	-1	-1	-1	-1	95	0	
22	6181885	9753	-1	21			204.490128	73.619919	27	300640	1000	-1	-1	0	-1	-1	-1	-1	-1	-1	-1	95	0	
23	6181886	9753	-1	21			204.904877	73.453827	27	300640	1000	-1	-1	0	-1	-1	-1	-1	-1	-1	-1	95	0	
24	6181888	9753	-1	21			204.932419	73.786034	27	300640	1000	-1	-1	0	-1	-1	-1	-1	-1	-1	-1	95	0	
25	6181890	9753	-1	21			204.518051	73.868896	27	300640	1000	-1	-1	0	-1	-1	-1	-1	-1	-1	-1	95	0	
26	6181892	9753	-1	21			204.158539	73.730812	27	300640	1000	-1	-1	0	-1	-1	-1	-1	-1	-1	-1	95	0	
27	6181896	9753	-1	21			204.241302	74.117775	27	300640	1000	-1	-1	0	-1	-1	-1	-1	-1	-1	-1	95	0	
28	6181897	9753	-1	21			204.628403	74.145432	27	300640	1000	-1	-1	0	-1	-1	-1	-1	-1	-1	-1	95	0	
29	6181898	9753	-1	21			205.043121	74.062546	27	300640	1000	-1	-1	0	-1	-1	-1	-1	-1	-1	-1	95	0	
30	6181900	9753	-1	21			205.374832	73.481392	27	300640	1000	-1	-1	0	-1	-1	-1	-1	-1	-1	-1	95	0	
31	6181902	9753	-1	21			205.31955	73.786003	27	300640	1000	-1	-1	0	-1	-1	-1	-1	-1	-1	-1	95	0	
32	6181903	9753	-1	21			203.992584	73.758049	27	300640	1000	-1	-1	0	-1	-1	-1	-1	-1	-1	-1	95	0	
33	6181904	9753	-1	21			204.04776	74.034943	27	300640	1000	-1	-1	0	-1	-1	-1	-1	-1	-1	-1	95	0	
34	6181907	9753	-1	21			205.043289	73.288101	27	300640	1000	-1	-1	0	-1	-1	-1	-1	-1	-1	-1	95	0	
35	6181917	9753	-1	21			204.007523	113.466072	27	300640	1000	-1	-1	0	-1	-1	-1	-1	-1	-1	-1	95	0	
36	6181918	9753	-1	21			204.386826	113.46682	27	300640	1000	-1	-1	0	-1	-1	-1	-1	-1	-1	-1	95	0	
37	6181920	9753	-1	21			204.738358	113.305115	27	300640	1000	-1	-1	0	-1	-1	-1	-1	-1	-1	-1	95	0	
38	6181921	9753	-1	21			204.792358	113.60276	27	300640	1000	-1	-1	0	-1	-1	-1	-1	-1	-1	-1	95	0	
39	6181923	9753	-1	21			204.413483	113.845619	27	300640	1000	-1	-1	0	-1	-1	-1	-1	-1	-1	-1	95	0	
40	6181924	9753	-1	21			204.06163	113.818108	27	300640	1000	-1	-1	0	-1	-1	-1	-1	-1	-1	-1	95	0	
41	6181925	9753	-1	21			204.061615	114.088921	27	300640	1000	-1	-1	0	-1	-1	-1	-1	-1	-1	-1	95	0	
42	6181927	9753	-1	21			204.522293	114.116402	27	300640	1000	-1	-1	0	-1	-1	-1	-1	-1	-1	-1	95	0	
43	6181929	9753	-1	21			204.927704	114.116791	27	300640	1000	-1	-1	0	-1	-1	-1	-1	-1	-1	-1	95	0	
44	6181930	9753	-1	21			204.981659	113.900551	27	300640	1000	-1	-1	0	-1	-1	-1	-1	-1	-1	-1	95	0	
45	6181932	9753	-1	21			204.278702	113.195854	27	300640	1000	-1	-1	0	-1	-1	-1	-1	-1	-1	-1	95	0	
46	6181933	9753	-1	21			203.899734	113.223045	27	300640	1000	-1	-1	0	-1	-1	-1	-1	-1	-1	-1	95	0	
47	6181934	9753	-1	21			203.9263	113.574783	27	300640	1000	-1	-1	0	-1	-1	-1	-1	-1	-1	-1	95	0	
48	6181935	9753	-1	21			203.737549	113.765236	27	300640	1000	-1	-1	0	-1	-1	-1	-1	-1	-1	-1	95	0	
49	6181937	9753	-1	21			205.089951	113.603233	27	300640	1000	-1	-1	0	-1	-1	-1	-1	-1	-1	-1	95	0	
50	6182223	9753	-1	21			52.596596	124.333984	27	300640	1000	-1	-1	0	-1	-1	-1	-1	-1	-1	-1	95	0	
51	6182224	9753	-1	21			52.965317	124.381233	27	300640	1000	-1	-1	0	-1	-1	-1	-1	-1	-1	-1	95	0	
52	6182225	9753	-1	21			53.195995	124.381653	27	300640	1000	-1	-1	0	-1	-1	-1	-1	-1	-1	-1	95	0	
53	6182226	9753	-1	21			52.920135	124.197311	27	300640	1000	-1	-1	0	-1	-1	-1	-1	-1	-1	-1	95	0	
54	6182228	9753	-1	21			52.68911	124.196556	27	300640	1000	-1	-1	0	-1	-1	-1	-1	-1	-1	-1	95	0	
55	6182230	9753	-1	21			53.196278	124.197922	27	300640	1000	-1	-1	0	-1	-1	-1	-1	-1	-1	-1	95	0	
56	6182232	9753	-1	21			52.827408	124.518555	27	300640	1000	-1	-1	0	-1	-1	-1	-1	-1	-1	-1	95	0	
57	6182234	9753	-1	21			52.503963	124.563301	27	300640	1000	-1	-1	0	-1	-1	-1	-1	-1	-1	-1	95	0	
58	6182236	9753	-1	21			53.195728	124.61145	27	300640	1000	-1	-1	0	-1	-1	-1	-1	-1	-1	-1	95	0	
59	6182237	9753	-1	21			53.058861	123.922287	27	300640	1000	-1	-1	0	-1	-1	-1	-1	-1	-1	-1	95	0	
60	6182238	9753	-1	21			52.643246	124.104599	27	300640	1000	-1	-1	0	-1	-1	-1	-1	-1	-1	-1	95	0	
61	6182240	9753	-1	21			52.643898	123.921234	27	300640	1000	-1	-1	0	-1	-1	-1	-1	-1	-1	-1	95	0	
62	6182241	9753	-1	21			53.151474	123.922432	27	300640	1000	-1	-1	0	-1	-1	-1	-1	-1	-1	-1	95	0	
63	6182242	9753	-1	21			52.827126	124.748314	27	300640	1000	-1	-1	0	-1	-1	-1	-1	-1	-1	-1	95	0	
64	6182244	9753	-1	21			52.456741	124.838837	27	300640	1000	-1	-1	0	-1	-1	-1	-1	-1	-1	-1	95	0	
65	6182746	9753	-1	21			163.993774	72.363747	27	300640	1000	-1	-1	0	-1	-1	-1	-1	-1	-1	-1	95	0	
66	6182748	9753	-1	21			164.407837	72.364746	27	300640	1000	-1	-1	0	-1	-1	-1	-1	-1	-1	-1	95	0	
67	6182750	9753	-1	21			164.685989	72.367073	27	300640	1000	-1	-1	0	-1	-1	-1	-1	-1	-1	-1	95	0	
68	6182752	9753	-1	21			165.107956	72.37822	27	300640	1000	-1	-1	0	-1	-1	-1	-1	-1	-1	-1	95	0	
69	6182754	9753	-1	21			165.107117	72.652313	27	300640	1000	-1	-1	0	-1	-1	-1	-1	-1	-1	-1	95	0	
70	6182756	9753	-1	21			164.614441	72.638947	27	300640	1000	-1	-1	0	-1	-1	-1	-1	-1	-1	-1	95	0	
71	6182758	9753	-1	21			164.193344	72.630203	27	300640	1000	-1	-1	0	-1	-1	-1	-1	-1	-1	-1	95	0	
72	6182760	9753	-1	21			163.984222	72.697144	27	300640	1000	-1	-1	0	-1	-1	-1	-1	-1	-1	-1	95	0	
73	6182762	9753	-1	21			164.116882	72.966408	27	300640	1000	-1	-1	0	-1	-1	-1	-1	-1	-1	-1	95	0	
74	6182763	9753	-1	21			164.613327	72.98288	27	300640	1000	-1	-1	0	-1	-1	-1	-1	-1	-1	-1	95	0	
75	6182766	9753	-1	21			165.106125	72.995995	27	300640	1000	-1	-1	0	-1	-1	-1	-1	-1	-1	-1	95	0	
76	6182767	9753	-1	21			164.820618	73.329086	27	300640	1000	-1	-1	0	-1	-1	-1	-1	-1	-1	-1	95	0	
77	6182769	9753	-1	21			164.328079	73.385529	27	300640	1000	-1	-1	0	-1	-1	-1	-1	-1	-1	-1	95	0	
78	6182771	9753	-1	21			164.044754	73.308472	27	300640	1000	-1	-1	0	-1	-1	-1	-1	-1	-1	-1	95	0	
79	6182773	9753	-1	21			163.837158	72.962959	27	300640	1000	-1	-1	0	-1	-1	-1	-1	-1	-1	-1	95	0	
80	6183654	9753	-1	21			164.84343	114.112289	27	300640	1000	-1	-1	0	-1	-1	-1	-1	-1	-1	-1	95	0	
81	6183656	9753	-1	21			164.544601	113.956421	27	300640	1000	-1	-1	0	-1	-1	-1	-1	-1	-1	-1	95	0	
82	6183657	9753	-1	21			164.562256	114.350807	27	300640	1000	-1	-1	0	-1	-1	-1	-1	-1	-1	-1	95	0	
83	6183658	9753	-1	21			164.906982	114.450645	27	300640	1000	-1	-1	0	-1	-1	-1	-1	-1	-1	-1	95	0	
84	6183660	9753	-1	21			165.033859	113.994263	27	300640	1000	-1	-1	0	-1	-1	-1	-1	-1	-1	-1	95	0	
85	6183661	9753	-1	21			164.77803	113.710732	27	300640	1000	-1	-1	0	-1	-1	-1	-1	-1	-1	-1	95	0	
86	6183663	9753	-1	21			164.49855	114.019882	27	300640	1000	-1	-1	0	-1	-1	-1	-1	-1	-1	-1	95	0	
87	6183664	9753	-1	21			164.510529	114.283272	27	300640	1000	-1	-1	0	-1	-1	-1	-1	-1	-1	-1	95	0	
88	6183666	9753	-1	21			164.5224	114.544327	27	300640	1000	-1	-1	0	-1	-1	-1	-1	-1	-1	-1	95	0	
89	6183667	9753	-1	21			164.719803	114.630409	27	300640	1000	-1	-1	0	-1	-1	-1	-1	-1	-1	-1	95	0	
90	6183669	9753	-1	21			165.011749	114.659332	27	300640	1000	-1	-1	0	-1	-1	-1	-1	-1	-1	-1	95	0	
91	6183670	9753	-1	21			165.055237	114.532059	27	300640	1000	-1	-1	0	-1	-1	-1	-1	-1	-1	-1	95	0	
92	6183672	9753	-1	21			165.098038	114.401794	27	300640	1000	-1	-1	0	-1	-1	-1	-1	-1	-1	-1	95	0	
93	6183673	9753	-1	21			165.084991	114.067451	27	300640	1000	-1	-1	0	-1	-1	-1	-1	-1	-1	-1	95	0	
94	6183676	9753	-1	21			164.419662	114.405952	27	300640	1000	-1	-1	0	-1	-1	-1	-1	-1	-1	-1	95	0	
95	6183740	9753	-1	21			124.81974	194.46933	27	300640	1000	-1	-1	0	-1	-1	-1	-1	-1	-1	-1	95	0	
96	6183741	9753	-1	21			124.978668	194.544632	27	300640	1000	-1	-1	0	-1	-1	-1	-1	-1	-1	-1	95	0	
97	6183742	9753	-1	21			125.237206	194.553955	27	300640	1000	-1	-1	0	-1	-1	-1	-1	-1	-1	-1	95	0	
98	6183744	9753	-1	21			124.569359	194.606277	27	300640	1000	-1	-1	0	-1	-1	-1	-1	-1	-1	-1	95	0	
99	6183745	9753	-1	21			124.688393	194.891602	27	300640	1000	-1	-1	0	-1	-1	-1	-1	-1	-1	-1	95	0	
100	6183747	9753	-1	21			124.94574	194.897964	27	300640	1000	-1	-1	0	-1	-1	-1	-1	-1	-1	-1	95	0	
101	6183748	9753	-1	21			125.151802	194.905212	27	300640	1000	-1	-1	0	-1	-1	-1	-1	-1	-1	-1	95	0	
102	6183749	9753	-1	21			125.189125	194.624039	27	300640	1000	-1	-1	0	-1	-1	-1	-1	-1	-1	-1	95	0	
103	6183750	9753	-1	21			124.816071	194.401291	27	300640	1000	-1	-1	0	-1	-1	-1	-1	-1	-1	-1	95	0	
104	6183752	9753	-1	21			124.565224	194.534317	27	300640	1000	-1	-1	0	-1	-1	-1	-1	-1	-1	-1	95	0	
105	6183753	9753	-1	21			124.632988	194.820129	27	300640	1000	-1	-1	0	-1	-1	-1	-1	-1	-1	-1	95	0	
106	6183754	9753	-1	21			124.94574	194.897964	27	300640	1000	-1	-1	0	-1	-1	-1	-1	-1	-1	-1	95	0	
107	6183756	9753	-1	21			125.203285	194.907379	27	300640	1000	-1	-1	0	-1	-1	-1	-1	-1	-1	-1	95	0	
108	6183757	9753	-1	21			125.385681	194.420242	27	300640	1000	-1	-1	0	-1	-1	-1	-1	-1	-1	-1	95	0	
109	6183759	9753	-1	21			124.871483	194.470642	27	300640	1000	-1	-1	0	-1	-1	-1	-1	-1	-1	-1	95	0	
110	6183774	9753	-1	21			174.532639	195.632843	27	300640	1000	-1	-1	0	-1	-1	-1	-1	-1	-1	-1	95	0	
111	6183777	9753	-1	21			174.489944	195.92955	27	300640	1000	-1	-1	0	-1	-1	-1	-1	-1	-1	-1	95	0	
112	6183778	9753	-1	21			174.752029	196.007614	27	300640	1000	-1	-1	0	-1	-1	-1	-1	-1	-1	-1	95	0	
113	6183780	9753	-1	21			174.795502	195.709076	27	300640	1000	-1	-1	0	-1	-1	-1	-1	-1	-1	-1	95	0	
114	6183782	9753	-1	21			174.328201	195.705582	27	300640	1000	-1	-1	0	-1	-1	-1	-1	-1	-1	-1	95	0	
115	6183783	9753	-1	21			174.33551	195.928391	27	300640	1000	-1	-1	0	-1	-1	-1	-1	-1	-1	-1	95	0	
116	6183785	9753	-1	21			174.343018	196.15625	27	300640	1000	-1	-1	0	-1	-1	-1	-1	-1	-1	-1	95	0	
117	6183787	9753	-1	21			174.600937	196.158203	27	300640	1000	-1	-1	0	-1	-1	-1	-1	-1	-1	-1	95	0	
118	6183788	9753	-1	21			174.849335	195.78363	27	300640	1000	-1	-1	0	-1	-1	-1	-1	-1	-1	-1	95	0	
119	6183790	9753	-1	21			174.895264	195.561951	27	300640	1000	-1	-1	0	-1	-1	-1	-1	-1	-1	-1	95	0	
120	6183792	9753	-1	21			174.632736	195.485458	27	300640	1000	-1	-1	0	-1	-1	-1	-1	-1	-1	-1	95	0	
121	6183794	9753	-1	21			174.371918	195.479218	27	300640	1000	-1	-1	0	-1	-1	-1	-1	-1	-1	-1	95	0	
122	6183796	9753	-1	21			174.112854	195.546249	27	300640	1000	-1	-1	0	-1	-1	-1	-1	-1	-1	-1	95	0	
123	6183797	9753	-1	21			174.173004	195.77713	27	300640	1000	-1	-1	0	-1	-1	-1	-1	-1	-1	-1	95	0	
124	6183800	9753	-1	21			174.2332	196.003662	27	300640	1000	-1	-1	0	-1	-1	-1	-1	-1	-1	-1	95	0	
125	6183818	9753	-1	21			204.782608	154.252594	27	300640	1000	-1	-1	0	-1	-1	-1	-1	-1	-1	-1	95	0	
126	6183819	9753	-1	21			204.991516	154.223587	27	300640	1000	-1	-1	0	-1	-1	-1	-1	-1	-1	-1	95	0	
127	6183820	9753	-1	21			204.567749	154.065659	27	300640	1000	-1	-1	0	-1	-1	-1	-1	-1	-1	-1	95	0	
128	6183822	9753	-1	21			204.576065	154.281113	27	300640	1000	-1	-1	0	-1	-1	-1	-1	-1	-1	-1	95	0	
129	6183823	9753	-1	21			204.687103	154.480682	27	300640	1000	-1	-1	0	-1	-1	-1	-1	-1	-1	-1	95	0	
130	6183825	9753	-1	21			204.844376	154.458939	27	300640	1000	-1	-1	0	-1	-1	-1	-1	-1	-1	-1	95	0	
131	6183827	9753	-1	21			204.944641	154.373062	27	300640	1000	-1	-1	0	-1	-1	-1	-1	-1	-1	-1	95	0	
132	6183829	9753	-1	21			204.477539	154.437622	27	300640	1000	-1	-1	0	-1	-1	-1	-1	-1	-1	-1	95	0	
133	6183831	9753	-1	21			204.436722	154.72966	27	300640	1000	-1	-1	0	-1	-1	-1	-1	-1	-1	-1	95	0	
134	6183832	9753	-1	21			204.643585	154.701187	27	300640	1000	-1	-1	0	-1	-1	-1	-1	-1	-1	-1	95	0	
135	6183834	9753	-1	21			204.854721	154.744385	27	300640	1000	-1	-1	0	-1	-1	-1	-1	-1	-1	-1	95	0	
136	6183835	9753	-1	21			204.952179	154.588409	27	300640	1000	-1	-1	0	-1	-1	-1	-1	-1	-1	-1	95	0	
137	6183837	9753	-1	21			205.049103	154.360138	27	300640	1000	-1	-1	0	-1	-1	-1	-1	-1	-1	-1	95	0	
138	6183838	9753	-1	21			204.787888	154.39476	27	300640	1000	-1	-1	0	-1	-1	-1	-1	-1	-1	-1	95	0	
139	6183840	9753	-1	21			204.584442	154.494858	27	300640	1000	-1	-1	0	-1	-1	-1	-1	-1	-1	-1	95	0	
140	6184043	9753	-1	21			91.014122	105.647774	27	300640	1000	-1	-1	0	-1	-1	-1	-1	-1	-1	-1	95	0	
141	6184044	9753	-1	21			91.146431	105.834236	27	300640	1000	-1	-1	0	-1	-1	-1	-1	-1	-1	-1	95	0	
142	6184045	9753	-1	21			90.823296	105.80629	27	300640	1000	-1	-1	0	-1	-1	-1	-1	-1	-1	-1	95	0	
143	6184047	9753	-1	21			90.794624	105.938942	27	300640	1000	-1	-1	0	-1	-1	-1	-1	-1	-1	-1	95	0	
144	6184048	9753	-1	21			90.9291	105.992714	27	300640	1000	-1	-1	0	-1	-1	-1	-1	-1	-1	-1	95	0	
145	6184049	9753	-1	21			91.118042	105.966949	27	300640	1000	-1	-1	0	-1	-1	-1	-1	-1	-1	-1	95	0	
146	6184051	9753	-1	21			91.147438	105.727577	27	300640	1000	-1	-1	0	-1	-1	-1	-1	-1	-1	-1	95	0	
147	6184052	9753	-1	21			90.824913	105.646744	27	300640	1000	-1	-1	0	-1	-1	-1	-1	-1	-1	-1	95	0	
148	6184053	9753	-1	21			90.907379	105.541107	27	300640	1000	-1	-1	0	-1	-1	-1	-1	-1	-1	-1	95	0	
149	6184055	9753	-1	21			91.068398	105.568336	27	300640	1000	-1	-1	0	-1	-1	-1	-1	-1	-1	-1	95	0	
150	6184057	9753	-1	21			91.149117	105.56855	27	300640	1000	-1	-1	0	-1	-1	-1	-1	-1	-1	-1	95	0	
151	6184059	9753	-1	21			91.013283	105.727226	27	300640	1000	-1	-1	0	-1	-1	-1	-1	-1	-1	-1	95	0	
152	6184061	9753	-1	21			90.818848	106.071411	27	300640	1000	-1	-1	0	-1	-1	-1	-1	-1	-1	-1	95	0	
153	6184063	9753	-1	21			90.606934	105.831726	27	300640	1000	-1	-1	0	-1	-1	-1	-1	-1	-1	-1	95	0	
154	6184065	9753	-1	21			90.63607	105.645668	27	300640	1000	-1	-1	0	-1	-1	-1	-1	-1	-1	-1	95	0	
155	6184248	9753	-1	21			130.34726	100.35685	27	300640	1000	-1	-1	0	-1	-1	-1	-1	-1	-1	-1	95	0	
156	6184251	9753	-1	21			130.394165	100.144272	27	300640	1000	-1	-1	0	-1	-1	-1	-1	-1	-1	-1	95	0	
157	6184252	9753	-1	21			130.388916	99.879303	27	300640	1000	-1	-1	0	-1	-1	-1	-1	-1	-1	-1	95	0	
158	6184254	9753	-1	21			129.971329	99.770767	27	300640	1000	-1	-1	0	-1	-1	-1	-1	-1	-1	-1	95	0	
159	6184256	9753	-1	21			129.87056	99.981094	27	300640	1000	-1	-1	0	-1	-1	-1	-1	-1	-1	-1	95	0	
160	6184257	9753	-1	21			129.925644	100.13958	27	300640	1000	-1	-1	0	-1	-1	-1	-1	-1	-1	-1	95	0	
161	6184259	9753	-1	21			129.981903	100.300194	27	300640	1000	-1	-1	0	-1	-1	-1	-1	-1	-1	-1	95	0	
162	6184260	9753	-1	21			130.090073	100.460762	27	300640	1000	-1	-1	0	-1	-1	-1	-1	-1	-1	-1	95	0	
163	6184262	9753	-1	21			130.348572	100.409958	27	300640	1000	-1	-1	0	-1	-1	-1	-1	-1	-1	-1	95	0	
164	6184264	9753	-1	21			130.337753	99.931503	27	300640	1000	-1	-1	0	-1	-1	-1	-1	-1	-1	-1	95	0	
165	6184265	9753	-1	21			129.769318	100.086967	27	300640	1000	-1	-1	0	-1	-1	-1	-1	-1	-1	-1	95	0	
166	6184267	9753	-1	21			129.719604	100.192535	27	300640	1000	-1	-1	0	-1	-1	-1	-1	-1	-1	-1	95	0	
167	6184268	9753	-1	21			129.774078	100.298553	27	300640	1000	-1	-1	0	-1	-1	-1	-1	-1	-1	-1	95	0	
168	6184270	9753	-1	21			129.830353	100.458603	27	300640	1000	-1	-1	0	-1	-1	-1	-1	-1	-1	-1	95	0	
169	6184272	9753	-1	21			129.887802	100.6707	27	300640	1000	-1	-1	0	-1	-1	-1	-1	-1	-1	-1	95	0	
170	6184292	9753	-1	21			94.600174	41.2966	27	300640	1000	-1	-1	0	-1	-1	-1	-1	-1	-1	-1	95	0	
171	6184294	9753	-1	21			94.91774	41.296638	27	300640	1000	-1	-1	0	-1	-1	-1	-1	-1	-1	-1	95	0	
172	6184295	9753	-1	21			95.076454	41.29668	27	300640	1000	-1	-1	0	-1	-1	-1	-1	-1	-1	-1	95	0	
173	6184297	9753	-1	21			95.235222	41.2967	27	300640	1000	-1	-1	0	-1	-1	-1	-1	-1	-1	-1	95	0	
174	6184298	9753	-1	21			95.070786	41.505508	27	300640	1000	-1	-1	0	-1	-1	-1	-1	-1	-1	-1	95	0	
175	6184299	9753	-1	21			94.912041	41.505478	27	300640	1000	-1	-1	0	-1	-1	-1	-1	-1	-1	-1	95	0	
176	6184300	9753	-1	21			94.75309	41.505428	27	300640	1000	-1	-1	0	-1	-1	-1	-1	-1	-1	-1	95	0	
177	6184302	9753	-1	21			94.539658	41.556435	27	300640	1000	-1	-1	0	-1	-1	-1	-1	-1	-1	-1	95	0	
178	6184303	9753	-1	21			94.639488	41.765087	27	300640	1000	-1	-1	0	-1	-1	-1	-1	-1	-1	-1	95	0	
179	6184304	9753	-1	21			94.744041	41.817101	27	300640	1000	-1	-1	0	-1	-1	-1	-1	-1	-1	-1	95	0	
180	6184305	9753	-1	21			95.01017	41.765194	27	300640	1000	-1	-1	0	-1	-1	-1	-1	-1	-1	-1	95	0	
181	6184307	9753	-1	21			95.172188	41.660896	27	300640	1000	-1	-1	0	-1	-1	-1	-1	-1	-1	-1	95	0	
182	6184308	9753	-1	21			95.336685	41.453426	27	300640	1000	-1	-1	0	-1	-1	-1	-1	-1	-1	-1	95	0	
183	6184309	9753	-1	21			95.132622	41.192471	27	300640	1000	-1	-1	0	-1	-1	-1	-1	-1	-1	-1	95	0	
184	6184310	9753	-1	21			94.709084	41.192421	27	300640	1000	-1	-1	0	-1	-1	-1	-1	-1	-1	-1	95	0	
185	6184324	9753	-1	21			144.567841	42.58202	27	300640	1000	-1	-1	0	-1	-1	-1	-1	-1	-1	-1	95	0	
186	6184325	9753	-1	21			144.778809	42.581474	27	300640	1000	-1	-1	0	-1	-1	-1	-1	-1	-1	-1	95	0	
187	6184326	9753	-1	21			145.042587	42.580849	27	300640	1000	-1	-1	0	-1	-1	-1	-1	-1	-1	-1	95	0	
188	6184327	9753	-1	21			144.462112	42.530682	27	300640	1000	-1	-1	0	-1	-1	-1	-1	-1	-1	-1	95	0	
189	6184329	9753	-1	21			144.567612	42.690281	27	300640	1000	-1	-1	0	-1	-1	-1	-1	-1	-1	-1	95	0	
190	6184330	9753	-1	21			144.778259	42.794617	27	300640	1000	-1	-1	0	-1	-1	-1	-1	-1	-1	-1	95	0	
191	6184331	9753	-1	21			144.989014	42.794083	27	300640	1000	-1	-1	0	-1	-1	-1	-1	-1	-1	-1	95	0	
192	6184332	9753	-1	21			145.09494	42.742382	27	300640	1000	-1	-1	0	-1	-1	-1	-1	-1	-1	-1	95	0	
193	6184334	9753	-1	21			145.095947	42.36916	27	300640	1000	-1	-1	0	-1	-1	-1	-1	-1	-1	-1	95	0	
194	6184336	9753	-1	21			144.831955	42.369698	27	300640	1000	-1	-1	0	-1	-1	-1	-1	-1	-1	-1	95	0	
195	6184337	9753	-1	21			144.620804	42.370232	27	300640	1000	-1	-1	0	-1	-1	-1	-1	-1	-1	-1	95	0	
196	6184338	9753	-1	21			144.46257	42.370262	27	300640	1000	-1	-1	0	-1	-1	-1	-1	-1	-1	-1	95	0	
197	6184340	9753	-1	21			144.410583	42.262421	27	300640	1000	-1	-1	0	-1	-1	-1	-1	-1	-1	-1	95	0	
198	6184342	9753	-1	21			144.67392	42.317032	27	300640	1000	-1	-1	0	-1	-1	-1	-1	-1	-1	-1	95	0	
199	6184343	9753	-1	21			144.884933	42.316494	27	300640	1000	-1	-1	0	-1	-1	-1	-1	-1	-1	-1	95	0	
200	6184366	9753	-1	21			114.469086	70.935684	27	300640	1000	-1	-1	0	-1	-1	-1	-1	-1	-1	-1	95	0	
201	6184368	9753	-1	21			114.776482	70.933823	27	300640	1000	-1	-1	0	-1	-1	-1	-1	-1	-1	-1	95	0	
202	6184369	9753	-1	21			115.032547	70.932236	27	300640	1000	-1	-1	0	-1	-1	-1	-1	-1	-1	-1	95	0	
203	6184371	9753	-1	21			114.828308	70.680145	27	300640	1000	-1	-1	0	-1	-1	-1	-1	-1	-1	-1	95	0	
204	6184372	9753	-1	21			114.6231	70.732773	27	300640	1000	-1	-1	0	-1	-1	-1	-1	-1	-1	-1	95	0	
205	6184373	9753	-1	21			114.520912	70.733414	27	300640	1000	-1	-1	0	-1	-1	-1	-1	-1	-1	-1	95	0	
206	6184375	9753	-1	21			115.032806	70.67881	27	300640	1000	-1	-1	0	-1	-1	-1	-1	-1	-1	-1	95	0	
207	6184376	9753	-1	21			114.827843	71.03566	27	300640	1000	-1	-1	0	-1	-1	-1	-1	-1	-1	-1	95	0	
208	6184377	9753	-1	21			114.67379	71.188408	27	300640	1000	-1	-1	0	-1	-1	-1	-1	-1	-1	-1	95	0	
209	6184379	9753	-1	21			115.08374	71.185486	27	300640	1000	-1	-1	0	-1	-1	-1	-1	-1	-1	-1	95	0	
210	6184380	9753	-1	21			114.519913	71.240623	27	300640	1000	-1	-1	0	-1	-1	-1	-1	-1	-1	-1	95	0	
211	6184382	9753	-1	21			114.724472	71.341484	27	300640	1000	-1	-1	0	-1	-1	-1	-1	-1	-1	-1	95	0	
212	6184383	9753	-1	21			114.417305	71.241211	27	300640	1000	-1	-1	0	-1	-1	-1	-1	-1	-1	-1	95	0	
213	6184385	9753	-1	21			114.417671	71.090065	27	300640	1000	-1	-1	0	-1	-1	-1	-1	-1	-1	-1	95	0	
214	6184386	9753	-1	21			115.083931	71.033745	27	300640	1000	-1	-1	0	-1	-1	-1	-1	-1	-1	-1	95	0	
215	6184624	9753	-1	21			83.876328	198.291946	27	300640	1000	-1	-1	0	-1	-1	-1	-1	-1	-1	-1	95	0	
216	6184625	9753	-1	21			83.854187	198.471878	27	300640	1000	-1	-1	0	-1	-1	-1	-1	-1	-1	-1	95	0	
217	6184628	9753	-1	21			83.560265	198.561264	27	300640	1000	-1	-1	0	-1	-1	-1	-1	-1	-1	-1	95	0	
218	6184629	9753	-1	21			83.650581	198.403641	27	300640	1000	-1	-1	0	-1	-1	-1	-1	-1	-1	-1	95	0	
219	6184631	9753	-1	21			83.673073	198.291519	27	300640	1000	-1	-1	0	-1	-1	-1	-1	-1	-1	-1	95	0	
220	6184632	9753	-1	21			83.537697	198.268494	27	300640	1000	-1	-1	0	-1	-1	-1	-1	-1	-1	-1	95	0	
221	6184634	9753	-1	21			83.447319	198.33551	27	300640	1000	-1	-1	0	-1	-1	-1	-1	-1	-1	-1	95	0	
222	6184635	9753	-1	21			83.402596	198.42601	27	300640	1000	-1	-1	0	-1	-1	-1	-1	-1	-1	-1	95	0	
223	6184636	9753	-1	21			83.379761	198.493744	27	300640	1000	-1	-1	0	-1	-1	-1	-1	-1	-1	-1	95	0	
224	6184638	9753	-1	21			83.402596	198.606247	27	300640	1000	-1	-1	0	-1	-1	-1	-1	-1	-1	-1	95	0	
225	6184639	9753	-1	21			83.424858	198.696304	27	300640	1000	-1	-1	0	-1	-1	-1	-1	-1	-1	-1	95	0	
226	6184641	9753	-1	21			83.650719	198.74205	27	300640	1000	-1	-1	0	-1	-1	-1	-1	-1	-1	-1	95	0	
227	6184642	9753	-1	21			83.741386	198.69693	27	300640	1000	-1	-1	0	-1	-1	-1	-1	-1	-1	-1	95	0	
228	6184644	9753	-1	21			83.808609	198.652374	27	300640	1000	-1	-1	0	-1	-1	-1	-1	-1	-1	-1	95	0	
229	6184646	9753	-1	21			83.447418	198.786652	27	300640	1000	-1	-1	0	-1	-1	-1	-1	-1	-1	-1	95	0	
230	6184977	9753	-1	21			90.904472	135.4776	27	300640	1000	-1	-1	0	-1	-1	-1	-1	-1	-1	-1	95	0	
231	6184978	9753	-1	21			91.191406	135.479797	27	300640	1000	-1	-1	0	-1	-1	-1	-1	-1	-1	-1	95	0	
232	6184979	9753	-1	21			91.133408	135.677963	27	300640	1000	-1	-1	0	-1	-1	-1	-1	-1	-1	-1	95	0	
233	6184981	9753	-1	21			90.875732	135.676132	27	300640	1000	-1	-1	0	-1	-1	-1	-1	-1	-1	-1	95	0	
234	6184982	9753	-1	21			90.674858	135.646545	27	300640	1000	-1	-1	0	-1	-1	-1	-1	-1	-1	-1	95	0	
235	6184983	9753	-1	21			90.703629	135.476212	27	300640	1000	-1	-1	0	-1	-1	-1	-1	-1	-1	-1	95	0	
236	6184984	9753	-1	21			90.674255	135.845505	27	300640	1000	-1	-1	0	-1	-1	-1	-1	-1	-1	-1	95	0	
237	6184986	9753	-1	21			90.817833	135.903168	27	300640	1000	-1	-1	0	-1	-1	-1	-1	-1	-1	-1	95	0	
238	6184987	9753	-1	21			91.018394	135.904419	27	300640	1000	-1	-1	0	-1	-1	-1	-1	-1	-1	-1	95	0	
239	6184988	9753	-1	21			91.2192	135.905746	27	300640	1000	-1	-1	0	-1	-1	-1	-1	-1	-1	-1	95	0	
240	6184990	9753	-1	21			91.21891	136.105072	27	300640	1000	-1	-1	0	-1	-1	-1	-1	-1	-1	-1	95	0	
241	6184991	9753	-1	21			91.477188	135.793945	27	300640	1000	-1	-1	0	-1	-1	-1	-1	-1	-1	-1	95	0	
242	6184992	9753	-1	21			91.477417	135.623749	27	300640	1000	-1	-1	0	-1	-1	-1	-1	-1	-1	-1	95	0	
243	6184994	9753	-1	21			91.477577	135.510605	27	300640	1000	-1	-1	0	-1	-1	-1	-1	-1	-1	-1	95	0	
244	6184995	9753	-1	21			90.845543	136.102982	27	300640	1000	-1	-1	0	-1	-1	-1	-1	-1	-1	-1	95	0	
245	6185919	9753	-1	21			53.481041	81.309525	27	300640	1000	-1	-1	0	-1	-1	-1	-1	-1	-1	-1	95	0	
246	6185920	9753	-1	21			53.904869	81.309525	27	300640	1000	-1	-1	0	-1	-1	-1	-1	-1	-1	-1	95	0	
247	6185922	9753	-1	21			54.269161	81.309502	27	300640	1000	-1	-1	0	-1	-1	-1	-1	-1	-1	-1	95	0	
248	6185923	9753	-1	21			54.025738	81.551208	27	300640	1000	-1	-1	0	-1	-1	-1	-1	-1	-1	-1	95	0	
249	6185925	9753	-1	21			53.663158	81.491623	27	300640	1000	-1	-1	0	-1	-1	-1	-1	-1	-1	-1	95	0	
250	6185926	9753	-1	21			53.421452	81.491623	27	300640	1000	-1	-1	0	-1	-1	-1	-1	-1	-1	-1	95	0	
251	6185928	9753	-1	21			53.360195	81.551224	27	300640	1000	-1	-1	0	-1	-1	-1	-1	-1	-1	-1	95	0	
252	6185938	9753	-1	21			53.946354	81.9562	27	300640	1000	-1	-1	0	-1	-1	-1	-1	-1	-1	-1	95	0	
253	6185943	9753	-1	21			53.476967	81.892746	27	300640	1000	-1	-1	0	-1	-1	-1	-1	-1	-1	-1	95	0	
254	6185944	9753	-1	21			53.400692	82.196945	27	300640	1000	-1	-1	0	-1	-1	-1	-1	-1	-1	-1	95	0	
255	6185946	9753	-1	21			53.844761	82.336517	27	300640	1000	-1	-1	0	-1	-1	-1	-1	-1	-1	-1	95	0	
256	6185947	9753	-1	21			54.250656	82.24762	27	300640	1000	-1	-1	0	-1	-1	-1	-1	-1	-1	-1	95	0	
257	6185949	9753	-1	21			54.402916	81.867302	27	300640	1000	-1	-1	0	-1	-1	-1	-1	-1	-1	-1	95	0	
258	6185950	9753	-1	21			54.238194	82.628036	27	300640	1000	-1	-1	0	-1	-1	-1	-1	-1	-1	-1	95	0	
259	6185952	9753	-1	21			53.705353	82.666168	27	300640	1000	-1	-1	0	-1	-1	-1	-1	-1	-1	-1	95	0	
260	6186286	9753	-1	21			162.723267	159.859436	27	300640	1000	-1	-1	0	-1	-1	-1	-1	-1	-1	-1	95	0	
261	6186288	9753	-1	21			163.365845	159.866165	27	300640	1000	-1	-1	0	-1	-1	-1	-1	-1	-1	-1	95	0	
262	6186289	9753	-1	21			163.614227	159.91832	27	300640	1000	-1	-1	0	-1	-1	-1	-1	-1	-1	-1	95	0	
263	6186290	9753	-1	21			163.714722	160.16478	27	300640	1000	-1	-1	0	-1	-1	-1	-1	-1	-1	-1	95	0	
264	6186296	9753	-1	21			163.326401	160.410355	27	300640	1000	-1	-1	0	-1	-1	-1	-1	-1	-1	-1	95	0	
265	6186298	9753	-1	21			162.945694	160.284485	27	300640	1000	-1	-1	0	-1	-1	-1	-1	-1	-1	-1	95	0	
266	6186299	9753	-1	21			162.769424	160.586975	27	300640	1000	-1	-1	0	-1	-1	-1	-1	-1	-1	-1	95	0	
267	6186300	9753	-1	21			162.795456	160.813599	27	300640	1000	-1	-1	0	-1	-1	-1	-1	-1	-1	-1	95	0	
268	6186302	9753	-1	21			163.150238	160.863571	27	300640	1000	-1	-1	0	-1	-1	-1	-1	-1	-1	-1	95	0	
269	6186303	9753	-1	21			163.555222	160.862839	27	300640	1000	-1	-1	0	-1	-1	-1	-1	-1	-1	-1	95	0	
270	6186304	9753	-1	21			163.807602	160.636276	27	300640	1000	-1	-1	0	-1	-1	-1	-1	-1	-1	-1	95	0	
271	6186305	9753	-1	21			163.704636	159.680374	27	300640	1000	-1	-1	0	-1	-1	-1	-1	-1	-1	-1	95	0	
272	6186306	9753	-1	21			163.299408	159.679535	27	300640	1000	-1	-1	0	-1	-1	-1	-1	-1	-1	-1	95	0	
273	6186308	9753	-1	21			162.741257	159.603012	27	300640	1000	-1	-1	0	-1	-1	-1	-1	-1	-1	-1	95	0	
274	6186309	9753	-1	21			162.616348	160.284485	27	300640	1000	-1	-1	0	-1	-1	-1	-1	-1	-1	-1	95	0	
275	6186362	9753	-1	21			133.104843	134.031494	27	300640	1000	-1	-1	0	-1	-1	-1	-1	-1	-1	-1	95	0	
276	6186363	9753	-1	21			133.556366	134.031494	27	300640	1000	-1	-1	0	-1	-1	-1	-1	-1	-1	-1	95	0	
277	6186365	9753	-1	21			132.78891	134.076569	27	300640	1000	-1	-1	0	-1	-1	-1	-1	-1	-1	-1	95	0	
278	6186366	9753	-1	21			132.743881	134.392822	27	300640	1000	-1	-1	0	-1	-1	-1	-1	-1	-1	-1	95	0	
279	6186367	9753	-1	21			133.15033	134.347839	27	300640	1000	-1	-1	0	-1	-1	-1	-1	-1	-1	-1	95	0	
280	6186368	9753	-1	21			133.51149	134.392929	27	300640	1000	-1	-1	0	-1	-1	-1	-1	-1	-1	-1	95	0	
281	6186370	9753	-1	21			133.466812	134.709457	27	300640	1000	-1	-1	0	-1	-1	-1	-1	-1	-1	-1	95	0	
282	6186372	9753	-1	21			133.015152	134.754333	27	300640	1000	-1	-1	0	-1	-1	-1	-1	-1	-1	-1	95	0	
283	6186373	9753	-1	21			132.65387	134.754196	27	300640	1000	-1	-1	0	-1	-1	-1	-1	-1	-1	-1	95	0	
284	6186374	9753	-1	21			132.608994	134.980286	27	300640	1000	-1	-1	0	-1	-1	-1	-1	-1	-1	-1	95	0	
285	6186375	9753	-1	21			133.060776	135.070724	27	300640	1000	-1	-1	0	-1	-1	-1	-1	-1	-1	-1	95	0	
286	6186376	9753	-1	21			133.512634	135.026108	27	300640	1000	-1	-1	0	-1	-1	-1	-1	-1	-1	-1	95	0	
287	6186378	9753	-1	21			133.330551	133.941269	27	300640	1000	-1	-1	0	-1	-1	-1	-1	-1	-1	-1	95	0	
288	6186379	9753	-1	21			132.969238	133.805588	27	300640	1000	-1	-1	0	-1	-1	-1	-1	-1	-1	-1	95	0	
289	6186381	9753	-1	21			132.472946	134.302628	27	300640	1000	-1	-1	0	-1	-1	-1	-1	-1	-1	-1	95	0	
290	6186452	9753	-1	21			47.519997	167.472168	27	300640	1000	-1	-1	0	-1	-1	-1	-1	-1	-1	-1	95	0	
291	6186454	9753	-1	21			47.872215	167.473602	27	300640	1000	-1	-1	0	-1	-1	-1	-1	-1	-1	-1	95	0	
292	6186455	9753	-1	21			48.157738	167.41423	27	300640	1000	-1	-1	0	-1	-1	-1	-1	-1	-1	-1	95	0	
293	6186456	9753	-1	21			48.166847	167.881348	27	300640	1000	-1	-1	0	-1	-1	-1	-1	-1	-1	-1	95	0	
294	6186457	9753	-1	21			47.704453	167.881699	27	300640	1000	-1	-1	0	-1	-1	-1	-1	-1	-1	-1	95	0	
295	6186459	9753	-1	21			47.353893	167.880341	27	300640	1000	-1	-1	0	-1	-1	-1	-1	-1	-1	-1	95	0	
296	6186460	9753	-1	21			47.353485	168.17012	27	300640	1000	-1	-1	0	-1	-1	-1	-1	-1	-1	-1	95	0	
297	6186461	9753	-1	21			47.70401	168.171387	27	300640	1000	-1	-1	0	-1	-1	-1	-1	-1	-1	-1	95	0	
298	6186462	9753	-1	21			48.109676	168.171448	27	300640	1000	-1	-1	0	-1	-1	-1	-1	-1	-1	-1	95	0	
299	6186464	9753	-1	21			48.499802	167.528275	27	300640	1000	-1	-1	0	-1	-1	-1	-1	-1	-1	-1	95	0	
300	6186466	9753	-1	21			48.04512	168.574661	27	300640	1000	-1	-1	0	-1	-1	-1	-1	-1	-1	-1	95	0	
301	6186467	9753	-1	21			47.639145	168.51593	27	300640	1000	-1	-1	0	-1	-1	-1	-1	-1	-1	-1	95	0	
302	6186469	9753	-1	21			47.233788	168.284668	27	300640	1000	-1	-1	0	-1	-1	-1	-1	-1	-1	-1	95	0	
303	6186470	9753	-1	21			47.109951	168.62941	27	300640	1000	-1	-1	0	-1	-1	-1	-1	-1	-1	-1	95	0	
304	6186472	9753	-1	21			48.386356	168.572403	27	300640	1000	-1	-1	0	-1	-1	-1	-1	-1	-1	-1	95	0	
305	6186502	9753	-1	21			84.633026	167.146378	27	300640	1000	-1	-1	0	-1	-1	-1	-1	-1	-1	-1	95	0	
306	6186503	9753	-1	21			84.538185	166.887939	27	300640	1000	-1	-1	0	-1	-1	-1	-1	-1	-1	-1	95	0	
307	6186505	9753	-1	21			84.050858	166.822479	27	300640	1000	-1	-1	0	-1	-1	-1	-1	-1	-1	-1	95	0	
308	6186506	9753	-1	21			83.983856	167.114059	27	300640	1000	-1	-1	0	-1	-1	-1	-1	-1	-1	-1	95	0	
309	6186508	9753	-1	21			83.944748	167.436127	27	300640	1000	-1	-1	0	-1	-1	-1	-1	-1	-1	-1	95	0	
310	6186509	9753	-1	21			84.333267	167.468079	27	300640	1000	-1	-1	0	-1	-1	-1	-1	-1	-1	-1	95	0	
311	6186510	9753	-1	21			84.560852	167.468124	27	300640	1000	-1	-1	0	-1	-1	-1	-1	-1	-1	-1	95	0	
312	6186512	9753	-1	21			84.789703	167.371506	27	300640	1000	-1	-1	0	-1	-1	-1	-1	-1	-1	-1	95	0	
313	6186513	9753	-1	21			84.765137	166.660614	27	300640	1000	-1	-1	0	-1	-1	-1	-1	-1	-1	-1	95	0	
314	6186514	9753	-1	21			84.342804	166.627975	27	300640	1000	-1	-1	0	-1	-1	-1	-1	-1	-1	-1	95	0	
315	6186515	9753	-1	21			84.050705	166.628036	27	300640	1000	-1	-1	0	-1	-1	-1	-1	-1	-1	-1	95	0	
316	6186517	9753	-1	21			83.824806	166.790482	27	300640	1000	-1	-1	0	-1	-1	-1	-1	-1	-1	-1	95	0	
317	6186518	9753	-1	21			83.663536	166.920868	27	300640	1000	-1	-1	0	-1	-1	-1	-1	-1	-1	-1	95	0	
318	6186520	9753	-1	21			83.630875	167.050323	27	300640	1000	-1	-1	0	-1	-1	-1	-1	-1	-1	-1	95	0	
319	6186521	9753	-1	21			83.629143	167.212082	27	300640	1000	-1	-1	0	-1	-1	-1	-1	-1	-1	-1	95	0	
320	6186569	9753	-1	21			124.809517	164.25647	27	300640	1000	-1	-1	0	-1	-1	-1	-1	-1	-1	-1	95	0	
321	6186570	9753	-1	21			125.110565	164.341858	27	300640	1000	-1	-1	0	-1	-1	-1	-1	-1	-1	-1	95	0	
322	6186571	9753	-1	21			125.328842	164.208649	27	300640	1000	-1	-1	0	-1	-1	-1	-1	-1	-1	-1	95	0	
323	6186572	9753	-1	21			125.418968	163.989563	27	300640	1000	-1	-1	0	-1	-1	-1	-1	-1	-1	-1	95	0	
324	6186574	9753	-1	21			124.902199	163.994492	27	300640	1000	-1	-1	0	-1	-1	-1	-1	-1	-1	-1	95	0	
325	6186576	9753	-1	21			124.645821	163.953735	27	300640	1000	-1	-1	0	-1	-1	-1	-1	-1	-1	-1	95	0	
326	6186577	9753	-1	21			124.693794	163.648117	27	300640	1000	-1	-1	0	-1	-1	-1	-1	-1	-1	-1	95	0	
327	6186578	9753	-1	21			125.036194	163.64389	27	300640	1000	-1	-1	0	-1	-1	-1	-1	-1	-1	-1	95	0	
328	6186580	9753	-1	21			125.333931	163.683167	27	300640	1000	-1	-1	0	-1	-1	-1	-1	-1	-1	-1	95	0	
329	6186581	9753	-1	21			125.506531	163.681473	27	300640	1000	-1	-1	0	-1	-1	-1	-1	-1	-1	-1	95	0	
330	6186583	9753	-1	21			125.423767	163.376099	27	300640	1000	-1	-1	0	-1	-1	-1	-1	-1	-1	-1	95	0	
331	6186584	9753	-1	21			124.912262	163.384308	27	300640	1000	-1	-1	0	-1	-1	-1	-1	-1	-1	-1	95	0	
332	6186585	9753	-1	21			124.654831	163.431046	27	300640	1000	-1	-1	0	-1	-1	-1	-1	-1	-1	-1	95	0	
333	6186587	9753	-1	21			124.675117	164.475403	27	300640	1000	-1	-1	0	-1	-1	-1	-1	-1	-1	-1	95	0	
334	6186589	9753	-1	21			125.018456	164.648239	27	300640	1000	-1	-1	0	-1	-1	-1	-1	-1	-1	-1	95	0	
