NUM	NUM	NUM	NUM	NUM	TEXT	TEXT	FLOAT	FLOAT	NUM	NUM	NUM	NUM	NUM	NUM	NUM	NUM	NUM	NUM	NUM	NUM	NUM	NUM	NUM
БрКХ	ЫцЛњБрКХ	attrБрКХ	ТпМ­БэБрКХ	еѓгЊБрКХ	УћГЦ	ГЦКХ	xжсзјБъ	zжсзјБъ	ГЏЯђ	НХБОБрКХ	жиЩњЪБМф	ЗжзщБрКХ	ЖгЮщБрКХ	ЛљДЁAI	AIЮФМў	бВТпТЗОЖ	ЩЬЕъ0	ЩЬЕъ1	ЩЬЕъ2	ЩЬЕъ3	УћгўID	ЕШМЖ	ОЕЯёзщ
0	15052371	9819	-1	21	ЫЩЦжвЛзх	ФЛИЎжЎЭѕзІбР	198	152	18	300619	10000	-1	-1	1	0	-1	-1	-1	-1	-1	-1	115	0	
1	1	18801	-1	21	ОХжнФОб§		39.735294	29.642471	0	300640	10000	-1	-1	1	0	-1	-1	-1	-1	-1	-1	115	0	
2	2	18801	-1	21	ОХжнФОб§		39.835294	29.542471	0	300640	10000	-1	-1	1	0	-1	-1	-1	-1	-1	-1	115	0	
3	3	18801	-1	21	ОХжнФОб§		38.735294	29.642471	0	300640	10000	-1	-1	1	0	-1	-1	-1	-1	-1	-1	115	0	
4	4	18801	-1	21	ОХжнФОб§		38.735294	30.642471	0	300640	10000	-1	-1	1	0	-1	-1	-1	-1	-1	-1	115	0	
5	5	18801	-1	21	ОХжнФОб§		38.735294	28.642471	0	300640	10000	-1	-1	1	0	-1	-1	-1	-1	-1	-1	115	0	
6	6	18801	-1	21	ОХжнФОб§		39.735294	30.642471	0	300640	10000	-1	-1	1	0	-1	-1	-1	-1	-1	-1	115	0	
7	7	18801	-1	21	ОХжнФОб§		39.735294	28.642471	0	300640	10000	-1	-1	1	0	-1	-1	-1	-1	-1	-1	115	0	
8	8	18801	-1	21	ОХжнФОб§		40.735294	29.642471	0	300640	10000	-1	-1	1	0	-1	-1	-1	-1	-1	-1	115	0	
9	9	18801	-1	21	ОХжнФОб§		40.735294	30.642471	0	300640	10000	-1	-1	1	0	-1	-1	-1	-1	-1	-1	115	0	
10	10	18801	-1	21	ОХжнФОб§		40.735294	28.642471	0	300640	10000	-1	-1	1	0	-1	-1	-1	-1	-1	-1	115	0	
11	11	18801	-1	21	ОХжнФОб§		33.502998	49.987148	0	300640	10000	-1	-1	1	0	-1	-1	-1	-1	-1	-1	115	0	
12	12	18801	-1	21	ОХжнФОб§		33.602998	49.887148	0	300640	10000	-1	-1	1	0	-1	-1	-1	-1	-1	-1	115	0	
13	13	18801	-1	21	ОХжнФОб§		32.502998	49.987148	0	300640	10000	-1	-1	1	0	-1	-1	-1	-1	-1	-1	115	0	
14	14	18801	-1	21	ОХжнФОб§		32.502998	50.987148	0	300640	10000	-1	-1	1	0	-1	-1	-1	-1	-1	-1	115	0	
15	15	18801	-1	21	ОХжнФОб§		32.502998	48.987148	0	300640	10000	-1	-1	1	0	-1	-1	-1	-1	-1	-1	115	0	
16	16	18801	-1	21	ОХжнФОб§		33.502998	50.987148	0	300640	10000	-1	-1	1	0	-1	-1	-1	-1	-1	-1	115	0	
17	17	18801	-1	21	ОХжнФОб§		33.502998	48.987148	0	300640	10000	-1	-1	1	0	-1	-1	-1	-1	-1	-1	115	0	
18	18	18801	-1	21	ОХжнФОб§		34.502998	49.987148	0	300640	10000	-1	-1	1	0	-1	-1	-1	-1	-1	-1	115	0	
19	19	18801	-1	21	ОХжнФОб§		34.502998	50.987148	0	300640	10000	-1	-1	1	0	-1	-1	-1	-1	-1	-1	115	0	
20	20	18801	-1	21	ОХжнФОб§		34.502998	48.987148	0	300640	10000	-1	-1	1	0	-1	-1	-1	-1	-1	-1	115	0	
21	21	18801	-1	21	ОХжнФОб§		95.603302	34.465897	0	300640	10000	-1	-1	1	0	-1	-1	-1	-1	-1	-1	115	0	
22	22	18801	-1	21	ОХжнФОб§		95.703302	34.365897	0	300640	10000	-1	-1	1	0	-1	-1	-1	-1	-1	-1	115	0	
23	23	18801	-1	21	ОХжнФОб§		94.603302	34.465897	0	300640	10000	-1	-1	1	0	-1	-1	-1	-1	-1	-1	115	0	
24	24	18801	-1	21	ОХжнФОб§		94.603302	35.465897	0	300640	10000	-1	-1	1	0	-1	-1	-1	-1	-1	-1	115	0	
25	25	18801	-1	21	ОХжнФОб§		94.603302	33.465897	0	300640	10000	-1	-1	1	0	-1	-1	-1	-1	-1	-1	115	0	
26	26	18801	-1	21	ОХжнФОб§		95.603302	35.465897	0	300640	10000	-1	-1	1	0	-1	-1	-1	-1	-1	-1	115	0	
27	27	18801	-1	21	ОХжнФОб§		95.603302	33.465897	0	300640	10000	-1	-1	1	0	-1	-1	-1	-1	-1	-1	115	0	
28	28	18801	-1	21	ОХжнФОб§		96.603302	34.465897	0	300640	10000	-1	-1	1	0	-1	-1	-1	-1	-1	-1	115	0	
29	29	18801	-1	21	ОХжнФОб§		96.603302	35.465897	0	300640	10000	-1	-1	1	0	-1	-1	-1	-1	-1	-1	115	0	
30	30	18801	-1	21	ОХжнФОб§		96.603302	33.465897	0	300640	10000	-1	-1	1	0	-1	-1	-1	-1	-1	-1	115	0	
31	31	18801	-1	21	ОХжнФОб§		59.904362	40.997978	0	300640	10000	-1	-1	1	0	-1	-1	-1	-1	-1	-1	115	0	
32	32	18801	-1	21	ОХжнФОб§		60.004362	40.897978	0	300640	10000	-1	-1	1	0	-1	-1	-1	-1	-1	-1	115	0	
33	33	18801	-1	21	ОХжнФОб§		58.904362	40.997978	0	300640	10000	-1	-1	1	0	-1	-1	-1	-1	-1	-1	115	0	
34	34	18801	-1	21	ОХжнФОб§		58.904362	41.997978	0	300640	10000	-1	-1	1	0	-1	-1	-1	-1	-1	-1	115	0	
35	35	18801	-1	21	ОХжнФОб§		58.904362	39.997978	0	300640	10000	-1	-1	1	0	-1	-1	-1	-1	-1	-1	115	0	
36	36	18801	-1	21	ОХжнФОб§		59.904362	41.997978	0	300640	10000	-1	-1	1	0	-1	-1	-1	-1	-1	-1	115	0	
37	37	18801	-1	21	ОХжнФОб§		59.904362	39.997978	0	300640	10000	-1	-1	1	0	-1	-1	-1	-1	-1	-1	115	0	
38	38	18801	-1	21	ОХжнФОб§		60.904362	40.997978	0	300640	10000	-1	-1	1	0	-1	-1	-1	-1	-1	-1	115	0	
39	39	18801	-1	21	ОХжнФОб§		60.904362	41.997978	0	300640	10000	-1	-1	1	0	-1	-1	-1	-1	-1	-1	115	0	
40	40	18801	-1	21	ОХжнФОб§		60.904362	39.997978	0	300640	10000	-1	-1	1	0	-1	-1	-1	-1	-1	-1	115	0	
41	41	18801	-1	21	ОХжнФОб§		130.106903	33.361767	0	300640	10000	-1	-1	1	0	-1	-1	-1	-1	-1	-1	115	0	
42	42	18801	-1	21	ОХжнФОб§		130.206903	33.261767	0	300640	10000	-1	-1	1	0	-1	-1	-1	-1	-1	-1	115	0	
43	43	18801	-1	21	ОХжнФОб§		129.106903	33.361767	0	300640	10000	-1	-1	1	0	-1	-1	-1	-1	-1	-1	115	0	
44	44	18801	-1	21	ОХжнФОб§		129.106903	34.361767	0	300640	10000	-1	-1	1	0	-1	-1	-1	-1	-1	-1	115	0	
45	45	18801	-1	21	ОХжнФОб§		129.106903	32.361767	0	300640	10000	-1	-1	1	0	-1	-1	-1	-1	-1	-1	115	0	
46	46	18801	-1	21	ОХжнФОб§		130.106903	34.361767	0	300640	10000	-1	-1	1	0	-1	-1	-1	-1	-1	-1	115	0	
47	47	18801	-1	21	ОХжнФОб§		130.106903	32.361767	0	300640	10000	-1	-1	1	0	-1	-1	-1	-1	-1	-1	115	0	
48	48	18801	-1	21	ОХжнФОб§		131.106903	33.361767	0	300640	10000	-1	-1	1	0	-1	-1	-1	-1	-1	-1	115	0	
49	49	18801	-1	21	ОХжнФОб§		131.106903	34.361767	0	300640	10000	-1	-1	1	0	-1	-1	-1	-1	-1	-1	115	0	
50	50	18801	-1	21	ОХжнФОб§		131.106903	32.361767	0	300640	10000	-1	-1	1	0	-1	-1	-1	-1	-1	-1	115	0	
51	51	18801	-1	21	ОХжнФОб§		170.679398	34.7029	0	300640	10000	-1	-1	1	0	-1	-1	-1	-1	-1	-1	115	0	
52	52	18801	-1	21	ОХжнФОб§		170.779398	34.6029	0	300640	10000	-1	-1	1	0	-1	-1	-1	-1	-1	-1	115	0	
53	53	18801	-1	21	ОХжнФОб§		169.679398	34.7029	0	300640	10000	-1	-1	1	0	-1	-1	-1	-1	-1	-1	115	0	
54	54	18801	-1	21	ОХжнФОб§		169.679398	35.7029	0	300640	10000	-1	-1	1	0	-1	-1	-1	-1	-1	-1	115	0	
55	55	18801	-1	21	ОХжнФОб§		169.679398	33.7029	0	300640	10000	-1	-1	1	0	-1	-1	-1	-1	-1	-1	115	0	
56	56	18801	-1	21	ОХжнФОб§		170.679398	35.7029	0	300640	10000	-1	-1	1	0	-1	-1	-1	-1	-1	-1	115	0	
57	57	18801	-1	21	ОХжнФОб§		170.679398	33.7029	0	300640	10000	-1	-1	1	0	-1	-1	-1	-1	-1	-1	115	0	
58	58	18801	-1	21	ОХжнФОб§		171.679398	34.7029	0	300640	10000	-1	-1	1	0	-1	-1	-1	-1	-1	-1	115	0	
59	59	18801	-1	21	ОХжнФОб§		171.679398	35.7029	0	300640	10000	-1	-1	1	0	-1	-1	-1	-1	-1	-1	115	0	
60	60	18801	-1	21	ОХжнФОб§		171.679398	33.7029	0	300640	10000	-1	-1	1	0	-1	-1	-1	-1	-1	-1	115	0	
61	61	18801	-1	21	ОХжнФОб§		198.096069	51.081161	0	300640	10000	-1	-1	1	0	-1	-1	-1	-1	-1	-1	115	0	
62	62	18801	-1	21	ОХжнФОб§		198.196069	50.981161	0	300640	10000	-1	-1	1	0	-1	-1	-1	-1	-1	-1	115	0	
63	63	18801	-1	21	ОХжнФОб§		197.096069	51.081161	0	300640	10000	-1	-1	1	0	-1	-1	-1	-1	-1	-1	115	0	
64	64	18801	-1	21	ОХжнФОб§		197.096069	52.081161	0	300640	10000	-1	-1	1	0	-1	-1	-1	-1	-1	-1	115	0	
65	65	18801	-1	21	ОХжнФОб§		197.096069	50.081161	0	300640	10000	-1	-1	1	0	-1	-1	-1	-1	-1	-1	115	0	
66	66	18801	-1	21	ОХжнФОб§		198.096069	52.081161	0	300640	10000	-1	-1	1	0	-1	-1	-1	-1	-1	-1	115	0	
67	67	18801	-1	21	ОХжнФОб§		198.096069	50.081161	0	300640	10000	-1	-1	1	0	-1	-1	-1	-1	-1	-1	115	0	
68	68	18801	-1	21	ОХжнФОб§		199.096069	51.081161	0	300640	10000	-1	-1	1	0	-1	-1	-1	-1	-1	-1	115	0	
69	69	18801	-1	21	ОХжнФОб§		199.096069	52.081161	0	300640	10000	-1	-1	1	0	-1	-1	-1	-1	-1	-1	115	0	
70	70	18801	-1	21	ОХжнФОб§		199.096069	50.081161	0	300640	10000	-1	-1	1	0	-1	-1	-1	-1	-1	-1	115	0	
71	71	18801	-1	21	ОХжнФОб§		223.778961	47.051689	0	300640	10000	-1	-1	1	0	-1	-1	-1	-1	-1	-1	115	0	
72	72	18801	-1	21	ОХжнФОб§		223.878961	46.951689	0	300640	10000	-1	-1	1	0	-1	-1	-1	-1	-1	-1	115	0	
73	73	18801	-1	21	ОХжнФОб§		222.778961	47.051689	0	300640	10000	-1	-1	1	0	-1	-1	-1	-1	-1	-1	115	0	
74	74	18801	-1	21	ОХжнФОб§		222.778961	48.051689	0	300640	10000	-1	-1	1	0	-1	-1	-1	-1	-1	-1	115	0	
75	75	18801	-1	21	ОХжнФОб§		222.778961	46.051689	0	300640	10000	-1	-1	1	0	-1	-1	-1	-1	-1	-1	115	0	
76	76	18801	-1	21	ОХжнФОб§		223.778961	48.051689	0	300640	10000	-1	-1	1	0	-1	-1	-1	-1	-1	-1	115	0	
77	77	18801	-1	21	ОХжнФОб§		223.778961	46.051689	0	300640	10000	-1	-1	1	0	-1	-1	-1	-1	-1	-1	115	0	
78	78	18801	-1	21	ОХжнФОб§		224.778961	47.051689	0	300640	10000	-1	-1	1	0	-1	-1	-1	-1	-1	-1	115	0	
79	79	18801	-1	21	ОХжнФОб§		224.778961	48.051689	0	300640	10000	-1	-1	1	0	-1	-1	-1	-1	-1	-1	115	0	
80	80	18801	-1	21	ОХжнФОб§		224.778961	46.051689	0	300640	10000	-1	-1	1	0	-1	-1	-1	-1	-1	-1	115	0	
81	81	18801	-1	21	ОХжнФОб§		216.652771	74.063446	0	300640	10000	-1	-1	1	0	-1	-1	-1	-1	-1	-1	115	0	
82	82	18801	-1	21	ОХжнФОб§		216.752771	73.963446	0	300640	10000	-1	-1	1	0	-1	-1	-1	-1	-1	-1	115	0	
83	83	18801	-1	21	ОХжнФОб§		215.652771	74.063446	0	300640	10000	-1	-1	1	0	-1	-1	-1	-1	-1	-1	115	0	
84	84	18801	-1	21	ОХжнФОб§		215.652771	75.063446	0	300640	10000	-1	-1	1	0	-1	-1	-1	-1	-1	-1	115	0	
85	85	18801	-1	21	ОХжнФОб§		215.652771	73.063446	0	300640	10000	-1	-1	1	0	-1	-1	-1	-1	-1	-1	115	0	
86	86	18801	-1	21	ОХжнФОб§		216.652771	75.063446	0	300640	10000	-1	-1	1	0	-1	-1	-1	-1	-1	-1	115	0	
87	87	18801	-1	21	ОХжнФОб§		216.652771	73.063446	0	300640	10000	-1	-1	1	0	-1	-1	-1	-1	-1	-1	115	0	
88	88	18801	-1	21	ОХжнФОб§		217.652771	74.063446	0	300640	10000	-1	-1	1	0	-1	-1	-1	-1	-1	-1	115	0	
89	89	18801	-1	21	ОХжнФОб§		217.652771	75.063446	0	300640	10000	-1	-1	1	0	-1	-1	-1	-1	-1	-1	115	0	
90	90	18801	-1	21	ОХжнФОб§		217.652771	73.063446	0	300640	10000	-1	-1	1	0	-1	-1	-1	-1	-1	-1	115	0	
91	91	18803	-1	21	ИЃИдбвФЇ		36.177277	108.568016	0	300640	10000	-1	-1	1	0	-1	-1	-1	-1	-1	-1	115	0	
92	92	18803	-1	21	ИЃИдбвФЇ		36.277277	108.468016	0	300640	10000	-1	-1	1	0	-1	-1	-1	-1	-1	-1	115	0	
93	93	18803	-1	21	ИЃИдбвФЇ		35.177277	108.568016	0	300640	10000	-1	-1	1	0	-1	-1	-1	-1	-1	-1	115	0	
94	94	18803	-1	21	ИЃИдбвФЇ		35.177277	109.568016	0	300640	10000	-1	-1	1	0	-1	-1	-1	-1	-1	-1	115	0	
95	95	18803	-1	21	ИЃИдбвФЇ		35.177277	107.568016	0	300640	10000	-1	-1	1	0	-1	-1	-1	-1	-1	-1	115	0	
96	96	18803	-1	21	ИЃИдбвФЇ		36.177277	109.568016	0	300640	10000	-1	-1	1	0	-1	-1	-1	-1	-1	-1	115	0	
97	97	18803	-1	21	ИЃИдбвФЇ		36.177277	107.568016	0	300640	10000	-1	-1	1	0	-1	-1	-1	-1	-1	-1	115	0	
98	98	18803	-1	21	ИЃИдбвФЇ		37.177277	108.568016	0	300640	10000	-1	-1	1	0	-1	-1	-1	-1	-1	-1	115	0	
99	99	18803	-1	21	ИЃИдбвФЇ		37.177277	109.568016	0	300640	10000	-1	-1	1	0	-1	-1	-1	-1	-1	-1	115	0	
100	100	18803	-1	21	ИЃИдбвФЇ		37.177277	107.568016	0	300640	10000	-1	-1	1	0	-1	-1	-1	-1	-1	-1	115	0	
101	101	18803	-1	21	ИЃИдбвФЇ		30.649414	131.883057	0	300640	10000	-1	-1	1	0	-1	-1	-1	-1	-1	-1	115	0	
102	102	18803	-1	21	ИЃИдбвФЇ		30.749414	131.783057	0	300640	10000	-1	-1	1	0	-1	-1	-1	-1	-1	-1	115	0	
103	103	18803	-1	21	ИЃИдбвФЇ		29.649414	131.883057	0	300640	10000	-1	-1	1	0	-1	-1	-1	-1	-1	-1	115	0	
104	104	18803	-1	21	ИЃИдбвФЇ		29.649414	132.883057	0	300640	10000	-1	-1	1	0	-1	-1	-1	-1	-1	-1	115	0	
105	105	18803	-1	21	ИЃИдбвФЇ		29.649414	130.883057	0	300640	10000	-1	-1	1	0	-1	-1	-1	-1	-1	-1	115	0	
106	106	18803	-1	21	ИЃИдбвФЇ		30.649414	132.883057	0	300640	10000	-1	-1	1	0	-1	-1	-1	-1	-1	-1	115	0	
107	107	18803	-1	21	ИЃИдбвФЇ		30.649414	130.883057	0	300640	10000	-1	-1	1	0	-1	-1	-1	-1	-1	-1	115	0	
108	108	18803	-1	21	ИЃИдбвФЇ		31.649414	131.883057	0	300640	10000	-1	-1	1	0	-1	-1	-1	-1	-1	-1	115	0	
109	109	18803	-1	21	ИЃИдбвФЇ		31.649414	132.883057	0	300640	10000	-1	-1	1	0	-1	-1	-1	-1	-1	-1	115	0	
110	110	18803	-1	21	ИЃИдбвФЇ		31.649414	130.883057	0	300640	10000	-1	-1	1	0	-1	-1	-1	-1	-1	-1	115	0	
111	111	18803	-1	21	ИЃИдбвФЇ		78.556541	92.691238	0	300640	10000	-1	-1	1	0	-1	-1	-1	-1	-1	-1	115	0	
112	112	18803	-1	21	ИЃИдбвФЇ		78.656541	92.591238	0	300640	10000	-1	-1	1	0	-1	-1	-1	-1	-1	-1	115	0	
113	113	18803	-1	21	ИЃИдбвФЇ		77.556541	92.691238	0	300640	10000	-1	-1	1	0	-1	-1	-1	-1	-1	-1	115	0	
114	114	18803	-1	21	ИЃИдбвФЇ		77.556541	93.691238	0	300640	10000	-1	-1	1	0	-1	-1	-1	-1	-1	-1	115	0	
115	115	18803	-1	21	ИЃИдбвФЇ		77.556541	91.691238	0	300640	10000	-1	-1	1	0	-1	-1	-1	-1	-1	-1	115	0	
116	116	18803	-1	21	ИЃИдбвФЇ		78.556541	93.691238	0	300640	10000	-1	-1	1	0	-1	-1	-1	-1	-1	-1	115	0	
117	117	18803	-1	21	ИЃИдбвФЇ		78.556541	91.691238	0	300640	10000	-1	-1	1	0	-1	-1	-1	-1	-1	-1	115	0	
118	118	18803	-1	21	ИЃИдбвФЇ		79.556541	92.691238	0	300640	10000	-1	-1	1	0	-1	-1	-1	-1	-1	-1	115	0	
119	119	18803	-1	21	ИЃИдбвФЇ		79.556541	93.691238	0	300640	10000	-1	-1	1	0	-1	-1	-1	-1	-1	-1	115	0	
120	120	18803	-1	21	ИЃИдбвФЇ		79.556541	91.691238	0	300640	10000	-1	-1	1	0	-1	-1	-1	-1	-1	-1	115	0	
121	121	18803	-1	21	ИЃИдбвФЇ		55.538029	140.038971	0	300640	10000	-1	-1	1	0	-1	-1	-1	-1	-1	-1	115	0	
122	122	18803	-1	21	ИЃИдбвФЇ		55.638029	139.938971	0	300640	10000	-1	-1	1	0	-1	-1	-1	-1	-1	-1	115	0	
123	123	18803	-1	21	ИЃИдбвФЇ		54.538029	140.038971	0	300640	10000	-1	-1	1	0	-1	-1	-1	-1	-1	-1	115	0	
124	124	18803	-1	21	ИЃИдбвФЇ		54.538029	141.038971	0	300640	10000	-1	-1	1	0	-1	-1	-1	-1	-1	-1	115	0	
125	125	18803	-1	21	ИЃИдбвФЇ		54.538029	139.038971	0	300640	10000	-1	-1	1	0	-1	-1	-1	-1	-1	-1	115	0	
126	126	18803	-1	21	ИЃИдбвФЇ		55.538029	141.038971	0	300640	10000	-1	-1	1	0	-1	-1	-1	-1	-1	-1	115	0	
127	127	18803	-1	21	ИЃИдбвФЇ		55.538029	139.038971	0	300640	10000	-1	-1	1	0	-1	-1	-1	-1	-1	-1	115	0	
128	128	18803	-1	21	ИЃИдбвФЇ		56.538029	140.038971	0	300640	10000	-1	-1	1	0	-1	-1	-1	-1	-1	-1	115	0	
129	129	18803	-1	21	ИЃИдбвФЇ		56.538029	141.038971	0	300640	10000	-1	-1	1	0	-1	-1	-1	-1	-1	-1	115	0	
130	130	18803	-1	21	ИЃИдбвФЇ		56.538029	139.038971	0	300640	10000	-1	-1	1	0	-1	-1	-1	-1	-1	-1	115	0	
131	131	18803	-1	21	ИЃИдбвФЇ		70.56633	165.674103	0	300640	10000	-1	-1	1	0	-1	-1	-1	-1	-1	-1	115	0	
132	132	18803	-1	21	ИЃИдбвФЇ		70.66633	165.574103	0	300640	10000	-1	-1	1	0	-1	-1	-1	-1	-1	-1	115	0	
133	133	18803	-1	21	ИЃИдбвФЇ		69.56633	165.674103	0	300640	10000	-1	-1	1	0	-1	-1	-1	-1	-1	-1	115	0	
134	134	18803	-1	21	ИЃИдбвФЇ		69.56633	166.674103	0	300640	10000	-1	-1	1	0	-1	-1	-1	-1	-1	-1	115	0	
135	135	18803	-1	21	ИЃИдбвФЇ		69.56633	164.674103	0	300640	10000	-1	-1	1	0	-1	-1	-1	-1	-1	-1	115	0	
136	136	18803	-1	21	ИЃИдбвФЇ		70.56633	166.674103	0	300640	10000	-1	-1	1	0	-1	-1	-1	-1	-1	-1	115	0	
137	137	18803	-1	21	ИЃИдбвФЇ		70.56633	164.674103	0	300640	10000	-1	-1	1	0	-1	-1	-1	-1	-1	-1	115	0	
138	138	18803	-1	21	ИЃИдбвФЇ		71.56633	165.674103	0	300640	10000	-1	-1	1	0	-1	-1	-1	-1	-1	-1	115	0	
139	139	18803	-1	21	ИЃИдбвФЇ		71.56633	166.674103	0	300640	10000	-1	-1	1	0	-1	-1	-1	-1	-1	-1	115	0	
140	140	18803	-1	21	ИЃИдбвФЇ		71.56633	164.674103	0	300640	10000	-1	-1	1	0	-1	-1	-1	-1	-1	-1	115	0	
141	141	18803	-1	21	ИЃИдбвФЇ		36.012226	184.798004	0	300640	10000	-1	-1	1	0	-1	-1	-1	-1	-1	-1	115	0	
142	142	18803	-1	21	ИЃИдбвФЇ		36.112226	184.698004	0	300640	10000	-1	-1	1	0	-1	-1	-1	-1	-1	-1	115	0	
143	143	18803	-1	21	ИЃИдбвФЇ		35.012226	184.798004	0	300640	10000	-1	-1	1	0	-1	-1	-1	-1	-1	-1	115	0	
144	144	18803	-1	21	ИЃИдбвФЇ		35.012226	185.798004	0	300640	10000	-1	-1	1	0	-1	-1	-1	-1	-1	-1	115	0	
145	145	18803	-1	21	ИЃИдбвФЇ		35.012226	183.798004	0	300640	10000	-1	-1	1	0	-1	-1	-1	-1	-1	-1	115	0	
146	146	18803	-1	21	ИЃИдбвФЇ		36.012226	185.798004	0	300640	10000	-1	-1	1	0	-1	-1	-1	-1	-1	-1	115	0	
147	147	18803	-1	21	ИЃИдбвФЇ		36.012226	183.798004	0	300640	10000	-1	-1	1	0	-1	-1	-1	-1	-1	-1	115	0	
148	148	18803	-1	21	ИЃИдбвФЇ		37.012226	184.798004	0	300640	10000	-1	-1	1	0	-1	-1	-1	-1	-1	-1	115	0	
149	149	18803	-1	21	ИЃИдбвФЇ		37.012226	185.798004	0	300640	10000	-1	-1	1	0	-1	-1	-1	-1	-1	-1	115	0	
150	150	18803	-1	21	ИЃИдбвФЇ		37.012226	183.798004	0	300640	10000	-1	-1	1	0	-1	-1	-1	-1	-1	-1	115	0	
151	151	18803	-1	21	ИЃИдбвФЇ		124.712502	211.194565	0	300640	10000	-1	-1	1	0	-1	-1	-1	-1	-1	-1	115	0	
152	152	18803	-1	21	ИЃИдбвФЇ		124.812502	211.094565	0	300640	10000	-1	-1	1	0	-1	-1	-1	-1	-1	-1	115	0	
153	153	18803	-1	21	ИЃИдбвФЇ		123.712502	211.194565	0	300640	10000	-1	-1	1	0	-1	-1	-1	-1	-1	-1	115	0	
154	154	18803	-1	21	ИЃИдбвФЇ		123.712502	212.194565	0	300640	10000	-1	-1	1	0	-1	-1	-1	-1	-1	-1	115	0	
155	155	18803	-1	21	ИЃИдбвФЇ		123.712502	210.194565	0	300640	10000	-1	-1	1	0	-1	-1	-1	-1	-1	-1	115	0	
156	156	18803	-1	21	ИЃИдбвФЇ		124.712502	212.194565	0	300640	10000	-1	-1	1	0	-1	-1	-1	-1	-1	-1	115	0	
157	157	18803	-1	21	ИЃИдбвФЇ		124.712502	210.194565	0	300640	10000	-1	-1	1	0	-1	-1	-1	-1	-1	-1	115	0	
158	158	18803	-1	21	ИЃИдбвФЇ		125.712502	211.194565	0	300640	10000	-1	-1	1	0	-1	-1	-1	-1	-1	-1	115	0	
159	159	18803	-1	21	ИЃИдбвФЇ		125.712502	212.194565	0	300640	10000	-1	-1	1	0	-1	-1	-1	-1	-1	-1	115	0	
160	160	18803	-1	21	ИЃИдбвФЇ		125.712502	210.194565	0	300640	10000	-1	-1	1	0	-1	-1	-1	-1	-1	-1	115	0	
161	161	18803	-1	21	ИЃИдбвФЇ		63.00243	219.397339	0	300640	10000	-1	-1	1	0	-1	-1	-1	-1	-1	-1	115	0	
162	162	18803	-1	21	ИЃИдбвФЇ		63.10243	219.297339	0	300640	10000	-1	-1	1	0	-1	-1	-1	-1	-1	-1	115	0	
163	163	18803	-1	21	ИЃИдбвФЇ		62.00243	219.397339	0	300640	10000	-1	-1	1	0	-1	-1	-1	-1	-1	-1	115	0	
164	164	18803	-1	21	ИЃИдбвФЇ		62.00243	220.397339	0	300640	10000	-1	-1	1	0	-1	-1	-1	-1	-1	-1	115	0	
165	165	18803	-1	21	ИЃИдбвФЇ		62.00243	218.397339	0	300640	10000	-1	-1	1	0	-1	-1	-1	-1	-1	-1	115	0	
166	166	18803	-1	21	ИЃИдбвФЇ		63.00243	220.397339	0	300640	10000	-1	-1	1	0	-1	-1	-1	-1	-1	-1	115	0	
167	167	18803	-1	21	ИЃИдбвФЇ		63.00243	218.397339	0	300640	10000	-1	-1	1	0	-1	-1	-1	-1	-1	-1	115	0	
168	168	18803	-1	21	ИЃИдбвФЇ		64.00243	219.397339	0	300640	10000	-1	-1	1	0	-1	-1	-1	-1	-1	-1	115	0	
169	169	18803	-1	21	ИЃИдбвФЇ		64.00243	220.397339	0	300640	10000	-1	-1	1	0	-1	-1	-1	-1	-1	-1	115	0	
170	170	18803	-1	21	ИЃИдбвФЇ		64.00243	218.397339	0	300640	10000	-1	-1	1	0	-1	-1	-1	-1	-1	-1	115	0	
171	171	18803	-1	21	ИЃИдбвФЇ		44.618145	208.702637	0	300640	10000	-1	-1	1	0	-1	-1	-1	-1	-1	-1	115	0	
172	172	18803	-1	21	ИЃИдбвФЇ		44.718145	208.602637	0	300640	10000	-1	-1	1	0	-1	-1	-1	-1	-1	-1	115	0	
173	173	18803	-1	21	ИЃИдбвФЇ		43.618145	208.702637	0	300640	10000	-1	-1	1	0	-1	-1	-1	-1	-1	-1	115	0	
174	174	18803	-1	21	ИЃИдбвФЇ		43.618145	209.702637	0	300640	10000	-1	-1	1	0	-1	-1	-1	-1	-1	-1	115	0	
175	175	18803	-1	21	ИЃИдбвФЇ		43.618145	207.702637	0	300640	10000	-1	-1	1	0	-1	-1	-1	-1	-1	-1	115	0	
176	176	18803	-1	21	ИЃИдбвФЇ		44.618145	209.702637	0	300640	10000	-1	-1	1	0	-1	-1	-1	-1	-1	-1	115	0	
177	177	18803	-1	21	ИЃИдбвФЇ		44.618145	207.702637	0	300640	10000	-1	-1	1	0	-1	-1	-1	-1	-1	-1	115	0	
178	178	18803	-1	21	ИЃИдбвФЇ		45.618145	208.702637	0	300640	10000	-1	-1	1	0	-1	-1	-1	-1	-1	-1	115	0	
179	179	18803	-1	21	ИЃИдбвФЇ		45.618145	209.702637	0	300640	10000	-1	-1	1	0	-1	-1	-1	-1	-1	-1	115	0	
180	180	18803	-1	21	ИЃИдбвФЇ		45.618145	207.702637	0	300640	10000	-1	-1	1	0	-1	-1	-1	-1	-1	-1	115	0	
181	181	18803	-1	21	ИЃИдбвФЇ		110.027931	194.352722	0	300640	10000	-1	-1	1	0	-1	-1	-1	-1	-1	-1	115	0	
182	182	18803	-1	21	ИЃИдбвФЇ		110.127931	194.252722	0	300640	10000	-1	-1	1	0	-1	-1	-1	-1	-1	-1	115	0	
183	183	18803	-1	21	ИЃИдбвФЇ		109.027931	194.352722	0	300640	10000	-1	-1	1	0	-1	-1	-1	-1	-1	-1	115	0	
184	184	18803	-1	21	ИЃИдбвФЇ		109.027931	195.352722	0	300640	10000	-1	-1	1	0	-1	-1	-1	-1	-1	-1	115	0	
185	185	18803	-1	21	ИЃИдбвФЇ		109.027931	193.352722	0	300640	10000	-1	-1	1	0	-1	-1	-1	-1	-1	-1	115	0	
186	186	18803	-1	21	ИЃИдбвФЇ		110.027931	195.352722	0	300640	10000	-1	-1	1	0	-1	-1	-1	-1	-1	-1	115	0	
187	187	18803	-1	21	ИЃИдбвФЇ		110.027931	193.352722	0	300640	10000	-1	-1	1	0	-1	-1	-1	-1	-1	-1	115	0	
188	188	18803	-1	21	ИЃИдбвФЇ		111.027931	194.352722	0	300640	10000	-1	-1	1	0	-1	-1	-1	-1	-1	-1	115	0	
189	189	18803	-1	21	ИЃИдбвФЇ		111.027931	195.352722	0	300640	10000	-1	-1	1	0	-1	-1	-1	-1	-1	-1	115	0	
190	190	18803	-1	21	ИЃИдбвФЇ		111.027931	193.352722	0	300640	10000	-1	-1	1	0	-1	-1	-1	-1	-1	-1	115	0	
191	191	18803	-1	21	ИЃИдбвФЇ		141.16243	193.24498	0	300640	10000	-1	-1	1	0	-1	-1	-1	-1	-1	-1	115	0	
192	192	18803	-1	21	ИЃИдбвФЇ		141.26243	193.14498	0	300640	10000	-1	-1	1	0	-1	-1	-1	-1	-1	-1	115	0	
193	193	18803	-1	21	ИЃИдбвФЇ		140.16243	193.24498	0	300640	10000	-1	-1	1	0	-1	-1	-1	-1	-1	-1	115	0	
194	194	18803	-1	21	ИЃИдбвФЇ		140.16243	194.24498	0	300640	10000	-1	-1	1	0	-1	-1	-1	-1	-1	-1	115	0	
195	195	18803	-1	21	ИЃИдбвФЇ		140.16243	192.24498	0	300640	10000	-1	-1	1	0	-1	-1	-1	-1	-1	-1	115	0	
196	196	18803	-1	21	ИЃИдбвФЇ		141.16243	194.24498	0	300640	10000	-1	-1	1	0	-1	-1	-1	-1	-1	-1	115	0	
197	197	18803	-1	21	ИЃИдбвФЇ		141.16243	192.24498	0	300640	10000	-1	-1	1	0	-1	-1	-1	-1	-1	-1	115	0	
198	198	18803	-1	21	ИЃИдбвФЇ		142.16243	193.24498	0	300640	10000	-1	-1	1	0	-1	-1	-1	-1	-1	-1	115	0	
199	199	18803	-1	21	ИЃИдбвФЇ		142.16243	194.24498	0	300640	10000	-1	-1	1	0	-1	-1	-1	-1	-1	-1	115	0	
200	200	18803	-1	21	ИЃИдбвФЇ		142.16243	192.24498	0	300640	10000	-1	-1	1	0	-1	-1	-1	-1	-1	-1	115	0	
201	201	18803	-1	21	ИЃИдбвФЇ		177.251282	221.05307	0	300640	10000	-1	-1	1	0	-1	-1	-1	-1	-1	-1	115	0	
202	202	18803	-1	21	ИЃИдбвФЇ		177.351282	220.95307	0	300640	10000	-1	-1	1	0	-1	-1	-1	-1	-1	-1	115	0	
203	203	18803	-1	21	ИЃИдбвФЇ		176.251282	221.05307	0	300640	10000	-1	-1	1	0	-1	-1	-1	-1	-1	-1	115	0	
204	204	18803	-1	21	ИЃИдбвФЇ		176.251282	222.05307	0	300640	10000	-1	-1	1	0	-1	-1	-1	-1	-1	-1	115	0	
205	205	18803	-1	21	ИЃИдбвФЇ		176.251282	220.05307	0	300640	10000	-1	-1	1	0	-1	-1	-1	-1	-1	-1	115	0	
206	206	18803	-1	21	ИЃИдбвФЇ		177.251282	222.05307	0	300640	10000	-1	-1	1	0	-1	-1	-1	-1	-1	-1	115	0	
207	207	18803	-1	21	ИЃИдбвФЇ		177.251282	220.05307	0	300640	10000	-1	-1	1	0	-1	-1	-1	-1	-1	-1	115	0	
208	208	18803	-1	21	ИЃИдбвФЇ		178.251282	221.05307	0	300640	10000	-1	-1	1	0	-1	-1	-1	-1	-1	-1	115	0	
209	209	18803	-1	21	ИЃИдбвФЇ		178.251282	222.05307	0	300640	10000	-1	-1	1	0	-1	-1	-1	-1	-1	-1	115	0	
210	210	18803	-1	21	ИЃИдбвФЇ		178.251282	220.05307	0	300640	10000	-1	-1	1	0	-1	-1	-1	-1	-1	-1	115	0	
211	211	18803	-1	21	ИЃИдбвФЇ		208.636841	223.492615	0	300640	10000	-1	-1	1	0	-1	-1	-1	-1	-1	-1	115	0	
212	212	18803	-1	21	ИЃИдбвФЇ		208.736841	223.392615	0	300640	10000	-1	-1	1	0	-1	-1	-1	-1	-1	-1	115	0	
213	213	18803	-1	21	ИЃИдбвФЇ		207.636841	223.492615	0	300640	10000	-1	-1	1	0	-1	-1	-1	-1	-1	-1	115	0	
214	214	18803	-1	21	ИЃИдбвФЇ		207.636841	224.492615	0	300640	10000	-1	-1	1	0	-1	-1	-1	-1	-1	-1	115	0	
215	215	18803	-1	21	ИЃИдбвФЇ		207.636841	222.492615	0	300640	10000	-1	-1	1	0	-1	-1	-1	-1	-1	-1	115	0	
216	216	18803	-1	21	ИЃИдбвФЇ		208.636841	224.492615	0	300640	10000	-1	-1	1	0	-1	-1	-1	-1	-1	-1	115	0	
217	217	18803	-1	21	ИЃИдбвФЇ		208.636841	222.492615	0	300640	10000	-1	-1	1	0	-1	-1	-1	-1	-1	-1	115	0	
218	218	18803	-1	21	ИЃИдбвФЇ		209.636841	223.492615	0	300640	10000	-1	-1	1	0	-1	-1	-1	-1	-1	-1	115	0	
219	219	18803	-1	21	ИЃИдбвФЇ		209.636841	224.492615	0	300640	10000	-1	-1	1	0	-1	-1	-1	-1	-1	-1	115	0	
220	220	18803	-1	21	ИЃИдбвФЇ		209.636841	222.492615	0	300640	10000	-1	-1	1	0	-1	-1	-1	-1	-1	-1	115	0	
221	221	18803	-1	21	ИЃИдбвФЇ		205.442322	205.813705	0	300640	10000	-1	-1	1	0	-1	-1	-1	-1	-1	-1	115	0	
222	222	18803	-1	21	ИЃИдбвФЇ		205.542322	205.713705	0	300640	10000	-1	-1	1	0	-1	-1	-1	-1	-1	-1	115	0	
223	223	18803	-1	21	ИЃИдбвФЇ		204.442322	205.813705	0	300640	10000	-1	-1	1	0	-1	-1	-1	-1	-1	-1	115	0	
224	224	18803	-1	21	ИЃИдбвФЇ		204.442322	206.813705	0	300640	10000	-1	-1	1	0	-1	-1	-1	-1	-1	-1	115	0	
225	225	18803	-1	21	ИЃИдбвФЇ		204.442322	204.813705	0	300640	10000	-1	-1	1	0	-1	-1	-1	-1	-1	-1	115	0	
226	226	18803	-1	21	ИЃИдбвФЇ		205.442322	206.813705	0	300640	10000	-1	-1	1	0	-1	-1	-1	-1	-1	-1	115	0	
227	227	18803	-1	21	ИЃИдбвФЇ		205.442322	204.813705	0	300640	10000	-1	-1	1	0	-1	-1	-1	-1	-1	-1	115	0	
228	228	18803	-1	21	ИЃИдбвФЇ		206.442322	205.813705	0	300640	10000	-1	-1	1	0	-1	-1	-1	-1	-1	-1	115	0	
229	229	18803	-1	21	ИЃИдбвФЇ		206.442322	206.813705	0	300640	10000	-1	-1	1	0	-1	-1	-1	-1	-1	-1	115	0	
230	230	18803	-1	21	ИЃИдбвФЇ		206.442322	204.813705	0	300640	10000	-1	-1	1	0	-1	-1	-1	-1	-1	-1	115	0	
231	231	18803	-1	21	ИЃИдбвФЇ		210.32106	174.795364	0	300640	10000	-1	-1	1	0	-1	-1	-1	-1	-1	-1	115	0	
232	232	18803	-1	21	ИЃИдбвФЇ		210.42106	174.695364	0	300640	10000	-1	-1	1	0	-1	-1	-1	-1	-1	-1	115	0	
233	233	18803	-1	21	ИЃИдбвФЇ		209.32106	174.795364	0	300640	10000	-1	-1	1	0	-1	-1	-1	-1	-1	-1	115	0	
234	234	18803	-1	21	ИЃИдбвФЇ		209.32106	175.795364	0	300640	10000	-1	-1	1	0	-1	-1	-1	-1	-1	-1	115	0	
235	235	18803	-1	21	ИЃИдбвФЇ		209.32106	173.795364	0	300640	10000	-1	-1	1	0	-1	-1	-1	-1	-1	-1	115	0	
236	236	18803	-1	21	ИЃИдбвФЇ		210.32106	175.795364	0	300640	10000	-1	-1	1	0	-1	-1	-1	-1	-1	-1	115	0	
237	237	18803	-1	21	ИЃИдбвФЇ		210.32106	173.795364	0	300640	10000	-1	-1	1	0	-1	-1	-1	-1	-1	-1	115	0	
238	238	18803	-1	21	ИЃИдбвФЇ		211.32106	174.795364	0	300640	10000	-1	-1	1	0	-1	-1	-1	-1	-1	-1	115	0	
239	239	18803	-1	21	ИЃИдбвФЇ		211.32106	175.795364	0	300640	10000	-1	-1	1	0	-1	-1	-1	-1	-1	-1	115	0	
240	240	18803	-1	21	ИЃИдбвФЇ		211.32106	173.795364	0	300640	10000	-1	-1	1	0	-1	-1	-1	-1	-1	-1	115	0	
241	241	18803	-1	21	ИЃИдбвФЇ		184.032059	175.028656	0	300640	10000	-1	-1	1	0	-1	-1	-1	-1	-1	-1	115	0	
242	242	18803	-1	21	ИЃИдбвФЇ		184.132059	174.928656	0	300640	10000	-1	-1	1	0	-1	-1	-1	-1	-1	-1	115	0	
243	243	18803	-1	21	ИЃИдбвФЇ		183.032059	175.028656	0	300640	10000	-1	-1	1	0	-1	-1	-1	-1	-1	-1	115	0	
244	244	18803	-1	21	ИЃИдбвФЇ		183.032059	176.028656	0	300640	10000	-1	-1	1	0	-1	-1	-1	-1	-1	-1	115	0	
245	245	18803	-1	21	ИЃИдбвФЇ		183.032059	174.028656	0	300640	10000	-1	-1	1	0	-1	-1	-1	-1	-1	-1	115	0	
246	246	18803	-1	21	ИЃИдбвФЇ		184.032059	176.028656	0	300640	10000	-1	-1	1	0	-1	-1	-1	-1	-1	-1	115	0	
247	247	18803	-1	21	ИЃИдбвФЇ		184.032059	174.028656	0	300640	10000	-1	-1	1	0	-1	-1	-1	-1	-1	-1	115	0	
248	248	18803	-1	21	ИЃИдбвФЇ		185.032059	175.028656	0	300640	10000	-1	-1	1	0	-1	-1	-1	-1	-1	-1	115	0	
249	249	18803	-1	21	ИЃИдбвФЇ		185.032059	176.028656	0	300640	10000	-1	-1	1	0	-1	-1	-1	-1	-1	-1	115	0	
250	250	18803	-1	21	ИЃИдбвФЇ		185.032059	174.028656	0	300640	10000	-1	-1	1	0	-1	-1	-1	-1	-1	-1	115	0	
251	251	18803	-1	21	ИЃИдбвФЇ		145.584702	173.886597	0	300640	10000	-1	-1	1	0	-1	-1	-1	-1	-1	-1	115	0	
252	252	18803	-1	21	ИЃИдбвФЇ		145.684702	173.786597	0	300640	10000	-1	-1	1	0	-1	-1	-1	-1	-1	-1	115	0	
253	253	18803	-1	21	ИЃИдбвФЇ		144.584702	173.886597	0	300640	10000	-1	-1	1	0	-1	-1	-1	-1	-1	-1	115	0	
254	254	18803	-1	21	ИЃИдбвФЇ		144.584702	174.886597	0	300640	10000	-1	-1	1	0	-1	-1	-1	-1	-1	-1	115	0	
255	255	18803	-1	21	ИЃИдбвФЇ		144.584702	172.886597	0	300640	10000	-1	-1	1	0	-1	-1	-1	-1	-1	-1	115	0	
256	256	18803	-1	21	ИЃИдбвФЇ		145.584702	174.886597	0	300640	10000	-1	-1	1	0	-1	-1	-1	-1	-1	-1	115	0	
257	257	18803	-1	21	ИЃИдбвФЇ		145.584702	172.886597	0	300640	10000	-1	-1	1	0	-1	-1	-1	-1	-1	-1	115	0	
258	258	18803	-1	21	ИЃИдбвФЇ		146.584702	173.886597	0	300640	10000	-1	-1	1	0	-1	-1	-1	-1	-1	-1	115	0	
259	259	18803	-1	21	ИЃИдбвФЇ		146.584702	174.886597	0	300640	10000	-1	-1	1	0	-1	-1	-1	-1	-1	-1	115	0	
260	260	18803	-1	21	ИЃИдбвФЇ		146.584702	172.886597	0	300640	10000	-1	-1	1	0	-1	-1	-1	-1	-1	-1	115	0	
261	261	18803	-1	21	ИЃИдбвФЇ		134.604111	147.824493	0	300640	10000	-1	-1	1	0	-1	-1	-1	-1	-1	-1	115	0	
262	262	18803	-1	21	ИЃИдбвФЇ		134.704111	147.724493	0	300640	10000	-1	-1	1	0	-1	-1	-1	-1	-1	-1	115	0	
263	263	18803	-1	21	ИЃИдбвФЇ		133.604111	147.824493	0	300640	10000	-1	-1	1	0	-1	-1	-1	-1	-1	-1	115	0	
264	264	18803	-1	21	ИЃИдбвФЇ		133.604111	148.824493	0	300640	10000	-1	-1	1	0	-1	-1	-1	-1	-1	-1	115	0	
265	265	18803	-1	21	ИЃИдбвФЇ		133.604111	146.824493	0	300640	10000	-1	-1	1	0	-1	-1	-1	-1	-1	-1	115	0	
266	266	18803	-1	21	ИЃИдбвФЇ		134.604111	148.824493	0	300640	10000	-1	-1	1	0	-1	-1	-1	-1	-1	-1	115	0	
267	267	18803	-1	21	ИЃИдбвФЇ		134.604111	146.824493	0	300640	10000	-1	-1	1	0	-1	-1	-1	-1	-1	-1	115	0	
268	268	18803	-1	21	ИЃИдбвФЇ		135.604111	147.824493	0	300640	10000	-1	-1	1	0	-1	-1	-1	-1	-1	-1	115	0	
269	269	18803	-1	21	ИЃИдбвФЇ		135.604111	148.824493	0	300640	10000	-1	-1	1	0	-1	-1	-1	-1	-1	-1	115	0	
270	270	18803	-1	21	ИЃИдбвФЇ		135.604111	146.824493	0	300640	10000	-1	-1	1	0	-1	-1	-1	-1	-1	-1	115	0	
271	271	3636	401006	20	РЯЗђШЫ		143.073807	121.527275	9	0	10000	-1	-1	3	0	-1	-1	-1	-1	-1	-1	40	0	
272	272	5969	401005	20	АЂИЃ		104.697464	121.712425	0	0	10000	-1	-1	3	0	-1	-1	-1	-1	-1	-1	50	0	
273	273	1300	401013	20	РюауСЌ	КшИЃПЭеЛЕъаЁЖў	136.876007	86.0923	27	0	10000	-1	-1	3	0	-1	-1	-1	-1	-1	-1	10	0	
274	274	1	401012	20	АзеЙЬЦ	КшИЃПЭеЛЕъаЁЖў	126.039001	90.8256	27	0	10000	-1	-1	0	0	-1	-1	-1	-1	-1	-1	60	0	
275	275	30	401011	20	мНШи	КшИЃПЭеЛЗўЮёдБ	132.049103	86.435349	26	0	10000	-1	-1	3	0	-1	-1	-1	-1	-1	-1	60	0	
276	276	90	401010	20	СјЯцгё	КшИЃПЭеЛеЦЙё	122.139061	86.170624	0	0	10000	-1	-1	3	0	-1	-1	-1	-1	-1	-1	60	0	
277	277	145	401001	20	ШеБОЮфЪП		159.943481	106.791893	9	0	10000	-1	-1	3	0	-1	-1	-1	-1	-1	-1	60	0	
278	278	145	401002	20	ШеБОЮфЪП		159.7276	96.779701	27	0	10000	-1	-1	3	0	-1	-1	-1	-1	-1	-1	60	0	
279	279	145	401002	20	ШеБОЮфЪП		98.584923	95.521919	27	0	10000	-1	-1	3	0	-1	-1	-1	-1	-1	-1	60	0	
280	280	145	401001	20	ШеБОЮфЪП		98.841911	108.553848	9	0	10000	-1	-1	3	0	-1	-1	-1	-1	-1	-1	60	0	
281	281	3613	401008	20	ЮкгШ		154.113754	117.965683	18	0	10000	-1	-1	3	0	-1	-1	-1	-1	-1	-1	40	0	
282	282	58	401009	20	аЁБІ	ЮкгШЕФХЎЖљ	154.761993	116.587997	20	0	10000	-1	-1	0	0	-1	-1	-1	-1	-1	-1	60	0	
283	283	4006	401003	20	РюРЯКК		104.489998	117.144997	0	0	10000	-1	-1	3	0	-1	-1	-1	-1	-1	-1	40	0	
284	284	1921	401007	20	аЁЛЈ	РЯЗђШЫЕФбОїп	142.488998	122.542	9	0	10000	-1	-1	3	0	-1	-1	-1	-1	-1	-1	60	0	
285	285	1920	401004	20	гёЖљ		105.017586	122.807648	36	0	10000	-1	-1	3	0	-1	-1	-1	-1	-1	-1	60	0	
