NUM	NUM	NUM	NUM	NUM	TEXT	TEXT	FLOAT	FLOAT	NUM	NUM	NUM	NUM	NUM	NUM	NUM	NUM	NUM	NUM	NUM	NUM	NUM	NUM	NUM
编号	随机编号	attr编号	逻辑表编号	阵营编号	名称	称号	x轴坐标	z轴坐标	朝向	脚本编号	重生时间	分组编号	队伍编号	基础AI	AI文件	巡逻路径	商店0	商店1	商店2	商店3	名誉ID	等级	镜像组
0	1	6921	-1	21	幽蛰之蜂		103.016129	81.526695	0	300640	10000	-1	-1	1	0	-1	-1	-1	-1	-1	-1	35	0	
1	2	6921	-1	21	幽蛰之蜂		81.343628	37.91383	0	300640	10000	-1	-1	1	0	-1	-1	-1	-1	-1	-1	35	0	
2	3	6921	-1	21	幽蛰之蜂		159.562119	57.828632	0	300640	10000	-1	-1	1	0	-1	-1	-1	-1	-1	-1	35	0	
3	4	6921	-1	21	幽蛰之蜂		199.520142	114.346069	0	300640	10000	-1	-1	1	0	-1	-1	-1	-1	-1	-1	35	0	
4	5	6921	-1	21	幽蛰之蜂		147.666443	113.885391	0	300640	10000	-1	-1	1	0	-1	-1	-1	-1	-1	-1	35	0	
5	6	6921	-1	21	幽蛰之蜂		70.150124	111.208214	0	300640	10000	-1	-1	1	0	-1	-1	-1	-1	-1	-1	35	0	
6	7	6921	-1	21	幽蛰之蜂		68.344757	142.117294	0	300640	10000	-1	-1	1	0	-1	-1	-1	-1	-1	-1	35	0	
7	8	6920	-1	21	幽黑之蛛		193.787735	152.915253	0	300640	10000	-1	-1	1	0	-1	-1	-1	-1	-1	-1	30	0	
8	9	6920	-1	21	幽黑之蛛		196.04364	178.710007	0	300640	10000	-1	-1	1	0	-1	-1	-1	-1	-1	-1	30	0	
9	10	6920	-1	21	幽黑之蛛		143.240967	200.650269	0	300640	10000	-1	-1	1	0	-1	-1	-1	-1	-1	-1	30	0	
10	11	6920	-1	21	幽黑之蛛		116.281624	199.889114	0	300640	10000	-1	-1	1	0	-1	-1	-1	-1	-1	-1	30	0	
11	12	6920	-1	21	幽黑之蛛		135.205246	149.509857	0	300640	10000	-1	-1	1	0	-1	-1	-1	-1	-1	-1	30	0	
12	13	6920	-1	21	幽黑之蛛		111.666199	148.421417	0	300640	10000	-1	-1	1	0	-1	-1	-1	-1	-1	-1	30	0	
13	14	6921	-1	21	幽蛰之蜂		105.375214	81.420708	0	300640	10000	-1	-1	1	0	-1	-1	-1	-1	-1	-1	35	0	
14	15	6921	-1	21	幽蛰之蜂		80.865593	38.072422	0	300640	10000	-1	-1	1	0	-1	-1	-1	-1	-1	-1	35	0	
15	16	6921	-1	21	幽蛰之蜂		130.305954	56.66589	0	300640	10000	-1	-1	1	0	-1	-1	-1	-1	-1	-1	35	0	
16	17	6920	-1	21	幽黑之蛛		104.872757	177.881378	0	300640	10000	-1	-1	1	0	-1	-1	-1	-1	-1	-1	30	0	
17	18	6920	-1	21	幽黑之蛛		134.569839	149.114532	0	300640	10000	-1	-1	1	0	-1	-1	-1	-1	-1	-1	30	0	
18	19	6920	-1	21	幽黑之蛛		113.07428	147.445343	0	300640	10000	-1	-1	1	0	-1	-1	-1	-1	-1	-1	30	0	
19	20	6921	-1	21	幽蛰之蜂		106.14537	79.746941	0	300640	10000	-1	-1	1	0	-1	-1	-1	-1	-1	-1	35	0	
20	21	6921	-1	21	幽蛰之蜂		99.828545	37.562695	0	300640	10000	-1	-1	1	0	-1	-1	-1	-1	-1	-1	35	0	
21	22	6921	-1	21	幽蛰之蜂		132.497284	59.30328	0	300640	10000	-1	-1	1	0	-1	-1	-1	-1	-1	-1	35	0	
22	23	6921	-1	21	幽蛰之蜂		161.173187	56.344448	0	300640	10000	-1	-1	1	0	-1	-1	-1	-1	-1	-1	35	0	
23	24	6921	-1	21	幽蛰之蜂		180.370804	118.095352	0	300640	10000	-1	-1	1	0	-1	-1	-1	-1	-1	-1	35	0	
24	25	6921	-1	21	幽蛰之蜂		114.290077	110.776352	0	300640	10000	-1	-1	1	0	-1	-1	-1	-1	-1	-1	35	0	
25	26	6921	-1	21	幽蛰之蜂		69.303909	113.613213	0	300640	10000	-1	-1	1	0	-1	-1	-1	-1	-1	-1	35	0	
26	27	6921	-1	21	幽蛰之蜂		69.012299	140.750702	0	300640	10000	-1	-1	1	0	-1	-1	-1	-1	-1	-1	35	0	
27	28	6920	-1	21	幽黑之蛛		174.920471	147.616241	0	300640	10000	-1	-1	1	0	-1	-1	-1	-1	-1	-1	30	0	
28	29	6920	-1	21	幽黑之蛛		177.829529	192.252792	0	300640	10000	-1	-1	1	0	-1	-1	-1	-1	-1	-1	30	0	
29	30	6920	-1	21	幽黑之蛛		128.29303	177.610214	0	300640	10000	-1	-1	1	0	-1	-1	-1	-1	-1	-1	30	0	
30	31	6920	-1	21	幽黑之蛛		102.8144	178.214905	0	300640	10000	-1	-1	1	0	-1	-1	-1	-1	-1	-1	30	0	
31	32	6920	-1	21	幽黑之蛛		135.942703	148.570862	0	300640	10000	-1	-1	1	0	-1	-1	-1	-1	-1	-1	30	0	
32	33	6921	-1	21	幽蛰之蜂		103.249069	82.95076	0	300640	10000	-1	-1	1	0	-1	-1	-1	-1	-1	-1	35	0	
33	34	6921	-1	21	幽蛰之蜂		79.646446	36.987648	0	300640	10000	-1	-1	1	0	-1	-1	-1	-1	-1	-1	35	0	
34	35	6921	-1	21	幽蛰之蜂		129.535278	57.917049	0	300640	10000	-1	-1	1	0	-1	-1	-1	-1	-1	-1	35	0	
35	36	6921	-1	21	幽蛰之蜂		179.970688	96.186859	0	300640	10000	-1	-1	1	0	-1	-1	-1	-1	-1	-1	35	0	
36	37	6921	-1	21	幽蛰之蜂		114.713608	113.350784	0	300640	10000	-1	-1	1	0	-1	-1	-1	-1	-1	-1	35	0	
37	38	6921	-1	21	幽蛰之蜂		70.284988	113.355705	0	300640	10000	-1	-1	1	0	-1	-1	-1	-1	-1	-1	35	0	
38	39	6921	-1	21	幽蛰之蜂		68.273979	139.849289	0	300640	10000	-1	-1	1	0	-1	-1	-1	-1	-1	-1	35	0	
39	40	6920	-1	21	幽黑之蛛		192.996155	150.835876	0	300640	10000	-1	-1	1	0	-1	-1	-1	-1	-1	-1	30	0	
40	41	6920	-1	21	幽黑之蛛		196.373215	180.67131	0	300640	10000	-1	-1	1	0	-1	-1	-1	-1	-1	-1	30	0	
41	42	6920	-1	21	幽黑之蛛		131.162109	178.675278	0	300640	10000	-1	-1	1	0	-1	-1	-1	-1	-1	-1	30	0	
42	43	6920	-1	21	幽黑之蛛		103.045311	177.775543	0	300640	10000	-1	-1	1	0	-1	-1	-1	-1	-1	-1	30	0	
43	44	6920	-1	21	幽黑之蛛		135.753357	149.17749	0	300640	10000	-1	-1	1	0	-1	-1	-1	-1	-1	-1	30	0	
44	45	6920	-1	21	幽黑之蛛		112.247711	148.620392	0	300640	10000	-1	-1	1	0	-1	-1	-1	-1	-1	-1	30	0	
45	46	6921	-1	21	幽蛰之蜂		104.568932	81.938957	0	300640	10000	-1	-1	1	0	-1	-1	-1	-1	-1	-1	35	0	
46	47	6921	-1	21	幽蛰之蜂		79.292374	38.679668	0	300640	10000	-1	-1	1	0	-1	-1	-1	-1	-1	-1	35	0	
47	48	6921	-1	21	幽蛰之蜂		129.507034	57.034569	0	300640	10000	-1	-1	1	0	-1	-1	-1	-1	-1	-1	35	0	
48	49	6921	-1	21	幽蛰之蜂		205.04657	92.790749	0	300640	10000	-1	-1	1	0	-1	-1	-1	-1	-1	-1	35	0	
49	50	6921	-1	21	幽蛰之蜂		114.561928	111.451439	0	300640	10000	-1	-1	1	0	-1	-1	-1	-1	-1	-1	35	0	
50	51	6921	-1	21	幽蛰之蜂		70.998756	111.307114	0	300640	10000	-1	-1	1	0	-1	-1	-1	-1	-1	-1	35	0	
51	52	6921	-1	21	幽蛰之蜂		67.82946	143.663757	0	300640	10000	-1	-1	1	0	-1	-1	-1	-1	-1	-1	35	0	
52	53	6920	-1	21	幽黑之蛛		194.131592	152.444672	0	300640	10000	-1	-1	1	0	-1	-1	-1	-1	-1	-1	30	0	
53	54	6920	-1	21	幽黑之蛛		194.927628	181.325348	0	300640	10000	-1	-1	1	0	-1	-1	-1	-1	-1	-1	30	0	
54	55	6920	-1	21	幽黑之蛛		128.53389	177.552567	0	300640	10000	-1	-1	1	0	-1	-1	-1	-1	-1	-1	30	0	
55	56	6920	-1	21	幽黑之蛛		104.29454	177.797028	0	300640	10000	-1	-1	1	0	-1	-1	-1	-1	-1	-1	30	0	
56	57	6920	-1	21	幽黑之蛛		135.894302	149.814026	0	300640	10000	-1	-1	1	0	-1	-1	-1	-1	-1	-1	30	0	
57	58	6921	-1	21	幽蛰之蜂		105.376137	81.42907	0	300640	10000	-1	-1	1	0	-1	-1	-1	-1	-1	-1	35	0	
58	59	6921	-1	21	幽蛰之蜂		100.967834	38.178417	0	300640	10000	-1	-1	1	0	-1	-1	-1	-1	-1	-1	35	0	
59	60	6921	-1	21	幽蛰之蜂		161.229156	56.912201	0	300640	10000	-1	-1	1	0	-1	-1	-1	-1	-1	-1	35	0	
60	61	6921	-1	21	幽蛰之蜂		199.200989	114.948135	0	300640	10000	-1	-1	1	0	-1	-1	-1	-1	-1	-1	35	0	
61	62	6921	-1	21	幽蛰之蜂		146.753387	111.87352	0	300640	10000	-1	-1	1	0	-1	-1	-1	-1	-1	-1	35	0	
62	63	6921	-1	21	幽蛰之蜂		69.652138	112.390793	0	300640	10000	-1	-1	1	0	-1	-1	-1	-1	-1	-1	35	0	
63	64	6921	-1	21	幽蛰之蜂		70.331413	142.348099	0	300640	10000	-1	-1	1	0	-1	-1	-1	-1	-1	-1	35	0	
64	65	6920	-1	21	幽黑之蛛		195.414551	153.498779	0	300640	10000	-1	-1	1	0	-1	-1	-1	-1	-1	-1	30	0	
65	66	6920	-1	21	幽黑之蛛		194.898697	179.378815	0	300640	10000	-1	-1	1	0	-1	-1	-1	-1	-1	-1	30	0	
66	67	6920	-1	21	幽黑之蛛		131.043396	178.672821	0	300640	10000	-1	-1	1	0	-1	-1	-1	-1	-1	-1	30	0	
67	68	6920	-1	21	幽黑之蛛		103.764503	177.712021	0	300640	10000	-1	-1	1	0	-1	-1	-1	-1	-1	-1	30	0	
68	69	6920	-1	21	幽黑之蛛		135.571609	149.68811	0	300640	10000	-1	-1	1	0	-1	-1	-1	-1	-1	-1	30	0	
69	70	6920	-1	21	幽黑之蛛		112.978073	146.90506	0	300640	10000	-1	-1	1	0	-1	-1	-1	-1	-1	-1	30	0	
70	71	6921	-1	21	幽蛰之蜂		104.842323	81.779984	0	300640	10000	-1	-1	1	0	-1	-1	-1	-1	-1	-1	35	0	
71	72	6921	-1	21	幽蛰之蜂		101.552551	38.809338	0	300640	10000	-1	-1	1	0	-1	-1	-1	-1	-1	-1	35	0	
72	73	6921	-1	21	幽蛰之蜂		198.015152	52.048691	0	300640	10000	-1	-1	1	0	-1	-1	-1	-1	-1	-1	35	0	
73	74	6921	-1	21	幽蛰之蜂		200.704193	113.317696	0	300640	10000	-1	-1	1	0	-1	-1	-1	-1	-1	-1	35	0	
74	75	6921	-1	21	幽蛰之蜂		89.372688	127.352478	0	300640	10000	-1	-1	1	0	-1	-1	-1	-1	-1	-1	35	0	
75	76	6921	-1	21	幽蛰之蜂		72.000061	112.703171	0	300640	10000	-1	-1	1	0	-1	-1	-1	-1	-1	-1	35	0	
76	77	6921	-1	21	幽蛰之蜂		67.713104	140.950104	0	300640	10000	-1	-1	1	0	-1	-1	-1	-1	-1	-1	35	0	
77	78	6920	-1	21	幽黑之蛛		195.05835	154.170349	0	300640	10000	-1	-1	1	0	-1	-1	-1	-1	-1	-1	30	0	
78	79	6920	-1	21	幽黑之蛛		195.570267	177.04126	0	300640	10000	-1	-1	1	0	-1	-1	-1	-1	-1	-1	30	0	
79	80	6920	-1	21	幽黑之蛛		129.196213	176.057114	0	300640	10000	-1	-1	1	0	-1	-1	-1	-1	-1	-1	30	0	
80	81	6920	-1	21	幽黑之蛛		104.584404	177.88736	0	300640	10000	-1	-1	1	0	-1	-1	-1	-1	-1	-1	30	0	
81	82	6920	-1	21	幽黑之蛛		136.492279	150.061462	0	300640	10000	-1	-1	1	0	-1	-1	-1	-1	-1	-1	30	0	
82	83	6920	-1	21	幽黑之蛛		111.938477	146.468643	0	300640	10000	-1	-1	1	0	-1	-1	-1	-1	-1	-1	30	0	
83	84	6921	-1	21	幽蛰之蜂		80.10762	86.310692	0	300640	10000	-1	-1	1	0	-1	-1	-1	-1	-1	-1	35	0	
84	85	6921	-1	21	幽蛰之蜂		190.844742	67.356659	0	300640	10000	-1	-1	1	0	-1	-1	-1	-1	-1	-1	35	0	
85	86	6921	-1	21	幽蛰之蜂		201.520142	114.954346	0	300640	10000	-1	-1	1	0	-1	-1	-1	-1	-1	-1	35	0	
86	87	6921	-1	21	幽蛰之蜂		113.275482	113.281914	0	300640	10000	-1	-1	1	0	-1	-1	-1	-1	-1	-1	35	0	
87	88	6921	-1	21	幽蛰之蜂		70.926872	110.759529	0	300640	10000	-1	-1	1	0	-1	-1	-1	-1	-1	-1	35	0	
88	89	6921	-1	21	幽蛰之蜂		68.94162	140.6875	0	300640	10000	-1	-1	1	0	-1	-1	-1	-1	-1	-1	35	0	
89	90	6920	-1	21	幽黑之蛛		193.460648	151.811798	0	300640	10000	-1	-1	1	0	-1	-1	-1	-1	-1	-1	30	0	
90	91	6920	-1	21	幽黑之蛛		196.511627	179.226135	0	300640	10000	-1	-1	1	0	-1	-1	-1	-1	-1	-1	30	0	
91	92	6920	-1	21	幽黑之蛛		131.854675	177.943161	0	300640	10000	-1	-1	1	0	-1	-1	-1	-1	-1	-1	30	0	
92	93	6920	-1	21	幽黑之蛛		102.853394	177.779526	0	300640	10000	-1	-1	1	0	-1	-1	-1	-1	-1	-1	30	0	
93	94	6920	-1	21	幽黑之蛛		136.179993	150.414917	0	300640	10000	-1	-1	1	0	-1	-1	-1	-1	-1	-1	30	0	
94	95	6920	-1	21	幽黑之蛛		112.092934	146.62854	0	300640	10000	-1	-1	1	0	-1	-1	-1	-1	-1	-1	30	0	
95	96	6921	-1	21	幽蛰之蜂		80.759407	85.38047	0	300640	10000	-1	-1	1	0	-1	-1	-1	-1	-1	-1	35	0	
96	97	6921	-1	21	幽蛰之蜂		161.449844	56.451126	0	300640	10000	-1	-1	1	0	-1	-1	-1	-1	-1	-1	35	0	
97	98	6921	-1	21	幽蛰之蜂		201.610809	114.585915	0	300640	10000	-1	-1	1	0	-1	-1	-1	-1	-1	-1	35	0	
98	99	6921	-1	21	幽蛰之蜂		112.910103	113.596077	0	300640	10000	-1	-1	1	0	-1	-1	-1	-1	-1	-1	35	0	
99	100	6921	-1	21	幽蛰之蜂		72.102928	111.541557	0	300640	10000	-1	-1	1	0	-1	-1	-1	-1	-1	-1	35	0	
100	101	6921	-1	21	幽蛰之蜂		88.201752	156.878311	0	300640	10000	-1	-1	1	0	-1	-1	-1	-1	-1	-1	35	0	
101	102	6920	-1	21	幽黑之蛛		194.442978	152.589218	0	300640	10000	-1	-1	1	0	-1	-1	-1	-1	-1	-1	30	0	
102	103	6920	-1	21	幽黑之蛛		196.405167	181.235672	0	300640	10000	-1	-1	1	0	-1	-1	-1	-1	-1	-1	30	0	
103	104	6920	-1	21	幽黑之蛛		129.977097	178.585892	0	300640	10000	-1	-1	1	0	-1	-1	-1	-1	-1	-1	30	0	
104	105	6920	-1	21	幽黑之蛛		102.5644	177.737976	0	300640	10000	-1	-1	1	0	-1	-1	-1	-1	-1	-1	30	0	
105	106	6920	-1	21	幽黑之蛛		135.173111	150.559143	0	300640	10000	-1	-1	1	0	-1	-1	-1	-1	-1	-1	30	0	
106	107	6920	-1	21	幽黑之蛛		112.652733	146.196426	0	300640	10000	-1	-1	1	0	-1	-1	-1	-1	-1	-1	30	0	
107	108	3846	400046	20			131	49	32	0	2000	-1	-1	5	0	0	-1	-1	-1	-1	-1	30	0	
108	109	3847	400047	20			180	94	32	0	2000	-1	-1	5	0	1	-1	-1	-1	-1	-1	30	0	
109	110	3849	400049	20			171	149	32	0	2000	-1	-1	5	0	2	-1	-1	-1	-1	-1	35	0	
110	111	3850	400050	20			103	181	32	0	2000	-1	-1	5	0	3	-1	-1	-1	-1	-1	35	0	
111	112	6921	-1	21	幽蛰之蜂		130.18309	56.922153	0	300640	10000	-1	-1	1	0	-1	-1	-1	-1	-1	-1	35	0	
112	113	6921	-1	21	幽蛰之蜂		131.853668	59.258858	0	300640	10000	-1	-1	1	0	-1	-1	-1	-1	-1	-1	35	0	
113	114	6921	-1	21	幽蛰之蜂		130.870132	57.25148	0	300640	10000	-1	-1	1	0	-1	-1	-1	-1	-1	-1	35	0	
114	115	6921	-1	21	幽蛰之蜂		131.361313	57.372116	0	300640	10000	-1	-1	1	0	-1	-1	-1	-1	-1	-1	35	0	
115	116	6921	-1	21	幽蛰之蜂		129.550644	58.257137	0	300640	10000	-1	-1	1	0	-1	-1	-1	-1	-1	-1	35	0	
116	117	6921	-1	21	幽蛰之蜂		130.978302	58.929272	0	300640	10000	-1	-1	1	0	-1	-1	-1	-1	-1	-1	35	0	
117	118	6921	-1	21	幽蛰之蜂		131.924347	58.688583	0	300640	10000	-1	-1	1	0	-1	-1	-1	-1	-1	-1	35	0	
118	119	6921	-1	21	幽蛰之蜂		160.8255	57.259045	0	300640	10000	-1	-1	1	0	-1	-1	-1	-1	-1	-1	35	0	
119	120	6921	-1	21	幽蛰之蜂		160.086105	57.88942	0	300640	10000	-1	-1	1	0	-1	-1	-1	-1	-1	-1	35	0	
120	121	6921	-1	21	幽蛰之蜂		159.422745	56.26609	0	300640	10000	-1	-1	1	0	-1	-1	-1	-1	-1	-1	35	0	
121	122	6921	-1	21	幽蛰之蜂		159.259567	56.937042	0	300640	10000	-1	-1	1	0	-1	-1	-1	-1	-1	-1	35	0	
122	123	6921	-1	21	幽蛰之蜂		159.457016	57.74313	0	300640	10000	-1	-1	1	0	-1	-1	-1	-1	-1	-1	35	0	
123	124	6921	-1	21	幽蛰之蜂		198.464645	52.124142	0	300640	10000	-1	-1	1	0	-1	-1	-1	-1	-1	-1	35	0	
124	125	6921	-1	21	幽蛰之蜂		199.598221	50.967445	0	300640	10000	-1	-1	1	0	-1	-1	-1	-1	-1	-1	35	0	
125	126	6921	-1	21	幽蛰之蜂		198.480286	50.58144	0	300640	10000	-1	-1	1	0	-1	-1	-1	-1	-1	-1	35	0	
126	127	6921	-1	21	幽蛰之蜂		197.748611	51.502895	0	300640	10000	-1	-1	1	0	-1	-1	-1	-1	-1	-1	35	0	
127	128	6921	-1	21	幽蛰之蜂		198.437988	51.149033	0	300640	10000	-1	-1	1	0	-1	-1	-1	-1	-1	-1	35	0	
128	129	6921	-1	21	幽蛰之蜂		198.308868	51.585838	0	300640	10000	-1	-1	1	0	-1	-1	-1	-1	-1	-1	35	0	
129	130	6921	-1	21	幽蛰之蜂		199.52887	51.43298	0	300640	10000	-1	-1	1	0	-1	-1	-1	-1	-1	-1	35	0	
130	131	6921	-1	21	幽蛰之蜂		198.753632	52.015385	0	300640	10000	-1	-1	1	0	-1	-1	-1	-1	-1	-1	35	0	
131	132	6921	-1	21	幽蛰之蜂		198.482086	51.671841	0	300640	10000	-1	-1	1	0	-1	-1	-1	-1	-1	-1	35	0	
132	133	6921	-1	21	幽蛰之蜂		189.987671	67.363785	0	300640	10000	-1	-1	1	0	-1	-1	-1	-1	-1	-1	35	0	
133	134	6921	-1	21	幽蛰之蜂		188.467896	68.493507	0	300640	10000	-1	-1	1	0	-1	-1	-1	-1	-1	-1	35	0	
134	135	6921	-1	21	幽蛰之蜂		190.289734	67.447075	0	300640	10000	-1	-1	1	0	-1	-1	-1	-1	-1	-1	35	0	
135	136	6921	-1	21	幽蛰之蜂		189.724594	67.064041	0	300640	10000	-1	-1	1	0	-1	-1	-1	-1	-1	-1	35	0	
136	137	6921	-1	21	幽蛰之蜂		190.499039	67.18763	0	300640	10000	-1	-1	1	0	-1	-1	-1	-1	-1	-1	35	0	
137	138	6921	-1	21	幽蛰之蜂		189.829254	68.053261	0	300640	10000	-1	-1	1	0	-1	-1	-1	-1	-1	-1	35	0	
138	139	6921	-1	21	幽蛰之蜂		190.090271	68.266632	0	300640	10000	-1	-1	1	0	-1	-1	-1	-1	-1	-1	35	0	
139	140	6921	-1	21	幽蛰之蜂		189.543137	66.590607	0	300640	10000	-1	-1	1	0	-1	-1	-1	-1	-1	-1	35	0	
140	141	6921	-1	21	幽蛰之蜂		189.365326	66.24633	0	300640	10000	-1	-1	1	0	-1	-1	-1	-1	-1	-1	35	0	
141	142	6921	-1	21	幽蛰之蜂		190.635345	67.617157	0	300640	10000	-1	-1	1	0	-1	-1	-1	-1	-1	-1	35	0	
142	143	6921	-1	21	幽蛰之蜂		201.247437	115.371262	0	300640	10000	-1	-1	1	0	-1	-1	-1	-1	-1	-1	35	0	
143	144	6921	-1	21	幽蛰之蜂		201.24617	116.196152	0	300640	10000	-1	-1	1	0	-1	-1	-1	-1	-1	-1	35	0	
144	145	6921	-1	21	幽蛰之蜂		200.155365	116.62883	0	300640	10000	-1	-1	1	0	-1	-1	-1	-1	-1	-1	35	0	
145	146	6921	-1	21	幽蛰之蜂		199.699524	116.912628	0	300640	10000	-1	-1	1	0	-1	-1	-1	-1	-1	-1	35	0	
146	147	6921	-1	21	幽蛰之蜂		199.563721	116.685539	0	300640	10000	-1	-1	1	0	-1	-1	-1	-1	-1	-1	35	0	
147	148	6921	-1	21	幽蛰之蜂		180.23056	118.330421	0	300640	10000	-1	-1	1	0	-1	-1	-1	-1	-1	-1	35	0	
148	149	6921	-1	21	幽蛰之蜂		179.197937	120.25843	0	300640	10000	-1	-1	1	0	-1	-1	-1	-1	-1	-1	35	0	
149	150	6921	-1	21	幽蛰之蜂		180.603836	119.579384	0	300640	10000	-1	-1	1	0	-1	-1	-1	-1	-1	-1	35	0	
150	151	6921	-1	21	幽蛰之蜂		179.805099	121.642792	0	300640	10000	-1	-1	1	0	-1	-1	-1	-1	-1	-1	35	0	
151	152	6921	-1	21	幽蛰之蜂		181.164932	119.335609	0	300640	10000	-1	-1	1	0	-1	-1	-1	-1	-1	-1	35	0	
152	153	6921	-1	21	幽蛰之蜂		181.444321	119.748657	0	300640	10000	-1	-1	1	0	-1	-1	-1	-1	-1	-1	35	0	
153	154	6921	-1	21	幽蛰之蜂		180.884781	119.247971	0	300640	10000	-1	-1	1	0	-1	-1	-1	-1	-1	-1	35	0	
154	155	6921	-1	21	幽蛰之蜂		180.04158	119.776657	0	300640	10000	-1	-1	1	0	-1	-1	-1	-1	-1	-1	35	0	
155	156	6921	-1	21	幽蛰之蜂		180.743362	119.76265	0	300640	10000	-1	-1	1	0	-1	-1	-1	-1	-1	-1	35	0	
156	157	6921	-1	21	幽蛰之蜂		179.408554	95.350929	0	300640	10000	-1	-1	1	0	-1	-1	-1	-1	-1	-1	35	0	
157	158	6921	-1	21	幽蛰之蜂		178.046692	95.728714	0	300640	10000	-1	-1	1	0	-1	-1	-1	-1	-1	-1	35	0	
158	159	6921	-1	21	幽蛰之蜂		179.736526	95.535896	0	300640	10000	-1	-1	1	0	-1	-1	-1	-1	-1	-1	35	0	
159	160	6921	-1	21	幽蛰之蜂		179.9245	94.976479	0	300640	10000	-1	-1	1	0	-1	-1	-1	-1	-1	-1	35	0	
160	161	6921	-1	21	幽蛰之蜂		179.922577	97.211647	0	300640	10000	-1	-1	1	0	-1	-1	-1	-1	-1	-1	35	0	
161	162	6921	-1	21	幽蛰之蜂		178.514954	97.125122	0	300640	10000	-1	-1	1	0	-1	-1	-1	-1	-1	-1	35	0	
162	163	6921	-1	21	幽蛰之蜂		180.064972	95.627892	0	300640	10000	-1	-1	1	0	-1	-1	-1	-1	-1	-1	35	0	
163	164	6921	-1	21	幽蛰之蜂		179.362976	94.232864	0	300640	10000	-1	-1	1	0	-1	-1	-1	-1	-1	-1	35	0	
164	165	6921	-1	21	幽蛰之蜂		178.282166	94.608643	0	300640	10000	-1	-1	1	0	-1	-1	-1	-1	-1	-1	35	0	
165	166	6921	-1	21	幽蛰之蜂		178.798981	95.306198	0	300640	10000	-1	-1	1	0	-1	-1	-1	-1	-1	-1	35	0	
166	167	6921	-1	21	幽蛰之蜂		203.151794	92.455147	0	300640	10000	-1	-1	1	0	-1	-1	-1	-1	-1	-1	35	0	
167	168	6921	-1	21	幽蛰之蜂		203.917419	93.162956	0	300640	10000	-1	-1	1	0	-1	-1	-1	-1	-1	-1	35	0	
168	169	6921	-1	21	幽蛰之蜂		204.173431	94.228363	0	300640	10000	-1	-1	1	0	-1	-1	-1	-1	-1	-1	35	0	
169	170	6921	-1	21	幽蛰之蜂		204.223877	94.611099	0	300640	10000	-1	-1	1	0	-1	-1	-1	-1	-1	-1	35	0	
170	171	6921	-1	21	幽蛰之蜂		205.32695	94.471848	0	300640	10000	-1	-1	1	0	-1	-1	-1	-1	-1	-1	35	0	
171	172	6921	-1	21	幽蛰之蜂		204.812332	93.183739	0	300640	10000	-1	-1	1	0	-1	-1	-1	-1	-1	-1	35	0	
172	173	6921	-1	21	幽蛰之蜂		204.828461	93.044312	0	300640	10000	-1	-1	1	0	-1	-1	-1	-1	-1	-1	35	0	
173	174	6921	-1	21	幽蛰之蜂		205.196426	92.716492	0	300640	10000	-1	-1	1	0	-1	-1	-1	-1	-1	-1	35	0	
174	175	6921	-1	21	幽蛰之蜂		205.315125	94.988152	0	300640	10000	-1	-1	1	0	-1	-1	-1	-1	-1	-1	35	0	
175	176	6921	-1	21	幽蛰之蜂		206.022034	94.60939	0	300640	10000	-1	-1	1	0	-1	-1	-1	-1	-1	-1	35	0	
176	177	6921	-1	21	幽蛰之蜂		114.941063	112.109741	0	300640	10000	-1	-1	1	0	-1	-1	-1	-1	-1	-1	35	0	
177	178	6921	-1	21	幽蛰之蜂		113.747269	109.929306	0	300640	10000	-1	-1	1	0	-1	-1	-1	-1	-1	-1	35	0	
178	179	6921	-1	21	幽蛰之蜂		114.393448	112.633331	0	300640	10000	-1	-1	1	0	-1	-1	-1	-1	-1	-1	35	0	
179	180	6921	-1	21	幽蛰之蜂		114.655151	111.629616	0	300640	10000	-1	-1	1	0	-1	-1	-1	-1	-1	-1	35	0	
180	181	6921	-1	21	幽蛰之蜂		113.007744	110.466698	0	300640	10000	-1	-1	1	0	-1	-1	-1	-1	-1	-1	35	0	
181	182	6921	-1	21	幽蛰之蜂		112.999664	112.167763	0	300640	10000	-1	-1	1	0	-1	-1	-1	-1	-1	-1	35	0	
182	183	6921	-1	21	幽蛰之蜂		112.976616	112.394447	0	300640	10000	-1	-1	1	0	-1	-1	-1	-1	-1	-1	35	0	
183	184	6921	-1	21	幽蛰之蜂		115.303825	113.575317	0	300640	10000	-1	-1	1	0	-1	-1	-1	-1	-1	-1	35	0	
184	185	6921	-1	21	幽蛰之蜂		115.26487	111.002983	0	300640	10000	-1	-1	1	0	-1	-1	-1	-1	-1	-1	35	0	
185	186	6921	-1	21	幽蛰之蜂		148.583221	112.769142	0	300640	10000	-1	-1	1	0	-1	-1	-1	-1	-1	-1	35	0	
186	187	6921	-1	21	幽蛰之蜂		147.798126	113.268631	0	300640	10000	-1	-1	1	0	-1	-1	-1	-1	-1	-1	35	0	
187	188	6921	-1	21	幽蛰之蜂		146.581039	112.084229	0	300640	10000	-1	-1	1	0	-1	-1	-1	-1	-1	-1	35	0	
188	189	6921	-1	21	幽蛰之蜂		147.621445	112.062607	0	300640	10000	-1	-1	1	0	-1	-1	-1	-1	-1	-1	35	0	
189	190	6921	-1	21	幽蛰之蜂		145.819656	114.527069	0	300640	10000	-1	-1	1	0	-1	-1	-1	-1	-1	-1	35	0	
190	191	6921	-1	21	幽蛰之蜂		146.382324	114.288681	0	300640	10000	-1	-1	1	0	-1	-1	-1	-1	-1	-1	35	0	
191	192	6921	-1	21	幽蛰之蜂		146.496811	111.4571	0	300640	10000	-1	-1	1	0	-1	-1	-1	-1	-1	-1	35	0	
192	193	6921	-1	21	幽蛰之蜂		148.351654	113.146576	0	300640	10000	-1	-1	1	0	-1	-1	-1	-1	-1	-1	35	0	
193	194	6921	-1	21	幽蛰之蜂		72.102928	111.541557	0	300640	10000	-1	-1	1	0	-1	-1	-1	-1	-1	-1	35	0	
194	195	6921	-1	21	幽蛰之蜂		72.102928	111.541557	0	300640	10000	-1	-1	1	0	-1	-1	-1	-1	-1	-1	35	0	
195	196	6921	-1	21	幽蛰之蜂		72.102928	111.541557	0	300640	10000	-1	-1	1	0	-1	-1	-1	-1	-1	-1	35	0	
196	197	6921	-1	21	幽蛰之蜂		90.510704	127.432793	0	300640	10000	-1	-1	1	0	-1	-1	-1	-1	-1	-1	35	0	
197	198	6921	-1	21	幽蛰之蜂		90.483437	126.60183	0	300640	10000	-1	-1	1	0	-1	-1	-1	-1	-1	-1	35	0	
198	199	6921	-1	21	幽蛰之蜂		89.555855	126.857071	0	300640	10000	-1	-1	1	0	-1	-1	-1	-1	-1	-1	35	0	
199	200	6921	-1	21	幽蛰之蜂		90.575554	127.360245	0	300640	10000	-1	-1	1	0	-1	-1	-1	-1	-1	-1	35	0	
200	201	6921	-1	21	幽蛰之蜂		91.274261	126.213829	0	300640	10000	-1	-1	1	0	-1	-1	-1	-1	-1	-1	35	0	
201	202	6921	-1	21	幽蛰之蜂		89.406609	126.447876	0	300640	10000	-1	-1	1	0	-1	-1	-1	-1	-1	-1	35	0	
202	203	6921	-1	21	幽蛰之蜂		91.177582	127.399498	0	300640	10000	-1	-1	1	0	-1	-1	-1	-1	-1	-1	35	0	
203	204	6921	-1	21	幽蛰之蜂		90.483437	126.60183	0	300640	10000	-1	-1	1	0	-1	-1	-1	-1	-1	-1	35	0	
204	205	6921	-1	21	幽蛰之蜂		90.146736	128.486755	0	300640	10000	-1	-1	1	0	-1	-1	-1	-1	-1	-1	35	0	
205	206	6921	-1	21	幽蛰之蜂		89.458542	126.027046	0	300640	10000	-1	-1	1	0	-1	-1	-1	-1	-1	-1	35	0	
206	207	6921	-1	21	幽蛰之蜂		68.184128	138.842102	0	300640	10000	-1	-1	1	0	-1	-1	-1	-1	-1	-1	35	0	
207	208	6921	-1	21	幽蛰之蜂		67.880119	139.869339	0	300640	10000	-1	-1	1	0	-1	-1	-1	-1	-1	-1	35	0	
208	209	6921	-1	21	幽蛰之蜂		68.842346	139.550934	0	300640	10000	-1	-1	1	0	-1	-1	-1	-1	-1	-1	35	0	
209	210	6921	-1	21	幽蛰之蜂		69.554642	142.4543	0	300640	10000	-1	-1	1	0	-1	-1	-1	-1	-1	-1	35	0	
210	211	6921	-1	21	幽蛰之蜂		88.157066	157.26651	0	300640	10000	-1	-1	1	0	-1	-1	-1	-1	-1	-1	35	0	
211	212	6921	-1	21	幽蛰之蜂		87.075615	156.417908	0	300640	10000	-1	-1	1	0	-1	-1	-1	-1	-1	-1	35	0	
212	213	6921	-1	21	幽蛰之蜂		88.475128	157.185852	0	300640	10000	-1	-1	1	0	-1	-1	-1	-1	-1	-1	35	0	
213	214	6921	-1	21	幽蛰之蜂		88.319427	154.080704	0	300640	10000	-1	-1	1	0	-1	-1	-1	-1	-1	-1	35	0	
214	215	6921	-1	21	幽蛰之蜂		87.045959	154.171249	0	300640	10000	-1	-1	1	0	-1	-1	-1	-1	-1	-1	35	0	
215	216	6921	-1	21	幽蛰之蜂		86.876846	154.760437	0	300640	10000	-1	-1	1	0	-1	-1	-1	-1	-1	-1	35	0	
216	217	6921	-1	21	幽蛰之蜂		86.541168	155.933563	0	300640	10000	-1	-1	1	0	-1	-1	-1	-1	-1	-1	35	0	
217	218	6921	-1	21	幽蛰之蜂		88.796455	157.169815	0	300640	10000	-1	-1	1	0	-1	-1	-1	-1	-1	-1	35	0	
218	219	6921	-1	21	幽蛰之蜂		85.302223	155.547928	0	300640	10000	-1	-1	1	0	-1	-1	-1	-1	-1	-1	35	0	
219	220	6921	-1	21	幽蛰之蜂		86.33139	155.559677	0	300640	10000	-1	-1	1	0	-1	-1	-1	-1	-1	-1	35	0	
220	221	6920	-1	21	幽黑之蛛		111.137367	148.08345	0	300640	10000	-1	-1	1	0	-1	-1	-1	-1	-1	-1	30	0	
221	222	6920	-1	21	幽黑之蛛		111.390953	146.901047	0	300640	10000	-1	-1	1	0	-1	-1	-1	-1	-1	-1	30	0	
222	223	6920	-1	21	幽黑之蛛		111.157875	147.700073	0	300640	10000	-1	-1	1	0	-1	-1	-1	-1	-1	-1	30	0	
223	224	6920	-1	21	幽黑之蛛		135.942703	148.570862	0	300640	10000	-1	-1	1	0	-1	-1	-1	-1	-1	-1	30	0	
224	225	6920	-1	21	幽黑之蛛		135.942703	148.570862	0	300640	10000	-1	-1	1	0	-1	-1	-1	-1	-1	-1	30	0	
225	226	6920	-1	21	幽黑之蛛		135.942703	148.570862	0	300640	10000	-1	-1	1	0	-1	-1	-1	-1	-1	-1	30	0	
226	227	6920	-1	21	幽黑之蛛		135.942703	148.570862	0	300640	10000	-1	-1	1	0	-1	-1	-1	-1	-1	-1	30	0	
227	228	6920	-1	21	幽黑之蛛		195.80368	179.778168	0	300640	10000	-1	-1	1	0	-1	-1	-1	-1	-1	-1	30	0	
228	229	6920	-1	21	幽黑之蛛		196.381226	179.349594	0	300640	10000	-1	-1	1	0	-1	-1	-1	-1	-1	-1	30	0	
229	230	6920	-1	21	幽黑之蛛		195.513565	180.650879	0	300640	10000	-1	-1	1	0	-1	-1	-1	-1	-1	-1	30	0	
230	231	6920	-1	21	幽黑之蛛		196.217743	177.759583	0	300640	10000	-1	-1	1	0	-1	-1	-1	-1	-1	-1	30	0	
231	232	6920	-1	21	幽黑之蛛		195.762115	180.594086	0	300640	10000	-1	-1	1	0	-1	-1	-1	-1	-1	-1	30	0	
232	233	6920	-1	21	幽黑之蛛		194.890518	176.961472	0	300640	10000	-1	-1	1	0	-1	-1	-1	-1	-1	-1	30	0	
233	234	6920	-1	21	幽黑之蛛		195.871918	153.305435	0	300640	10000	-1	-1	1	0	-1	-1	-1	-1	-1	-1	30	0	
234	235	6920	-1	21	幽黑之蛛		195.45462	153.908386	0	300640	10000	-1	-1	1	0	-1	-1	-1	-1	-1	-1	30	0	
235	236	6920	-1	21	幽黑之蛛		194.135544	152.3759	0	300640	10000	-1	-1	1	0	-1	-1	-1	-1	-1	-1	30	0	
236	237	6920	-1	21	幽黑之蛛		196.330902	152.015335	0	300640	10000	-1	-1	1	0	-1	-1	-1	-1	-1	-1	30	0	
237	238	6920	-1	21	幽黑之蛛		195.096069	153.49173	0	300640	10000	-1	-1	1	0	-1	-1	-1	-1	-1	-1	30	0	
238	239	6920	-1	21	幽黑之蛛		195.879608	153.168533	0	300640	10000	-1	-1	1	0	-1	-1	-1	-1	-1	-1	30	0	
239	240	6920	-1	21	幽黑之蛛		168.169205	168.55043	0	300640	10000	-1	-1	1	0	-1	-1	-1	-1	-1	-1	30	0	
240	241	6920	-1	21	幽黑之蛛		165.465805	167.036545	0	300640	10000	-1	-1	1	0	-1	-1	-1	-1	-1	-1	30	0	
241	242	6920	-1	21	幽黑之蛛		169.327438	166.174438	0	300640	10000	-1	-1	1	0	-1	-1	-1	-1	-1	-1	30	0	
242	243	6920	-1	21	幽黑之蛛		168.946899	167.875824	0	300640	10000	-1	-1	1	0	-1	-1	-1	-1	-1	-1	30	0	
243	244	6920	-1	21	幽黑之蛛		168.289795	166.595795	0	300640	10000	-1	-1	1	0	-1	-1	-1	-1	-1	-1	30	0	
244	245	6920	-1	21	幽黑之蛛		166.117706	164.757355	0	300640	10000	-1	-1	1	0	-1	-1	-1	-1	-1	-1	30	0	
245	246	6920	-1	21	幽黑之蛛		166.856689	164.581635	0	300640	10000	-1	-1	1	0	-1	-1	-1	-1	-1	-1	30	0	
246	247	6920	-1	21	幽黑之蛛		166.774933	165.732605	0	300640	10000	-1	-1	1	0	-1	-1	-1	-1	-1	-1	30	0	
247	248	6920	-1	21	幽黑之蛛		167.893143	167.662476	0	300640	10000	-1	-1	1	0	-1	-1	-1	-1	-1	-1	30	0	
248	249	6920	-1	21	幽黑之蛛		168.596008	168.434326	0	300640	10000	-1	-1	1	0	-1	-1	-1	-1	-1	-1	30	0	
249	250	6920	-1	21	幽黑之蛛		167.250275	165.167572	0	300640	10000	-1	-1	1	0	-1	-1	-1	-1	-1	-1	30	0	
250	251	6920	-1	21	幽黑之蛛		167.059158	166.757141	0	300640	10000	-1	-1	1	0	-1	-1	-1	-1	-1	-1	30	0	
251	252	6920	-1	21	幽黑之蛛		172.915314	145.068298	0	300640	10000	-1	-1	1	0	-1	-1	-1	-1	-1	-1	30	0	
252	253	6920	-1	21	幽黑之蛛		174.523392	147.251923	0	300640	10000	-1	-1	1	0	-1	-1	-1	-1	-1	-1	30	0	
253	254	6920	-1	21	幽黑之蛛		173.933472	147.096207	0	300640	10000	-1	-1	1	0	-1	-1	-1	-1	-1	-1	30	0	
254	255	6920	-1	21	幽黑之蛛		174.253647	146.605087	0	300640	10000	-1	-1	1	0	-1	-1	-1	-1	-1	-1	30	0	
255	256	6920	-1	21	幽黑之蛛		173.295166	148.075134	0	300640	10000	-1	-1	1	0	-1	-1	-1	-1	-1	-1	30	0	
256	257	6920	-1	21	幽黑之蛛		172.734528	145.996964	0	300640	10000	-1	-1	1	0	-1	-1	-1	-1	-1	-1	30	0	
257	258	6920	-1	21	幽黑之蛛		173.256866	145.794556	0	300640	10000	-1	-1	1	0	-1	-1	-1	-1	-1	-1	30	0	
258	259	6920	-1	21	幽黑之蛛		174.366058	145.246689	0	300640	10000	-1	-1	1	0	-1	-1	-1	-1	-1	-1	30	0	
259	260	6920	-1	21	幽黑之蛛		174.112366	145.885712	0	300640	10000	-1	-1	1	0	-1	-1	-1	-1	-1	-1	30	0	
260	261	6920	-1	21	幽黑之蛛		172.803635	146.142258	0	300640	10000	-1	-1	1	0	-1	-1	-1	-1	-1	-1	30	0	
261	262	6920	-1	21	幽黑之蛛		173.957169	144.298904	0	300640	10000	-1	-1	1	0	-1	-1	-1	-1	-1	-1	30	0	
262	263	6920	-1	21	幽黑之蛛		175.523727	191.461761	0	300640	10000	-1	-1	1	0	-1	-1	-1	-1	-1	-1	30	0	
263	264	6920	-1	21	幽黑之蛛		177.228622	191.440353	0	300640	10000	-1	-1	1	0	-1	-1	-1	-1	-1	-1	30	0	
264	265	6920	-1	21	幽黑之蛛		177.820038	193.110199	0	300640	10000	-1	-1	1	0	-1	-1	-1	-1	-1	-1	30	0	
265	266	6920	-1	21	幽黑之蛛		177.900925	191.332611	0	300640	10000	-1	-1	1	0	-1	-1	-1	-1	-1	-1	30	0	
266	267	6920	-1	21	幽黑之蛛		176.986298	191.249344	0	300640	10000	-1	-1	1	0	-1	-1	-1	-1	-1	-1	30	0	
267	268	6920	-1	21	幽黑之蛛		175.098618	190.648117	0	300640	10000	-1	-1	1	0	-1	-1	-1	-1	-1	-1	30	0	
268	269	6920	-1	21	幽黑之蛛		178.380661	191.95961	0	300640	10000	-1	-1	1	0	-1	-1	-1	-1	-1	-1	30	0	
269	270	6920	-1	21	幽黑之蛛		177.521591	192.674484	0	300640	10000	-1	-1	1	0	-1	-1	-1	-1	-1	-1	30	0	
270	271	6920	-1	21	幽黑之蛛		177.886887	192.561569	0	300640	10000	-1	-1	1	0	-1	-1	-1	-1	-1	-1	30	0	
271	272	6920	-1	21	幽黑之蛛		178.732574	192.886566	0	300640	10000	-1	-1	1	0	-1	-1	-1	-1	-1	-1	30	0	
272	273	6920	-1	21	幽黑之蛛		176.749725	190.314957	0	300640	10000	-1	-1	1	0	-1	-1	-1	-1	-1	-1	30	0	
273	274	6920	-1	21	幽黑之蛛		128.468384	179.109329	0	300640	10000	-1	-1	1	0	-1	-1	-1	-1	-1	-1	30	0	
274	275	6920	-1	21	幽黑之蛛		127.630234	177.782211	0	300640	10000	-1	-1	1	0	-1	-1	-1	-1	-1	-1	30	0	
275	276	6920	-1	21	幽黑之蛛		132.029968	178.01004	0	300640	10000	-1	-1	1	0	-1	-1	-1	-1	-1	-1	30	0	
276	277	6920	-1	21	幽黑之蛛		132.436508	178.207184	0	300640	10000	-1	-1	1	0	-1	-1	-1	-1	-1	-1	30	0	
277	278	6920	-1	21	幽黑之蛛		130.064835	176.709427	0	300640	10000	-1	-1	1	0	-1	-1	-1	-1	-1	-1	30	0	
278	279	6920	-1	21	幽黑之蛛		144.477341	200.623917	0	300640	10000	-1	-1	1	0	-1	-1	-1	-1	-1	-1	30	0	
279	280	6920	-1	21	幽黑之蛛		144.375198	200.247711	0	300640	10000	-1	-1	1	0	-1	-1	-1	-1	-1	-1	30	0	
280	281	6920	-1	21	幽黑之蛛		141.914261	200.916214	0	300640	10000	-1	-1	1	0	-1	-1	-1	-1	-1	-1	30	0	
281	282	6920	-1	21	幽黑之蛛		141.845093	199.827499	0	300640	10000	-1	-1	1	0	-1	-1	-1	-1	-1	-1	30	0	
282	283	6920	-1	21	幽黑之蛛		145.253311	198.80571	0	300640	10000	-1	-1	1	0	-1	-1	-1	-1	-1	-1	30	0	
283	284	6920	-1	21	幽黑之蛛		143.467804	197.562531	0	300640	10000	-1	-1	1	0	-1	-1	-1	-1	-1	-1	30	0	
284	285	6920	-1	21	幽黑之蛛		141.983765	197.214157	0	300640	10000	-1	-1	1	0	-1	-1	-1	-1	-1	-1	30	0	
285	286	6920	-1	21	幽黑之蛛		141.72435	198.549347	0	300640	10000	-1	-1	1	0	-1	-1	-1	-1	-1	-1	30	0	
286	287	6920	-1	21	幽黑之蛛		143.215637	199.32399	0	300640	10000	-1	-1	1	0	-1	-1	-1	-1	-1	-1	30	0	
287	288	6920	-1	21	幽黑之蛛		143.17157	198.729004	0	300640	10000	-1	-1	1	0	-1	-1	-1	-1	-1	-1	30	0	
288	289	6920	-1	21	幽黑之蛛		115.035316	198.995758	0	300640	10000	-1	-1	1	0	-1	-1	-1	-1	-1	-1	30	0	
289	290	6920	-1	21	幽黑之蛛		115.714714	199.587753	0	300640	10000	-1	-1	1	0	-1	-1	-1	-1	-1	-1	30	0	
290	291	6920	-1	21	幽黑之蛛		117.672462	198.709137	0	300640	10000	-1	-1	1	0	-1	-1	-1	-1	-1	-1	30	0	
291	292	6920	-1	21	幽黑之蛛		117.724442	199.001114	0	300640	10000	-1	-1	1	0	-1	-1	-1	-1	-1	-1	30	0	
292	293	6920	-1	21	幽黑之蛛		117.243301	200.36908	0	300640	10000	-1	-1	1	0	-1	-1	-1	-1	-1	-1	30	0	
293	294	6920	-1	21	幽黑之蛛		115.944473	199.478394	0	300640	10000	-1	-1	1	0	-1	-1	-1	-1	-1	-1	30	0	
294	295	6920	-1	21	幽黑之蛛		116.021614	197.914871	0	300640	10000	-1	-1	1	0	-1	-1	-1	-1	-1	-1	30	0	
295	296	6920	-1	21	幽黑之蛛		114.809189	198.702103	0	300640	10000	-1	-1	1	0	-1	-1	-1	-1	-1	-1	30	0	
296	297	6920	-1	21	幽黑之蛛		115.031952	199.340454	0	300640	10000	-1	-1	1	0	-1	-1	-1	-1	-1	-1	30	0	
297	298	6920	-1	21	幽黑之蛛		115.491577	199.121292	0	300640	10000	-1	-1	1	0	-1	-1	-1	-1	-1	-1	30	0	
298	299	6920	-1	21	幽黑之蛛		114.293152	198.804077	0	300640	10000	-1	-1	1	0	-1	-1	-1	-1	-1	-1	30	0	
299	300	6920	-1	21	幽黑之蛛		104.397949	178.180984	0	300640	10000	-1	-1	1	0	-1	-1	-1	-1	-1	-1	30	0	
300	301	6920	-1	21	幽黑之蛛		105.520996	176.611603	0	300640	10000	-1	-1	1	0	-1	-1	-1	-1	-1	-1	30	0	
301	302	6920	-1	21	幽黑之蛛		103.88662	176.598068	0	300640	10000	-1	-1	1	0	-1	-1	-1	-1	-1	-1	30	0	
302	303	6921	-1	21	幽蛰之蜂		79.418503	86.211349	0	300640	10000	-1	-1	1	0	-1	-1	-1	-1	-1	-1	35	0	
303	304	6921	-1	21	幽蛰之蜂		80.225876	86.545418	0	300640	10000	-1	-1	1	0	-1	-1	-1	-1	-1	-1	35	0	
304	305	6921	-1	21	幽蛰之蜂		82.150146	86.081451	0	300640	10000	-1	-1	1	0	-1	-1	-1	-1	-1	-1	35	0	
305	306	6921	-1	21	幽蛰之蜂		81.55069	86.51841	0	300640	10000	-1	-1	1	0	-1	-1	-1	-1	-1	-1	35	0	
306	307	6921	-1	21	幽蛰之蜂		80.459503	86.839325	0	300640	10000	-1	-1	1	0	-1	-1	-1	-1	-1	-1	35	0	
307	308	6921	-1	21	幽蛰之蜂		79.161407	87.297691	0	300640	10000	-1	-1	1	0	-1	-1	-1	-1	-1	-1	35	0	
308	309	6921	-1	21	幽蛰之蜂		79.939255	86.653954	0	300640	10000	-1	-1	1	0	-1	-1	-1	-1	-1	-1	35	0	
309	310	6921	-1	21	幽蛰之蜂		80.656403	88.178398	0	300640	10000	-1	-1	1	0	-1	-1	-1	-1	-1	-1	35	0	
310	311	6921	-1	21	幽蛰之蜂		80.656403	88.178398	0	300640	10000	-1	-1	1	0	-1	-1	-1	-1	-1	-1	35	0	
311	312	6921	-1	21	幽蛰之蜂		104.438354	82.688446	0	300640	10000	-1	-1	1	0	-1	-1	-1	-1	-1	-1	35	0	
312	313	6921	-1	21	幽蛰之蜂		105.206146	81.83622	0	300640	10000	-1	-1	1	0	-1	-1	-1	-1	-1	-1	35	0	
313	314	6921	-1	21	幽蛰之蜂		105.140862	81.187729	0	300640	10000	-1	-1	1	0	-1	-1	-1	-1	-1	-1	35	0	
314	315	6921	-1	21	幽蛰之蜂		104.438354	82.688446	0	300640	10000	-1	-1	1	0	-1	-1	-1	-1	-1	-1	35	0	
315	316	6921	-1	21	幽蛰之蜂		99.984215	36.826992	0	300640	10000	-1	-1	1	0	-1	-1	-1	-1	-1	-1	35	0	
316	317	6921	-1	21	幽蛰之蜂		99.880508	36.608799	0	300640	10000	-1	-1	1	0	-1	-1	-1	-1	-1	-1	35	0	
317	318	6921	-1	21	幽蛰之蜂		101.59494	37.586445	0	300640	10000	-1	-1	1	0	-1	-1	-1	-1	-1	-1	35	0	
318	319	6921	-1	21	幽蛰之蜂		101.084648	36.036659	0	300640	10000	-1	-1	1	0	-1	-1	-1	-1	-1	-1	35	0	
319	320	6921	-1	21	幽蛰之蜂		101.73774	38.006729	0	300640	10000	-1	-1	1	0	-1	-1	-1	-1	-1	-1	35	0	
320	321	6921	-1	21	幽蛰之蜂		102.767334	38.363506	0	300640	10000	-1	-1	1	0	-1	-1	-1	-1	-1	-1	35	0	
321	322	6921	-1	21	幽蛰之蜂		100.821724	39.880028	0	300640	10000	-1	-1	1	0	-1	-1	-1	-1	-1	-1	35	0	
322	323	6921	-1	21	幽蛰之蜂		100.398613	37.813908	0	300640	10000	-1	-1	1	0	-1	-1	-1	-1	-1	-1	35	0	
323	324	6921	-1	21	幽蛰之蜂		79.642853	38.13422	0	300640	10000	-1	-1	1	0	-1	-1	-1	-1	-1	-1	35	0	
324	325	6921	-1	21	幽蛰之蜂		81.196556	37.090256	0	300640	10000	-1	-1	1	0	-1	-1	-1	-1	-1	-1	35	0	
325	326	6921	-1	21	幽蛰之蜂		79.248863	36.334736	0	300640	10000	-1	-1	1	0	-1	-1	-1	-1	-1	-1	35	0	
326	327	6921	-1	21	幽蛰之蜂		78.413055	37.193485	0	300640	10000	-1	-1	1	0	-1	-1	-1	-1	-1	-1	35	0	
327	328	6921	-1	21	幽蛰之蜂		78.501663	36.091854	0	300640	10000	-1	-1	1	0	-1	-1	-1	-1	-1	-1	35	0	
328	329	6921	-1	21	幽蛰之蜂		81.461548	35.607716	0	300640	10000	-1	-1	1	0	-1	-1	-1	-1	-1	-1	35	0	
329	330	6921	-1	21	幽蛰之蜂		80.339676	35.240467	0	300640	10000	-1	-1	1	0	-1	-1	-1	-1	-1	-1	35	0	
330	333	9778	129716	20	屠城战传送石	屠城战王城[矿洞]传送石	65	164.5	0	-1	1000	-1	-1	3	0	-1	-1	-1	-1	-1	-1	350	0	
331	334	9778	129718	20	屠城战传送石	屠城战王城[牧场]传送石	198	166	18	-1	1000	-1	-1	3	0	-1	-1	-1	-1	-1	-1	350	0	
332	336	6920	-1	21	幽黑之蛛		114.419426	185.862518	0	300640	10000	-1	-1	1	0	-1	-1	-1	-1	-1	-1	30	0	
333	337	6920	-1	21	幽黑之蛛		181.324402	166.391006	0	300640	10000	-1	-1	1	0	-1	-1	-1	-1	-1	-1	30	0	
334	338	6920	-1	21	幽黑之蛛		136.368347	184.715134	0	300640	10000	-1	-1	1	0	-1	-1	-1	-1	-1	-1	30	0	
335	336	6920	-1	21	幽黑之蛛		115.208115	187.165573	0	300640	10000	-1	-1	1	0	-1	-1	-1	-1	-1	-1	30	0	
336	337	6920	-1	21	幽黑之蛛		183.425949	165.314316	0	300640	10000	-1	-1	1	0	-1	-1	-1	-1	-1	-1	30	0	
337	338	6920	-1	21	幽黑之蛛		137.198227	186.692688	0	300640	10000	-1	-1	1	0	-1	-1	-1	-1	-1	-1	30	0	
338	336	6920	-1	21	幽黑之蛛		112.595428	185.870636	0	300640	10000	-1	-1	1	0	-1	-1	-1	-1	-1	-1	30	0	
339	337	6920	-1	21	幽黑之蛛		183.133102	162.110901	0	300640	10000	-1	-1	1	0	-1	-1	-1	-1	-1	-1	30	0	
340	338	6920	-1	21	幽黑之蛛		136.819061	187.87674	0	300640	10000	-1	-1	1	0	-1	-1	-1	-1	-1	-1	30	0	
341	336	6920	-1	21	幽黑之蛛		110.162643	186.686707	0	300640	10000	-1	-1	1	0	-1	-1	-1	-1	-1	-1	30	0	
342	337	6920	-1	21	幽黑之蛛		181.561829	161.583252	0	300640	10000	-1	-1	1	0	-1	-1	-1	-1	-1	-1	30	0	
343	338	6920	-1	21	幽黑之蛛		134.843185	189.200882	0	300640	10000	-1	-1	1	0	-1	-1	-1	-1	-1	-1	30	0	
344	336	6920	-1	21	幽黑之蛛		110.820351	188.385239	0	300640	10000	-1	-1	1	0	-1	-1	-1	-1	-1	-1	30	0	
345	337	6920	-1	21	幽黑之蛛		179.772278	161.737198	0	300640	10000	-1	-1	1	0	-1	-1	-1	-1	-1	-1	30	0	
346	338	6920	-1	21	幽黑之蛛		134.473618	185.796387	0	300640	10000	-1	-1	1	0	-1	-1	-1	-1	-1	-1	30	0	
347	336	6920	-1	21	幽黑之蛛		113.116997	189.016174	0	300640	10000	-1	-1	1	0	-1	-1	-1	-1	-1	-1	30	0	
348	337	6920	-1	21	幽黑之蛛		179.844482	167.059296	0	300640	10000	-1	-1	1	0	-1	-1	-1	-1	-1	-1	30	0	
349	338	6920	-1	21	幽黑之蛛		132.483124	185.946915	0	300640	10000	-1	-1	1	0	-1	-1	-1	-1	-1	-1	30	0	
350	336	6920	-1	21	幽黑之蛛		115.602127	188.993332	0	300640	10000	-1	-1	1	0	-1	-1	-1	-1	-1	-1	30	0	
351	337	6920	-1	21	幽黑之蛛		182.826538	163.58786	0	300640	10000	-1	-1	1	0	-1	-1	-1	-1	-1	-1	30	0	
352	338	6920	-1	21	幽黑之蛛		131.946106	187.790756	0	300640	10000	-1	-1	1	0	-1	-1	-1	-1	-1	-1	30	0	
353	336	6920	-1	21	幽黑之蛛		113.354668	188.88504	0	300640	10000	-1	-1	1	0	-1	-1	-1	-1	-1	-1	30	0	
354	337	6920	-1	21	幽黑之蛛		180.917282	163.740219	0	300640	10000	-1	-1	1	0	-1	-1	-1	-1	-1	-1	30	0	
355	338	6920	-1	21	幽黑之蛛		133.275314	189.604233	0	300640	10000	-1	-1	1	0	-1	-1	-1	-1	-1	-1	30	0	
356	336	6920	-1	21	幽黑之蛛		112.925804	186.793625	0	300640	10000	-1	-1	1	0	-1	-1	-1	-1	-1	-1	30	0	
357	337	6920	-1	21	幽黑之蛛		179.470673	163.083191	0	300640	10000	-1	-1	1	0	-1	-1	-1	-1	-1	-1	30	0	
358	338	6920	-1	21	幽黑之蛛		135.309357	186.580124	0	300640	10000	-1	-1	1	0	-1	-1	-1	-1	-1	-1	30	0	
359	336	6920	-1	21	幽黑之蛛		112.941963	187.818848	0	300640	10000	-1	-1	1	0	-1	-1	-1	-1	-1	-1	30	0	
360	337	6920	-1	21	幽黑之蛛		179.944077	164.552429	0	300640	10000	-1	-1	1	0	-1	-1	-1	-1	-1	-1	30	0	
361	338	6920	-1	21	幽黑之蛛		133.977676	186.986465	0	300640	10000	-1	-1	1	0	-1	-1	-1	-1	-1	-1	30	0	
362	7336799	4295	101658	-1	组队指引人		80	204	9	-1	1000	-1	-1	3	0	-1	-1	-1	-1	-1	-1	100	0	
363	7336799	2601	101158	-1	迷宫一层	迷宫传送人	79	182	27	-1	1000	-1	-1	3	0	-1	-1	-1	-1	-1	-1	100	0	
