NUM	NUM	NUM	NUM	NUM	TEXT	TEXT	FLOAT	FLOAT	NUM	NUM	NUM	NUM	NUM	NUM	NUM	NUM	NUM	NUM	NUM	NUM	NUM	NUM	NUM
index	guid	type	obj_id	camp_id	name	title	pos_x	pos_z	dir	script_id	respawn_time	group_id	team_id	base_ai	ai_file	patrol_id	shop0	shop1	shop2	shop3	ReputationID	level	viewgroup
0	1	10437	401200	18	昆仑物资官		129.264481	435.055481	33	0	10000	-1	-1	3	0	-1	-1	-1	-1	-1	-1	100	0	
1	2	10438	401201	16	楼兰物资官		438.30307	313.722198	24	0	10000	-1	-1	3	0	-1	-1	-1	-1	-1	-1	100	0	
2	3	10439	401202	17	天山物资官		255.875015	460.015167	5	0	10000	-1	-1	3	0	-1	-1	-1	-1	-1	-1	100	0	
3	4	10440	401203	19	敦煌物资官		420.733124	434.31369	26	0	10000	-1	-1	3	0	-1	-1	-1	-1	-1	-1	100	0	
4	5	10441	401204	20	阿赫里	沙城军需官	232	276	27	0	10000	-1	-1	3	0	-1	-1	-1	-1	-1	-1	100	0	
5	6	10445	401208	20	王城密探		225	148	9	0	10000	-1	-1	3	0	-1	-1	-1	-1	-1	-1	100	0	
6	7	2604	401209	17	天山传送	沙城传送人 	241.030655	464.203613	15	0	10000	-1	-1	3	0	-1	-1	-1	-1	-1	-1	100	0	
7	8	9778	401210	20	沙城召集石		109	421	35	0	10000	-1	-1	3	0	-1	-1	-1	-1	-1	-1	100	0	
8	9	9778	401211	20	沙城召集石		247	453	32	0	10000	-1	-1	3	0	-1	-1	-1	-1	-1	-1	100	0	
9	10	9778	401212	20	沙城召集石		415	442	8	0	10000	-1	-1	3	0	-1	-1	-1	-1	-1	-1	100	0	
10	11	9778	401213	20	沙城召集石		437	283	30	0	10000	-1	-1	3	0	-1	-1	-1	-1	-1	-1	100	0	
11	12	9778	401214	20	沙城召集石		134	330	0	0	10000	-1	-1	3	0	-1	-1	-1	-1	-1	-1	100	0	
12	13	9778	401215	20	沙城召集石		341	403	28	0	10000	-1	-1	3	0	-1	-1	-1	-1	-1	-1	100	0	
13	14	9778	401216	20	沙城召集石		203	196	28	0	10000	-1	-1	3	0	-1	-1	-1	-1	-1	-1	100	0	
14	15	9778	401217	20	沙城召集石		307	196	28	0	10000	-1	-1	3	0	-1	-1	-1	-1	-1	-1	100	0	
15	16	9778	401218	20	沙城召集石		202	63	28	0	10000	-1	-1	3	0	-1	-1	-1	-1	-1	-1	100	0	
16	17	9778	401219	20	沙城召集石		306	63	28	0	10000	-1	-1	3	0	-1	-1	-1	-1	-1	-1	100	0	
17	18	4214	401220	20	荣耀	皇帝管理员	265.159241	71.878555	19	0	10000	-1	-1	3	0	-1	-1	-1	-1	-1	-1	100	0	
18	19	4206	401221	20	都麦	杂货商人	120.665802	401.146088	28	0	10000	-1	-1	3	0	-1	-1	-1	-1	-1	-1	100	0	
19	20	1319	401222	20	齐成乐	骑乘恢复商人	127.988625	401.069	26	0	10000	-1	-1	3	0	-1	-1	-1	-1	-1	-1	100	0	
20	21	4206	401223	20	杂和	杂货商人	229.001114	466.695496	6	0	10000	-1	-1	3	0	-1	-1	-1	-1	-1	-1	100	0	
21	22	1319	401224	20	玛麾弗	骑乘恢复商人	214.401382	462.319214	6	0	10000	-1	-1	3	0	-1	-1	-1	-1	-1	-1	100	0	
22	23	4206	401225	20	全都佑	杂货商人	414.095703	407.567078	27	0	10000	-1	-1	3	0	-1	-1	-1	-1	-1	-1	100	0	
23	24	1319	401226	20	季旭达	骑乘恢复商人	409.427643	410.196472	30	0	10000	-1	-1	3	0	-1	-1	-1	-1	-1	-1	100	0	
24	25	4206	401227	20	厥敦全	杂货商人	447.761963	312.856903	18	0	10000	-1	-1	3	0	-1	-1	-1	-1	-1	-1	100	0	
25	26	1319	401228	20	布酋任	骑乘恢复商人	447.648407	316.481323	19	0	10000	-1	-1	3	0	-1	-1	-1	-1	-1	-1	100	0	
26	27	4241	401229	20	任尼渲	杂货商人	187	114	9	0	10000	-1	-1	3	0	-1	-1	-1	-1	-1	-1	100	0	
27	28	1319	401230	20	马邦德	骑乘恢复商人	191	114	9	0	10000	-1	-1	3	0	-1	-1	-1	-1	-1	-1	100	0	
28	29	1320	401234	20	威武将军	威武之魂守卫召唤人	264	198	18	0	10000	-1	-1	3	0	-1	-1	-1	-1	-1	-1	100	0	
29	30	1320	401235	20	统御将军	统御之魂守卫召唤人	234	98.59906	27	0	10000	-1	-1	3	0	-1	-1	-1	-1	-1	-1	100	0	
30	31	3	401236	-1	泉秀	战车修理大师	129	407	18	-1	1000	-1	-1	3	0	-1	-1	-1	-1	-1	-1	80	0	
31	32	3	401237	-1	休车	战车修理大师	208	461	6	-1	1000	-1	-1	3	0	-1	-1	-1	-1	-1	-1	80	0	
32	33	3	401238	-1	车至强	战车修理大师	406	413	30	-1	1000	-1	-1	3	0	-1	-1	-1	-1	-1	-1	80	0	
33	34	3	401239	-1	都豪	战车修理大师	447	320	18	-1	1000	-1	-1	3	0	-1	-1	-1	-1	-1	-1	80	0	
34	35	3	401240	-1	万好	战车修理大师	195	114	9	-1	1000	-1	-1	3	0	-1	-1	-1	-1	-1	-1	80	0	
35	36	4241	401251	-1	羽可	杂货商人	323	114	9	-1	10000	-1	-1	3	0	-1	-1	-1	-1	-1	-1	100	0	
36	37	1319	401252	-1	休马	骑乘恢复商人	319	114	9	-1	10000	-1	-1	3	0	-1	-1	-1	-1	-1	-1	100	0	
37	38	3	401253	-1	夏一休	战车修理大师	315	114	9	-1	10000	-1	-1	3	0	-1	-1	-1	-1	-1	-1	80	0	
38	39	3951	401111	20	 	 	230	297	27	310122	3600000	-1	-1	3	0	-1	-1	-1	-1	-1	-1	100	0	
39	40	3952	401112	20	守卫塔		230	297	27	310122	3600000	-1	-1	25	500	-1	-1	-1	-1	-1	-1	100	0	
40	41	3951	401113	20	 	 	280	296	27	310122	3600000	-1	-1	3	0	-1	-1	-1	-1	-1	-1	100	0	
41	42	3952	401114	20	守卫塔		280	296	27	310122	3600000	-1	-1	25	500	-1	-1	-1	-1	-1	-1	100	0	
42	43	3951	401115	20	 	 	279	317	27	310122	3600000	-1	-1	3	0	-1	-1	-1	-1	-1	-1	100	0	
43	44	3952	401116	20	守卫塔		279	317	27	310122	3600000	-1	-1	25	500	-1	-1	-1	-1	-1	-1	100	0	
44	45	3951	401117	20	 	 	230	317	27	310122	3600000	-1	-1	3	0	-1	-1	-1	-1	-1	-1	100	0	
45	46	3952	401118	20	守卫塔		230	317	27	310122	3600000	-1	-1	25	500	-1	-1	-1	-1	-1	-1	100	0	
46	47	3958	401119	20	勇猛之魂	 	255	306	29	310122	3600000	-1	-1	25	0	-1	-1	-1	-1	-1	-1	100	0	
47	48	3973	401121	20	威武之魂	 	254.5	186.5	27	310122	3600000	-1	-1	25	0	-1	-1	-1	-1	-1	-1	100	0	
48	49	3986	401124	20	统御之魂		255	143	9	310122	3600000	-1	-1	25	0	-1	-1	-1	-1	-1	-1	100	0	
49	50	10446	-1	21	海都前锋军		145.569244	276.6698	0	300640	10000	-1	-1	1	0	-1	-1	-1	-1	-1	-1	60	0	
50	51	10446	-1	21	海都前锋军		142.856232	274.57785	0	300640	10000	-1	-1	1	0	-1	-1	-1	-1	-1	-1	60	0	
51	52	10446	-1	21	海都前锋军		146.635971	280.195129	0	300640	10000	-1	-1	1	0	-1	-1	-1	-1	-1	-1	60	0	
52	53	10446	-1	21	海都前锋军		144.0383	280.063629	0	300640	10000	-1	-1	1	0	-1	-1	-1	-1	-1	-1	60	0	
53	54	10446	-1	21	海都前锋军		148.079803	276.006592	0	300640	10000	-1	-1	1	0	-1	-1	-1	-1	-1	-1	60	0	
54	55	10446	-1	21	海都前锋军		147.025726	273.283142	0	300640	10000	-1	-1	1	0	-1	-1	-1	-1	-1	-1	60	0	
55	56	10446	-1	21	海都前锋军		129.361313	290.65683	0	300640	10000	-1	-1	1	0	-1	-1	-1	-1	-1	-1	60	0	
56	57	10446	-1	21	海都前锋军		135.471237	283.36322	0	300640	10000	-1	-1	1	0	-1	-1	-1	-1	-1	-1	60	0	
57	58	10446	-1	21	海都前锋军		131.867905	286.237823	0	300640	10000	-1	-1	1	0	-1	-1	-1	-1	-1	-1	60	0	
58	59	10446	-1	21	海都前锋军		134.006775	293.075073	0	300640	10000	-1	-1	1	0	-1	-1	-1	-1	-1	-1	60	0	
59	60	10446	-1	21	海都前锋军		130.579269	296.072357	0	300640	10000	-1	-1	1	0	-1	-1	-1	-1	-1	-1	60	0	
60	61	10446	-1	21	海都前锋军		126.918732	294.757538	0	300640	10000	-1	-1	1	0	-1	-1	-1	-1	-1	-1	60	0	
61	62	10446	-1	21	海都前锋军		133.531433	290.328796	0	300640	10000	-1	-1	1	0	-1	-1	-1	-1	-1	-1	60	0	
62	63	10446	-1	21	海都前锋军		113.165619	296.638489	0	300640	10000	-1	-1	1	0	-1	-1	-1	-1	-1	-1	60	0	
63	64	10446	-1	21	海都前锋军		114.33387	287.188385	0	300640	10000	-1	-1	1	0	-1	-1	-1	-1	-1	-1	60	0	
64	65	10446	-1	21	海都前锋军		118.991699	290.483887	0	300640	10000	-1	-1	1	0	-1	-1	-1	-1	-1	-1	60	0	
65	66	10446	-1	21	海都前锋军		118.253296	294.472534	0	300640	10000	-1	-1	1	0	-1	-1	-1	-1	-1	-1	60	0	
66	67	10446	-1	21	海都前锋军		113.847816	293.667999	0	300640	10000	-1	-1	1	0	-1	-1	-1	-1	-1	-1	60	0	
67	68	10446	-1	21	海都前锋军		110.063278	297.255859	0	300640	10000	-1	-1	1	0	-1	-1	-1	-1	-1	-1	60	0	
68	69	10446	-1	21	海都前锋军		110.324928	289.474457	0	300640	10000	-1	-1	1	0	-1	-1	-1	-1	-1	-1	60	0	
69	70	10446	-1	21	海都前锋军		107.828751	294.324646	0	300640	10000	-1	-1	1	0	-1	-1	-1	-1	-1	-1	60	0	
70	71	10446	-1	21	海都前锋军		115.783173	299.069855	0	300640	10000	-1	-1	1	0	-1	-1	-1	-1	-1	-1	60	0	
71	72	10446	-1	21	海都前锋军		131.666641	279.566528	0	300640	10000	-1	-1	1	0	-1	-1	-1	-1	-1	-1	60	0	
72	73	10446	-1	21	海都前锋军		122.193024	292.755005	0	300640	10000	-1	-1	1	0	-1	-1	-1	-1	-1	-1	60	0	
73	74	10446	-1	21	海都前锋军		118.921761	286.595642	0	300640	10000	-1	-1	1	0	-1	-1	-1	-1	-1	-1	60	0	
74	75	10446	-1	21	海都前锋军		125.263718	280.517517	0	300640	10000	-1	-1	1	0	-1	-1	-1	-1	-1	-1	60	0	
75	76	10446	-1	21	海都前锋军		127.907082	285.053131	0	300640	10000	-1	-1	1	0	-1	-1	-1	-1	-1	-1	60	0	
76	77	10446	-1	21	海都前锋军		131.802307	275.099884	0	300640	10000	-1	-1	1	0	-1	-1	-1	-1	-1	-1	60	0	
77	78	10446	-1	21	海都前锋军		119.345825	298.734406	0	300640	10000	-1	-1	1	0	-1	-1	-1	-1	-1	-1	60	0	
78	79	10446	-1	21	海都前锋军		111	293	0	300640	10000	-1	-1	1	0	-1	-1	-1	-1	-1	-1	60	0	
79	80	10447	-1	21	海都前锋游击		58	171	0	300640	10000	-1	-1	1	0	-1	-1	-1	-1	-1	-1	70	0	
80	81	10447	-1	21	海都前锋游击		58	168	0	300640	10000	-1	-1	1	0	-1	-1	-1	-1	-1	-1	70	0	
81	82	10447	-1	21	海都前锋游击		58	160	0	300640	10000	-1	-1	1	0	-1	-1	-1	-1	-1	-1	70	0	
82	83	10447	-1	21	海都前锋游击		62	160	0	300640	10000	-1	-1	1	0	-1	-1	-1	-1	-1	-1	70	0	
83	84	10447	-1	21	海都前锋游击		64	156	0	300640	10000	-1	-1	1	0	-1	-1	-1	-1	-1	-1	70	0	
84	85	10447	-1	21	海都前锋游击		67	156	0	300640	10000	-1	-1	1	0	-1	-1	-1	-1	-1	-1	70	0	
85	86	10447	-1	21	海都前锋游击		72	158	0	300640	10000	-1	-1	1	0	-1	-1	-1	-1	-1	-1	70	0	
86	87	10447	-1	21	海都前锋游击		71	161	0	300640	10000	-1	-1	1	0	-1	-1	-1	-1	-1	-1	70	0	
87	88	10447	-1	21	海都前锋游击		66	170	0	300640	10000	-1	-1	1	0	-1	-1	-1	-1	-1	-1	70	0	
88	89	10447	-1	21	海都前锋游击		71	163	0	300640	10000	-1	-1	1	0	-1	-1	-1	-1	-1	-1	70	0	
89	90	10447	-1	21	海都前锋游击		75	156	0	300640	10000	-1	-1	1	0	-1	-1	-1	-1	-1	-1	70	0	
90	91	10447	-1	21	海都前锋游击		79	159	0	300640	10000	-1	-1	1	0	-1	-1	-1	-1	-1	-1	70	0	
91	92	10447	-1	21	海都前锋游击		81	155	0	300640	10000	-1	-1	1	0	-1	-1	-1	-1	-1	-1	70	0	
92	93	10447	-1	21	海都前锋游击		84	161	0	300640	10000	-1	-1	1	0	-1	-1	-1	-1	-1	-1	70	0	
93	94	10447	-1	21	海都前锋游击		94	156	0	300640	10000	-1	-1	1	0	-1	-1	-1	-1	-1	-1	70	0	
94	95	10447	-1	21	海都前锋游击		97	150	0	300640	10000	-1	-1	1	0	-1	-1	-1	-1	-1	-1	70	0	
95	96	10447	-1	21	海都前锋游击		92	157	0	300640	10000	-1	-1	1	0	-1	-1	-1	-1	-1	-1	70	0	
96	97	10447	-1	21	海都前锋游击		99	169	0	300640	10000	-1	-1	1	0	-1	-1	-1	-1	-1	-1	70	0	
97	98	10447	-1	21	海都前锋游击		104	171	0	300640	10000	-1	-1	1	0	-1	-1	-1	-1	-1	-1	70	0	
98	99	10447	-1	21	海都前锋游击		101	166	0	300640	10000	-1	-1	1	0	-1	-1	-1	-1	-1	-1	70	0	
99	100	10447	-1	21	海都前锋游击		99	177	0	300640	10000	-1	-1	1	0	-1	-1	-1	-1	-1	-1	70	0	
100	101	10447	-1	21	海都前锋游击		104	175	0	300640	10000	-1	-1	1	0	-1	-1	-1	-1	-1	-1	70	0	
101	102	10447	-1	21	海都前锋游击		104	168	0	300640	10000	-1	-1	1	0	-1	-1	-1	-1	-1	-1	70	0	
102	103	10447	-1	21	海都前锋游击		109	173	0	300640	10000	-1	-1	1	0	-1	-1	-1	-1	-1	-1	70	0	
103	104	10447	-1	21	海都前锋游击		105	182	0	300640	10000	-1	-1	1	0	-1	-1	-1	-1	-1	-1	70	0	
104	105	10447	-1	21	海都前锋游击		103	173	0	300640	10000	-1	-1	1	0	-1	-1	-1	-1	-1	-1	70	0	
105	106	10447	-1	21	海都前锋游击		97	159	0	300640	10000	-1	-1	1	0	-1	-1	-1	-1	-1	-1	70	0	
106	107	10447	-1	21	海都前锋游击		102	159	0	300640	10000	-1	-1	1	0	-1	-1	-1	-1	-1	-1	70	0	
107	108	10447	-1	21	海都前锋游击		101	149	0	300640	10000	-1	-1	1	0	-1	-1	-1	-1	-1	-1	70	0	
108	109	10447	-1	21	海都前锋游击		98	153	0	300640	10000	-1	-1	1	0	-1	-1	-1	-1	-1	-1	70	0	
109	110	10448	-1	21	海都力士		61	76	0	300640	10000	-1	-1	1	0	-1	-1	-1	-1	-1	-1	80	0	
110	111	10448	-1	21	海都力士		65	77	0	300640	10000	-1	-1	1	0	-1	-1	-1	-1	-1	-1	80	0	
111	112	10448	-1	21	海都力士		67	74	0	300640	10000	-1	-1	1	0	-1	-1	-1	-1	-1	-1	80	0	
112	113	10448	-1	21	海都力士		68	69	0	300640	10000	-1	-1	1	0	-1	-1	-1	-1	-1	-1	80	0	
113	114	10448	-1	21	海都力士		73	69	0	300640	10000	-1	-1	1	0	-1	-1	-1	-1	-1	-1	80	0	
114	115	10448	-1	21	海都力士		77	74	0	300640	10000	-1	-1	1	0	-1	-1	-1	-1	-1	-1	80	0	
115	116	10448	-1	21	海都力士		76	79	0	300640	10000	-1	-1	1	0	-1	-1	-1	-1	-1	-1	80	0	
116	117	10448	-1	21	海都力士		82	74	0	300640	10000	-1	-1	1	0	-1	-1	-1	-1	-1	-1	80	0	
117	118	10448	-1	21	海都力士		81	62	0	300640	10000	-1	-1	1	0	-1	-1	-1	-1	-1	-1	80	0	
118	119	10448	-1	21	海都力士		75	67	0	300640	10000	-1	-1	1	0	-1	-1	-1	-1	-1	-1	80	0	
119	120	10448	-1	21	海都力士		80	70	0	300640	10000	-1	-1	1	0	-1	-1	-1	-1	-1	-1	80	0	
120	121	10448	-1	21	海都力士		70	65	0	300640	10000	-1	-1	1	0	-1	-1	-1	-1	-1	-1	80	0	
121	122	10448	-1	21	海都力士		77	41	0	300640	10000	-1	-1	1	0	-1	-1	-1	-1	-1	-1	80	0	
122	123	10448	-1	21	海都力士		77	44	0	300640	10000	-1	-1	1	0	-1	-1	-1	-1	-1	-1	80	0	
123	124	10448	-1	21	海都力士		72	33	0	300640	10000	-1	-1	1	0	-1	-1	-1	-1	-1	-1	80	0	
124	125	10448	-1	21	海都力士		70	28	0	300640	10000	-1	-1	1	0	-1	-1	-1	-1	-1	-1	80	0	
125	126	10448	-1	21	海都力士		76	30	0	300640	10000	-1	-1	1	0	-1	-1	-1	-1	-1	-1	80	0	
126	127	10448	-1	21	海都力士		76	35	0	300640	10000	-1	-1	1	0	-1	-1	-1	-1	-1	-1	80	0	
127	128	10448	-1	21	海都力士		76	41	0	300640	10000	-1	-1	1	0	-1	-1	-1	-1	-1	-1	80	0	
128	129	10448	-1	21	海都力士		83	40	0	300640	10000	-1	-1	1	0	-1	-1	-1	-1	-1	-1	80	0	
129	130	10448	-1	21	海都力士		83	32	0	300640	10000	-1	-1	1	0	-1	-1	-1	-1	-1	-1	80	0	
130	131	10448	-1	21	海都力士		81	35	0	300640	10000	-1	-1	1	0	-1	-1	-1	-1	-1	-1	80	0	
131	132	10448	-1	21	海都力士		74	42	0	300640	10000	-1	-1	1	0	-1	-1	-1	-1	-1	-1	80	0	
132	133	10448	-1	21	海都力士		67	30	0	300640	10000	-1	-1	1	0	-1	-1	-1	-1	-1	-1	80	0	
133	134	10448	-1	21	海都力士		72	32	0	300640	10000	-1	-1	1	0	-1	-1	-1	-1	-1	-1	80	0	
134	135	10448	-1	21	海都力士		78	34	0	300640	10000	-1	-1	1	0	-1	-1	-1	-1	-1	-1	80	0	
135	136	10448	-1	21	海都力士		69	67	0	300640	10000	-1	-1	1	0	-1	-1	-1	-1	-1	-1	80	0	
136	137	10448	-1	21	海都力士		65	41	0	300640	10000	-1	-1	1	0	-1	-1	-1	-1	-1	-1	80	0	
137	138	10448	-1	21	海都力士		77	46	0	300640	10000	-1	-1	1	0	-1	-1	-1	-1	-1	-1	80	0	
138	139	10448	-1	21	海都力士		70	77	0	300640	10000	-1	-1	1	0	-1	-1	-1	-1	-1	-1	80	0	
139	140	10449	-1	21	海都左翼军		368	285	0	300640	10000	-1	-1	1	0	-1	-1	-1	-1	-1	-1	90	0	
140	141	10449	-1	21	海都左翼军		367	290	0	300640	10000	-1	-1	1	0	-1	-1	-1	-1	-1	-1	90	0	
141	142	10449	-1	21	海都左翼军		374	287	0	300640	10000	-1	-1	1	0	-1	-1	-1	-1	-1	-1	90	0	
142	143	10449	-1	21	海都左翼军		368	303	0	300640	10000	-1	-1	1	0	-1	-1	-1	-1	-1	-1	90	0	
143	144	10449	-1	21	海都左翼军		377	311	0	300640	10000	-1	-1	1	0	-1	-1	-1	-1	-1	-1	90	0	
144	145	10449	-1	21	海都左翼军		375	314	0	300640	10000	-1	-1	1	0	-1	-1	-1	-1	-1	-1	90	0	
145	146	10449	-1	21	海都左翼军		376	319	0	300640	10000	-1	-1	1	0	-1	-1	-1	-1	-1	-1	90	0	
146	147	10449	-1	21	海都左翼军		374	320	0	300640	10000	-1	-1	1	0	-1	-1	-1	-1	-1	-1	90	0	
147	148	10449	-1	21	海都左翼军		378	323	0	300640	10000	-1	-1	1	0	-1	-1	-1	-1	-1	-1	90	0	
148	149	10449	-1	21	海都左翼军		378	304	0	300640	10000	-1	-1	1	0	-1	-1	-1	-1	-1	-1	90	0	
149	150	10449	-1	21	海都左翼军		383	301	0	300640	10000	-1	-1	1	0	-1	-1	-1	-1	-1	-1	90	0	
150	151	10449	-1	21	海都左翼军		381	296	0	300640	10000	-1	-1	1	0	-1	-1	-1	-1	-1	-1	90	0	
151	152	10449	-1	21	海都左翼军		375	289	0	300640	10000	-1	-1	1	0	-1	-1	-1	-1	-1	-1	90	0	
152	153	10449	-1	21	海都左翼军		375	269	0	300640	10000	-1	-1	1	0	-1	-1	-1	-1	-1	-1	90	0	
153	154	10449	-1	21	海都左翼军		385	291	0	300640	10000	-1	-1	1	0	-1	-1	-1	-1	-1	-1	90	0	
154	155	10449	-1	21	海都左翼军		393	283	0	300640	10000	-1	-1	1	0	-1	-1	-1	-1	-1	-1	90	0	
155	156	10449	-1	21	海都左翼军		396	289	0	300640	10000	-1	-1	1	0	-1	-1	-1	-1	-1	-1	90	0	
156	157	10449	-1	21	海都左翼军		398	299	0	300640	10000	-1	-1	1	0	-1	-1	-1	-1	-1	-1	90	0	
157	158	10449	-1	21	海都左翼军		394	302	0	300640	10000	-1	-1	1	0	-1	-1	-1	-1	-1	-1	90	0	
158	159	10449	-1	21	海都左翼军		397	310	0	300640	10000	-1	-1	1	0	-1	-1	-1	-1	-1	-1	90	0	
159	160	10449	-1	21	海都左翼军		393	308	0	300640	10000	-1	-1	1	0	-1	-1	-1	-1	-1	-1	90	0	
160	161	10449	-1	21	海都左翼军		394	315	0	300640	10000	-1	-1	1	0	-1	-1	-1	-1	-1	-1	90	0	
161	162	10449	-1	21	海都左翼军		396	321	0	300640	10000	-1	-1	1	0	-1	-1	-1	-1	-1	-1	90	0	
162	163	10449	-1	21	海都左翼军		394	315	0	300640	10000	-1	-1	1	0	-1	-1	-1	-1	-1	-1	90	0	
163	164	10449	-1	21	海都左翼军		394	308	0	300640	10000	-1	-1	1	0	-1	-1	-1	-1	-1	-1	90	0	
164	165	10449	-1	21	海都左翼军		388	266	0	300640	10000	-1	-1	1	0	-1	-1	-1	-1	-1	-1	90	0	
165	166	10449	-1	21	海都左翼军		391	264	0	300640	10000	-1	-1	1	0	-1	-1	-1	-1	-1	-1	90	0	
166	167	10449	-1	21	海都左翼军		396	276	0	300640	10000	-1	-1	1	0	-1	-1	-1	-1	-1	-1	90	0	
167	168	10449	-1	21	海都左翼军		396	283	0	300640	10000	-1	-1	1	0	-1	-1	-1	-1	-1	-1	90	0	
168	169	10449	-1	21	海都左翼军		399	285	0	300640	10000	-1	-1	1	0	-1	-1	-1	-1	-1	-1	90	0	
169	170	10449	-1	21	海都左翼军		398	292	0	300640	10000	-1	-1	1	0	-1	-1	-1	-1	-1	-1	90	0	
170	171	10450	-1	21	海都右翼军		482	424	0	300640	10000	-1	-1	1	0	-1	-1	-1	-1	-1	-1	100	0	
171	172	10450	-1	21	海都右翼军		474	241	0	300640	10000	-1	-1	1	0	-1	-1	-1	-1	-1	-1	100	0	
172	173	10450	-1	21	海都右翼军		472	238	0	300640	10000	-1	-1	1	0	-1	-1	-1	-1	-1	-1	100	0	
173	174	10450	-1	21	海都右翼军		464	243	0	300640	10000	-1	-1	1	0	-1	-1	-1	-1	-1	-1	100	0	
174	175	10450	-1	21	海都右翼军		460	236	0	300640	10000	-1	-1	1	0	-1	-1	-1	-1	-1	-1	100	0	
175	176	10450	-1	21	海都右翼军		465	233	0	300640	10000	-1	-1	1	0	-1	-1	-1	-1	-1	-1	100	0	
176	177	10450	-1	21	海都右翼军		460	232	0	300640	10000	-1	-1	1	0	-1	-1	-1	-1	-1	-1	100	0	
177	178	10450	-1	21	海都右翼军		456	233	0	300640	10000	-1	-1	1	0	-1	-1	-1	-1	-1	-1	100	0	
178	179	10450	-1	21	海都右翼军		457	225	0	300640	10000	-1	-1	1	0	-1	-1	-1	-1	-1	-1	100	0	
179	180	10450	-1	21	海都右翼军		462	223	0	300640	10000	-1	-1	1	0	-1	-1	-1	-1	-1	-1	100	0	
180	181	10450	-1	21	海都右翼军		375	312	0	300640	10000	-1	-1	1	0	-1	-1	-1	-1	-1	-1	100	0	
181	182	10450	-1	21	海都右翼军		469	227	0	300640	10000	-1	-1	1	0	-1	-1	-1	-1	-1	-1	100	0	
182	183	10450	-1	21	海都右翼军		466	230	0	300640	10000	-1	-1	1	0	-1	-1	-1	-1	-1	-1	100	0	
183	184	10450	-1	21	海都右翼军		466	235	0	300640	10000	-1	-1	1	0	-1	-1	-1	-1	-1	-1	100	0	
184	185	10450	-1	21	海都右翼军		462	242	0	300640	10000	-1	-1	1	0	-1	-1	-1	-1	-1	-1	100	0	
185	186	10450	-1	21	海都右翼军		464	246	0	300640	10000	-1	-1	1	0	-1	-1	-1	-1	-1	-1	100	0	
186	187	10450	-1	21	海都右翼军		430	243	0	300640	10000	-1	-1	1	0	-1	-1	-1	-1	-1	-1	100	0	
187	188	10450	-1	21	海都右翼军		458	244	0	300640	10000	-1	-1	1	0	-1	-1	-1	-1	-1	-1	100	0	
188	189	10450	-1	21	海都右翼军		453	249	0	300640	10000	-1	-1	1	0	-1	-1	-1	-1	-1	-1	100	0	
189	190	10450	-1	21	海都右翼军		430	243	0	300640	10000	-1	-1	1	0	-1	-1	-1	-1	-1	-1	100	0	
190	191	10450	-1	21	海都右翼军		449	255	0	300640	10000	-1	-1	1	0	-1	-1	-1	-1	-1	-1	100	0	
191	192	10450	-1	21	海都右翼军		430	243	0	300640	10000	-1	-1	1	0	-1	-1	-1	-1	-1	-1	100	0	
192	193	10450	-1	21	海都右翼军		440	251	0	300640	10000	-1	-1	1	0	-1	-1	-1	-1	-1	-1	100	0	
193	194	10450	-1	21	海都右翼军		436	248	0	300640	10000	-1	-1	1	0	-1	-1	-1	-1	-1	-1	100	0	
194	195	10450	-1	21	海都右翼军		431	252	0	300640	10000	-1	-1	1	0	-1	-1	-1	-1	-1	-1	100	0	
195	196	10450	-1	21	海都右翼军		425	250	0	300640	10000	-1	-1	1	0	-1	-1	-1	-1	-1	-1	100	0	
196	197	10450	-1	21	海都右翼军		430	243	0	300640	10000	-1	-1	1	0	-1	-1	-1	-1	-1	-1	100	0	
197	198	10450	-1	21	海都右翼军		427	241	0	300640	10000	-1	-1	1	0	-1	-1	-1	-1	-1	-1	100	0	
198	199	10450	-1	21	海都右翼军		423	243	0	300640	10000	-1	-1	1	0	-1	-1	-1	-1	-1	-1	100	0	
199	200	10450	-1	21	海都右翼军		425	248	0	300640	10000	-1	-1	1	0	-1	-1	-1	-1	-1	-1	100	0	
200	201	10451	-1	21	海都精锐军		431	49	0	300640	10000	-1	-1	1	0	-1	-1	-1	-1	-1	-1	110	0	
201	202	10451	-1	21	海都精锐军		436	51	0	300640	10000	-1	-1	1	0	-1	-1	-1	-1	-1	-1	110	0	
202	203	10451	-1	21	海都精锐军		436	36	0	300640	10000	-1	-1	1	0	-1	-1	-1	-1	-1	-1	110	0	
203	204	10451	-1	21	海都精锐军		432	33	0	300640	10000	-1	-1	1	0	-1	-1	-1	-1	-1	-1	110	0	
204	205	10451	-1	21	海都精锐军		438	34	0	300640	10000	-1	-1	1	0	-1	-1	-1	-1	-1	-1	110	0	
205	206	10451	-1	21	海都精锐军		443	40	0	300640	10000	-1	-1	1	0	-1	-1	-1	-1	-1	-1	110	0	
206	207	10451	-1	21	海都精锐军		446	45	0	300640	10000	-1	-1	1	0	-1	-1	-1	-1	-1	-1	110	0	
207	208	10451	-1	21	海都精锐军		451	55	0	300640	10000	-1	-1	1	0	-1	-1	-1	-1	-1	-1	110	0	
208	209	10451	-1	21	海都精锐军		444	39	0	300640	10000	-1	-1	1	0	-1	-1	-1	-1	-1	-1	110	0	
209	210	10451	-1	21	海都精锐军		440	35	0	300640	10000	-1	-1	1	0	-1	-1	-1	-1	-1	-1	110	0	
210	211	10451	-1	21	海都精锐军		424	49	0	300640	10000	-1	-1	1	0	-1	-1	-1	-1	-1	-1	110	0	
211	212	10451	-1	21	海都精锐军		420	45	0	300640	10000	-1	-1	1	0	-1	-1	-1	-1	-1	-1	110	0	
212	213	10451	-1	21	海都精锐军		413	42	0	300640	10000	-1	-1	1	0	-1	-1	-1	-1	-1	-1	110	0	
213	214	10451	-1	21	海都精锐军		417	37	0	300640	10000	-1	-1	1	0	-1	-1	-1	-1	-1	-1	110	0	
214	215	10451	-1	21	海都精锐军		415	53	0	300640	10000	-1	-1	1	0	-1	-1	-1	-1	-1	-1	110	0	
215	216	10451	-1	21	海都精锐军		416	56	0	300640	10000	-1	-1	1	0	-1	-1	-1	-1	-1	-1	110	0	
216	217	10451	-1	21	海都精锐军		414	44	0	300640	10000	-1	-1	1	0	-1	-1	-1	-1	-1	-1	110	0	
217	218	10451	-1	21	海都精锐军		415	37	0	300640	10000	-1	-1	1	0	-1	-1	-1	-1	-1	-1	110	0	
218	219	10451	-1	21	海都精锐军		409	43	0	300640	10000	-1	-1	1	0	-1	-1	-1	-1	-1	-1	110	0	
219	220	10451	-1	21	海都精锐军		420	38	0	300640	10000	-1	-1	1	0	-1	-1	-1	-1	-1	-1	110	0	
220	221	10451	-1	21	海都精锐军		410	54	0	300640	10000	-1	-1	1	0	-1	-1	-1	-1	-1	-1	110	0	
221	222	10451	-1	21	海都精锐军		411	47	0	300640	10000	-1	-1	1	0	-1	-1	-1	-1	-1	-1	110	0	
222	223	10451	-1	21	海都精锐军		413	41	0	300640	10000	-1	-1	1	0	-1	-1	-1	-1	-1	-1	110	0	
223	224	10451	-1	21	海都精锐军		418	38	0	300640	10000	-1	-1	1	0	-1	-1	-1	-1	-1	-1	110	0	
224	225	10451	-1	21	海都精锐军		423	39	0	300640	10000	-1	-1	1	0	-1	-1	-1	-1	-1	-1	110	0	
225	226	10451	-1	21	海都精锐军		403	52	0	300640	10000	-1	-1	1	0	-1	-1	-1	-1	-1	-1	110	0	
226	227	10451	-1	21	海都精锐军		409	55	0	300640	10000	-1	-1	1	0	-1	-1	-1	-1	-1	-1	110	0	
227	228	10451	-1	21	海都精锐军		403	49	0	300640	10000	-1	-1	1	0	-1	-1	-1	-1	-1	-1	110	0	
228	229	10451	-1	21	海都精锐军		405	40	0	300640	10000	-1	-1	1	0	-1	-1	-1	-1	-1	-1	110	0	
229	230	10451	-1	21	海都精锐军		409	42	0	300640	10000	-1	-1	1	0	-1	-1	-1	-1	-1	-1	110	0	
230	231	10452	-1	5	失烈门	沙城上将军	253	315	27	0	10000	-1	-1	3	0	-1	-1	-1	-1	-1	-1	110	0	
231	232	10453	-1	20	沙城卫兵		261.59549	266.549255	27	0	10000	-1	-1	3	0	-1	-1	-1	-1	-1	-1	100	0	
232	233	10453	-1	20	沙城卫兵		262.113068	60.986717	27	0	10000	-1	-1	3	0	-1	-1	-1	-1	-1	-1	100	0	
233	234	10453	-1	20	沙城卫兵		247.628754	266.405029	27	0	10000	-1	-1	3	0	-1	-1	-1	-1	-1	-1	100	0	
234	235	10453	-1	20	沙城卫兵		308.137207	180.856369	27	0	10000	-1	-1	3	0	-1	-1	-1	-1	-1	-1	60	0	
235	236	10453	-1	20	沙城卫兵		296.802948	180.46048	27	0	10000	-1	-1	3	0	-1	-1	-1	-1	-1	-1	60	0	
236	237	10453	-1	20	沙城卫兵		262.011383	225.902176	27	0	10000	-1	-1	3	0	-1	-1	-1	-1	-1	-1	100	0	
237	238	10453	-1	20	沙城卫兵		247.821091	225.722275	27	0	10000	-1	-1	3	0	-1	-1	-1	-1	-1	-1	60	0	
238	239	10453	-1	20	沙城卫兵		242.866241	98.59906	27	0	10000	-1	-1	3	0	-1	-1	-1	-1	-1	-1	60	0	
239	240	10453	-1	20	沙城卫兵		267.792511	98.649612	27	0	10000	-1	-1	3	0	-1	-1	-1	-1	-1	-1	60	0	
240	241	10453	-1	20	沙城卫兵		328.26059	110.525925	10	0	10000	-1	-1	3	0	-1	-1	-1	-1	-1	-1	60	0	
241	242	10453	-1	20	沙城卫兵		328.160156	99.401161	28	0	10000	-1	-1	3	0	-1	-1	-1	-1	-1	-1	60	0	
242	243	10453	-1	20	沙城卫兵		216.492447	180.353333	28	0	10000	-1	-1	3	0	-1	-1	-1	-1	-1	-1	60	0	
243	244	10453	-1	20	沙城卫兵		203.560852	180.374649	28	0	10000	-1	-1	3	0	-1	-1	-1	-1	-1	-1	60	0	
244	245	10453	-1	20	沙城卫兵		182.189011	111.089661	9	0	10000	-1	-1	3	0	-1	-1	-1	-1	-1	-1	60	0	
245	246	10453	-1	20	沙城卫兵		182.205536	98.954842	27	0	10000	-1	-1	3	0	-1	-1	-1	-1	-1	-1	60	0	
246	247	10453	-1	20	沙城卫兵		248.679001	60.816299	27	0	10000	-1	-1	3	0	-1	-1	-1	-1	-1	-1	100	0	
247	248	10453	-1	20	沙城卫兵		207.094116	53.860214	0	0	10000	-1	-1	3	0	-1	-1	-1	-1	-1	-1	60	0	
248	249	10453	-1	20	沙城卫兵		207.008148	39.862637	0	0	10000	-1	-1	3	0	-1	-1	-1	-1	-1	-1	60	0	
249	250	10453	-1	20	沙城卫兵		278.682709	55.734119	19	0	10000	-1	-1	3	0	-1	-1	-1	-1	-1	-1	60	0	
250	251	10453	-1	20	沙城卫兵		230.880966	63.527775	0	0	10000	-1	-1	3	0	-1	-1	-1	-1	-1	-1	60	0	
251	252	10453	-1	20	沙城卫兵		278.76358	63.565937	18	0	10000	-1	-1	3	0	-1	-1	-1	-1	-1	-1	60	0	
252	253	10453	-1	20	沙城卫兵		230.730759	55.341896	36	0	10000	-1	-1	3	0	-1	-1	-1	-1	-1	-1	60	0	
253	254	10453	-1	20	沙城卫兵		300.431519	40.178047	20	0	10000	-1	-1	3	0	-1	-1	-1	-1	-1	-1	60	0	
254	255	10453	-1	20	沙城卫兵		300.273834	53.195351	20	0	10000	-1	-1	3	0	-1	-1	-1	-1	-1	-1	60	0	
255	256	10453	-1	20	沙城卫兵		207.620361	99.645302	27	0	10000	-1	-1	3	0	-1	-1	-1	-1	-1	-1	60	0	
256	257	10453	-1	20	沙城卫兵		207.937592	110.944534	8	0	10000	-1	-1	3	0	-1	-1	-1	-1	-1	-1	60	0	
257	258	10453	-1	20	沙城卫兵		300.460602	99.315247	27	0	10000	-1	-1	3	0	-1	-1	-1	-1	-1	-1	60	0	
258	259	10453	-1	20	沙城卫兵		300.602051	110.711273	8	0	10000	-1	-1	3	0	-1	-1	-1	-1	-1	-1	60	0	
259	260	10453	-1	20	沙城卫兵		269.161163	154.782211	8	0	10000	-1	-1	3	0	-1	-1	-1	-1	-1	-1	60	0	
260	261	10453	-1	20	沙城卫兵		239.985352	154.920807	10	0	10000	-1	-1	3	0	-1	-1	-1	-1	-1	-1	60	0	
261	262	10447	-1	21	海都前锋游击		58	171	0	300640	10000	-1	-1	1	0	-1	-1	-1	-1	-1	-1	70	0	
262	263	10447	-1	21	海都前锋游击		59	168	0	300640	10000	-1	-1	1	0	-1	-1	-1	-1	-1	-1	70	0	
263	264	10447	-1	21	海都前锋游击		60	160	0	300640	10000	-1	-1	1	0	-1	-1	-1	-1	-1	-1	70	0	
264	265	10447	-1	21	海都前锋游击		62	160	0	300640	10000	-1	-1	1	0	-1	-1	-1	-1	-1	-1	70	0	
265	266	10447	-1	21	海都前锋游击		64	161	0	300640	10000	-1	-1	1	0	-1	-1	-1	-1	-1	-1	70	0	
266	267	10447	-1	21	海都前锋游击		67	162	0	300640	10000	-1	-1	1	0	-1	-1	-1	-1	-1	-1	70	0	
267	268	10447	-1	21	海都前锋游击		100	165	0	300640	10000	-1	-1	1	0	-1	-1	-1	-1	-1	-1	70	0	
268	269	10447	-1	21	海都前锋游击		105	169	0	300640	10000	-1	-1	1	0	-1	-1	-1	-1	-1	-1	70	0	
269	270	10447	-1	21	海都前锋游击		104	167	0	300640	10000	-1	-1	1	0	-1	-1	-1	-1	-1	-1	70	0	
270	271	10447	-1	21	海都前锋游击		105	168	0	300640	10000	-1	-1	1	0	-1	-1	-1	-1	-1	-1	70	0	
271	272	10447	-1	21	海都前锋游击		106	169	0	300640	10000	-1	-1	1	0	-1	-1	-1	-1	-1	-1	70	0	
272	273	10447	-1	21	海都前锋游击		99	167	0	300640	10000	-1	-1	1	0	-1	-1	-1	-1	-1	-1	70	0	
273	274	10447	-1	21	海都前锋游击		105	159	0	300640	10000	-1	-1	1	0	-1	-1	-1	-1	-1	-1	70	0	
274	275	10447	-1	21	海都前锋游击		106	161	0	300640	10000	-1	-1	1	0	-1	-1	-1	-1	-1	-1	70	0	
275	276	10447	-1	21	海都前锋游击		107	156	0	300640	10000	-1	-1	1	0	-1	-1	-1	-1	-1	-1	70	0	
276	277	10447	-1	21	海都前锋游击		105	155	0	300640	10000	-1	-1	1	0	-1	-1	-1	-1	-1	-1	70	0	
277	278	10447	-1	21	海都前锋游击		102	155	0	300640	10000	-1	-1	1	0	-1	-1	-1	-1	-1	-1	70	0	
278	279	10448	-1	21	海都力士		67	78	0	300640	10000	-1	-1	1	0	-1	-1	-1	-1	-1	-1	80	0	
279	280	10448	-1	21	海都力士		70	79	0	300640	10000	-1	-1	1	0	-1	-1	-1	-1	-1	-1	80	0	
280	281	10448	-1	21	海都力士		67	74	0	300640	10000	-1	-1	1	0	-1	-1	-1	-1	-1	-1	80	0	
281	282	10448	-1	21	海都力士		72	75	0	300640	10000	-1	-1	1	0	-1	-1	-1	-1	-1	-1	80	0	
282	283	10448	-1	21	海都力士		74	78	0	300640	10000	-1	-1	1	0	-1	-1	-1	-1	-1	-1	80	0	
283	284	10448	-1	21	海都力士		78	69	0	300640	10000	-1	-1	1	0	-1	-1	-1	-1	-1	-1	80	0	
284	285	10448	-1	21	海都力士		79	61	0	300640	10000	-1	-1	1	0	-1	-1	-1	-1	-1	-1	80	0	
285	286	10448	-1	21	海都力士		77	70	0	300640	10000	-1	-1	1	0	-1	-1	-1	-1	-1	-1	80	0	
286	287	10448	-1	21	海都力士		80	74	0	300640	10000	-1	-1	1	0	-1	-1	-1	-1	-1	-1	80	0	
287	288	10448	-1	21	海都力士		85	71	0	300640	10000	-1	-1	1	0	-1	-1	-1	-1	-1	-1	80	0	
288	289	10448	-1	21	海都力士		70	36	0	300640	10000	-1	-1	1	0	-1	-1	-1	-1	-1	-1	80	0	
289	290	10448	-1	21	海都力士		72	41	0	300640	10000	-1	-1	1	0	-1	-1	-1	-1	-1	-1	80	0	
290	291	10448	-1	21	海都力士		80	34	0	300640	10000	-1	-1	1	0	-1	-1	-1	-1	-1	-1	80	0	
291	292	10448	-1	21	海都力士		77	32	0	300640	10000	-1	-1	1	0	-1	-1	-1	-1	-1	-1	80	0	
292	293	10448	-1	21	海都力士		74	32	0	300640	10000	-1	-1	1	0	-1	-1	-1	-1	-1	-1	80	0	
293	294	10448	-1	21	海都力士		74	38	0	300640	10000	-1	-1	1	0	-1	-1	-1	-1	-1	-1	80	0	
294	295	10448	-1	21	海都力士		74	36	0	300640	10000	-1	-1	1	0	-1	-1	-1	-1	-1	-1	80	0	
295	296	10449	-1	21	海都左翼军		376	309	0	300640	10000	-1	-1	1	0	-1	-1	-1	-1	-1	-1	90	0	
296	297	10449	-1	21	海都左翼军		377	310	0	300640	10000	-1	-1	1	0	-1	-1	-1	-1	-1	-1	90	0	
297	298	10449	-1	21	海都左翼军		378	311	0	300640	10000	-1	-1	1	0	-1	-1	-1	-1	-1	-1	90	0	
298	299	10449	-1	21	海都左翼军		379	312	0	300640	10000	-1	-1	1	0	-1	-1	-1	-1	-1	-1	90	0	
299	300	10449	-1	21	海都左翼军		377	313	0	300640	10000	-1	-1	1	0	-1	-1	-1	-1	-1	-1	90	0	
300	301	10449	-1	21	海都左翼军		375	314	0	300640	10000	-1	-1	1	0	-1	-1	-1	-1	-1	-1	90	0	
301	302	10449	-1	21	海都左翼军		392	320	0	300640	10000	-1	-1	1	0	-1	-1	-1	-1	-1	-1	90	0	
302	303	10449	-1	21	海都左翼军		388	371	0	300640	10000	-1	-1	1	0	-1	-1	-1	-1	-1	-1	90	0	
303	304	10449	-1	21	海都左翼军		399	304	0	300640	10000	-1	-1	1	0	-1	-1	-1	-1	-1	-1	90	0	
304	305	10449	-1	21	海都左翼军		391	293	0	300640	10000	-1	-1	1	0	-1	-1	-1	-1	-1	-1	90	0	
305	306	10449	-1	21	海都左翼军		399	289	0	300640	10000	-1	-1	1	0	-1	-1	-1	-1	-1	-1	90	0	
306	307	10449	-1	21	海都左翼军		380	320	0	300640	10000	-1	-1	1	0	-1	-1	-1	-1	-1	-1	90	0	
307	308	10449	-1	21	海都左翼军		380	310	0	300640	10000	-1	-1	1	0	-1	-1	-1	-1	-1	-1	90	0	
308	309	10449	-1	21	海都左翼军		380	311	0	300640	10000	-1	-1	1	0	-1	-1	-1	-1	-1	-1	90	0	
309	310	10449	-1	21	海都左翼军		380	312	0	300640	10000	-1	-1	1	0	-1	-1	-1	-1	-1	-1	90	0	
310	311	10449	-1	21	海都左翼军		381	314	0	300640	10000	-1	-1	1	0	-1	-1	-1	-1	-1	-1	90	0	
311	312	10449	-1	21	海都左翼军		383	315	0	300640	10000	-1	-1	1	0	-1	-1	-1	-1	-1	-1	90	0	
312	313	10450	-1	21	海都右翼军		439	256	0	300640	10000	-1	-1	1	0	-1	-1	-1	-1	-1	-1	100	0	
313	314	10450	-1	21	海都右翼军		431	244	0	300640	10000	-1	-1	1	0	-1	-1	-1	-1	-1	-1	100	0	
314	315	10450	-1	21	海都右翼军		429	240	0	300640	10000	-1	-1	1	0	-1	-1	-1	-1	-1	-1	100	0	
315	316	10450	-1	21	海都右翼军		419	247	0	300640	10000	-1	-1	1	0	-1	-1	-1	-1	-1	-1	100	0	
316	317	10450	-1	21	海都右翼军		416	253	0	300640	10000	-1	-1	1	0	-1	-1	-1	-1	-1	-1	100	0	
317	318	10450	-1	21	海都右翼军		422	251	0	300640	10000	-1	-1	1	0	-1	-1	-1	-1	-1	-1	100	0	
318	319	10450	-1	21	海都右翼军		432	253	0	300640	10000	-1	-1	1	0	-1	-1	-1	-1	-1	-1	100	0	
319	320	10450	-1	21	海都右翼军		436	248	0	300640	10000	-1	-1	1	0	-1	-1	-1	-1	-1	-1	100	0	
320	321	10450	-1	21	海都右翼军		425	246	0	300640	10000	-1	-1	1	0	-1	-1	-1	-1	-1	-1	100	0	
321	322	10450	-1	21	海都右翼军		422	241	0	300640	10000	-1	-1	1	0	-1	-1	-1	-1	-1	-1	100	0	
322	323	10450	-1	21	海都右翼军		424	247	0	300640	10000	-1	-1	1	0	-1	-1	-1	-1	-1	-1	100	0	
323	324	10450	-1	21	海都右翼军		422	251	0	300640	10000	-1	-1	1	0	-1	-1	-1	-1	-1	-1	100	0	
324	325	10450	-1	21	海都右翼军		418	254	0	300640	10000	-1	-1	1	0	-1	-1	-1	-1	-1	-1	100	0	
325	326	10450	-1	21	海都右翼军		414	248	0	300640	10000	-1	-1	1	0	-1	-1	-1	-1	-1	-1	100	0	
326	327	10450	-1	21	海都右翼军		418	236	0	300640	10000	-1	-1	1	0	-1	-1	-1	-1	-1	-1	100	0	
327	328	10451	-1	21	海都精锐军		419	48	0	300640	10000	-1	-1	1	0	-1	-1	-1	-1	-1	-1	110	0	
328	329	10451	-1	21	海都精锐军		419	49	0	300640	10000	-1	-1	1	0	-1	-1	-1	-1	-1	-1	110	0	
329	330	10451	-1	21	海都精锐军		419	50	0	300640	10000	-1	-1	1	0	-1	-1	-1	-1	-1	-1	110	0	
330	331	10451	-1	21	海都精锐军		419	51	0	300640	10000	-1	-1	1	0	-1	-1	-1	-1	-1	-1	110	0	
331	332	10451	-1	21	海都精锐军		419	52	0	300640	10000	-1	-1	1	0	-1	-1	-1	-1	-1	-1	110	0	
332	333	10451	-1	21	海都精锐军		419	53	0	300640	10000	-1	-1	1	0	-1	-1	-1	-1	-1	-1	110	0	
333	334	10451	-1	21	海都精锐军		443	46	0	300640	10000	-1	-1	1	0	-1	-1	-1	-1	-1	-1	110	0	
334	335	10451	-1	21	海都精锐军		443	47	0	300640	10000	-1	-1	1	0	-1	-1	-1	-1	-1	-1	110	0	
335	336	10451	-1	21	海都精锐军		443	48	0	300640	10000	-1	-1	1	0	-1	-1	-1	-1	-1	-1	110	0	
336	337	10451	-1	21	海都精锐军		397	44	0	300640	10000	-1	-1	1	0	-1	-1	-1	-1	-1	-1	110	0	
337	338	10451	-1	21	海都精锐军		403	42	0	300640	10000	-1	-1	1	0	-1	-1	-1	-1	-1	-1	110	0	
338	339	10451	-1	21	海都精锐军		404	46	0	300640	10000	-1	-1	1	0	-1	-1	-1	-1	-1	-1	110	0	
339	340	10451	-1	21	海都精锐军		406	56	0	300640	10000	-1	-1	1	0	-1	-1	-1	-1	-1	-1	110	0	
340	341	10451	-1	21	海都精锐军		412	57	0	300640	10000	-1	-1	1	0	-1	-1	-1	-1	-1	-1	110	0	
341	342	10451	-1	21	海都精锐军		408	51	0	300640	10000	-1	-1	1	0	-1	-1	-1	-1	-1	-1	110	0	
342	343	10451	-1	21	海都精锐军		404	50	0	300640	10000	-1	-1	1	0	-1	-1	-1	-1	-1	-1	110	0	
343	344	10451	-1	21	海都精锐军		399	49	0	300640	10000	-1	-1	1	0	-1	-1	-1	-1	-1	-1	110	0	
344	345	10451	-1	21	海都精锐军		396	46	0	300640	10000	-1	-1	1	0	-1	-1	-1	-1	-1	-1	110	0	
345	346	10455	-1	5	沙城精锐守卫		147.865372	108.401985	17	0	300000	-1	-1	5	511	-1	-1	-1	-1	-1	-1	80	0	
346	347	10455	-1	5	沙城精锐守卫		148.008713	101.126755	17	0	300000	-1	-1	5	511	-1	-1	-1	-1	-1	-1	80	0	
347	348	10455	-1	5	沙城精锐守卫		145	108.401985	17	0	300000	-1	-1	5	511	-1	-1	-1	-1	-1	-1	80	0	
348	349	10455	-1	5	沙城精锐守卫		145	101.126755	17	0	300000	-1	-1	5	511	-1	-1	-1	-1	-1	-1	80	0	
349	350	10455	-1	5	沙城精锐守卫		363.455658	101.5	1	0	300000	-1	-1	5	511	-1	-1	-1	-1	-1	-1	80	0	
350	351	10455	-1	5	沙城精锐守卫		363.485443	109	1	0	300000	-1	-1	5	511	-1	-1	-1	-1	-1	-1	80	0	
351	352	10455	-1	5	沙城精锐守卫		366	101.5	1	0	300000	-1	-1	5	511	-1	-1	-1	-1	-1	-1	80	0	
352	353	10455	-1	5	沙城精锐守卫		366	109	1	0	300000	-1	-1	5	511	-1	-1	-1	-1	-1	-1	80	0	
353	354	2604	401232	18	昆仑传送	沙城传送人	117.054306	422.785767	12	0	10000	-1	-1	3	0	-1	-1	-1	-1	-1	-1	60	0	
354	355	2604	401233	19	敦煌传送	沙城传送人	411.857788	433.036102	20	0	10000	-1	-1	3	0	-1	-1	-1	-1	-1	-1	60	0	
355	356	2604	401231	16	楼兰传送	沙城传送人	439.241028	296.332611	13	0	10000	-1	-1	3	0	-1	-1	-1	-1	-1	-1	60	0	
356	357	10464	401260	18	黄仁武	皇帝战任务发布人	130	431	33	0	10000	-1	-1	3	0	-1	-1	-1	-1	-1	-1	100	0	
357	358	10465	401261	16	黄仁武	皇帝战任务发布人	433	309	24	0	10000	-1	-1	3	0	-1	-1	-1	-1	-1	-1	100	0	
358	359	10466	401262	17	黄仁武	皇帝战任务发布人	253	458	5	0	10000	-1	-1	3	0	-1	-1	-1	-1	-1	-1	100	0	
359	360	10467	401263	19	黄仁武	皇帝战任务发布人	424	433	26	0	10000	-1	-1	3	0	-1	-1	-1	-1	-1	-1	100	0	
