NUM	NUM	NUM	NUM	NUM	TEXT	TEXT	FLOAT	FLOAT	NUM	NUM	NUM	NUM	NUM	NUM	NUM	NUM	NUM	NUM	NUM	NUM	NUM	NUM	NUM
编号	随机编号	attr编号	逻辑表编号	阵营编号	名称	称号	x轴坐标	z轴坐标	朝向	脚本编号	重生时间	分组编号	队伍编号	基础AI	AI文件	巡逻路径	商店0	商店1	商店2	商店3	名誉ID	等级	镜像组
0	6113251	2356	-1	-1	 	 	171.448181	117.632782	22	-1	1000	-1	-1	3	-1	-1	-1	-1	-1	-1	-1	40	0	
1	6113265	2357	-1	-1	 	 	169.855743	133.198608	18	-1	1000	-1	-1	3	-1	-1	-1	-1	-1	-1	-1	40	0	
2	6113276	2358	-1	-1	 	 	168	134	13	-1	1000	-1	-1	3	-1	-1	-1	-1	-1	-1	-1	40	0	
3	6104081	2304	-1	21	铁鹞子	马匪首领	86.12722	48.66684	18	-1	1000	-1	-1	5	0	-1	-1	-1	-1	-1	-1	40	0	
4	6104163	2304	-1	21	花狼	马匪首领	80.318634	38.691826	27	-1	1000	-1	-1	5	0	-1	-1	-1	-1	-1	-1	40	0	
5	6107893	2307	-1	21	高原棕熊		32.278671	152.206604	27	-1	1000	-1	-1	1	-1	-1	-1	-1	-1	-1	-1	40	0	
6	6107898	2307	-1	21	高原棕熊		32.278671	152.206604	27	-1	1000	-1	-1	1	-1	-1	-1	-1	-1	-1	-1	40	0	
7	6107916	2307	-1	21	高原棕熊		50.688927	141.012695	27	-1	1000	-1	-1	1	-1	-1	-1	-1	-1	-1	-1	40	0	
8	6107942	2307	-1	21	高原棕熊		30.783739	130.782623	27	-1	1000	-1	-1	1	-1	-1	-1	-1	-1	-1	-1	40	0	
9	6107973	2307	-1	21	高原棕熊		77.203957	130.670776	27	-1	1000	-1	-1	1	-1	-1	-1	-1	-1	-1	-1	40	0	
10	6107976	2307	-1	21	高原棕熊		70.568489	132.816116	27	-1	1000	-1	-1	1	-1	-1	-1	-1	-1	-1	-1	40	0	
11	6107979	2307	-1	21	高原棕熊		74.954338	133.328018	27	-1	1000	-1	-1	1	-1	-1	-1	-1	-1	-1	-1	40	0	
12	6107989	2307	-1	21	高原棕熊		68.415405	135.248489	27	-1	1000	-1	-1	1	-1	-1	-1	-1	-1	-1	-1	40	0	
13	6107992	2307	-1	21	高原棕熊		73.077522	135.113617	27	-1	1000	-1	-1	1	-1	-1	-1	-1	-1	-1	-1	40	0	
14	6107995	2307	-1	21	高原棕熊		77.211861	135.165588	27	-1	1000	-1	-1	1	-1	-1	-1	-1	-1	-1	-1	40	0	
15	6108134	2307	-1	21	高原棕熊		48.468578	119.896294	27	-1	1000	-1	-1	1	-1	-1	-1	-1	-1	-1	-1	40	0	
16	6108136	2307	-1	21	高原棕熊		53.063442	120.007202	27	-1	1000	-1	-1	1	-1	-1	-1	-1	-1	-1	-1	40	0	
17	6108139	2307	-1	21	高原棕熊		56.832291	119.952927	27	-1	1000	-1	-1	1	-1	-1	-1	-1	-1	-1	-1	40	0	
18	6108141	2307	-1	21	高原棕熊		50.665943	123.16642	27	-1	1000	-1	-1	1	-1	-1	-1	-1	-1	-1	-1	40	0	
19	6108166	2307	-1	21	高原棕熊		100.450691	153.965271	27	-1	1000	-1	-1	1	-1	-1	-1	-1	-1	-1	-1	40	0	
20	6108168	2307	-1	21	高原棕熊		104.243668	154.058807	27	-1	1000	-1	-1	1	-1	-1	-1	-1	-1	-1	-1	40	0	
21	6108171	2307	-1	21	高原棕熊		108.127907	153.812103	27	-1	1000	-1	-1	1	-1	-1	-1	-1	-1	-1	-1	40	0	
22	6108173	2307	-1	21	高原棕熊		120.253647	158.598206	27	-1	1000	-1	-1	1	-1	-1	-1	-1	-1	-1	-1	40	0	
23	6108175	2307	-1	21	高原棕熊		124.310196	158.762421	27	-1	1000	-1	-1	1	-1	-1	-1	-1	-1	-1	-1	40	0	
24	6108178	2307	-1	21	高原棕熊		128.244827	158.929306	27	-1	1000	-1	-1	1	-1	-1	-1	-1	-1	-1	-1	40	0	
25	6108180	2307	-1	21	高原棕熊		121.994911	161.110031	27	-1	1000	-1	-1	1	-1	-1	-1	-1	-1	-1	-1	40	0	
26	6108183	2307	-1	21	高原棕熊		126.070328	161.184784	27	-1	1000	-1	-1	1	-1	-1	-1	-1	-1	-1	-1	40	0	
27	6108188	2307	-1	21	高原棕熊		124.236794	163.737167	27	-1	1000	-1	-1	1	-1	-1	-1	-1	-1	-1	-1	40	0	
28	6108190	2307	-1	21	高原棕熊		128.393478	164.032089	27	-1	1000	-1	-1	1	-1	-1	-1	-1	-1	-1	-1	40	0	
29	6114013	2315	-1	21	黑林恶狼		191.104675	35.764736	27	-1	1000	-1	-1	1	-1	-1	-1	-1	-1	-1	-1	40	0	
30	6114016	2315	-1	21	黑林恶狼		192.188599	37.074989	27	-1	1000	-1	-1	1	-1	-1	-1	-1	-1	-1	-1	40	0	
31	6114018	2315	-1	21	黑林恶狼		192.432327	34.325207	27	-1	1000	-1	-1	1	-1	-1	-1	-1	-1	-1	-1	40	0	
32	6114068	2315	-1	21	黑林恶狼		193.723587	36.154678	27	-1	1000	-1	-1	1	-1	-1	-1	-1	-1	-1	-1	40	0	
33	6114086	2315	-1	21	黑林恶狼		206.42894	74.696503	27	-1	1000	-1	-1	1	-1	-1	-1	-1	-1	-1	-1	40	0	
34	6114088	2315	-1	21	黑林恶狼		204.110611	73.553543	27	-1	1000	-1	-1	1	-1	-1	-1	-1	-1	-1	-1	40	0	
35	6114091	2315	-1	21	黑林恶狼		204.087128	76.33783	27	-1	1000	-1	-1	1	-1	-1	-1	-1	-1	-1	-1	40	0	
36	6114093	2315	-1	21	黑林恶狼		205.503448	77.270073	27	-1	1000	-1	-1	1	-1	-1	-1	-1	-1	-1	-1	40	0	
37	6114211	2315	-1	21	黑林恶狼		212.765533	96.830406	27	-1	1000	-1	-1	1	-1	-1	-1	-1	-1	-1	-1	40	0	
38	6114213	2315	-1	21	黑林恶狼		214.27832	97.979988	27	-1	1000	-1	-1	1	-1	-1	-1	-1	-1	-1	-1	40	0	
39	6114215	2315	-1	21	黑林恶狼		211.439987	96.010193	27	-1	1000	-1	-1	1	-1	-1	-1	-1	-1	-1	-1	40	0	
40	6114235	2315	-1	21	黑林恶狼		201.277298	122.71299	27	-1	1000	-1	-1	1	-1	-1	-1	-1	-1	-1	-1	40	0	
41	6114238	2315	-1	21	黑林恶狼		199.519028	121.398415	27	-1	1000	-1	-1	1	-1	-1	-1	-1	-1	-1	-1	40	0	
42	6114241	2315	-1	21	黑林恶狼		202.126938	123.971436	27	-1	1000	-1	-1	1	-1	-1	-1	-1	-1	-1	-1	40	0	
43	6114271	2315	-1	21	黑林恶狼		212.946381	138.321548	27	-1	1000	-1	-1	1	-1	-1	-1	-1	-1	-1	-1	40	0	
44	6114361	2315	-1	21	黑林恶狼		218.707504	173.578415	27	-1	1000	-1	-1	1	-1	-1	-1	-1	-1	-1	-1	40	0	
45	6114364	2315	-1	21	黑林恶狼		220.815491	173.322281	27	-1	1000	-1	-1	1	-1	-1	-1	-1	-1	-1	-1	40	0	
46	6114366	2315	-1	21	黑林恶狼		219.606537	176.010361	27	-1	1000	-1	-1	1	-1	-1	-1	-1	-1	-1	-1	40	0	
47	6114389	2315	-1	21	黑林恶狼		195.816864	178.695694	27	-1	1000	-1	-1	1	-1	-1	-1	-1	-1	-1	-1	40	0	
48	6114392	2315	-1	21	黑林恶狼		197.53215	180.001022	27	-1	1000	-1	-1	1	-1	-1	-1	-1	-1	-1	-1	40	0	
49	6114394	2315	-1	21	黑林恶狼		195.877975	181.096252	27	-1	1000	-1	-1	1	-1	-1	-1	-1	-1	-1	-1	40	0	
50	6114437	2315	-1	21	黑林恶狼		185.717087	199.440048	27	-1	1000	-1	-1	1	-1	-1	-1	-1	-1	-1	-1	40	0	
51	6114440	2315	-1	21	黑林恶狼		186.235428	201.24025	27	-1	1000	-1	-1	1	-1	-1	-1	-1	-1	-1	-1	40	0	
52	6114442	2315	-1	21	黑林恶狼		185.029739	200.483017	27	-1	1000	-1	-1	1	-1	-1	-1	-1	-1	-1	-1	40	0	
53	6114461	2315	-1	21	黑林恶狼		196.987701	213.937576	27	-1	1000	-1	-1	1	-1	-1	-1	-1	-1	-1	-1	40	0	
54	6114464	2315	-1	21	黑林恶狼		197.957809	214.368301	27	-1	1000	-1	-1	1	-1	-1	-1	-1	-1	-1	-1	40	0	
55	6114466	2315	-1	21	黑林恶狼		195.935715	214.332214	27	-1	1000	-1	-1	1	-1	-1	-1	-1	-1	-1	-1	40	0	
56	6114499	2315	-1	21	黑林恶狼		212.865631	218.589417	27	-1	1000	-1	-1	1	-1	-1	-1	-1	-1	-1	-1	40	0	
57	6114501	2315	-1	21	黑林恶狼		212.749496	214.645004	27	-1	1000	-1	-1	1	-1	-1	-1	-1	-1	-1	-1	40	0	
58	6114504	2315	-1	21	黑林恶狼		214.684479	218.058975	27	-1	1000	-1	-1	1	-1	-1	-1	-1	-1	-1	-1	40	0	
59	7061851	166	-1	-1	 	 	36.716759	193.929306	0	-1	1000	-1	-1	2	-1	-1	-1	-1	-1	-1	-1	40	0	
60	7061859	166	-1	-1	 	 	38.294941	195.559418	20	-1	1000	-1	-1	2	0	-1	-1	-1	-1	-1	-1	40	0	
61	7061866	166	-1	-1	 	 	37.344463	191.714142	27	-1	1000	-1	-1	2	-1	-1	-1	-1	-1	-1	-1	40	0	
62	7061914	255	-1	-1	 	 	39.448456	193.054977	27	-1	1000	-1	-1	2	-1	-1	-1	-1	-1	-1	-1	40	0	
63	7144910	2306	-1	21	神秘山匪		74.312836	42.987461	27	-1	1000	-1	-1	6	-1	-1	-1	-1	-1	-1	-1	40	0	
64	7144911	2306	-1	21	神秘山匪		74.730576	53.641125	27	-1	1000	-1	-1	6	-1	-1	-1	-1	-1	-1	-1	40	0	
65	7144913	2306	-1	21	神秘山匪		84.768341	53.57629	27	-1	1000	-1	-1	6	-1	-1	-1	-1	-1	-1	-1	40	0	
66	7144914	2306	-1	21	神秘山匪		77.372551	37.515968	27	-1	1000	-1	-1	1	-1	-1	-1	-1	-1	-1	-1	40	0	
67	7144915	2306	-1	21	神秘山匪		83.249489	42.726593	27	-1	1000	-1	-1	6	-1	-1	-1	-1	-1	-1	-1	40	0	
68	7144917	2306	-1	21	神秘山匪		83.083641	37.587345	27	-1	1000	-1	-1	6	-1	-1	-1	-1	-1	-1	-1	40	0	
69	7145044	2306	-1	21	神秘山匪		60.70034	84.004471	27	-1	1000	-1	-1	6	-1	-1	-1	-1	-1	-1	-1	40	0	
70	7145046	2306	-1	21	神秘山匪		72.659081	84.040573	27	-1	1000	-1	-1	6	-1	-1	-1	-1	-1	-1	-1	40	0	
71	7145048	2306	-1	21	神秘山匪		71.545929	80.987198	27	-1	1000	-1	-1	6	-1	-1	-1	-1	-1	-1	-1	40	0	
72	7145050	2306	-1	21	神秘山匪		62.336113	78.148476	27	-1	1000	-1	-1	6	-1	-1	-1	-1	-1	-1	-1	40	0	
73	7145050	2306	-1	21	神秘山匪		71.061913	78.245316	27	-1	1000	-1	-1	6	-1	-1	-1	-1	-1	-1	-1	40	0	
74	7145066	2306	-1	21	神秘山匪		61.787121	81.250977	27	-1	1000	-1	-1	6	-1	-1	-1	-1	-1	-1	-1	40	0	
75	7145103	2306	-1	21	神秘山匪		84.622345	72.473228	0	-1	1000	-1	-1	6	0	-1	-1	-1	-1	-1	-1	40	0	
76	7145104	2306	-1	21	神秘山匪	 	92.531189	71.808929	18	-1	1000	-1	-1	1	0	-1	-1	-1	-1	-1	-1	40	0	
77	7145113	2306	-1	21	神秘山匪		97.8424	76.840866	27	-1	1000	-1	-1	6	-1	-1	-1	-1	-1	-1	-1	40	0	
78	15052370	2600	101113	-1	楼兰古道	楼兰王国传送人	172.399994	122.800003	20	-1	1000	-1	-1	3	0	-1	-1	-1	-1	-1	-1	40	0	
79	6120598	2301	124500	-1	那哈出	楼兰丞相	102.909294	123.625793	0	-1	1000	-1	-1	3	-1	-1	-1	-1	-1	-1	-1	40	0	
80	6121148	2302	124501	-1	勃列格	楼兰枢密使	104.449364	121.586838	23	-1	1000	-1	-1	3	0	-1	-1	-1	-1	-1	-1	40	0	
81	6122622	2400	124504	-1	楼兰戍边军		130.48616	217.001678	14	-1	1000	-1	-1	3	-1	-1	-1	-1	-1	-1	-1	40	0	
82	6122697	2400	124508	-1	楼兰戍边军		106.679321	129.297775	0	-1	1000	-1	-1	3	-1	-1	-1	-1	-1	-1	-1	40	0	
83	5694641	2400	124509	-1	楼兰戍边军		101.934593	121.839729	0	-1	1000	-1	-1	3	-1	-1	-1	-1	-1	-1	-1	40	0	
84	5694656	2400	124510	-1	楼兰戍边军		101.884239	125.549339	0	-1	1000	-1	-1	3	-1	-1	-1	-1	-1	-1	-1	40	0	
85	5694730	2400	124511	-1	楼兰戍边军		165.489548	110.394928	18	-1	1000	-1	-1	3	0	-1	-1	-1	-1	-1	-1	40	0	
86	5694749	2400	124512	-1	楼兰戍边军		151.911499	109.970703	0	-1	1000	-1	-1	3	0	-1	-1	-1	-1	-1	-1	40	0	
87	5694759	2400	124513	-1	楼兰戍边军		154.104858	142.073029	0	-1	1000	-1	-1	3	0	-1	-1	-1	-1	-1	-1	40	0	
88	7144486	2400	124513	-1	楼兰戍边军		125.851196	212.151321	32	-1	1000	-1	-1	3	0	-1	-1	-1	-1	-1	-1	40	0	
89	5697279	2400	124514	-1	楼兰戍边军		144.896744	119.026886	27	-1	1000	-1	-1	3	-1	-1	-1	-1	-1	-1	-1	40	0	
90	7144496	2400	124514	-1	楼兰戍边军		133.544006	213.725433	14	-1	1000	-1	-1	3	-1	-1	-1	-1	-1	-1	-1	40	0	
91	5697293	2400	124515	-1	楼兰戍边军		144.146042	132.639023	9	-1	1000	-1	-1	3	-1	-1	-1	-1	-1	-1	-1	40	0	
92	7144505	2400	124515	-1	楼兰戍边军		128.770569	209.056702	32	-1	1000	-1	-1	3	0	-1	-1	-1	-1	-1	-1	40	0	
93	7145196	2400	124515	-1	楼兰戍边军		113.751724	120.955017	27	-1	1000	-1	-1	3	-1	-1	-1	-1	-1	-1	-1	40	0	
94	5697338	2400	124516	-1	楼兰戍边军		139.653809	132.258362	9	-1	1000	-1	-1	3	-1	-1	-1	-1	-1	-1	-1	40	0	
95	7144544	2400	124516	-1	楼兰戍边军		107.933426	28.915245	4	-1	1000	-1	-1	3	0	-1	-1	-1	-1	-1	-1	40	0	
96	7144564	2400	124516	-1	楼兰戍边军		117.079605	27.499405	21	-1	1000	-1	-1	3	0	-1	-1	-1	-1	-1	-1	40	0	
97	7145210	2400	124516	-1	楼兰戍边军		110.962418	130.380569	7	-1	1000	-1	-1	3	0	1	-1	-1	-1	-1	-1	40	0	
98	5697345	2400	124517	-1	楼兰戍边军		140.572464	119.495537	27	-1	1000	-1	-1	3	0	-1	-1	-1	-1	-1	-1	40	0	
99	7144553	2400	124517	-1	楼兰戍边军		114.583122	23.851934	21	-1	1000	-1	-1	3	0	-1	-1	-1	-1	-1	-1	40	0	
100	7145452	2400	124517	-1	楼兰戍边军		164.686859	141.92131	18	-1	1000	-1	-1	3	0	-1	-1	-1	-1	-1	-1	40	0	
101	5925960	2400	124521	-1	剌哈答	楼兰戍边军校尉	109.945511	32.165295	4	-1	1000	-1	-1	3	0	-1	-1	-1	-1	-1	-1	40	0	
102	6112161	86	124525	-1	查干	村民	54.987232	216.044983	16	-1	1000	-1	-1	3	-1	-1	-1	-1	-1	-1	-1	40	0	
103	6112168	85	124526	-1	阿来夫	村民	66	211	16	-1	1000	-1	-1	3	-1	-1	-1	-1	-1	-1	-1	40	0	
104	6112173	84	124527	-1	木阔图	木华黎家族	53.145065	216.57608	9	-1	1000	-1	-1	3	-1	-1	-1	-1	-1	-1	-1	40	0	
105	6112472	61	124528	-1	乌兰图娅	木阔图妻子	41.564396	205.330521	2	-1	1000	-1	-1	3	-1	-1	-1	-1	-1	-1	-1	40	0	
106	6112576	305	124529	-1	乌山	木阔图儿子	41.996719	206.165863	3	-1	1000	-1	-1	3	0	-1	-1	-1	-1	-1	-1	40	0	
107	6112694	62	124530	-1	阿茹娜	村民	43.823437	205.290115	19	-1	1000	-1	-1	3	-1	-1	-1	-1	-1	-1	-1	40	0	
108	6112986	62	124534	-1	苏日娜	客栈老板娘	168.593643	115.835045	25	-1	1000	-1	-1	3	-1	-1	-1	-1	-1	-1	-1	40	0	
109	6113039	93	124535	-1	阿拉图	牧马人	171.362823	131.77037	18	-1	1000	-1	-1	3	-1	-1	-1	-1	-1	-1	-1	40	0	
110	6113078	88	124536	-1	拉克申	马贩子	173.945084	126.772537	16	-1	1000	-1	-1	3	-1	-1	-1	-1	-1	-1	-1	40	0	
111	8921579	9779	129747	20	屠城战传送石		215.261505	30.114248	27	-1	30000	-1	-1	3	-1	-1	-1	-1	-1	-1	-1	60	0	
112	8921579	9779	129748	20	屠城战传送石		187.299408	226.799606	9	-1	30000	-1	-1	3	-1	-1	-1	-1	-1	-1	-1	60	0	
113	8921580	207	129720	16	国昭	王国召集人	109.950966	118.135719	27	-1	30000	-1	-1	3	-1	-1	-1	-1	-1	-1	-1	60	0	
114	5791262	2352	125513	-1	佐盛伊	中转商	166	135.5	13	-1	1000	-1	-1	3	-1	-1	-1	-1	-1	-1	-1	40	0	
115	15052373	1320	101536	-1	通往王国迷宫二层	王国迷宫传送	108.260078	133.395935	0	0	10000	-1	-1	3	0	-1	-1	-1	-1	-1	-1	60	0	
116	15052374	1320	124552	20	狩龙	龙魂密探	179	167	18	0	10000	-1	-1	3	0	-1	-1	-1	-1	-1	-1	60	0	
