NUM	NUM	NUM	NUM	NUM	TEXT	TEXT	FLOAT	FLOAT	NUM	NUM	NUM	NUM	NUM	NUM	NUM	NUM	NUM	NUM	NUM	NUM	NUM	NUM	NUM
编号	随机编号	attr编号	逻辑表编号	阵营编号	名称	称号	x轴坐标	z轴坐标	朝向	脚本编号	重生时间	分组编号	队伍编号	基础AI	AI文件	巡逻路径	商店0	商店1	商店2	商店3	名誉ID	等级	镜像组
0	1	4821	144806	20	宁采臣	传送使者	60	60	0	0	10000	-1	-1	3	0	-1	-1	-1	-1	-1	-1	80	0
1	2	18398	-1	21	小蓝		77	74	27	300640	3000	-1	-1	0	-1	-1	-1	-1	-1	-1	-1	60	0
2	3	18398	-1	21	小蓝		77	74	27	300640	3000	-1	-1	0	-1	-1	-1	-1	-1	-1	-1	60	0
3	4	18398	-1	21	小蓝		77	74	27	300640	3000	-1	-1	0	-1	-1	-1	-1	-1	-1	-1	60	0
4	5	18398	-1	21	小蓝		77	74	27	300640	3000	-1	-1	0	-1	-1	-1	-1	-1	-1	-1	60	0
5	6	18398	-1	21	小蓝		77	74	27	300640	3000	-1	-1	0	-1	-1	-1	-1	-1	-1	-1	60	0
6	7	18398	-1	21	小蓝		77	74	27	300640	3000	-1	-1	0	-1	-1	-1	-1	-1	-1	-1	60	0
7	8	18398	-1	21	小蓝		77	74	27	300640	3000	-1	-1	0	-1	-1	-1	-1	-1	-1	-1	60	0
8	9	18398	-1	21	小蓝		77	74	27	300640	3000	-1	-1	0	-1	-1	-1	-1	-1	-1	-1	60	0
9	10	18398	-1	21	小蓝		77	74	27	300640	3000	-1	-1	0	-1	-1	-1	-1	-1	-1	-1	60	0
10	11	18398	-1	21	小蓝		77	74	27	300640	3000	-1	-1	0	-1	-1	-1	-1	-1	-1	-1	60	0
11	12	18398	-1	21	小蓝		77	74	27	300640	3000	-1	-1	0	-1	-1	-1	-1	-1	-1	-1	60	0
12	13	18398	-1	21	小蓝		77	74	27	300640	3000	-1	-1	0	-1	-1	-1	-1	-1	-1	-1	60	0
13	14	18398	-1	21	小蓝		77	74	27	300640	3000	-1	-1	0	-1	-1	-1	-1	-1	-1	-1	60	0
14	15	18398	-1	21	小蓝		77	74	27	300640	3000	-1	-1	0	-1	-1	-1	-1	-1	-1	-1	60	0
15	16	18398	-1	21	小蓝		77	74	27	300640	3000	-1	-1	0	-1	-1	-1	-1	-1	-1	-1	60	0
16	17	18398	-1	21	小蓝		77	74	27	300640	3000	-1	-1	0	-1	-1	-1	-1	-1	-1	-1	60	0
17	18	18398	-1	21	小蓝		77	74	27	300640	3000	-1	-1	0	-1	-1	-1	-1	-1	-1	-1	60	0
18	19	18398	-1	21	小蓝		77	74	27	300640	3000	-1	-1	0	-1	-1	-1	-1	-1	-1	-1	60	0
19	20	18398	-1	21	小蓝		77	74	27	300640	3000	-1	-1	0	-1	-1	-1	-1	-1	-1	-1	60	0
20	21	18398	-1	21	小蓝		77	74	27	300640	3000	-1	-1	0	-1	-1	-1	-1	-1	-1	-1	60	0
21	22	18398	-1	21	小蓝		77	74	27	300640	3000	-1	-1	0	-1	-1	-1	-1	-1	-1	-1	60	0
22	23	18398	-1	21	小蓝		77	74	27	300640	3000	-1	-1	0	-1	-1	-1	-1	-1	-1	-1	60	0
23	24	18398	-1	21	小蓝		77	74	27	300640	3000	-1	-1	0	-1	-1	-1	-1	-1	-1	-1	60	0
24	25	18398	-1	21	小蓝		77	74	27	300640	3000	-1	-1	0	-1	-1	-1	-1	-1	-1	-1	60	0
25	26	18398	-1	21	小蓝		77	74	27	300640	3000	-1	-1	0	-1	-1	-1	-1	-1	-1	-1	60	0
26	27	18398	-1	21	小蓝		77	74	27	300640	3000	-1	-1	0	-1	-1	-1	-1	-1	-1	-1	60	0
27	28	18398	-1	21	小蓝		77	74	27	300640	3000	-1	-1	0	-1	-1	-1	-1	-1	-1	-1	60	0
28	29	18398	-1	21	小蓝		77	74	27	300640	3000	-1	-1	0	-1	-1	-1	-1	-1	-1	-1	60	0
29	30	18398	-1	21	小蓝		77	74	27	300640	3000	-1	-1	0	-1	-1	-1	-1	-1	-1	-1	60	0
30	31	18398	-1	21	小蓝		77	74	27	300640	3000	-1	-1	0	-1	-1	-1	-1	-1	-1	-1	60	0
31	32	18398	-1	21	小蓝		77	74	27	300640	3000	-1	-1	0	-1	-1	-1	-1	-1	-1	-1	60	0
32	33	18398	-1	21	小蓝		77	74	27	300640	3000	-1	-1	0	-1	-1	-1	-1	-1	-1	-1	60	0
33	34	18398	-1	21	小蓝		77	74	27	300640	3000	-1	-1	0	-1	-1	-1	-1	-1	-1	-1	60	0
34	35	18398	-1	21	小蓝		77	74	27	300640	3000	-1	-1	0	-1	-1	-1	-1	-1	-1	-1	60	0
35	36	18398	-1	21	小蓝		77	74	27	300640	3000	-1	-1	0	-1	-1	-1	-1	-1	-1	-1	60	0
36	37	18398	-1	21	小蓝		77	74	27	300640	3000	-1	-1	0	-1	-1	-1	-1	-1	-1	-1	60	0
37	38	18398	-1	21	小蓝		77	74	27	300640	3000	-1	-1	0	-1	-1	-1	-1	-1	-1	-1	60	0
38	39	18398	-1	21	小蓝		77	74	27	300640	3000	-1	-1	0	-1	-1	-1	-1	-1	-1	-1	60	0
39	40	18398	-1	21	小蓝		77	74	27	300640	3000	-1	-1	0	-1	-1	-1	-1	-1	-1	-1	60	0
40	41	18398	-1	21	小蓝		77	74	27	300640	3000	-1	-1	0	-1	-1	-1	-1	-1	-1	-1	65	0
41	42	18398	-1	21	小蓝		55	121	27	300640	3000	-1	-1	0	-1	-1	-1	-1	-1	-1	-1	65	0
42	43	18398	-1	21	小蓝		55	121	27	300640	3000	-1	-1	0	-1	-1	-1	-1	-1	-1	-1	65	0
43	44	18398	-1	21	小蓝		55	121	27	300640	3000	-1	-1	0	-1	-1	-1	-1	-1	-1	-1	65	0
44	45	18398	-1	21	小蓝		55	121	27	300640	3000	-1	-1	0	-1	-1	-1	-1	-1	-1	-1	65	0
45	46	18398	-1	21	小蓝		55	121	27	300640	3000	-1	-1	0	-1	-1	-1	-1	-1	-1	-1	65	0
46	47	18398	-1	21	小蓝		55	121	27	300640	3000	-1	-1	0	-1	-1	-1	-1	-1	-1	-1	65	0
47	48	18398	-1	21	小蓝		55	121	27	300640	3000	-1	-1	0	-1	-1	-1	-1	-1	-1	-1	65	0
48	49	18398	-1	21	小蓝		55	121	27	300640	3000	-1	-1	0	-1	-1	-1	-1	-1	-1	-1	65	0
49	50	18398	-1	21	小蓝		55	121	27	300640	3000	-1	-1	0	-1	-1	-1	-1	-1	-1	-1	65	0
50	51	18398	-1	21	小蓝		55	121	27	300640	3000	-1	-1	0	-1	-1	-1	-1	-1	-1	-1	65	0
51	52	18398	-1	21	小蓝		55	121	27	300640	3000	-1	-1	0	-1	-1	-1	-1	-1	-1	-1	65	0
52	53	18398	-1	21	小蓝		55	121	27	300640	3000	-1	-1	0	-1	-1	-1	-1	-1	-1	-1	65	0
53	54	18398	-1	21	小蓝		55	121	27	300640	3000	-1	-1	0	-1	-1	-1	-1	-1	-1	-1	65	0
54	55	18398	-1	21	小蓝		55	121	27	300640	3000	-1	-1	0	-1	-1	-1	-1	-1	-1	-1	65	0
55	56	18398	-1	21	小蓝		55	121	27	300640	3000	-1	-1	0	-1	-1	-1	-1	-1	-1	-1	65	0
56	57	18398	-1	21	小蓝		55	121	27	300640	3000	-1	-1	0	-1	-1	-1	-1	-1	-1	-1	65	0
57	58	18398	-1	21	小蓝		55	121	27	300640	3000	-1	-1	0	-1	-1	-1	-1	-1	-1	-1	65	0
58	59	18398	-1	21	小蓝		55	121	27	300640	3000	-1	-1	0	-1	-1	-1	-1	-1	-1	-1	65	0
59	60	18398	-1	21	小蓝		55	121	27	300640	3000	-1	-1	0	-1	-1	-1	-1	-1	-1	-1	65	0
60	61	18398	-1	21	小蓝		55	121	27	300640	3000	-1	-1	0	-1	-1	-1	-1	-1	-1	-1	65	0
61	62	18398	-1	21	小蓝		55	121	27	300640	3000	-1	-1	0	-1	-1	-1	-1	-1	-1	-1	65	0
62	63	18398	-1	21	小蓝		55	121	27	300640	3000	-1	-1	0	-1	-1	-1	-1	-1	-1	-1	65	0
63	64	18398	-1	21	小蓝		55	121	27	300640	3000	-1	-1	0	-1	-1	-1	-1	-1	-1	-1	65	0
64	65	18398	-1	21	小蓝		55	121	27	300640	3000	-1	-1	0	-1	-1	-1	-1	-1	-1	-1	65	0
65	66	18398	-1	21	小蓝		55	121	27	300640	3000	-1	-1	0	-1	-1	-1	-1	-1	-1	-1	65	0
66	67	18398	-1	21	小蓝		55	121	27	300640	3000	-1	-1	0	-1	-1	-1	-1	-1	-1	-1	65	0
67	68	18398	-1	21	小蓝		55	121	27	300640	3000	-1	-1	0	-1	-1	-1	-1	-1	-1	-1	65	0
68	69	18398	-1	21	小蓝		55	121	27	300640	3000	-1	-1	0	-1	-1	-1	-1	-1	-1	-1	65	0
69	70	18398	-1	21	小蓝		55	121	27	300640	3000	-1	-1	0	-1	-1	-1	-1	-1	-1	-1	65	0
70	71	18398	-1	21	小蓝		55	121	27	300640	3000	-1	-1	0	-1	-1	-1	-1	-1	-1	-1	65	0
71	72	18398	-1	21	小蓝		55	121	27	300640	3000	-1	-1	0	-1	-1	-1	-1	-1	-1	-1	65	0
72	73	18398	-1	21	小蓝		55	121	27	300640	3000	-1	-1	0	-1	-1	-1	-1	-1	-1	-1	65	0
73	74	18398	-1	21	小蓝		55	121	27	300640	3000	-1	-1	0	-1	-1	-1	-1	-1	-1	-1	65	0
74	75	18398	-1	21	小蓝		55	121	27	300640	3000	-1	-1	0	-1	-1	-1	-1	-1	-1	-1	65	0
75	76	18398	-1	21	小蓝		55	121	27	300640	3000	-1	-1	0	-1	-1	-1	-1	-1	-1	-1	65	0
76	77	18398	-1	21	小蓝		55	121	27	300640	3000	-1	-1	0	-1	-1	-1	-1	-1	-1	-1	65	0
77	78	18398	-1	21	小蓝		55	121	27	300640	3000	-1	-1	0	-1	-1	-1	-1	-1	-1	-1	65	0
78	79	18398	-1	21	小蓝		55	121	27	300640	3000	-1	-1	0	-1	-1	-1	-1	-1	-1	-1	65	0
79	80	18398	-1	21	小蓝		55	121	27	300640	3000	-1	-1	0	-1	-1	-1	-1	-1	-1	-1	65	0
80	81	18398	-1	21	小蓝		55	121	27	300640	3000	-1	-1	0	-1	-1	-1	-1	-1	-1	-1	70	0
81	82	18398	-1	21	小蓝		83	148	27	300640	3000	-1	-1	0	-1	-1	-1	-1	-1	-1	-1	70	0
82	83	18398	-1	21	小蓝		83	148	27	300640	3000	-1	-1	0	-1	-1	-1	-1	-1	-1	-1	70	0
83	84	18398	-1	21	小蓝		83	148	27	300640	3000	-1	-1	0	-1	-1	-1	-1	-1	-1	-1	70	0
84	85	18398	-1	21	小蓝		83	148	27	300640	3000	-1	-1	0	-1	-1	-1	-1	-1	-1	-1	70	0
85	86	18398	-1	21	小蓝		83	148	27	300640	3000	-1	-1	0	-1	-1	-1	-1	-1	-1	-1	70	0
86	87	18398	-1	21	小蓝		83	148	27	300640	3000	-1	-1	0	-1	-1	-1	-1	-1	-1	-1	70	0
87	88	18398	-1	21	小蓝		83	148	27	300640	3000	-1	-1	0	-1	-1	-1	-1	-1	-1	-1	70	0
88	89	18398	-1	21	小蓝		83	148	27	300640	3000	-1	-1	0	-1	-1	-1	-1	-1	-1	-1	70	0
89	90	18398	-1	21	小蓝		83	148	27	300640	3000	-1	-1	0	-1	-1	-1	-1	-1	-1	-1	70	0
90	91	18398	-1	21	小蓝		83	148	27	300640	3000	-1	-1	0	-1	-1	-1	-1	-1	-1	-1	70	0
91	92	18398	-1	21	小蓝		83	148	27	300640	3000	-1	-1	0	-1	-1	-1	-1	-1	-1	-1	70	0
92	93	18398	-1	21	小蓝		83	148	27	300640	3000	-1	-1	0	-1	-1	-1	-1	-1	-1	-1	70	0
93	94	18398	-1	21	小蓝		83	148	27	300640	3000	-1	-1	0	-1	-1	-1	-1	-1	-1	-1	70	0
94	95	18398	-1	21	小蓝		83	148	27	300640	3000	-1	-1	0	-1	-1	-1	-1	-1	-1	-1	70	0
95	96	18398	-1	21	小蓝		83	148	27	300640	3000	-1	-1	0	-1	-1	-1	-1	-1	-1	-1	70	0
96	97	18398	-1	21	小蓝		83	148	27	300640	3000	-1	-1	0	-1	-1	-1	-1	-1	-1	-1	70	0
97	98	18398	-1	21	小蓝		83	148	27	300640	3000	-1	-1	0	-1	-1	-1	-1	-1	-1	-1	70	0
98	99	18398	-1	21	小蓝		83	148	27	300640	3000	-1	-1	0	-1	-1	-1	-1	-1	-1	-1	70	0
99	100	18398	-1	21	小蓝		83	148	27	300640	3000	-1	-1	0	-1	-1	-1	-1	-1	-1	-1	70	0
100	101	18398	-1	21	小蓝		83	148	27	300640	3000	-1	-1	0	-1	-1	-1	-1	-1	-1	-1	70	0
101	102	18398	-1	21	小蓝		83	148	27	300640	3000	-1	-1	0	-1	-1	-1	-1	-1	-1	-1	70	0
102	103	18398	-1	21	小蓝		83	148	27	300640	3000	-1	-1	0	-1	-1	-1	-1	-1	-1	-1	70	0
103	104	18398	-1	21	小蓝		83	148	27	300640	3000	-1	-1	0	-1	-1	-1	-1	-1	-1	-1	70	0
104	105	18398	-1	21	小蓝		83	148	27	300640	3000	-1	-1	0	-1	-1	-1	-1	-1	-1	-1	70	0
105	106	18398	-1	21	小蓝		83	148	27	300640	3000	-1	-1	0	-1	-1	-1	-1	-1	-1	-1	70	0
106	107	18398	-1	21	小蓝		83	148	27	300640	3000	-1	-1	0	-1	-1	-1	-1	-1	-1	-1	70	0
107	108	18398	-1	21	小蓝		83	148	27	300640	3000	-1	-1	0	-1	-1	-1	-1	-1	-1	-1	70	0
108	109	18398	-1	21	小蓝		83	148	27	300640	3000	-1	-1	0	-1	-1	-1	-1	-1	-1	-1	70	0
109	110	18398	-1	21	小蓝		83	148	27	300640	3000	-1	-1	0	-1	-1	-1	-1	-1	-1	-1	70	0
110	111	18398	-1	21	小蓝		83	148	27	300640	3000	-1	-1	0	-1	-1	-1	-1	-1	-1	-1	70	0
111	112	18398	-1	21	小蓝		83	148	27	300640	3000	-1	-1	0	-1	-1	-1	-1	-1	-1	-1	70	0
112	113	18398	-1	21	小蓝		83	148	27	300640	3000	-1	-1	0	-1	-1	-1	-1	-1	-1	-1	70	0
113	114	18398	-1	21	小蓝		83	148	27	300640	3000	-1	-1	0	-1	-1	-1	-1	-1	-1	-1	70	0
114	115	18398	-1	21	小蓝		83	148	27	300640	3000	-1	-1	0	-1	-1	-1	-1	-1	-1	-1	70	0
115	116	18398	-1	21	小蓝		83	148	27	300640	3000	-1	-1	0	-1	-1	-1	-1	-1	-1	-1	70	0
116	117	18398	-1	21	小蓝		83	148	27	300640	3000	-1	-1	0	-1	-1	-1	-1	-1	-1	-1	70	0
117	118	18398	-1	21	小蓝		83	148	27	300640	3000	-1	-1	0	-1	-1	-1	-1	-1	-1	-1	70	0
118	119	18398	-1	21	小蓝		83	148	27	300640	3000	-1	-1	0	-1	-1	-1	-1	-1	-1	-1	70	0
119	120	18398	-1	21	小蓝		83	148	27	300640	3000	-1	-1	0	-1	-1	-1	-1	-1	-1	-1	70	0
120	121	18398	-1	21	小蓝		83	148	27	300640	3000	-1	-1	0	-1	-1	-1	-1	-1	-1	-1	90	0
121	122	18398	-1	21	小蓝		84	198	27	300640	3000	-1	-1	0	-1	-1	-1	-1	-1	-1	-1	90	0
122	123	18398	-1	21	小蓝		84	198	27	300640	3000	-1	-1	0	-1	-1	-1	-1	-1	-1	-1	90	0
123	124	18398	-1	21	小蓝		84	198	27	300640	3000	-1	-1	0	-1	-1	-1	-1	-1	-1	-1	90	0
124	125	18398	-1	21	小蓝		84	198	27	300640	3000	-1	-1	0	-1	-1	-1	-1	-1	-1	-1	90	0
125	126	18398	-1	21	小蓝		84	198	27	300640	3000	-1	-1	0	-1	-1	-1	-1	-1	-1	-1	90	0
126	127	18398	-1	21	小蓝		84	198	27	300640	3000	-1	-1	0	-1	-1	-1	-1	-1	-1	-1	90	0
127	128	18398	-1	21	小蓝		84	198	27	300640	3000	-1	-1	0	-1	-1	-1	-1	-1	-1	-1	90	0
128	129	18398	-1	21	小蓝		84	198	27	300640	3000	-1	-1	0	-1	-1	-1	-1	-1	-1	-1	90	0
129	130	18398	-1	21	小蓝		84	198	27	300640	3000	-1	-1	0	-1	-1	-1	-1	-1	-1	-1	90	0
130	131	18398	-1	21	小蓝		84	198	27	300640	3000	-1	-1	0	-1	-1	-1	-1	-1	-1	-1	90	0
131	132	18398	-1	21	小蓝		84	198	27	300640	3000	-1	-1	0	-1	-1	-1	-1	-1	-1	-1	90	0
132	133	18398	-1	21	小蓝		84	198	27	300640	3000	-1	-1	0	-1	-1	-1	-1	-1	-1	-1	90	0
133	134	18398	-1	21	小蓝		84	198	27	300640	3000	-1	-1	0	-1	-1	-1	-1	-1	-1	-1	90	0
134	135	18398	-1	21	小蓝		84	198	27	300640	3000	-1	-1	0	-1	-1	-1	-1	-1	-1	-1	90	0
135	136	18398	-1	21	小蓝		84	198	27	300640	3000	-1	-1	0	-1	-1	-1	-1	-1	-1	-1	90	0
136	137	18398	-1	21	小蓝		84	198	27	300640	3000	-1	-1	0	-1	-1	-1	-1	-1	-1	-1	90	0
137	138	18398	-1	21	小蓝		84	198	27	300640	3000	-1	-1	0	-1	-1	-1	-1	-1	-1	-1	90	0
138	139	18398	-1	21	小蓝		84	198	27	300640	3000	-1	-1	0	-1	-1	-1	-1	-1	-1	-1	90	0
139	140	18398	-1	21	小蓝		84	198	27	300640	3000	-1	-1	0	-1	-1	-1	-1	-1	-1	-1	90	0
140	141	18398	-1	21	小蓝		84	198	27	300640	3000	-1	-1	0	-1	-1	-1	-1	-1	-1	-1	90	0
141	142	18398	-1	21	小蓝		84	198	27	300640	3000	-1	-1	0	-1	-1	-1	-1	-1	-1	-1	90	0
142	143	18398	-1	21	小蓝		84	198	27	300640	3000	-1	-1	0	-1	-1	-1	-1	-1	-1	-1	90	0
143	144	18398	-1	21	小蓝		84	198	27	300640	3000	-1	-1	0	-1	-1	-1	-1	-1	-1	-1	90	0
144	145	18398	-1	21	小蓝		84	198	27	300640	3000	-1	-1	0	-1	-1	-1	-1	-1	-1	-1	90	0
145	146	18398	-1	21	小蓝		84	198	27	300640	3000	-1	-1	0	-1	-1	-1	-1	-1	-1	-1	90	0
146	147	18398	-1	21	小蓝		84	198	27	300640	3000	-1	-1	0	-1	-1	-1	-1	-1	-1	-1	90	0
147	148	18398	-1	21	小蓝		84	198	27	300640	3000	-1	-1	0	-1	-1	-1	-1	-1	-1	-1	90	0
148	149	18398	-1	21	小蓝		84	198	27	300640	3000	-1	-1	0	-1	-1	-1	-1	-1	-1	-1	90	0
149	150	18398	-1	21	小蓝		84	198	27	300640	3000	-1	-1	0	-1	-1	-1	-1	-1	-1	-1	90	0
150	151	18398	-1	21	小蓝		84	198	27	300640	3000	-1	-1	0	-1	-1	-1	-1	-1	-1	-1	90	0
151	152	18398	-1	21	小蓝		84	198	27	300640	3000	-1	-1	0	-1	-1	-1	-1	-1	-1	-1	90	0
152	153	18398	-1	21	小蓝		84	198	27	300640	3000	-1	-1	0	-1	-1	-1	-1	-1	-1	-1	90	0
153	154	18398	-1	21	小蓝		84	198	27	300640	3000	-1	-1	0	-1	-1	-1	-1	-1	-1	-1	90	0
154	155	18398	-1	21	小蓝		84	198	27	300640	3000	-1	-1	0	-1	-1	-1	-1	-1	-1	-1	90	0
155	156	18398	-1	21	小蓝		84	198	27	300640	3000	-1	-1	0	-1	-1	-1	-1	-1	-1	-1	90	0
156	157	18398	-1	21	小蓝		84	198	27	300640	3000	-1	-1	0	-1	-1	-1	-1	-1	-1	-1	90	0
157	158	18398	-1	21	小蓝		84	198	27	300640	3000	-1	-1	0	-1	-1	-1	-1	-1	-1	-1	90	0
158	159	18398	-1	21	小蓝		84	198	27	300640	3000	-1	-1	0	-1	-1	-1	-1	-1	-1	-1	90	0
159	160	18398	-1	21	小蓝		84	198	27	300640	3000	-1	-1	0	-1	-1	-1	-1	-1	-1	-1	90	0
160	161	18398	-1	21	小蓝		84	198	27	300640	3000	-1	-1	0	-1	-1	-1	-1	-1	-1	-1	100	0
161	162	18398	-1	21	小蓝		102	210	27	300640	3000	-1	-1	0	-1	-1	-1	-1	-1	-1	-1	100	0
162	163	18398	-1	21	小蓝		102	210	27	300640	3000	-1	-1	0	-1	-1	-1	-1	-1	-1	-1	100	0
163	164	18398	-1	21	小蓝		102	210	27	300640	3000	-1	-1	0	-1	-1	-1	-1	-1	-1	-1	100	0
164	165	18398	-1	21	小蓝		102	210	27	300640	3000	-1	-1	0	-1	-1	-1	-1	-1	-1	-1	100	0
165	166	18398	-1	21	小蓝		102	210	27	300640	3000	-1	-1	0	-1	-1	-1	-1	-1	-1	-1	100	0
166	167	18398	-1	21	小蓝		102	210	27	300640	3000	-1	-1	0	-1	-1	-1	-1	-1	-1	-1	100	0
167	168	18398	-1	21	小蓝		102	210	27	300640	3000	-1	-1	0	-1	-1	-1	-1	-1	-1	-1	100	0
168	169	18398	-1	21	小蓝		102	210	27	300640	3000	-1	-1	0	-1	-1	-1	-1	-1	-1	-1	100	0
169	170	18398	-1	21	小蓝		102	210	27	300640	3000	-1	-1	0	-1	-1	-1	-1	-1	-1	-1	100	0
170	171	18398	-1	21	小蓝		102	210	27	300640	3000	-1	-1	0	-1	-1	-1	-1	-1	-1	-1	100	0
171	172	18398	-1	21	小蓝		102	210	27	300640	3000	-1	-1	0	-1	-1	-1	-1	-1	-1	-1	100	0
172	173	18398	-1	21	小蓝		102	210	27	300640	3000	-1	-1	0	-1	-1	-1	-1	-1	-1	-1	100	0
173	174	18398	-1	21	小蓝		102	210	27	300640	3000	-1	-1	0	-1	-1	-1	-1	-1	-1	-1	100	0
174	175	18398	-1	21	小蓝		102	210	27	300640	3000	-1	-1	0	-1	-1	-1	-1	-1	-1	-1	100	0
175	176	18398	-1	21	小蓝		102	210	27	300640	3000	-1	-1	0	-1	-1	-1	-1	-1	-1	-1	100	0
176	177	18398	-1	21	小蓝		102	210	27	300640	3000	-1	-1	0	-1	-1	-1	-1	-1	-1	-1	100	0
177	178	18398	-1	21	小蓝		102	210	27	300640	3000	-1	-1	0	-1	-1	-1	-1	-1	-1	-1	100	0
178	179	18398	-1	21	小蓝		102	210	27	300640	3000	-1	-1	0	-1	-1	-1	-1	-1	-1	-1	100	0
179	180	18398	-1	21	小蓝		102	210	27	300640	3000	-1	-1	0	-1	-1	-1	-1	-1	-1	-1	100	0
180	181	18398	-1	21	小蓝		102	210	27	300640	3000	-1	-1	0	-1	-1	-1	-1	-1	-1	-1	100	0
181	182	18398	-1	21	小蓝		102	210	27	300640	3000	-1	-1	0	-1	-1	-1	-1	-1	-1	-1	100	0
182	183	18398	-1	21	小蓝		102	210	27	300640	3000	-1	-1	0	-1	-1	-1	-1	-1	-1	-1	100	0
183	184	18398	-1	21	小蓝		102	210	27	300640	3000	-1	-1	0	-1	-1	-1	-1	-1	-1	-1	100	0
184	185	18398	-1	21	小蓝		102	210	27	300640	3000	-1	-1	0	-1	-1	-1	-1	-1	-1	-1	100	0
185	186	18398	-1	21	小蓝		102	210	27	300640	3000	-1	-1	0	-1	-1	-1	-1	-1	-1	-1	100	0
186	187	18398	-1	21	小蓝		102	210	27	300640	3000	-1	-1	0	-1	-1	-1	-1	-1	-1	-1	100	0
187	188	18398	-1	21	小蓝		102	210	27	300640	3000	-1	-1	0	-1	-1	-1	-1	-1	-1	-1	100	0
188	189	18398	-1	21	小蓝		102	210	27	300640	3000	-1	-1	0	-1	-1	-1	-1	-1	-1	-1	100	0
189	190	18398	-1	21	小蓝		102	210	27	300640	3000	-1	-1	0	-1	-1	-1	-1	-1	-1	-1	100	0
190	191	18398	-1	21	小蓝		102	210	27	300640	3000	-1	-1	0	-1	-1	-1	-1	-1	-1	-1	100	0
191	192	18398	-1	21	小蓝		102	210	27	300640	3000	-1	-1	0	-1	-1	-1	-1	-1	-1	-1	100	0
192	193	18398	-1	21	小蓝		102	210	27	300640	3000	-1	-1	0	-1	-1	-1	-1	-1	-1	-1	100	0
193	194	18398	-1	21	小蓝		102	210	27	300640	3000	-1	-1	0	-1	-1	-1	-1	-1	-1	-1	100	0
194	195	18398	-1	21	小蓝		102	210	27	300640	3000	-1	-1	0	-1	-1	-1	-1	-1	-1	-1	100	0
195	196	18398	-1	21	小蓝		102	210	27	300640	3000	-1	-1	0	-1	-1	-1	-1	-1	-1	-1	100	0
196	197	18398	-1	21	小蓝		102	210	27	300640	3000	-1	-1	0	-1	-1	-1	-1	-1	-1	-1	100	0
197	198	18398	-1	21	小蓝		102	210	27	300640	3000	-1	-1	0	-1	-1	-1	-1	-1	-1	-1	100	0
198	199	18398	-1	21	小蓝		102	210	27	300640	3000	-1	-1	0	-1	-1	-1	-1	-1	-1	-1	100	0
199	200	18398	-1	21	小蓝		102	210	27	300640	3000	-1	-1	0	-1	-1	-1	-1	-1	-1	-1	100	0
200	201	18398	-1	21	小蓝		102	210	27	300640	3000	-1	-1	0	-1	-1	-1	-1	-1	-1	-1	110	0
201	202	18398	-1	21	小蓝		142	200	27	300640	3000	-1	-1	0	-1	-1	-1	-1	-1	-1	-1	110	0
202	203	18398	-1	21	小蓝		142	200	27	300640	3000	-1	-1	0	-1	-1	-1	-1	-1	-1	-1	110	0
203	204	18398	-1	21	小蓝		142	200	27	300640	3000	-1	-1	0	-1	-1	-1	-1	-1	-1	-1	110	0
204	205	18398	-1	21	小蓝		142	200	27	300640	3000	-1	-1	0	-1	-1	-1	-1	-1	-1	-1	110	0
205	206	18398	-1	21	小蓝		142	200	27	300640	3000	-1	-1	0	-1	-1	-1	-1	-1	-1	-1	110	0
206	207	18398	-1	21	小蓝		142	200	27	300640	3000	-1	-1	0	-1	-1	-1	-1	-1	-1	-1	110	0
207	208	18398	-1	21	小蓝		142	200	27	300640	3000	-1	-1	0	-1	-1	-1	-1	-1	-1	-1	110	0
208	209	18398	-1	21	小蓝		142	200	27	300640	3000	-1	-1	0	-1	-1	-1	-1	-1	-1	-1	110	0
209	210	18398	-1	21	小蓝		142	200	27	300640	3000	-1	-1	0	-1	-1	-1	-1	-1	-1	-1	110	0
210	211	18398	-1	21	小蓝		142	200	27	300640	3000	-1	-1	0	-1	-1	-1	-1	-1	-1	-1	110	0
211	212	18398	-1	21	小蓝		142	200	27	300640	3000	-1	-1	0	-1	-1	-1	-1	-1	-1	-1	110	0
212	213	18398	-1	21	小蓝		142	200	27	300640	3000	-1	-1	0	-1	-1	-1	-1	-1	-1	-1	110	0
213	214	18398	-1	21	小蓝		142	200	27	300640	3000	-1	-1	0	-1	-1	-1	-1	-1	-1	-1	110	0
214	215	18398	-1	21	小蓝		142	200	27	300640	3000	-1	-1	0	-1	-1	-1	-1	-1	-1	-1	110	0
215	216	18398	-1	21	小蓝		142	200	27	300640	3000	-1	-1	0	-1	-1	-1	-1	-1	-1	-1	110	0
216	217	18398	-1	21	小蓝		142	200	27	300640	3000	-1	-1	0	-1	-1	-1	-1	-1	-1	-1	110	0
217	218	18398	-1	21	小蓝		142	200	27	300640	3000	-1	-1	0	-1	-1	-1	-1	-1	-1	-1	110	0
218	219	18398	-1	21	小蓝		142	200	27	300640	3000	-1	-1	0	-1	-1	-1	-1	-1	-1	-1	110	0
219	220	18398	-1	21	小蓝		142	200	27	300640	3000	-1	-1	0	-1	-1	-1	-1	-1	-1	-1	110	0
220	221	18398	-1	21	小蓝		142	200	27	300640	3000	-1	-1	0	-1	-1	-1	-1	-1	-1	-1	110	0
221	222	18398	-1	21	小蓝		142	200	27	300640	3000	-1	-1	0	-1	-1	-1	-1	-1	-1	-1	110	0
222	223	18398	-1	21	小蓝		142	200	27	300640	3000	-1	-1	0	-1	-1	-1	-1	-1	-1	-1	110	0
223	224	18398	-1	21	小蓝		142	200	27	300640	3000	-1	-1	0	-1	-1	-1	-1	-1	-1	-1	110	0
224	225	18398	-1	21	小蓝		142	200	27	300640	3000	-1	-1	0	-1	-1	-1	-1	-1	-1	-1	110	0
225	226	18398	-1	21	小蓝		142	200	27	300640	3000	-1	-1	0	-1	-1	-1	-1	-1	-1	-1	110	0
226	227	18398	-1	21	小蓝		142	200	27	300640	3000	-1	-1	0	-1	-1	-1	-1	-1	-1	-1	110	0
227	228	18398	-1	21	小蓝		142	200	27	300640	3000	-1	-1	0	-1	-1	-1	-1	-1	-1	-1	110	0
228	229	18398	-1	21	小蓝		142	200	27	300640	3000	-1	-1	0	-1	-1	-1	-1	-1	-1	-1	110	0
229	230	18398	-1	21	小蓝		142	200	27	300640	3000	-1	-1	0	-1	-1	-1	-1	-1	-1	-1	110	0
230	231	18398	-1	21	小蓝		142	200	27	300640	3000	-1	-1	0	-1	-1	-1	-1	-1	-1	-1	110	0
231	232	18398	-1	21	小蓝		142	200	27	300640	3000	-1	-1	0	-1	-1	-1	-1	-1	-1	-1	110	0
232	233	18398	-1	21	小蓝		142	200	27	300640	3000	-1	-1	0	-1	-1	-1	-1	-1	-1	-1	110	0
233	234	18398	-1	21	小蓝		142	200	27	300640	3000	-1	-1	0	-1	-1	-1	-1	-1	-1	-1	110	0
234	235	18398	-1	21	小蓝		142	200	27	300640	3000	-1	-1	0	-1	-1	-1	-1	-1	-1	-1	110	0
235	236	18398	-1	21	小蓝		142	200	27	300640	3000	-1	-1	0	-1	-1	-1	-1	-1	-1	-1	110	0
236	237	18398	-1	21	小蓝		142	200	27	300640	3000	-1	-1	0	-1	-1	-1	-1	-1	-1	-1	110	0
237	238	18398	-1	21	小蓝		142	200	27	300640	3000	-1	-1	0	-1	-1	-1	-1	-1	-1	-1	110	0
238	239	18398	-1	21	小蓝		142	200	27	300640	3000	-1	-1	0	-1	-1	-1	-1	-1	-1	-1	110	0
239	240	18398	-1	21	小蓝		142	200	27	300640	3000	-1	-1	0	-1	-1	-1	-1	-1	-1	-1	110	0
240	241	18398	-1	21	小蓝		142	200	27	300640	3000	-1	-1	0	-1	-1	-1	-1	-1	-1	-1	130	0
241	242	18398	-1	21	小蓝		153	185	27	300640	3000	-1	-1	0	-1	-1	-1	-1	-1	-1	-1	130	0
242	243	18398	-1	21	小蓝		153	185	27	300640	3000	-1	-1	0	-1	-1	-1	-1	-1	-1	-1	130	0
243	244	18398	-1	21	小蓝		153	185	27	300640	3000	-1	-1	0	-1	-1	-1	-1	-1	-1	-1	130	0
244	245	18398	-1	21	小蓝		153	185	27	300640	3000	-1	-1	0	-1	-1	-1	-1	-1	-1	-1	130	0
245	246	18398	-1	21	小蓝		153	185	27	300640	3000	-1	-1	0	-1	-1	-1	-1	-1	-1	-1	130	0
246	247	18398	-1	21	小蓝		153	185	27	300640	3000	-1	-1	0	-1	-1	-1	-1	-1	-1	-1	130	0
247	248	18398	-1	21	小蓝		153	185	27	300640	3000	-1	-1	0	-1	-1	-1	-1	-1	-1	-1	130	0
248	249	18398	-1	21	小蓝		153	185	27	300640	3000	-1	-1	0	-1	-1	-1	-1	-1	-1	-1	130	0
249	250	18398	-1	21	小蓝		153	185	27	300640	3000	-1	-1	0	-1	-1	-1	-1	-1	-1	-1	130	0
250	251	18398	-1	21	小蓝		153	185	27	300640	3000	-1	-1	0	-1	-1	-1	-1	-1	-1	-1	130	0
251	252	18398	-1	21	小蓝		153	185	27	300640	3000	-1	-1	0	-1	-1	-1	-1	-1	-1	-1	130	0
252	253	18398	-1	21	小蓝		153	185	27	300640	3000	-1	-1	0	-1	-1	-1	-1	-1	-1	-1	130	0
253	254	18398	-1	21	小蓝		153	185	27	300640	3000	-1	-1	0	-1	-1	-1	-1	-1	-1	-1	130	0
254	255	18398	-1	21	小蓝		153	185	27	300640	3000	-1	-1	0	-1	-1	-1	-1	-1	-1	-1	130	0
255	256	18398	-1	21	小蓝		153	185	27	300640	3000	-1	-1	0	-1	-1	-1	-1	-1	-1	-1	130	0
256	257	18398	-1	21	小蓝		153	185	27	300640	3000	-1	-1	0	-1	-1	-1	-1	-1	-1	-1	130	0
257	258	18398	-1	21	小蓝		153	185	27	300640	3000	-1	-1	0	-1	-1	-1	-1	-1	-1	-1	130	0
258	259	18398	-1	21	小蓝		153	185	27	300640	3000	-1	-1	0	-1	-1	-1	-1	-1	-1	-1	130	0
259	260	18398	-1	21	小蓝		153	185	27	300640	3000	-1	-1	0	-1	-1	-1	-1	-1	-1	-1	130	0
260	261	18398	-1	21	小蓝		153	185	27	300640	3000	-1	-1	0	-1	-1	-1	-1	-1	-1	-1	130	0
261	262	18398	-1	21	小蓝		153	185	27	300640	3000	-1	-1	0	-1	-1	-1	-1	-1	-1	-1	130	0
262	263	18398	-1	21	小蓝		153	185	27	300640	3000	-1	-1	0	-1	-1	-1	-1	-1	-1	-1	130	0
263	264	18398	-1	21	小蓝		153	185	27	300640	3000	-1	-1	0	-1	-1	-1	-1	-1	-1	-1	130	0
264	265	18398	-1	21	小蓝		153	185	27	300640	3000	-1	-1	0	-1	-1	-1	-1	-1	-1	-1	130	0
265	266	18398	-1	21	小蓝		153	185	27	300640	3000	-1	-1	0	-1	-1	-1	-1	-1	-1	-1	130	0
266	267	18398	-1	21	小蓝		153	185	27	300640	3000	-1	-1	0	-1	-1	-1	-1	-1	-1	-1	130	0
267	268	18398	-1	21	小蓝		153	185	27	300640	3000	-1	-1	0	-1	-1	-1	-1	-1	-1	-1	130	0
268	269	18398	-1	21	小蓝		153	185	27	300640	3000	-1	-1	0	-1	-1	-1	-1	-1	-1	-1	130	0
269	270	18398	-1	21	小蓝		153	185	27	300640	3000	-1	-1	0	-1	-1	-1	-1	-1	-1	-1	130	0
270	271	18398	-1	21	小蓝		153	185	27	300640	3000	-1	-1	0	-1	-1	-1	-1	-1	-1	-1	130	0
271	272	18398	-1	21	小蓝		153	185	27	300640	3000	-1	-1	0	-1	-1	-1	-1	-1	-1	-1	130	0
272	273	18398	-1	21	小蓝		153	185	27	300640	3000	-1	-1	0	-1	-1	-1	-1	-1	-1	-1	130	0
273	274	18398	-1	21	小蓝		153	185	27	300640	3000	-1	-1	0	-1	-1	-1	-1	-1	-1	-1	130	0
274	275	18398	-1	21	小蓝		153	185	27	300640	3000	-1	-1	0	-1	-1	-1	-1	-1	-1	-1	130	0
275	276	18398	-1	21	小蓝		153	185	27	300640	3000	-1	-1	0	-1	-1	-1	-1	-1	-1	-1	130	0
276	277	18398	-1	21	小蓝		153	185	27	300640	3000	-1	-1	0	-1	-1	-1	-1	-1	-1	-1	130	0
277	278	18398	-1	21	小蓝		153	185	27	300640	3000	-1	-1	0	-1	-1	-1	-1	-1	-1	-1	130	0
278	279	18398	-1	21	小蓝		153	185	27	300640	3000	-1	-1	0	-1	-1	-1	-1	-1	-1	-1	130	0
279	280	18398	-1	21	小蓝		153	185	27	300640	3000	-1	-1	0	-1	-1	-1	-1	-1	-1	-1	130	0
280	281	18398	-1	21	小蓝		153	185	27	300640	3000	-1	-1	0	-1	-1	-1	-1	-1	-1	-1	130	0
