NUM	NUM	NUM	NUM	NUM	TEXT	TEXT	FLOAT	FLOAT	NUM	NUM	NUM	NUM	NUM	NUM	NUM	NUM	NUM	NUM	NUM	NUM	NUM	NUM	NUM
编号	随机编号	attr编号	逻辑表编号	阵营编号	名称	称号	x轴坐标	z轴坐标	朝向	脚本编号	重生时间	分组编号	队伍编号	基础AI	AI文件	巡逻路径	商店0	商店1	商店2	商店3	名誉ID	等级	镜像组
0	1	65339	-1	21	金国勇士		205	70	0	0	10000	-1	-1	1	0	-1	-1	-1	-1	-1	-1	70	0
1	2	65339	-1	21	金国勇士		205	70	0	0	10000	-1	-1	1	0	-1	-1	-1	-1	-1	-1	70	0
2	3	65339	-1	21	金国勇士		205	70	0	0	10000	-1	-1	1	0	-1	-1	-1	-1	-1	-1	70	0
3	4	65339	-1	21	金国勇士		205	70	0	0	10000	-1	-1	1	0	-1	-1	-1	-1	-1	-1	70	0
4	5	65339	-1	21	金国勇士		205	70	0	0	10000	-1	-1	1	0	-1	-1	-1	-1	-1	-1	70	0
5	6	65339	-1	21	金国勇士		205	70	0	0	10000	-1	-1	1	0	-1	-1	-1	-1	-1	-1	70	0
6	7	65339	-1	21	金国勇士		205	70	0	0	10000	-1	-1	1	0	-1	-1	-1	-1	-1	-1	70	0
7	8	65339	-1	21	金国勇士		205	70	0	0	10000	-1	-1	1	0	-1	-1	-1	-1	-1	-1	70	0
8	9	65339	-1	21	金国勇士		205	70	0	0	10000	-1	-1	1	0	-1	-1	-1	-1	-1	-1	70	0
9	10	65339	-1	21	金国勇士		205	70	0	0	10000	-1	-1	1	0	-1	-1	-1	-1	-1	-1	70	0
10	11	65339	-1	21	金国勇士		205	70	0	0	10000	-1	-1	1	0	-1	-1	-1	-1	-1	-1	70	0
11	12	65339	-1	21	金国勇士		205	70	0	0	10000	-1	-1	1	0	-1	-1	-1	-1	-1	-1	70	0
12	13	65339	-1	21	金国勇士		235	70	0	0	10000	-1	-1	1	0	-1	-1	-1	-1	-1	-1	70	0
13	14	65339	-1	21	金国勇士		235	70	0	0	10000	-1	-1	1	0	-1	-1	-1	-1	-1	-1	70	0
14	15	65339	-1	21	金国勇士		235	70	0	0	10000	-1	-1	1	0	-1	-1	-1	-1	-1	-1	70	0
15	16	65339	-1	21	金国勇士		235	70	0	0	10000	-1	-1	1	0	-1	-1	-1	-1	-1	-1	70	0
16	17	65339	-1	21	金国勇士		235	70	0	0	10000	-1	-1	1	0	-1	-1	-1	-1	-1	-1	70	0
17	18	65339	-1	21	金国勇士		235	70	0	0	10000	-1	-1	1	0	-1	-1	-1	-1	-1	-1	70	0
18	19	65339	-1	21	金国勇士		235	70	0	0	10000	-1	-1	1	0	-1	-1	-1	-1	-1	-1	70	0
19	20	65339	-1	21	金国勇士		235	70	0	0	10000	-1	-1	1	0	-1	-1	-1	-1	-1	-1	70	0
20	21	65339	-1	21	金国勇士		235	70	0	0	10000	-1	-1	1	0	-1	-1	-1	-1	-1	-1	70	0
21	22	65339	-1	21	金国勇士		235	70	0	0	10000	-1	-1	1	0	-1	-1	-1	-1	-1	-1	70	0
22	23	65339	-1	21	金国勇士		235	70	0	0	10000	-1	-1	1	0	-1	-1	-1	-1	-1	-1	70	0
23	24	65339	-1	21	金国勇士		235	70	0	0	10000	-1	-1	1	0	-1	-1	-1	-1	-1	-1	70	0
24	25	65339	-1	21	金国勇士		235	104	0	0	10000	-1	-1	1	0	-1	-1	-1	-1	-1	-1	70	0
25	26	65339	-1	21	金国勇士		235	104	0	0	10000	-1	-1	1	0	-1	-1	-1	-1	-1	-1	70	0
26	27	65339	-1	21	金国勇士		235	104	0	0	10000	-1	-1	1	0	-1	-1	-1	-1	-1	-1	70	0
27	28	65339	-1	21	金国勇士		235	104	0	0	10000	-1	-1	1	0	-1	-1	-1	-1	-1	-1	70	0
28	29	65339	-1	21	金国勇士		235	104	0	0	10000	-1	-1	1	0	-1	-1	-1	-1	-1	-1	70	0
29	30	65339	-1	21	金国勇士		235	104	0	0	10000	-1	-1	1	0	-1	-1	-1	-1	-1	-1	70	0
30	31	65339	-1	21	金国勇士		235	104	0	0	10000	-1	-1	1	0	-1	-1	-1	-1	-1	-1	70	0
31	32	65339	-1	21	金国勇士		235	104	0	0	10000	-1	-1	1	0	-1	-1	-1	-1	-1	-1	70	0
32	33	65339	-1	21	金国勇士		235	104	0	0	10000	-1	-1	1	0	-1	-1	-1	-1	-1	-1	70	0
33	34	65339	-1	21	金国勇士		235	104	0	0	10000	-1	-1	1	0	-1	-1	-1	-1	-1	-1	70	0
34	35	65339	-1	21	金国勇士		235	104	0	0	10000	-1	-1	1	0	-1	-1	-1	-1	-1	-1	70	0
35	36	65339	-1	21	金国勇士		235	104	0	0	10000	-1	-1	1	0	-1	-1	-1	-1	-1	-1	70	0
36	37	65339	-1	21	金国勇士		235	137	0	0	10000	-1	-1	1	0	-1	-1	-1	-1	-1	-1	70	0
37	38	65339	-1	21	金国勇士		235	137	0	0	10000	-1	-1	1	0	-1	-1	-1	-1	-1	-1	70	0
38	39	65339	-1	21	金国勇士		235	137	0	0	10000	-1	-1	1	0	-1	-1	-1	-1	-1	-1	70	0
39	40	65339	-1	21	金国勇士		235	137	0	0	10000	-1	-1	1	0	-1	-1	-1	-1	-1	-1	70	0
40	41	65339	-1	21	金国勇士		235	137	0	0	10000	-1	-1	1	0	-1	-1	-1	-1	-1	-1	70	0
41	42	65339	-1	21	金国勇士		235	137	0	0	10000	-1	-1	1	0	-1	-1	-1	-1	-1	-1	70	0
42	43	65339	-1	21	金国勇士		235	137	0	0	10000	-1	-1	1	0	-1	-1	-1	-1	-1	-1	70	0
43	44	65339	-1	21	金国勇士		235	137	0	0	10000	-1	-1	1	0	-1	-1	-1	-1	-1	-1	70	0
44	45	65339	-1	21	金国勇士		235	137	0	0	10000	-1	-1	1	0	-1	-1	-1	-1	-1	-1	70	0
45	46	65339	-1	21	金国勇士		235	137	0	0	10000	-1	-1	1	0	-1	-1	-1	-1	-1	-1	70	0
46	47	65339	-1	21	金国勇士		235	137	0	0	10000	-1	-1	1	0	-1	-1	-1	-1	-1	-1	70	0
47	48	65339	-1	21	金国勇士		235	137	0	0	10000	-1	-1	1	0	-1	-1	-1	-1	-1	-1	70	0
48	49	65339	-1	21	金国勇士		187	125	0	0	10000	-1	-1	1	0	-1	-1	-1	-1	-1	-1	70	0
49	50	65339	-1	21	金国勇士		187	125	0	0	10000	-1	-1	1	0	-1	-1	-1	-1	-1	-1	70	0
50	51	65339	-1	21	金国勇士		187	125	0	0	10000	-1	-1	1	0	-1	-1	-1	-1	-1	-1	70	0
51	52	65339	-1	21	金国勇士		187	125	0	0	10000	-1	-1	1	0	-1	-1	-1	-1	-1	-1	70	0
52	53	65339	-1	21	金国勇士		187	125	0	0	10000	-1	-1	1	0	-1	-1	-1	-1	-1	-1	70	0
53	54	65339	-1	21	金国勇士		187	125	0	0	10000	-1	-1	1	0	-1	-1	-1	-1	-1	-1	70	0
54	55	65339	-1	21	金国勇士		187	125	0	0	10000	-1	-1	1	0	-1	-1	-1	-1	-1	-1	70	0
55	56	65339	-1	21	金国勇士		187	125	0	0	10000	-1	-1	1	0	-1	-1	-1	-1	-1	-1	70	0
56	57	65339	-1	21	金国勇士		187	125	0	0	10000	-1	-1	1	0	-1	-1	-1	-1	-1	-1	70	0
57	58	65339	-1	21	金国勇士		187	108	0	0	10000	-1	-1	1	0	-1	-1	-1	-1	-1	-1	70	0
58	59	65339	-1	21	金国勇士		187	108	0	0	10000	-1	-1	1	0	-1	-1	-1	-1	-1	-1	70	0
59	60	65339	-1	21	金国勇士		187	108	0	0	10000	-1	-1	1	0	-1	-1	-1	-1	-1	-1	70	0
60	61	65339	-1	21	金国勇士		187	108	0	0	10000	-1	-1	1	0	-1	-1	-1	-1	-1	-1	70	0
61	62	65339	-1	21	金国勇士		187	108	0	0	10000	-1	-1	1	0	-1	-1	-1	-1	-1	-1	70	0
62	63	65339	-1	21	金国勇士		187	108	0	0	10000	-1	-1	1	0	-1	-1	-1	-1	-1	-1	70	0
63	64	65339	-1	21	金国勇士		187	108	0	0	10000	-1	-1	1	0	-1	-1	-1	-1	-1	-1	70	0
64	65	65339	-1	21	金国勇士		187	108	0	0	10000	-1	-1	1	0	-1	-1	-1	-1	-1	-1	70	0
65	66	65339	-1	21	金国勇士		187	108	0	0	10000	-1	-1	1	0	-1	-1	-1	-1	-1	-1	70	0
66	67	65339	-1	21	金国勇士		200	108	0	0	10000	-1	-1	1	0	-1	-1	-1	-1	-1	-1	70	0
67	68	65339	-1	21	金国勇士		200	108	0	0	10000	-1	-1	1	0	-1	-1	-1	-1	-1	-1	70	0
68	69	65339	-1	21	金国勇士		200	108	0	0	10000	-1	-1	1	0	-1	-1	-1	-1	-1	-1	70	0
69	70	65339	-1	21	金国勇士		200	108	0	0	10000	-1	-1	1	0	-1	-1	-1	-1	-1	-1	70	0
70	71	65339	-1	21	金国勇士		200	108	0	0	10000	-1	-1	1	0	-1	-1	-1	-1	-1	-1	70	0
71	72	65339	-1	21	金国勇士		200	108	0	0	10000	-1	-1	1	0	-1	-1	-1	-1	-1	-1	70	0
72	73	65339	-1	21	金国勇士		200	108	0	0	10000	-1	-1	1	0	-1	-1	-1	-1	-1	-1	70	0
73	74	65339	-1	21	金国勇士		200	108	0	0	10000	-1	-1	1	0	-1	-1	-1	-1	-1	-1	70	0
74	75	65339	-1	21	金国勇士		200	108	0	0	10000	-1	-1	1	0	-1	-1	-1	-1	-1	-1	70	0
75	76	65339	-1	21	金国勇士		200	125	0	0	10000	-1	-1	1	0	-1	-1	-1	-1	-1	-1	70	0
76	77	65339	-1	21	金国勇士		200	125	0	0	10000	-1	-1	1	0	-1	-1	-1	-1	-1	-1	70	0
77	78	65339	-1	21	金国勇士		200	125	0	0	10000	-1	-1	1	0	-1	-1	-1	-1	-1	-1	70	0
78	79	65339	-1	21	金国勇士		200	125	0	0	10000	-1	-1	1	0	-1	-1	-1	-1	-1	-1	70	0
79	80	65339	-1	21	金国勇士		200	125	0	0	10000	-1	-1	1	0	-1	-1	-1	-1	-1	-1	70	0
80	81	65339	-1	21	金国勇士		200	125	0	0	10000	-1	-1	1	0	-1	-1	-1	-1	-1	-1	70	0
81	82	65339	-1	21	金国勇士		200	125	0	0	10000	-1	-1	1	0	-1	-1	-1	-1	-1	-1	70	0
82	83	65339	-1	21	金国勇士		200	125	0	0	10000	-1	-1	1	0	-1	-1	-1	-1	-1	-1	70	0
83	84	65339	-1	21	金国勇士		200	125	0	0	10000	-1	-1	1	0	-1	-1	-1	-1	-1	-1	70	0
84	85	65339	-1	21	金国勇士		235	144	0	0	10000	-1	-1	1	0	-1	-1	-1	-1	-1	-1	70	0
85	86	65339	-1	21	金国勇士		235	144	0	0	10000	-1	-1	1	0	-1	-1	-1	-1	-1	-1	70	0
86	87	65339	-1	21	金国勇士		235	144	0	0	10000	-1	-1	1	0	-1	-1	-1	-1	-1	-1	70	0
87	88	65339	-1	21	金国勇士		235	144	0	0	10000	-1	-1	1	0	-1	-1	-1	-1	-1	-1	70	0
88	89	65339	-1	21	金国勇士		235	144	0	0	10000	-1	-1	1	0	-1	-1	-1	-1	-1	-1	70	0
89	90	65339	-1	21	金国勇士		235	144	0	0	10000	-1	-1	1	0	-1	-1	-1	-1	-1	-1	70	0
90	91	65339	-1	21	金国勇士		235	144	0	0	10000	-1	-1	1	0	-1	-1	-1	-1	-1	-1	70	0
91	92	65339	-1	21	金国勇士		235	144	0	0	10000	-1	-1	1	0	-1	-1	-1	-1	-1	-1	70	0
92	93	65339	-1	21	金国勇士		235	144	0	0	10000	-1	-1	1	0	-1	-1	-1	-1	-1	-1	70	0
93	94	65339	-1	21	金国勇士		235	144	0	0	10000	-1	-1	1	0	-1	-1	-1	-1	-1	-1	70	0
94	95	65339	-1	21	金国勇士		235	144	0	0	10000	-1	-1	1	0	-1	-1	-1	-1	-1	-1	70	0
95	96	65339	-1	21	金国勇士		235	144	0	0	10000	-1	-1	1	0	-1	-1	-1	-1	-1	-1	70	0
96	97	65339	-1	21	金国勇士		235	165	0	0	10000	-1	-1	1	0	-1	-1	-1	-1	-1	-1	70	0
97	98	65339	-1	21	金国勇士		235	165	0	0	10000	-1	-1	1	0	-1	-1	-1	-1	-1	-1	70	0
98	99	65339	-1	21	金国勇士		235	165	0	0	10000	-1	-1	1	0	-1	-1	-1	-1	-1	-1	70	0
99	100	65339	-1	21	金国勇士		235	165	0	0	10000	-1	-1	1	0	-1	-1	-1	-1	-1	-1	70	0
100	101	65339	-1	21	金国勇士		235	165	0	0	10000	-1	-1	1	0	-1	-1	-1	-1	-1	-1	70	0
101	102	65339	-1	21	金国勇士		235	165	0	0	10000	-1	-1	1	0	-1	-1	-1	-1	-1	-1	70	0
102	103	65339	-1	21	金国勇士		235	165	0	0	10000	-1	-1	1	0	-1	-1	-1	-1	-1	-1	70	0
103	104	65339	-1	21	金国勇士		235	165	0	0	10000	-1	-1	1	0	-1	-1	-1	-1	-1	-1	70	0
104	105	65339	-1	21	金国勇士		235	165	0	0	10000	-1	-1	1	0	-1	-1	-1	-1	-1	-1	70	0
105	106	65339	-1	21	金国勇士		235	165	0	0	10000	-1	-1	1	0	-1	-1	-1	-1	-1	-1	70	0
106	107	65339	-1	21	金国勇士		235	165	0	0	10000	-1	-1	1	0	-1	-1	-1	-1	-1	-1	70	0
107	108	65339	-1	21	金国勇士		235	165	0	0	10000	-1	-1	1	0	-1	-1	-1	-1	-1	-1	70	0
108	109	65339	-1	21	金国勇士		217	165	0	0	10000	-1	-1	1	0	-1	-1	-1	-1	-1	-1	70	0
109	110	65339	-1	21	金国勇士		217	165	0	0	10000	-1	-1	1	0	-1	-1	-1	-1	-1	-1	70	0
110	111	65339	-1	21	金国勇士		217	165	0	0	10000	-1	-1	1	0	-1	-1	-1	-1	-1	-1	70	0
111	112	65339	-1	21	金国勇士		217	165	0	0	10000	-1	-1	1	0	-1	-1	-1	-1	-1	-1	70	0
112	113	65339	-1	21	金国勇士		217	165	0	0	10000	-1	-1	1	0	-1	-1	-1	-1	-1	-1	70	0
113	114	65339	-1	21	金国勇士		217	165	0	0	10000	-1	-1	1	0	-1	-1	-1	-1	-1	-1	70	0
114	115	65339	-1	21	金国勇士		217	165	0	0	10000	-1	-1	1	0	-1	-1	-1	-1	-1	-1	70	0
115	116	65339	-1	21	金国勇士		217	165	0	0	10000	-1	-1	1	0	-1	-1	-1	-1	-1	-1	70	0
116	117	65339	-1	21	金国勇士		217	165	0	0	10000	-1	-1	1	0	-1	-1	-1	-1	-1	-1	70	0
117	118	65339	-1	21	金国勇士		217	165	0	0	10000	-1	-1	1	0	-1	-1	-1	-1	-1	-1	70	0
118	119	65339	-1	21	金国勇士		217	165	0	0	10000	-1	-1	1	0	-1	-1	-1	-1	-1	-1	70	0
119	120	65339	-1	21	金国勇士		217	165	0	0	10000	-1	-1	1	0	-1	-1	-1	-1	-1	-1	70	0
120	121	65339	-1	21	金国勇士		200	165	0	0	10000	-1	-1	1	0	-1	-1	-1	-1	-1	-1	70	0
121	122	65339	-1	21	金国勇士		200	165	0	0	10000	-1	-1	1	0	-1	-1	-1	-1	-1	-1	70	0
122	123	65339	-1	21	金国勇士		200	165	0	0	10000	-1	-1	1	0	-1	-1	-1	-1	-1	-1	70	0
123	124	65339	-1	21	金国勇士		200	165	0	0	10000	-1	-1	1	0	-1	-1	-1	-1	-1	-1	70	0
124	125	65339	-1	21	金国勇士		200	165	0	0	10000	-1	-1	1	0	-1	-1	-1	-1	-1	-1	70	0
125	126	65339	-1	21	金国勇士		200	165	0	0	10000	-1	-1	1	0	-1	-1	-1	-1	-1	-1	70	0
126	127	65339	-1	21	金国勇士		200	165	0	0	10000	-1	-1	1	0	-1	-1	-1	-1	-1	-1	70	0
127	128	65339	-1	21	金国勇士		200	165	0	0	10000	-1	-1	1	0	-1	-1	-1	-1	-1	-1	70	0
128	129	65339	-1	21	金国勇士		200	165	0	0	10000	-1	-1	1	0	-1	-1	-1	-1	-1	-1	70	0
129	130	65339	-1	21	金国勇士		200	165	0	0	10000	-1	-1	1	0	-1	-1	-1	-1	-1	-1	70	0
130	131	65339	-1	21	金国勇士		200	165	0	0	10000	-1	-1	1	0	-1	-1	-1	-1	-1	-1	70	0
131	132	65339	-1	21	金国勇士		200	165	0	0	10000	-1	-1	1	0	-1	-1	-1	-1	-1	-1	70	0
132	133	65339	-1	21	金国勇士		179	183	0	0	10000	-1	-1	1	0	-1	-1	-1	-1	-1	-1	70	0
133	134	65339	-1	21	金国勇士		179	183	0	0	10000	-1	-1	1	0	-1	-1	-1	-1	-1	-1	70	0
134	135	65339	-1	21	金国勇士		179	183	0	0	10000	-1	-1	1	0	-1	-1	-1	-1	-1	-1	70	0
135	136	65339	-1	21	金国勇士		179	183	0	0	10000	-1	-1	1	0	-1	-1	-1	-1	-1	-1	70	0
136	137	65339	-1	21	金国勇士		179	183	0	0	10000	-1	-1	1	0	-1	-1	-1	-1	-1	-1	70	0
137	138	65339	-1	21	金国勇士		179	183	0	0	10000	-1	-1	1	0	-1	-1	-1	-1	-1	-1	70	0
138	139	65339	-1	21	金国勇士		179	183	0	0	10000	-1	-1	1	0	-1	-1	-1	-1	-1	-1	70	0
139	140	65339	-1	21	金国勇士		179	183	0	0	10000	-1	-1	1	0	-1	-1	-1	-1	-1	-1	70	0
140	141	65339	-1	21	金国勇士		179	183	0	0	10000	-1	-1	1	0	-1	-1	-1	-1	-1	-1	70	0
141	142	65339	-1	21	金国勇士		179	183	0	0	10000	-1	-1	1	0	-1	-1	-1	-1	-1	-1	70	0
142	143	65339	-1	21	金国勇士		179	183	0	0	10000	-1	-1	1	0	-1	-1	-1	-1	-1	-1	70	0
143	144	65339	-1	21	金国勇士		179	183	0	0	10000	-1	-1	1	0	-1	-1	-1	-1	-1	-1	70	0
144	145	65339	-1	21	金国勇士		179	210	0	0	10000	-1	-1	1	0	-1	-1	-1	-1	-1	-1	70	0
145	146	65339	-1	21	金国勇士		179	210	0	0	10000	-1	-1	1	0	-1	-1	-1	-1	-1	-1	70	0
146	147	65339	-1	21	金国勇士		179	210	0	0	10000	-1	-1	1	0	-1	-1	-1	-1	-1	-1	70	0
147	148	65339	-1	21	金国勇士		179	210	0	0	10000	-1	-1	1	0	-1	-1	-1	-1	-1	-1	70	0
148	149	65339	-1	21	金国勇士		179	210	0	0	10000	-1	-1	1	0	-1	-1	-1	-1	-1	-1	70	0
149	150	65339	-1	21	金国勇士		179	210	0	0	10000	-1	-1	1	0	-1	-1	-1	-1	-1	-1	70	0
150	151	65339	-1	21	金国勇士		179	210	0	0	10000	-1	-1	1	0	-1	-1	-1	-1	-1	-1	70	0
151	152	65339	-1	21	金国勇士		179	210	0	0	10000	-1	-1	1	0	-1	-1	-1	-1	-1	-1	70	0
152	153	65339	-1	21	金国勇士		179	210	0	0	10000	-1	-1	1	0	-1	-1	-1	-1	-1	-1	70	0
153	154	65339	-1	21	金国勇士		179	210	0	0	10000	-1	-1	1	0	-1	-1	-1	-1	-1	-1	70	0
154	155	65339	-1	21	金国勇士		179	210	0	0	10000	-1	-1	1	0	-1	-1	-1	-1	-1	-1	70	0
155	156	65339	-1	21	金国勇士		179	210	0	0	10000	-1	-1	1	0	-1	-1	-1	-1	-1	-1	70	0
156	157	65339	-1	21	金国勇士		228	202	0	0	10000	-1	-1	1	0	-1	-1	-1	-1	-1	-1	70	0
157	158	65339	-1	21	金国勇士		228	202	0	0	10000	-1	-1	1	0	-1	-1	-1	-1	-1	-1	70	0
158	159	65339	-1	21	金国勇士		228	202	0	0	10000	-1	-1	1	0	-1	-1	-1	-1	-1	-1	70	0
159	160	65339	-1	21	金国勇士		228	202	0	0	10000	-1	-1	1	0	-1	-1	-1	-1	-1	-1	70	0
160	161	65339	-1	21	金国勇士		228	202	0	0	10000	-1	-1	1	0	-1	-1	-1	-1	-1	-1	70	0
161	162	65339	-1	21	金国勇士		228	202	0	0	10000	-1	-1	1	0	-1	-1	-1	-1	-1	-1	70	0
162	163	65339	-1	21	金国勇士		228	202	0	0	10000	-1	-1	1	0	-1	-1	-1	-1	-1	-1	70	0
163	164	65339	-1	21	金国勇士		228	202	0	0	10000	-1	-1	1	0	-1	-1	-1	-1	-1	-1	70	0
164	165	65339	-1	21	金国勇士		228	202	0	0	10000	-1	-1	1	0	-1	-1	-1	-1	-1	-1	70	0
165	166	65339	-1	21	金国勇士		228	218	0	0	10000	-1	-1	1	0	-1	-1	-1	-1	-1	-1	70	0
166	167	65339	-1	21	金国勇士		228	218	0	0	10000	-1	-1	1	0	-1	-1	-1	-1	-1	-1	70	0
167	168	65339	-1	21	金国勇士		228	218	0	0	10000	-1	-1	1	0	-1	-1	-1	-1	-1	-1	70	0
168	169	65339	-1	21	金国勇士		228	218	0	0	10000	-1	-1	1	0	-1	-1	-1	-1	-1	-1	70	0
169	170	65339	-1	21	金国勇士		228	218	0	0	10000	-1	-1	1	0	-1	-1	-1	-1	-1	-1	70	0
170	171	65339	-1	21	金国勇士		228	218	0	0	10000	-1	-1	1	0	-1	-1	-1	-1	-1	-1	70	0
171	172	65339	-1	21	金国勇士		228	218	0	0	10000	-1	-1	1	0	-1	-1	-1	-1	-1	-1	70	0
172	173	65339	-1	21	金国勇士		228	218	0	0	10000	-1	-1	1	0	-1	-1	-1	-1	-1	-1	70	0
173	174	65339	-1	21	金国勇士		228	218	0	0	10000	-1	-1	1	0	-1	-1	-1	-1	-1	-1	70	0
174	175	65339	-1	21	金国勇士		210	202	0	0	10000	-1	-1	1	0	-1	-1	-1	-1	-1	-1	70	0
175	176	65339	-1	21	金国勇士		210	202	0	0	10000	-1	-1	1	0	-1	-1	-1	-1	-1	-1	70	0
176	177	65339	-1	21	金国勇士		210	202	0	0	10000	-1	-1	1	0	-1	-1	-1	-1	-1	-1	70	0
177	178	65339	-1	21	金国勇士		210	202	0	0	10000	-1	-1	1	0	-1	-1	-1	-1	-1	-1	70	0
178	179	65339	-1	21	金国勇士		210	202	0	0	10000	-1	-1	1	0	-1	-1	-1	-1	-1	-1	70	0
179	180	65339	-1	21	金国勇士		210	202	0	0	10000	-1	-1	1	0	-1	-1	-1	-1	-1	-1	70	0
180	181	65339	-1	21	金国勇士		210	202	0	0	10000	-1	-1	1	0	-1	-1	-1	-1	-1	-1	70	0
181	182	65339	-1	21	金国勇士		210	202	0	0	10000	-1	-1	1	0	-1	-1	-1	-1	-1	-1	70	0
182	183	65339	-1	21	金国勇士		210	202	0	0	10000	-1	-1	1	0	-1	-1	-1	-1	-1	-1	70	0
183	184	65339	-1	21	金国勇士		210	218	0	0	10000	-1	-1	1	0	-1	-1	-1	-1	-1	-1	70	0
184	185	65339	-1	21	金国勇士		210	218	0	0	10000	-1	-1	1	0	-1	-1	-1	-1	-1	-1	70	0
185	186	65339	-1	21	金国勇士		210	218	0	0	10000	-1	-1	1	0	-1	-1	-1	-1	-1	-1	70	0
186	187	65339	-1	21	金国勇士		210	218	0	0	10000	-1	-1	1	0	-1	-1	-1	-1	-1	-1	70	0
187	188	65339	-1	21	金国勇士		210	218	0	0	10000	-1	-1	1	0	-1	-1	-1	-1	-1	-1	70	0
188	189	65339	-1	21	金国勇士		210	218	0	0	10000	-1	-1	1	0	-1	-1	-1	-1	-1	-1	70	0
189	190	65339	-1	21	金国勇士		210	218	0	0	10000	-1	-1	1	0	-1	-1	-1	-1	-1	-1	70	0
190	191	65339	-1	21	金国勇士		210	218	0	0	10000	-1	-1	1	0	-1	-1	-1	-1	-1	-1	70	0
191	192	65339	-1	21	金国勇士		210	218	0	0	10000	-1	-1	1	0	-1	-1	-1	-1	-1	-1	70	0
192	193	65339	-1	21	金国勇士		178	233	0	0	10000	-1	-1	1	0	-1	-1	-1	-1	-1	-1	70	0
193	194	65339	-1	21	金国勇士		178	233	0	0	10000	-1	-1	1	0	-1	-1	-1	-1	-1	-1	70	0
194	195	65339	-1	21	金国勇士		178	233	0	0	10000	-1	-1	1	0	-1	-1	-1	-1	-1	-1	70	0
195	196	65339	-1	21	金国勇士		178	233	0	0	10000	-1	-1	1	0	-1	-1	-1	-1	-1	-1	70	0
196	197	65339	-1	21	金国勇士		178	233	0	0	10000	-1	-1	1	0	-1	-1	-1	-1	-1	-1	70	0
197	198	65339	-1	21	金国勇士		178	233	0	0	10000	-1	-1	1	0	-1	-1	-1	-1	-1	-1	70	0
198	199	65339	-1	21	金国勇士		178	233	0	0	10000	-1	-1	1	0	-1	-1	-1	-1	-1	-1	70	0
199	200	65339	-1	21	金国勇士		178	233	0	0	10000	-1	-1	1	0	-1	-1	-1	-1	-1	-1	70	0
200	201	65339	-1	21	金国勇士		178	233	0	0	10000	-1	-1	1	0	-1	-1	-1	-1	-1	-1	70	0
201	202	65339	-1	21	金国勇士		178	233	0	0	10000	-1	-1	1	0	-1	-1	-1	-1	-1	-1	70	0
202	203	65339	-1	21	金国勇士		178	233	0	0	10000	-1	-1	1	0	-1	-1	-1	-1	-1	-1	70	0
203	204	65339	-1	21	金国勇士		178	233	0	0	10000	-1	-1	1	0	-1	-1	-1	-1	-1	-1	70	0
204	205	65339	-1	21	金国勇士		156	233	0	0	10000	-1	-1	1	0	-1	-1	-1	-1	-1	-1	70	0
205	206	65339	-1	21	金国勇士		156	233	0	0	10000	-1	-1	1	0	-1	-1	-1	-1	-1	-1	70	0
206	207	65339	-1	21	金国勇士		156	233	0	0	10000	-1	-1	1	0	-1	-1	-1	-1	-1	-1	70	0
207	208	65339	-1	21	金国勇士		156	233	0	0	10000	-1	-1	1	0	-1	-1	-1	-1	-1	-1	70	0
208	209	65339	-1	21	金国勇士		156	233	0	0	10000	-1	-1	1	0	-1	-1	-1	-1	-1	-1	70	0
209	210	65339	-1	21	金国勇士		156	233	0	0	10000	-1	-1	1	0	-1	-1	-1	-1	-1	-1	70	0
210	211	65339	-1	21	金国勇士		156	233	0	0	10000	-1	-1	1	0	-1	-1	-1	-1	-1	-1	70	0
211	212	65339	-1	21	金国勇士		156	233	0	0	10000	-1	-1	1	0	-1	-1	-1	-1	-1	-1	70	0
212	213	65339	-1	21	金国勇士		156	233	0	0	10000	-1	-1	1	0	-1	-1	-1	-1	-1	-1	70	0
213	214	65339	-1	21	金国勇士		156	233	0	0	10000	-1	-1	1	0	-1	-1	-1	-1	-1	-1	70	0
214	215	65339	-1	21	金国勇士		156	233	0	0	10000	-1	-1	1	0	-1	-1	-1	-1	-1	-1	70	0
215	216	65339	-1	21	金国勇士		156	233	0	0	10000	-1	-1	1	0	-1	-1	-1	-1	-1	-1	70	0
216	217	65339	-1	21	金国勇士		128	127	0	0	10000	-1	-1	1	0	-1	-1	-1	-1	-1	-1	70	0
217	218	65339	-1	21	金国勇士		128	127	0	0	10000	-1	-1	1	0	-1	-1	-1	-1	-1	-1	70	0
218	219	65339	-1	21	金国勇士		128	127	0	0	10000	-1	-1	1	0	-1	-1	-1	-1	-1	-1	70	0
219	220	65339	-1	21	金国勇士		128	127	0	0	10000	-1	-1	1	0	-1	-1	-1	-1	-1	-1	70	0
220	221	65339	-1	21	金国勇士		128	127	0	0	10000	-1	-1	1	0	-1	-1	-1	-1	-1	-1	70	0
221	222	65339	-1	21	金国勇士		128	127	0	0	10000	-1	-1	1	0	-1	-1	-1	-1	-1	-1	70	0
222	223	65339	-1	21	金国勇士		128	127	0	0	10000	-1	-1	1	0	-1	-1	-1	-1	-1	-1	70	0
223	224	65339	-1	21	金国勇士		128	127	0	0	10000	-1	-1	1	0	-1	-1	-1	-1	-1	-1	70	0
224	225	65339	-1	21	金国勇士		128	127	0	0	10000	-1	-1	1	0	-1	-1	-1	-1	-1	-1	70	0
225	226	65339	-1	21	金国勇士		128	127	0	0	10000	-1	-1	1	0	-1	-1	-1	-1	-1	-1	70	0
226	227	65339	-1	21	金国勇士		128	127	0	0	10000	-1	-1	1	0	-1	-1	-1	-1	-1	-1	70	0
227	228	65339	-1	21	金国勇士		128	127	0	0	10000	-1	-1	1	0	-1	-1	-1	-1	-1	-1	70	0
228	229	65339	-1	21	金国勇士		128	204	0	0	10000	-1	-1	1	0	-1	-1	-1	-1	-1	-1	70	0
229	230	65339	-1	21	金国勇士		128	204	0	0	10000	-1	-1	1	0	-1	-1	-1	-1	-1	-1	70	0
230	231	65339	-1	21	金国勇士		128	204	0	0	10000	-1	-1	1	0	-1	-1	-1	-1	-1	-1	70	0
231	232	65339	-1	21	金国勇士		128	204	0	0	10000	-1	-1	1	0	-1	-1	-1	-1	-1	-1	70	0
232	233	65339	-1	21	金国勇士		128	204	0	0	10000	-1	-1	1	0	-1	-1	-1	-1	-1	-1	70	0
233	234	65339	-1	21	金国勇士		128	204	0	0	10000	-1	-1	1	0	-1	-1	-1	-1	-1	-1	70	0
234	235	65339	-1	21	金国勇士		128	204	0	0	10000	-1	-1	1	0	-1	-1	-1	-1	-1	-1	70	0
235	236	65339	-1	21	金国勇士		128	204	0	0	10000	-1	-1	1	0	-1	-1	-1	-1	-1	-1	70	0
236	237	65339	-1	21	金国勇士		128	204	0	0	10000	-1	-1	1	0	-1	-1	-1	-1	-1	-1	70	0
237	238	65339	-1	21	金国勇士		128	204	0	0	10000	-1	-1	1	0	-1	-1	-1	-1	-1	-1	70	0
238	239	65339	-1	21	金国勇士		128	204	0	0	10000	-1	-1	1	0	-1	-1	-1	-1	-1	-1	70	0
239	240	65339	-1	21	金国勇士		128	204	0	0	10000	-1	-1	1	0	-1	-1	-1	-1	-1	-1	70	0
240	241	65339	-1	21	金国勇士		128	184	0	0	10000	-1	-1	1	0	-1	-1	-1	-1	-1	-1	70	0
241	242	65339	-1	21	金国勇士		128	184	0	0	10000	-1	-1	1	0	-1	-1	-1	-1	-1	-1	70	0
242	243	65339	-1	21	金国勇士		128	184	0	0	10000	-1	-1	1	0	-1	-1	-1	-1	-1	-1	70	0
243	244	65339	-1	21	金国勇士		128	184	0	0	10000	-1	-1	1	0	-1	-1	-1	-1	-1	-1	70	0
244	245	65339	-1	21	金国勇士		128	184	0	0	10000	-1	-1	1	0	-1	-1	-1	-1	-1	-1	70	0
245	246	65339	-1	21	金国勇士		128	184	0	0	10000	-1	-1	1	0	-1	-1	-1	-1	-1	-1	70	0
246	247	65339	-1	21	金国勇士		128	184	0	0	10000	-1	-1	1	0	-1	-1	-1	-1	-1	-1	70	0
247	248	65339	-1	21	金国勇士		128	184	0	0	10000	-1	-1	1	0	-1	-1	-1	-1	-1	-1	70	0
248	249	65339	-1	21	金国勇士		128	184	0	0	10000	-1	-1	1	0	-1	-1	-1	-1	-1	-1	70	0
249	250	65339	-1	21	金国勇士		128	184	0	0	10000	-1	-1	1	0	-1	-1	-1	-1	-1	-1	70	0
250	251	65339	-1	21	金国勇士		128	184	0	0	10000	-1	-1	1	0	-1	-1	-1	-1	-1	-1	70	0
251	252	65339	-1	21	金国勇士		128	184	0	0	10000	-1	-1	1	0	-1	-1	-1	-1	-1	-1	70	0
252	253	65339	-1	21	金国勇士		120	137	0	0	10000	-1	-1	1	0	-1	-1	-1	-1	-1	-1	70	0
253	254	65339	-1	21	金国勇士		120	137	0	0	10000	-1	-1	1	0	-1	-1	-1	-1	-1	-1	70	0
254	255	65339	-1	21	金国勇士		120	137	0	0	10000	-1	-1	1	0	-1	-1	-1	-1	-1	-1	70	0
255	256	65339	-1	21	金国勇士		120	137	0	0	10000	-1	-1	1	0	-1	-1	-1	-1	-1	-1	70	0
256	257	65339	-1	21	金国勇士		120	137	0	0	10000	-1	-1	1	0	-1	-1	-1	-1	-1	-1	70	0
257	258	65339	-1	21	金国勇士		120	137	0	0	10000	-1	-1	1	0	-1	-1	-1	-1	-1	-1	70	0
258	259	65339	-1	21	金国勇士		120	137	0	0	10000	-1	-1	1	0	-1	-1	-1	-1	-1	-1	70	0
259	260	65339	-1	21	金国勇士		120	137	0	0	10000	-1	-1	1	0	-1	-1	-1	-1	-1	-1	70	0
260	261	65339	-1	21	金国勇士		120	137	0	0	10000	-1	-1	1	0	-1	-1	-1	-1	-1	-1	70	0
261	262	65339	-1	21	金国勇士		134	137	0	0	10000	-1	-1	1	0	-1	-1	-1	-1	-1	-1	70	0
262	263	65339	-1	21	金国勇士		134	137	0	0	10000	-1	-1	1	0	-1	-1	-1	-1	-1	-1	70	0
263	264	65339	-1	21	金国勇士		134	137	0	0	10000	-1	-1	1	0	-1	-1	-1	-1	-1	-1	70	0
264	265	65339	-1	21	金国勇士		134	137	0	0	10000	-1	-1	1	0	-1	-1	-1	-1	-1	-1	70	0
265	266	65339	-1	21	金国勇士		134	137	0	0	10000	-1	-1	1	0	-1	-1	-1	-1	-1	-1	70	0
266	267	65339	-1	21	金国勇士		134	137	0	0	10000	-1	-1	1	0	-1	-1	-1	-1	-1	-1	70	0
267	268	65339	-1	21	金国勇士		134	137	0	0	10000	-1	-1	1	0	-1	-1	-1	-1	-1	-1	70	0
268	269	65339	-1	21	金国勇士		134	137	0	0	10000	-1	-1	1	0	-1	-1	-1	-1	-1	-1	70	0
269	270	65339	-1	21	金国勇士		134	137	0	0	10000	-1	-1	1	0	-1	-1	-1	-1	-1	-1	70	0
270	271	65339	-1	21	金国勇士		120	149	0	0	10000	-1	-1	1	0	-1	-1	-1	-1	-1	-1	70	0
271	272	65339	-1	21	金国勇士		120	149	0	0	10000	-1	-1	1	0	-1	-1	-1	-1	-1	-1	70	0
272	273	65339	-1	21	金国勇士		120	149	0	0	10000	-1	-1	1	0	-1	-1	-1	-1	-1	-1	70	0
273	274	65339	-1	21	金国勇士		120	149	0	0	10000	-1	-1	1	0	-1	-1	-1	-1	-1	-1	70	0
274	275	65339	-1	21	金国勇士		120	149	0	0	10000	-1	-1	1	0	-1	-1	-1	-1	-1	-1	70	0
275	276	65339	-1	21	金国勇士		120	149	0	0	10000	-1	-1	1	0	-1	-1	-1	-1	-1	-1	70	0
276	277	65339	-1	21	金国勇士		120	149	0	0	10000	-1	-1	1	0	-1	-1	-1	-1	-1	-1	70	0
277	278	65339	-1	21	金国勇士		120	149	0	0	10000	-1	-1	1	0	-1	-1	-1	-1	-1	-1	70	0
278	279	65339	-1	21	金国勇士		120	149	0	0	10000	-1	-1	1	0	-1	-1	-1	-1	-1	-1	70	0
279	280	65339	-1	21	金国勇士		134	149	0	0	10000	-1	-1	1	0	-1	-1	-1	-1	-1	-1	70	0
280	281	65339	-1	21	金国勇士		134	149	0	0	10000	-1	-1	1	0	-1	-1	-1	-1	-1	-1	70	0
281	282	65339	-1	21	金国勇士		134	149	0	0	10000	-1	-1	1	0	-1	-1	-1	-1	-1	-1	70	0
282	283	65339	-1	21	金国勇士		134	149	0	0	10000	-1	-1	1	0	-1	-1	-1	-1	-1	-1	70	0
283	284	65339	-1	21	金国勇士		134	149	0	0	10000	-1	-1	1	0	-1	-1	-1	-1	-1	-1	70	0
284	285	65339	-1	21	金国勇士		134	149	0	0	10000	-1	-1	1	0	-1	-1	-1	-1	-1	-1	70	0
285	286	65339	-1	21	金国勇士		134	149	0	0	10000	-1	-1	1	0	-1	-1	-1	-1	-1	-1	70	0
286	287	65339	-1	21	金国勇士		134	149	0	0	10000	-1	-1	1	0	-1	-1	-1	-1	-1	-1	70	0
287	288	65339	-1	21	金国勇士		134	149	0	0	10000	-1	-1	1	0	-1	-1	-1	-1	-1	-1	70	0
288	289	65339	-1	21	金国勇士		81	180	0	0	10000	-1	-1	1	0	-1	-1	-1	-1	-1	-1	70	0
289	290	65339	-1	21	金国勇士		81	180	0	0	10000	-1	-1	1	0	-1	-1	-1	-1	-1	-1	70	0
290	291	65339	-1	21	金国勇士		81	180	0	0	10000	-1	-1	1	0	-1	-1	-1	-1	-1	-1	70	0
291	292	65339	-1	21	金国勇士		81	180	0	0	10000	-1	-1	1	0	-1	-1	-1	-1	-1	-1	70	0
292	293	65339	-1	21	金国勇士		81	180	0	0	10000	-1	-1	1	0	-1	-1	-1	-1	-1	-1	70	0
293	294	65339	-1	21	金国勇士		81	180	0	0	10000	-1	-1	1	0	-1	-1	-1	-1	-1	-1	70	0
294	295	65339	-1	21	金国勇士		81	180	0	0	10000	-1	-1	1	0	-1	-1	-1	-1	-1	-1	70	0
295	296	65339	-1	21	金国勇士		81	180	0	0	10000	-1	-1	1	0	-1	-1	-1	-1	-1	-1	70	0
296	297	65339	-1	21	金国勇士		81	180	0	0	10000	-1	-1	1	0	-1	-1	-1	-1	-1	-1	70	0
297	298	65339	-1	21	金国勇士		81	180	0	0	10000	-1	-1	1	0	-1	-1	-1	-1	-1	-1	70	0
298	299	65339	-1	21	金国勇士		81	180	0	0	10000	-1	-1	1	0	-1	-1	-1	-1	-1	-1	70	0
299	300	65339	-1	21	金国勇士		81	180	0	0	10000	-1	-1	1	0	-1	-1	-1	-1	-1	-1	70	0
300	301	65339	-1	21	金国勇士		79	154	0	0	10000	-1	-1	1	0	-1	-1	-1	-1	-1	-1	70	0
301	302	65339	-1	21	金国勇士		79	154	0	0	10000	-1	-1	1	0	-1	-1	-1	-1	-1	-1	70	0
302	303	65339	-1	21	金国勇士		79	154	0	0	10000	-1	-1	1	0	-1	-1	-1	-1	-1	-1	70	0
303	304	65339	-1	21	金国勇士		79	154	0	0	10000	-1	-1	1	0	-1	-1	-1	-1	-1	-1	70	0
304	305	65339	-1	21	金国勇士		79	154	0	0	10000	-1	-1	1	0	-1	-1	-1	-1	-1	-1	70	0
305	306	65339	-1	21	金国勇士		79	154	0	0	10000	-1	-1	1	0	-1	-1	-1	-1	-1	-1	70	0
306	307	65339	-1	21	金国勇士		79	154	0	0	10000	-1	-1	1	0	-1	-1	-1	-1	-1	-1	70	0
307	308	65339	-1	21	金国勇士		79	154	0	0	10000	-1	-1	1	0	-1	-1	-1	-1	-1	-1	70	0
308	309	65339	-1	21	金国勇士		79	154	0	0	10000	-1	-1	1	0	-1	-1	-1	-1	-1	-1	70	0
309	310	65339	-1	21	金国勇士		79	154	0	0	10000	-1	-1	1	0	-1	-1	-1	-1	-1	-1	70	0
310	311	65339	-1	21	金国勇士		79	154	0	0	10000	-1	-1	1	0	-1	-1	-1	-1	-1	-1	70	0
311	312	65339	-1	21	金国勇士		79	154	0	0	10000	-1	-1	1	0	-1	-1	-1	-1	-1	-1	70	0
312	313	65339	-1	21	金国勇士		79	123	0	0	10000	-1	-1	1	0	-1	-1	-1	-1	-1	-1	70	0
313	314	65339	-1	21	金国勇士		79	123	0	0	10000	-1	-1	1	0	-1	-1	-1	-1	-1	-1	70	0
314	315	65339	-1	21	金国勇士		79	123	0	0	10000	-1	-1	1	0	-1	-1	-1	-1	-1	-1	70	0
315	316	65339	-1	21	金国勇士		79	123	0	0	10000	-1	-1	1	0	-1	-1	-1	-1	-1	-1	70	0
316	317	65339	-1	21	金国勇士		79	123	0	0	10000	-1	-1	1	0	-1	-1	-1	-1	-1	-1	70	0
317	318	65339	-1	21	金国勇士		79	123	0	0	10000	-1	-1	1	0	-1	-1	-1	-1	-1	-1	70	0
318	319	65339	-1	21	金国勇士		79	123	0	0	10000	-1	-1	1	0	-1	-1	-1	-1	-1	-1	70	0
319	320	65339	-1	21	金国勇士		79	123	0	0	10000	-1	-1	1	0	-1	-1	-1	-1	-1	-1	70	0
320	321	65339	-1	21	金国勇士		79	123	0	0	10000	-1	-1	1	0	-1	-1	-1	-1	-1	-1	70	0
321	322	65339	-1	21	金国勇士		79	123	0	0	10000	-1	-1	1	0	-1	-1	-1	-1	-1	-1	70	0
322	323	65339	-1	21	金国勇士		79	123	0	0	10000	-1	-1	1	0	-1	-1	-1	-1	-1	-1	70	0
323	324	65339	-1	21	金国勇士		79	123	0	0	10000	-1	-1	1	0	-1	-1	-1	-1	-1	-1	70	0
324	325	65339	-1	21	金国勇士		30	138	0	0	10000	-1	-1	1	0	-1	-1	-1	-1	-1	-1	70	0
325	326	65339	-1	21	金国勇士		30	138	0	0	10000	-1	-1	1	0	-1	-1	-1	-1	-1	-1	70	0
326	327	65339	-1	21	金国勇士		30	138	0	0	10000	-1	-1	1	0	-1	-1	-1	-1	-1	-1	70	0
327	328	65339	-1	21	金国勇士		30	138	0	0	10000	-1	-1	1	0	-1	-1	-1	-1	-1	-1	70	0
328	329	65339	-1	21	金国勇士		30	138	0	0	10000	-1	-1	1	0	-1	-1	-1	-1	-1	-1	70	0
329	330	65339	-1	21	金国勇士		30	138	0	0	10000	-1	-1	1	0	-1	-1	-1	-1	-1	-1	70	0
330	331	65339	-1	21	金国勇士		30	138	0	0	10000	-1	-1	1	0	-1	-1	-1	-1	-1	-1	70	0
331	332	65339	-1	21	金国勇士		30	138	0	0	10000	-1	-1	1	0	-1	-1	-1	-1	-1	-1	70	0
332	333	65339	-1	21	金国勇士		30	138	0	0	10000	-1	-1	1	0	-1	-1	-1	-1	-1	-1	70	0
333	334	65339	-1	21	金国勇士		30	138	0	0	10000	-1	-1	1	0	-1	-1	-1	-1	-1	-1	70	0
334	335	65339	-1	21	金国勇士		30	138	0	0	10000	-1	-1	1	0	-1	-1	-1	-1	-1	-1	70	0
335	336	65339	-1	21	金国勇士		30	138	0	0	10000	-1	-1	1	0	-1	-1	-1	-1	-1	-1	70	0
336	337	65339	-1	21	金国勇士		30	138	0	0	10000	-1	-1	1	0	-1	-1	-1	-1	-1	-1	70	0
337	338	65339	-1	21	金国勇士		30	138	0	0	10000	-1	-1	1	0	-1	-1	-1	-1	-1	-1	70	0
338	339	65339	-1	21	金国勇士		30	138	0	0	10000	-1	-1	1	0	-1	-1	-1	-1	-1	-1	70	0
339	340	65339	-1	21	金国勇士		30	138	0	0	10000	-1	-1	1	0	-1	-1	-1	-1	-1	-1	70	0
340	341	65339	-1	21	金国勇士		30	213	0	0	10000	-1	-1	1	0	-1	-1	-1	-1	-1	-1	70	0
341	342	65339	-1	21	金国勇士		30	213	0	0	10000	-1	-1	1	0	-1	-1	-1	-1	-1	-1	70	0
342	343	65339	-1	21	金国勇士		30	213	0	0	10000	-1	-1	1	0	-1	-1	-1	-1	-1	-1	70	0
343	344	65339	-1	21	金国勇士		30	213	0	0	10000	-1	-1	1	0	-1	-1	-1	-1	-1	-1	70	0
344	345	65339	-1	21	金国勇士		30	213	0	0	10000	-1	-1	1	0	-1	-1	-1	-1	-1	-1	70	0
345	346	65339	-1	21	金国勇士		30	213	0	0	10000	-1	-1	1	0	-1	-1	-1	-1	-1	-1	70	0
346	347	65339	-1	21	金国勇士		30	213	0	0	10000	-1	-1	1	0	-1	-1	-1	-1	-1	-1	70	0
347	348	65339	-1	21	金国勇士		30	213	0	0	10000	-1	-1	1	0	-1	-1	-1	-1	-1	-1	70	0
348	349	65339	-1	21	金国勇士		30	213	0	0	10000	-1	-1	1	0	-1	-1	-1	-1	-1	-1	70	0
349	350	65339	-1	21	金国勇士		30	213	0	0	10000	-1	-1	1	0	-1	-1	-1	-1	-1	-1	70	0
350	351	65339	-1	21	金国勇士		30	213	0	0	10000	-1	-1	1	0	-1	-1	-1	-1	-1	-1	70	0
351	352	65339	-1	21	金国勇士		30	213	0	0	10000	-1	-1	1	0	-1	-1	-1	-1	-1	-1	70	0
352	353	65339	-1	21	金国勇士		30	213	0	0	10000	-1	-1	1	0	-1	-1	-1	-1	-1	-1	70	0
353	354	65339	-1	21	金国勇士		30	213	0	0	10000	-1	-1	1	0	-1	-1	-1	-1	-1	-1	70	0
354	355	65339	-1	21	金国勇士		30	213	0	0	10000	-1	-1	1	0	-1	-1	-1	-1	-1	-1	70	0
355	356	65339	-1	21	金国勇士		30	213	0	0	10000	-1	-1	1	0	-1	-1	-1	-1	-1	-1	70	0
356	357	65339	-1	21	金国勇士		61	219	0	0	10000	-1	-1	1	0	-1	-1	-1	-1	-1	-1	70	0
357	358	65339	-1	21	金国勇士		61	219	0	0	10000	-1	-1	1	0	-1	-1	-1	-1	-1	-1	70	0
358	359	65339	-1	21	金国勇士		61	219	0	0	10000	-1	-1	1	0	-1	-1	-1	-1	-1	-1	70	0
359	360	65339	-1	21	金国勇士		61	219	0	0	10000	-1	-1	1	0	-1	-1	-1	-1	-1	-1	70	0
360	361	65339	-1	21	金国勇士		61	219	0	0	10000	-1	-1	1	0	-1	-1	-1	-1	-1	-1	70	0
361	362	65339	-1	21	金国勇士		61	219	0	0	10000	-1	-1	1	0	-1	-1	-1	-1	-1	-1	70	0
362	363	65339	-1	21	金国勇士		61	219	0	0	10000	-1	-1	1	0	-1	-1	-1	-1	-1	-1	70	0
363	364	65339	-1	21	金国勇士		61	219	0	0	10000	-1	-1	1	0	-1	-1	-1	-1	-1	-1	70	0
364	365	65339	-1	21	金国勇士		61	219	0	0	10000	-1	-1	1	0	-1	-1	-1	-1	-1	-1	70	0
365	366	65339	-1	21	金国勇士		61	219	0	0	10000	-1	-1	1	0	-1	-1	-1	-1	-1	-1	70	0
366	367	65339	-1	21	金国勇士		61	219	0	0	10000	-1	-1	1	0	-1	-1	-1	-1	-1	-1	70	0
367	368	65339	-1	21	金国勇士		61	219	0	0	10000	-1	-1	1	0	-1	-1	-1	-1	-1	-1	70	0
368	369	65339	-1	21	金国勇士		61	219	0	0	10000	-1	-1	1	0	-1	-1	-1	-1	-1	-1	70	0
369	370	65339	-1	21	金国勇士		61	219	0	0	10000	-1	-1	1	0	-1	-1	-1	-1	-1	-1	70	0
370	371	65339	-1	21	金国勇士		61	219	0	0	10000	-1	-1	1	0	-1	-1	-1	-1	-1	-1	70	0
371	372	65339	-1	21	金国勇士		61	219	0	0	10000	-1	-1	1	0	-1	-1	-1	-1	-1	-1	70	0
372	373	65339	-1	21	金国勇士		111	91	0	0	10000	-1	-1	1	0	-1	-1	-1	-1	-1	-1	70	0
373	374	65339	-1	21	金国勇士		111	91	0	0	10000	-1	-1	1	0	-1	-1	-1	-1	-1	-1	70	0
374	375	65339	-1	21	金国勇士		111	91	0	0	10000	-1	-1	1	0	-1	-1	-1	-1	-1	-1	70	0
375	376	65339	-1	21	金国勇士		111	91	0	0	10000	-1	-1	1	0	-1	-1	-1	-1	-1	-1	70	0
376	377	65339	-1	21	金国勇士		111	91	0	0	10000	-1	-1	1	0	-1	-1	-1	-1	-1	-1	70	0
377	378	65339	-1	21	金国勇士		111	91	0	0	10000	-1	-1	1	0	-1	-1	-1	-1	-1	-1	70	0
378	379	65339	-1	21	金国勇士		111	91	0	0	10000	-1	-1	1	0	-1	-1	-1	-1	-1	-1	70	0
379	380	65339	-1	21	金国勇士		111	91	0	0	10000	-1	-1	1	0	-1	-1	-1	-1	-1	-1	70	0
380	381	65339	-1	21	金国勇士		111	91	0	0	10000	-1	-1	1	0	-1	-1	-1	-1	-1	-1	70	0
381	382	65339	-1	21	金国勇士		111	91	0	0	10000	-1	-1	1	0	-1	-1	-1	-1	-1	-1	70	0
382	383	65339	-1	21	金国勇士		111	91	0	0	10000	-1	-1	1	0	-1	-1	-1	-1	-1	-1	70	0
383	384	65339	-1	21	金国勇士		111	91	0	0	10000	-1	-1	1	0	-1	-1	-1	-1	-1	-1	70	0
384	385	65339	-1	21	金国勇士		111	91	0	0	10000	-1	-1	1	0	-1	-1	-1	-1	-1	-1	70	0
385	386	65339	-1	21	金国勇士		111	91	0	0	10000	-1	-1	1	0	-1	-1	-1	-1	-1	-1	70	0
386	387	65339	-1	21	金国勇士		111	91	0	0	10000	-1	-1	1	0	-1	-1	-1	-1	-1	-1	70	0
387	388	65339	-1	21	金国勇士		111	91	0	0	10000	-1	-1	1	0	-1	-1	-1	-1	-1	-1	70	0
388	389	65339	-1	21	金国勇士		133	41	0	0	10000	-1	-1	1	0	-1	-1	-1	-1	-1	-1	70	0
389	390	65339	-1	21	金国勇士		133	41	0	0	10000	-1	-1	1	0	-1	-1	-1	-1	-1	-1	70	0
390	391	65339	-1	21	金国勇士		133	41	0	0	10000	-1	-1	1	0	-1	-1	-1	-1	-1	-1	70	0
391	392	65339	-1	21	金国勇士		133	41	0	0	10000	-1	-1	1	0	-1	-1	-1	-1	-1	-1	70	0
392	393	65339	-1	21	金国勇士		133	41	0	0	10000	-1	-1	1	0	-1	-1	-1	-1	-1	-1	70	0
393	394	65339	-1	21	金国勇士		133	41	0	0	10000	-1	-1	1	0	-1	-1	-1	-1	-1	-1	70	0
394	395	65339	-1	21	金国勇士		133	41	0	0	10000	-1	-1	1	0	-1	-1	-1	-1	-1	-1	70	0
395	396	65339	-1	21	金国勇士		133	41	0	0	10000	-1	-1	1	0	-1	-1	-1	-1	-1	-1	70	0
396	397	65339	-1	21	金国勇士		133	41	0	0	10000	-1	-1	1	0	-1	-1	-1	-1	-1	-1	70	0
397	398	65339	-1	21	金国勇士		133	41	0	0	10000	-1	-1	1	0	-1	-1	-1	-1	-1	-1	70	0
398	399	65339	-1	21	金国勇士		133	41	0	0	10000	-1	-1	1	0	-1	-1	-1	-1	-1	-1	70	0
399	400	65339	-1	21	金国勇士		133	41	0	0	10000	-1	-1	1	0	-1	-1	-1	-1	-1	-1	70	0
400	401	65339	-1	21	金国勇士		133	41	0	0	10000	-1	-1	1	0	-1	-1	-1	-1	-1	-1	70	0
401	402	65339	-1	21	金国勇士		133	41	0	0	10000	-1	-1	1	0	-1	-1	-1	-1	-1	-1	70	0
402	403	65339	-1	21	金国勇士		133	41	0	0	10000	-1	-1	1	0	-1	-1	-1	-1	-1	-1	70	0
403	404	65339	-1	21	金国勇士		133	41	0	0	10000	-1	-1	1	0	-1	-1	-1	-1	-1	-1	70	0
404	405	65317	141404	20	麦哲伦		205	23	27	0	10000	-1	-1	3	0	-1	-1	-1	-1	-1	-1	100	0
