4400	命中闪避暴击韧性暴伤+1	命中修正值	1	闪避修正值	1	会心修正值	1	韧性修正值	1	暴击伤害修正值	1																								13	STD_IMPACT_042	1	4400	4400	4400	1	1	0	0	0	0	0	0	0	1	-1	0	0	0	-1	0	0				-1
4401	命中闪避暴击韧性暴伤+2	命中修正值	2	闪避修正值	2	会心修正值	2	韧性修正值	2	暴击伤害修正值	2																								13	STD_IMPACT_042	1	4401	4401	4401	1	1	0	0	0	0	0	0	0	1	-1	0	0	0	-1	0	0				-1
4402	命中闪避暴击韧性暴伤+3	命中修正值	3	闪避修正值	3	会心修正值	3	韧性修正值	3	暴击伤害修正值	3																								13	STD_IMPACT_042	1	4402	4402	4402	1	1	0	0	0	0	0	0	0	1	-1	0	0	0	-1	0	0				-1
4403	命中闪避暴击韧性暴伤+4	命中修正值	4	闪避修正值	4	会心修正值	4	韧性修正值	4	暴击伤害修正值	4																								13	STD_IMPACT_042	1	4403	4403	4403	1	1	0	0	0	0	0	0	0	1	-1	0	0	0	-1	0	0				-1
4404	命中闪避暴击韧性暴伤+5	命中修正值	5	闪避修正值	5	会心修正值	5	韧性修正值	5	暴击伤害修正值	5																								13	STD_IMPACT_042	1	4404	4404	4404	1	1	0	0	0	0	0	0	0	1	-1	0	0	0	-1	0	0				-1
4405	命中闪避暴击韧性暴伤+6	命中修正值	6	闪避修正值	6	会心修正值	6	韧性修正值	6	暴击伤害修正值	6																								13	STD_IMPACT_042	1	4405	4405	4405	1	1	0	0	0	0	0	0	0	1	-1	0	0	0	-1	0	0				-1
4406	命中闪避暴击韧性暴伤+7	命中修正值	7	闪避修正值	7	会心修正值	7	韧性修正值	7	暴击伤害修正值	7																								13	STD_IMPACT_042	1	4406	4406	4406	1	1	0	0	0	0	0	0	0	1	-1	0	0	0	-1	0	0				-1
4407	命中闪避暴击韧性暴伤+8	命中修正值	8	闪避修正值	8	会心修正值	8	韧性修正值	8	暴击伤害修正值	8																								13	STD_IMPACT_042	1	4407	4407	4407	1	1	0	0	0	0	0	0	0	1	-1	0	0	0	-1	0	0				-1
4408	命中闪避暴击韧性暴伤+9	命中修正值	9	闪避修正值	9	会心修正值	9	韧性修正值	9	暴击伤害修正值	9																								13	STD_IMPACT_042	1	4408	4408	4408	1	1	0	0	0	0	0	0	0	1	-1	0	0	0	-1	0	0				-1
4409	命中闪避暴击韧性暴伤+10	命中修正值	10	闪避修正值	10	会心修正值	10	韧性修正值	10	暴击伤害修正值	10																								13	STD_IMPACT_042	1	4409	4409	4409	1	1	0	0	0	0	0	0	0	1	-1	0	0	0	-1	0	0				-1
4410	命中闪避暴击韧性暴伤+11	命中修正值	11	闪避修正值	11	会心修正值	11	韧性修正值	11	暴击伤害修正值	11																								13	STD_IMPACT_042	1	4410	4410	4410	1	1	0	0	0	0	0	0	0	1	-1	0	0	0	-1	0	0				-1
4411	命中闪避暴击韧性暴伤+12	命中修正值	12	闪避修正值	12	会心修正值	12	韧性修正值	12	暴击伤害修正值	12																								13	STD_IMPACT_042	1	4411	4411	4411	1	1	0	0	0	0	0	0	0	1	-1	0	0	0	-1	0	0				-1
4412	命中闪避暴击韧性暴伤+13	命中修正值	13	闪避修正值	13	会心修正值	13	韧性修正值	13	暴击伤害修正值	13																								13	STD_IMPACT_042	1	4412	4412	4412	1	1	0	0	0	0	0	0	0	1	-1	0	0	0	-1	0	0				-1
4413	命中闪避暴击韧性暴伤+14	命中修正值	14	闪避修正值	14	会心修正值	14	韧性修正值	14	暴击伤害修正值	14																								13	STD_IMPACT_042	1	4413	4413	4413	1	1	0	0	0	0	0	0	0	1	-1	0	0	0	-1	0	0				-1
4414	命中闪避暴击韧性暴伤+15	命中修正值	15	闪避修正值	15	会心修正值	15	韧性修正值	15	暴击伤害修正值	15																								13	STD_IMPACT_042	1	4414	4414	4414	1	1	0	0	0	0	0	0	0	1	-1	0	0	0	-1	0	0				-1
4415	命中闪避暴击韧性暴伤+16	命中修正值	16	闪避修正值	16	会心修正值	16	韧性修正值	16	暴击伤害修正值	16																								13	STD_IMPACT_042	1	4415	4415	4415	1	1	0	0	0	0	0	0	0	1	-1	0	0	0	-1	0	0				-1
4416	命中闪避暴击韧性暴伤+17	命中修正值	17	闪避修正值	17	会心修正值	17	韧性修正值	17	暴击伤害修正值	17																								13	STD_IMPACT_042	1	4416	4416	4416	1	1	0	0	0	0	0	0	0	1	-1	0	0	0	-1	0	0				-1
4417	命中闪避暴击韧性暴伤+18	命中修正值	18	闪避修正值	18	会心修正值	18	韧性修正值	18	暴击伤害修正值	18																								13	STD_IMPACT_042	1	4417	4417	4417	1	1	0	0	0	0	0	0	0	1	-1	0	0	0	-1	0	0				-1
4418	命中闪避暴击韧性暴伤+19	命中修正值	19	闪避修正值	19	会心修正值	19	韧性修正值	19	暴击伤害修正值	19																								13	STD_IMPACT_042	1	4418	4418	4418	1	1	0	0	0	0	0	0	0	1	-1	0	0	0	-1	0	0				-1
4419	命中闪避暴击韧性暴伤+20	命中修正值	20	闪避修正值	20	会心修正值	20	韧性修正值	20	暴击伤害修正值	20																								13	STD_IMPACT_042	1	4419	4419	4419	1	1	0	0	0	0	0	0	0	1	-1	0	0	0	-1	0	0				-1
4420	命中闪避暴击韧性暴伤+21	命中修正值	21	闪避修正值	21	会心修正值	21	韧性修正值	21	暴击伤害修正值	21																								13	STD_IMPACT_042	1	4420	4420	4420	1	1	0	0	0	0	0	0	0	1	-1	0	0	0	-1	0	0				-1
4421	命中闪避暴击韧性暴伤+22	命中修正值	22	闪避修正值	22	会心修正值	22	韧性修正值	22	暴击伤害修正值	22																								13	STD_IMPACT_042	1	4421	4421	4421	1	1	0	0	0	0	0	0	0	1	-1	0	0	0	-1	0	0				-1
4422	命中闪避暴击韧性暴伤+23	命中修正值	23	闪避修正值	23	会心修正值	23	韧性修正值	23	暴击伤害修正值	23																								13	STD_IMPACT_042	1	4422	4422	4422	1	1	0	0	0	0	0	0	0	1	-1	0	0	0	-1	0	0				-1
4423	命中闪避暴击韧性暴伤+24	命中修正值	24	闪避修正值	24	会心修正值	24	韧性修正值	24	暴击伤害修正值	24																								13	STD_IMPACT_042	1	4423	4423	4423	1	1	0	0	0	0	0	0	0	1	-1	0	0	0	-1	0	0				-1
4424	命中闪避暴击韧性暴伤+25	命中修正值	25	闪避修正值	25	会心修正值	25	韧性修正值	25	暴击伤害修正值	25																								13	STD_IMPACT_042	1	4424	4424	4424	1	1	0	0	0	0	0	0	0	1	-1	0	0	0	-1	0	0				-1
4425	命中闪避暴击韧性暴伤+26	命中修正值	26	闪避修正值	26	会心修正值	26	韧性修正值	26	暴击伤害修正值	26																								13	STD_IMPACT_042	1	4425	4425	4425	1	1	0	0	0	0	0	0	0	1	-1	0	0	0	-1	0	0				-1
4426	命中闪避暴击韧性暴伤+27	命中修正值	27	闪避修正值	27	会心修正值	27	韧性修正值	27	暴击伤害修正值	27																								13	STD_IMPACT_042	1	4426	4426	4426	1	1	0	0	0	0	0	0	0	1	-1	0	0	0	-1	0	0				-1
4427	命中闪避暴击韧性暴伤+28	命中修正值	28	闪避修正值	28	会心修正值	28	韧性修正值	28	暴击伤害修正值	28																								13	STD_IMPACT_042	1	4427	4427	4427	1	1	0	0	0	0	0	0	0	1	-1	0	0	0	-1	0	0				-1
4428	命中闪避暴击韧性暴伤+29	命中修正值	29	闪避修正值	29	会心修正值	29	韧性修正值	29	暴击伤害修正值	29																								13	STD_IMPACT_042	1	4428	4428	4428	1	1	0	0	0	0	0	0	0	1	-1	0	0	0	-1	0	0				-1
4429	命中闪避暴击韧性暴伤+30	命中修正值	30	闪避修正值	30	会心修正值	30	韧性修正值	30	暴击伤害修正值	30																								13	STD_IMPACT_042	1	4429	4429	4429	1	1	0	0	0	0	0	0	0	1	-1	0	0	0	-1	0	0				-1
4430	命中闪避暴击韧性暴伤+31	命中修正值	31	闪避修正值	31	会心修正值	31	韧性修正值	31	暴击伤害修正值	31																								13	STD_IMPACT_042	1	4430	4430	4430	1	1	0	0	0	0	0	0	0	1	-1	0	0	0	-1	0	0				-1
4431	命中闪避暴击韧性暴伤+32	命中修正值	32	闪避修正值	32	会心修正值	32	韧性修正值	32	暴击伤害修正值	32																								13	STD_IMPACT_042	1	4431	4431	4431	1	1	0	0	0	0	0	0	0	1	-1	0	0	0	-1	0	0				-1
4432	命中闪避暴击韧性暴伤+33	命中修正值	33	闪避修正值	33	会心修正值	33	韧性修正值	33	暴击伤害修正值	33																								13	STD_IMPACT_042	1	4432	4432	4432	1	1	0	0	0	0	0	0	0	1	-1	0	0	0	-1	0	0				-1
4433	命中闪避暴击韧性暴伤+34	命中修正值	34	闪避修正值	34	会心修正值	34	韧性修正值	34	暴击伤害修正值	34																								13	STD_IMPACT_042	1	4433	4433	4433	1	1	0	0	0	0	0	0	0	1	-1	0	0	0	-1	0	0				-1
4434	命中闪避暴击韧性暴伤+35	命中修正值	35	闪避修正值	35	会心修正值	35	韧性修正值	35	暴击伤害修正值	35																								13	STD_IMPACT_042	1	4434	4434	4434	1	1	0	0	0	0	0	0	0	1	-1	0	0	0	-1	0	0				-1
4435	命中闪避暴击韧性暴伤+36	命中修正值	36	闪避修正值	36	会心修正值	36	韧性修正值	36	暴击伤害修正值	36																								13	STD_IMPACT_042	1	4435	4435	4435	1	1	0	0	0	0	0	0	0	1	-1	0	0	0	-1	0	0				-1
4436	命中闪避暴击韧性暴伤+37	命中修正值	37	闪避修正值	37	会心修正值	37	韧性修正值	37	暴击伤害修正值	37																								13	STD_IMPACT_042	1	4436	4436	4436	1	1	0	0	0	0	0	0	0	1	-1	0	0	0	-1	0	0				-1
4437	命中闪避暴击韧性暴伤+38	命中修正值	38	闪避修正值	38	会心修正值	38	韧性修正值	38	暴击伤害修正值	38																								13	STD_IMPACT_042	1	4437	4437	4437	1	1	0	0	0	0	0	0	0	1	-1	0	0	0	-1	0	0				-1
4438	命中闪避暴击韧性暴伤+39	命中修正值	39	闪避修正值	39	会心修正值	39	韧性修正值	39	暴击伤害修正值	39																								13	STD_IMPACT_042	1	4438	4438	4438	1	1	0	0	0	0	0	0	0	1	-1	0	0	0	-1	0	0				-1
4439	命中闪避暴击韧性暴伤+40	命中修正值	40	闪避修正值	40	会心修正值	40	韧性修正值	40	暴击伤害修正值	40																								13	STD_IMPACT_042	1	4439	4439	4439	1	1	0	0	0	0	0	0	0	1	-1	0	0	0	-1	0	0				-1
4440	命中闪避暴击韧性暴伤+41	命中修正值	41	闪避修正值	41	会心修正值	41	韧性修正值	41	暴击伤害修正值	41																								13	STD_IMPACT_042	1	4440	4440	4440	1	1	0	0	0	0	0	0	0	1	-1	0	0	0	-1	0	0				-1
4441	命中闪避暴击韧性暴伤+42	命中修正值	42	闪避修正值	42	会心修正值	42	韧性修正值	42	暴击伤害修正值	42																								13	STD_IMPACT_042	1	4441	4441	4441	1	1	0	0	0	0	0	0	0	1	-1	0	0	0	-1	0	0				-1
4442	命中闪避暴击韧性暴伤+43	命中修正值	43	闪避修正值	43	会心修正值	43	韧性修正值	43	暴击伤害修正值	43																								13	STD_IMPACT_042	1	4442	4442	4442	1	1	0	0	0	0	0	0	0	1	-1	0	0	0	-1	0	0				-1
4443	命中闪避暴击韧性暴伤+44	命中修正值	44	闪避修正值	44	会心修正值	44	韧性修正值	44	暴击伤害修正值	44																								13	STD_IMPACT_042	1	4443	4443	4443	1	1	0	0	0	0	0	0	0	1	-1	0	0	0	-1	0	0				-1
4444	命中闪避暴击韧性暴伤+45	命中修正值	45	闪避修正值	45	会心修正值	45	韧性修正值	45	暴击伤害修正值	45																								13	STD_IMPACT_042	1	4444	4444	4444	1	1	0	0	0	0	0	0	0	1	-1	0	0	0	-1	0	0				-1
4445	命中闪避暴击韧性暴伤+46	命中修正值	46	闪避修正值	46	会心修正值	46	韧性修正值	46	暴击伤害修正值	46																								13	STD_IMPACT_042	1	4445	4445	4445	1	1	0	0	0	0	0	0	0	1	-1	0	0	0	-1	0	0				-1
4446	命中闪避暴击韧性暴伤+47	命中修正值	47	闪避修正值	47	会心修正值	47	韧性修正值	47	暴击伤害修正值	47																								13	STD_IMPACT_042	1	4446	4446	4446	1	1	0	0	0	0	0	0	0	1	-1	0	0	0	-1	0	0				-1
4447	命中闪避暴击韧性暴伤+48	命中修正值	48	闪避修正值	48	会心修正值	48	韧性修正值	48	暴击伤害修正值	48																								13	STD_IMPACT_042	1	4447	4447	4447	1	1	0	0	0	0	0	0	0	1	-1	0	0	0	-1	0	0				-1
4448	命中闪避暴击韧性暴伤+49	命中修正值	49	闪避修正值	49	会心修正值	49	韧性修正值	49	暴击伤害修正值	49																								13	STD_IMPACT_042	1	4448	4448	4448	1	1	0	0	0	0	0	0	0	1	-1	0	0	0	-1	0	0				-1
4449	命中闪避暴击韧性暴伤+50	命中修正值	50	闪避修正值	50	会心修正值	50	韧性修正值	50	暴击伤害修正值	50																								13	STD_IMPACT_042	1	4449	4449	4449	1	1	0	0	0	0	0	0	0	1	-1	0	0	0	-1	0	0				-1
4450	命中闪避暴击韧性暴伤+51	命中修正值	51	闪避修正值	51	会心修正值	51	韧性修正值	51	暴击伤害修正值	51																								13	STD_IMPACT_042	1	4450	4450	4450	1	1	0	0	0	0	0	0	0	1	-1	0	0	0	-1	0	0				-1
4451	命中闪避暴击韧性暴伤+52	命中修正值	52	闪避修正值	52	会心修正值	52	韧性修正值	52	暴击伤害修正值	52																								13	STD_IMPACT_042	1	4451	4451	4451	1	1	0	0	0	0	0	0	0	1	-1	0	0	0	-1	0	0				-1
4452	命中闪避暴击韧性暴伤+53	命中修正值	53	闪避修正值	53	会心修正值	53	韧性修正值	53	暴击伤害修正值	53																								13	STD_IMPACT_042	1	4452	4452	4452	1	1	0	0	0	0	0	0	0	1	-1	0	0	0	-1	0	0				-1
4453	命中闪避暴击韧性暴伤+54	命中修正值	54	闪避修正值	54	会心修正值	54	韧性修正值	54	暴击伤害修正值	54																								13	STD_IMPACT_042	1	4453	4453	4453	1	1	0	0	0	0	0	0	0	1	-1	0	0	0	-1	0	0				-1
4454	命中闪避暴击韧性暴伤+55	命中修正值	55	闪避修正值	55	会心修正值	55	韧性修正值	55	暴击伤害修正值	55																								13	STD_IMPACT_042	1	4454	4454	4454	1	1	0	0	0	0	0	0	0	1	-1	0	0	0	-1	0	0				-1
4455	命中闪避暴击韧性暴伤+56	命中修正值	56	闪避修正值	56	会心修正值	56	韧性修正值	56	暴击伤害修正值	56																								13	STD_IMPACT_042	1	4455	4455	4455	1	1	0	0	0	0	0	0	0	1	-1	0	0	0	-1	0	0				-1
