NUM	NUM	NUM	NUM	NUM	TEXT	TEXT	FLOAT	FLOAT	NUM	NUM	NUM	NUM	NUM	NUM	NUM	NUM	NUM	NUM	NUM	NUM	NUM	NUM	NUM
编号	随机编号	attr编号	逻辑表编号	阵营编号	名称	称号	x轴坐标	z轴坐标	朝向	脚本编号	重生时间	分组编号	队伍编号	基础AI	AI文件	巡逻路径	商店0	商店1	商店2	商店3	名誉ID	等级	镜像组
0	1	65345	-1	21	日本倭寇		205	70	0	300640	10000	-1	-1	1	0	-1	-1	-1	-1	-1	-1	150	0
1	2	65345	-1	21	日本倭寇		205	70	0	300640	10000	-1	-1	1	0	-1	-1	-1	-1	-1	-1	150	0
2	3	65345	-1	21	日本倭寇		205	70	0	300640	10000	-1	-1	1	0	-1	-1	-1	-1	-1	-1	150	0
3	4	65345	-1	21	日本倭寇		205	70	0	300640	10000	-1	-1	1	0	-1	-1	-1	-1	-1	-1	150	0
4	5	65345	-1	21	日本倭寇		205	70	0	300640	10000	-1	-1	1	0	-1	-1	-1	-1	-1	-1	150	0
5	6	65345	-1	21	日本倭寇		205	70	0	300640	10000	-1	-1	1	0	-1	-1	-1	-1	-1	-1	150	0
6	7	65345	-1	21	日本倭寇		205	70	0	300640	10000	-1	-1	1	0	-1	-1	-1	-1	-1	-1	150	0
7	8	65345	-1	21	日本倭寇		205	70	0	300640	10000	-1	-1	1	0	-1	-1	-1	-1	-1	-1	150	0
8	9	65345	-1	21	日本倭寇		205	70	0	300640	10000	-1	-1	1	0	-1	-1	-1	-1	-1	-1	150	0
9	10	65345	-1	21	日本倭寇		205	70	0	300640	10000	-1	-1	1	0	-1	-1	-1	-1	-1	-1	150	0
10	11	65345	-1	21	日本倭寇		205	70	0	300640	10000	-1	-1	1	0	-1	-1	-1	-1	-1	-1	150	0
11	12	65345	-1	21	日本倭寇		205	70	0	300640	10000	-1	-1	1	0	-1	-1	-1	-1	-1	-1	150	0
12	13	65345	-1	21	日本倭寇		235	70	0	300640	10000	-1	-1	1	0	-1	-1	-1	-1	-1	-1	150	0
13	14	65345	-1	21	日本倭寇		235	70	0	300640	10000	-1	-1	1	0	-1	-1	-1	-1	-1	-1	150	0
14	15	65345	-1	21	日本倭寇		235	70	0	300640	10000	-1	-1	1	0	-1	-1	-1	-1	-1	-1	150	0
15	16	65345	-1	21	日本倭寇		235	70	0	300640	10000	-1	-1	1	0	-1	-1	-1	-1	-1	-1	150	0
16	17	65345	-1	21	日本倭寇		235	70	0	300640	10000	-1	-1	1	0	-1	-1	-1	-1	-1	-1	150	0
17	18	65345	-1	21	日本倭寇		235	70	0	300640	10000	-1	-1	1	0	-1	-1	-1	-1	-1	-1	150	0
18	19	65345	-1	21	日本倭寇		235	70	0	300640	10000	-1	-1	1	0	-1	-1	-1	-1	-1	-1	150	0
19	20	65345	-1	21	日本倭寇		235	70	0	300640	10000	-1	-1	1	0	-1	-1	-1	-1	-1	-1	150	0
20	21	65345	-1	21	日本倭寇		235	70	0	300640	10000	-1	-1	1	0	-1	-1	-1	-1	-1	-1	150	0
21	22	65345	-1	21	日本倭寇		235	70	0	300640	10000	-1	-1	1	0	-1	-1	-1	-1	-1	-1	150	0
22	23	65345	-1	21	日本倭寇		235	70	0	300640	10000	-1	-1	1	0	-1	-1	-1	-1	-1	-1	150	0
23	24	65345	-1	21	日本倭寇		235	70	0	300640	10000	-1	-1	1	0	-1	-1	-1	-1	-1	-1	150	0
24	25	65345	-1	21	日本倭寇		235	104	0	300640	10000	-1	-1	1	0	-1	-1	-1	-1	-1	-1	150	0
25	26	65345	-1	21	日本倭寇		235	104	0	300640	10000	-1	-1	1	0	-1	-1	-1	-1	-1	-1	150	0
26	27	65345	-1	21	日本倭寇		235	104	0	300640	10000	-1	-1	1	0	-1	-1	-1	-1	-1	-1	150	0
27	28	65345	-1	21	日本倭寇		235	104	0	300640	10000	-1	-1	1	0	-1	-1	-1	-1	-1	-1	150	0
28	29	65345	-1	21	日本倭寇		235	104	0	300640	10000	-1	-1	1	0	-1	-1	-1	-1	-1	-1	150	0
29	30	65345	-1	21	日本倭寇		235	104	0	300640	10000	-1	-1	1	0	-1	-1	-1	-1	-1	-1	150	0
30	31	65345	-1	21	日本倭寇		235	104	0	300640	10000	-1	-1	1	0	-1	-1	-1	-1	-1	-1	150	0
31	32	65345	-1	21	日本倭寇		235	104	0	300640	10000	-1	-1	1	0	-1	-1	-1	-1	-1	-1	150	0
32	33	65345	-1	21	日本倭寇		235	104	0	300640	10000	-1	-1	1	0	-1	-1	-1	-1	-1	-1	150	0
33	34	65345	-1	21	日本倭寇		235	104	0	300640	10000	-1	-1	1	0	-1	-1	-1	-1	-1	-1	150	0
34	35	65345	-1	21	日本倭寇		235	104	0	300640	10000	-1	-1	1	0	-1	-1	-1	-1	-1	-1	150	0
35	36	65345	-1	21	日本倭寇		235	104	0	300640	10000	-1	-1	1	0	-1	-1	-1	-1	-1	-1	150	0
36	37	65345	-1	21	日本倭寇		235	137	0	300640	10000	-1	-1	1	0	-1	-1	-1	-1	-1	-1	150	0
37	38	65345	-1	21	日本倭寇		235	137	0	300640	10000	-1	-1	1	0	-1	-1	-1	-1	-1	-1	150	0
38	39	65345	-1	21	日本倭寇		235	137	0	300640	10000	-1	-1	1	0	-1	-1	-1	-1	-1	-1	150	0
39	40	65345	-1	21	日本倭寇		235	137	0	300640	10000	-1	-1	1	0	-1	-1	-1	-1	-1	-1	150	0
40	41	65345	-1	21	日本倭寇		235	137	0	300640	10000	-1	-1	1	0	-1	-1	-1	-1	-1	-1	150	0
41	42	65345	-1	21	日本倭寇		235	137	0	300640	10000	-1	-1	1	0	-1	-1	-1	-1	-1	-1	150	0
42	43	65345	-1	21	日本倭寇		235	137	0	300640	10000	-1	-1	1	0	-1	-1	-1	-1	-1	-1	150	0
43	44	65345	-1	21	日本倭寇		235	137	0	300640	10000	-1	-1	1	0	-1	-1	-1	-1	-1	-1	150	0
44	45	65345	-1	21	日本倭寇		235	137	0	300640	10000	-1	-1	1	0	-1	-1	-1	-1	-1	-1	150	0
45	46	65345	-1	21	日本倭寇		235	137	0	300640	10000	-1	-1	1	0	-1	-1	-1	-1	-1	-1	150	0
46	47	65345	-1	21	日本倭寇		235	137	0	300640	10000	-1	-1	1	0	-1	-1	-1	-1	-1	-1	150	0
47	48	65345	-1	21	日本倭寇		235	137	0	300640	10000	-1	-1	1	0	-1	-1	-1	-1	-1	-1	150	0
48	49	65345	-1	21	日本倭寇		187	125	0	300640	10000	-1	-1	1	0	-1	-1	-1	-1	-1	-1	150	0
49	50	65345	-1	21	日本倭寇		187	125	0	300640	10000	-1	-1	1	0	-1	-1	-1	-1	-1	-1	150	0
50	51	65345	-1	21	日本倭寇		187	125	0	300640	10000	-1	-1	1	0	-1	-1	-1	-1	-1	-1	150	0
51	52	65345	-1	21	日本倭寇		187	125	0	300640	10000	-1	-1	1	0	-1	-1	-1	-1	-1	-1	150	0
52	53	65345	-1	21	日本倭寇		187	125	0	300640	10000	-1	-1	1	0	-1	-1	-1	-1	-1	-1	150	0
53	54	65345	-1	21	日本倭寇		187	125	0	300640	10000	-1	-1	1	0	-1	-1	-1	-1	-1	-1	150	0
54	55	65345	-1	21	日本倭寇		187	125	0	300640	10000	-1	-1	1	0	-1	-1	-1	-1	-1	-1	150	0
55	56	65345	-1	21	日本倭寇		187	125	0	300640	10000	-1	-1	1	0	-1	-1	-1	-1	-1	-1	150	0
56	57	65345	-1	21	日本倭寇		187	125	0	300640	10000	-1	-1	1	0	-1	-1	-1	-1	-1	-1	150	0
57	58	65345	-1	21	日本倭寇		187	108	0	300640	10000	-1	-1	1	0	-1	-1	-1	-1	-1	-1	150	0
58	59	65345	-1	21	日本倭寇		187	108	0	300640	10000	-1	-1	1	0	-1	-1	-1	-1	-1	-1	150	0
59	60	65345	-1	21	日本倭寇		187	108	0	300640	10000	-1	-1	1	0	-1	-1	-1	-1	-1	-1	150	0
60	61	65345	-1	21	日本倭寇		187	108	0	300640	10000	-1	-1	1	0	-1	-1	-1	-1	-1	-1	150	0
61	62	65345	-1	21	日本倭寇		187	108	0	300640	10000	-1	-1	1	0	-1	-1	-1	-1	-1	-1	150	0
62	63	65345	-1	21	日本倭寇		187	108	0	300640	10000	-1	-1	1	0	-1	-1	-1	-1	-1	-1	150	0
63	64	65345	-1	21	日本倭寇		187	108	0	300640	10000	-1	-1	1	0	-1	-1	-1	-1	-1	-1	150	0
64	65	65345	-1	21	日本倭寇		187	108	0	300640	10000	-1	-1	1	0	-1	-1	-1	-1	-1	-1	150	0
65	66	65345	-1	21	日本倭寇		187	108	0	300640	10000	-1	-1	1	0	-1	-1	-1	-1	-1	-1	150	0
66	67	65345	-1	21	日本倭寇		200	108	0	300640	10000	-1	-1	1	0	-1	-1	-1	-1	-1	-1	150	0
67	68	65345	-1	21	日本倭寇		200	108	0	300640	10000	-1	-1	1	0	-1	-1	-1	-1	-1	-1	150	0
68	69	65345	-1	21	日本倭寇		200	108	0	300640	10000	-1	-1	1	0	-1	-1	-1	-1	-1	-1	150	0
69	70	65345	-1	21	日本倭寇		200	108	0	300640	10000	-1	-1	1	0	-1	-1	-1	-1	-1	-1	150	0
70	71	65345	-1	21	日本倭寇		200	108	0	300640	10000	-1	-1	1	0	-1	-1	-1	-1	-1	-1	150	0
71	72	65345	-1	21	日本倭寇		200	108	0	300640	10000	-1	-1	1	0	-1	-1	-1	-1	-1	-1	150	0
72	73	65345	-1	21	日本倭寇		200	108	0	300640	10000	-1	-1	1	0	-1	-1	-1	-1	-1	-1	150	0
73	74	65345	-1	21	日本倭寇		200	108	0	300640	10000	-1	-1	1	0	-1	-1	-1	-1	-1	-1	150	0
74	75	65345	-1	21	日本倭寇		200	108	0	300640	10000	-1	-1	1	0	-1	-1	-1	-1	-1	-1	150	0
75	76	65345	-1	21	日本倭寇		200	125	0	300640	10000	-1	-1	1	0	-1	-1	-1	-1	-1	-1	150	0
76	77	65345	-1	21	日本倭寇		200	125	0	300640	10000	-1	-1	1	0	-1	-1	-1	-1	-1	-1	150	0
77	78	65345	-1	21	日本倭寇		200	125	0	300640	10000	-1	-1	1	0	-1	-1	-1	-1	-1	-1	150	0
78	79	65345	-1	21	日本倭寇		200	125	0	300640	10000	-1	-1	1	0	-1	-1	-1	-1	-1	-1	150	0
79	80	65345	-1	21	日本倭寇		200	125	0	300640	10000	-1	-1	1	0	-1	-1	-1	-1	-1	-1	150	0
80	81	65345	-1	21	日本倭寇		200	125	0	300640	10000	-1	-1	1	0	-1	-1	-1	-1	-1	-1	150	0
81	82	65345	-1	21	日本倭寇		200	125	0	300640	10000	-1	-1	1	0	-1	-1	-1	-1	-1	-1	150	0
82	83	65345	-1	21	日本倭寇		200	125	0	300640	10000	-1	-1	1	0	-1	-1	-1	-1	-1	-1	150	0
83	84	65345	-1	21	日本倭寇		200	125	0	300640	10000	-1	-1	1	0	-1	-1	-1	-1	-1	-1	150	0
84	85	65345	-1	21	日本倭寇		235	144	0	300640	10000	-1	-1	1	0	-1	-1	-1	-1	-1	-1	150	0
85	86	65345	-1	21	日本倭寇		235	144	0	300640	10000	-1	-1	1	0	-1	-1	-1	-1	-1	-1	150	0
86	87	65345	-1	21	日本倭寇		235	144	0	300640	10000	-1	-1	1	0	-1	-1	-1	-1	-1	-1	150	0
87	88	65345	-1	21	日本倭寇		235	144	0	300640	10000	-1	-1	1	0	-1	-1	-1	-1	-1	-1	150	0
88	89	65345	-1	21	日本倭寇		235	144	0	300640	10000	-1	-1	1	0	-1	-1	-1	-1	-1	-1	150	0
89	90	65345	-1	21	日本倭寇		235	144	0	300640	10000	-1	-1	1	0	-1	-1	-1	-1	-1	-1	150	0
90	91	65345	-1	21	日本倭寇		235	144	0	300640	10000	-1	-1	1	0	-1	-1	-1	-1	-1	-1	150	0
91	92	65345	-1	21	日本倭寇		235	144	0	300640	10000	-1	-1	1	0	-1	-1	-1	-1	-1	-1	150	0
92	93	65345	-1	21	日本倭寇		235	144	0	300640	10000	-1	-1	1	0	-1	-1	-1	-1	-1	-1	150	0
93	94	65345	-1	21	日本倭寇		235	144	0	300640	10000	-1	-1	1	0	-1	-1	-1	-1	-1	-1	150	0
94	95	65345	-1	21	日本倭寇		235	144	0	300640	10000	-1	-1	1	0	-1	-1	-1	-1	-1	-1	150	0
95	96	65345	-1	21	日本倭寇		235	144	0	300640	10000	-1	-1	1	0	-1	-1	-1	-1	-1	-1	150	0
96	97	65345	-1	21	日本倭寇		235	165	0	300640	10000	-1	-1	1	0	-1	-1	-1	-1	-1	-1	150	0
97	98	65345	-1	21	日本倭寇		235	165	0	300640	10000	-1	-1	1	0	-1	-1	-1	-1	-1	-1	150	0
98	99	65345	-1	21	日本倭寇		235	165	0	300640	10000	-1	-1	1	0	-1	-1	-1	-1	-1	-1	150	0
99	100	65345	-1	21	日本倭寇		235	165	0	300640	10000	-1	-1	1	0	-1	-1	-1	-1	-1	-1	150	0
100	101	65345	-1	21	日本倭寇		235	165	0	300640	10000	-1	-1	1	0	-1	-1	-1	-1	-1	-1	150	0
101	102	65345	-1	21	日本倭寇		235	165	0	300640	10000	-1	-1	1	0	-1	-1	-1	-1	-1	-1	150	0
102	103	65345	-1	21	日本倭寇		235	165	0	300640	10000	-1	-1	1	0	-1	-1	-1	-1	-1	-1	150	0
103	104	65345	-1	21	日本倭寇		235	165	0	300640	10000	-1	-1	1	0	-1	-1	-1	-1	-1	-1	150	0
104	105	65345	-1	21	日本倭寇		235	165	0	300640	10000	-1	-1	1	0	-1	-1	-1	-1	-1	-1	150	0
105	106	65345	-1	21	日本倭寇		235	165	0	300640	10000	-1	-1	1	0	-1	-1	-1	-1	-1	-1	150	0
106	107	65345	-1	21	日本倭寇		235	165	0	300640	10000	-1	-1	1	0	-1	-1	-1	-1	-1	-1	150	0
107	108	65345	-1	21	日本倭寇		235	165	0	300640	10000	-1	-1	1	0	-1	-1	-1	-1	-1	-1	150	0
108	109	65345	-1	21	日本倭寇		217	165	0	300640	10000	-1	-1	1	0	-1	-1	-1	-1	-1	-1	150	0
109	110	65345	-1	21	日本倭寇		217	165	0	300640	10000	-1	-1	1	0	-1	-1	-1	-1	-1	-1	150	0
110	111	65345	-1	21	日本倭寇		217	165	0	300640	10000	-1	-1	1	0	-1	-1	-1	-1	-1	-1	150	0
111	112	65345	-1	21	日本倭寇		217	165	0	300640	10000	-1	-1	1	0	-1	-1	-1	-1	-1	-1	150	0
112	113	65345	-1	21	日本倭寇		217	165	0	300640	10000	-1	-1	1	0	-1	-1	-1	-1	-1	-1	150	0
113	114	65345	-1	21	日本倭寇		217	165	0	300640	10000	-1	-1	1	0	-1	-1	-1	-1	-1	-1	150	0
114	115	65345	-1	21	日本倭寇		217	165	0	300640	10000	-1	-1	1	0	-1	-1	-1	-1	-1	-1	150	0
115	116	65345	-1	21	日本倭寇		217	165	0	300640	10000	-1	-1	1	0	-1	-1	-1	-1	-1	-1	150	0
116	117	65345	-1	21	日本倭寇		217	165	0	300640	10000	-1	-1	1	0	-1	-1	-1	-1	-1	-1	150	0
117	118	65345	-1	21	日本倭寇		217	165	0	300640	10000	-1	-1	1	0	-1	-1	-1	-1	-1	-1	150	0
118	119	65345	-1	21	日本倭寇		217	165	0	300640	10000	-1	-1	1	0	-1	-1	-1	-1	-1	-1	150	0
119	120	65345	-1	21	日本倭寇		217	165	0	300640	10000	-1	-1	1	0	-1	-1	-1	-1	-1	-1	150	0
120	121	65345	-1	21	日本倭寇		200	165	0	300640	10000	-1	-1	1	0	-1	-1	-1	-1	-1	-1	150	0
121	122	65345	-1	21	日本倭寇		200	165	0	300640	10000	-1	-1	1	0	-1	-1	-1	-1	-1	-1	150	0
122	123	65345	-1	21	日本倭寇		200	165	0	300640	10000	-1	-1	1	0	-1	-1	-1	-1	-1	-1	150	0
123	124	65345	-1	21	日本倭寇		200	165	0	300640	10000	-1	-1	1	0	-1	-1	-1	-1	-1	-1	150	0
124	125	65345	-1	21	日本倭寇		200	165	0	300640	10000	-1	-1	1	0	-1	-1	-1	-1	-1	-1	150	0
125	126	65345	-1	21	日本倭寇		200	165	0	300640	10000	-1	-1	1	0	-1	-1	-1	-1	-1	-1	150	0
126	127	65345	-1	21	日本倭寇		200	165	0	300640	10000	-1	-1	1	0	-1	-1	-1	-1	-1	-1	150	0
127	128	65345	-1	21	日本倭寇		200	165	0	300640	10000	-1	-1	1	0	-1	-1	-1	-1	-1	-1	150	0
128	129	65345	-1	21	日本倭寇		200	165	0	300640	10000	-1	-1	1	0	-1	-1	-1	-1	-1	-1	150	0
129	130	65345	-1	21	日本倭寇		200	165	0	300640	10000	-1	-1	1	0	-1	-1	-1	-1	-1	-1	150	0
130	131	65345	-1	21	日本倭寇		200	165	0	300640	10000	-1	-1	1	0	-1	-1	-1	-1	-1	-1	150	0
131	132	65345	-1	21	日本倭寇		200	165	0	300640	10000	-1	-1	1	0	-1	-1	-1	-1	-1	-1	150	0
132	133	65345	-1	21	日本倭寇		179	183	0	300640	10000	-1	-1	1	0	-1	-1	-1	-1	-1	-1	150	0
133	134	65345	-1	21	日本倭寇		179	183	0	300640	10000	-1	-1	1	0	-1	-1	-1	-1	-1	-1	150	0
134	135	65345	-1	21	日本倭寇		179	183	0	300640	10000	-1	-1	1	0	-1	-1	-1	-1	-1	-1	150	0
135	136	65345	-1	21	日本倭寇		179	183	0	300640	10000	-1	-1	1	0	-1	-1	-1	-1	-1	-1	150	0
136	137	65345	-1	21	日本倭寇		179	183	0	300640	10000	-1	-1	1	0	-1	-1	-1	-1	-1	-1	150	0
137	138	65345	-1	21	日本倭寇		179	183	0	300640	10000	-1	-1	1	0	-1	-1	-1	-1	-1	-1	150	0
138	139	65345	-1	21	日本倭寇		179	183	0	300640	10000	-1	-1	1	0	-1	-1	-1	-1	-1	-1	150	0
139	140	65345	-1	21	日本倭寇		179	183	0	300640	10000	-1	-1	1	0	-1	-1	-1	-1	-1	-1	150	0
140	141	65345	-1	21	日本倭寇		179	183	0	300640	10000	-1	-1	1	0	-1	-1	-1	-1	-1	-1	150	0
141	142	65345	-1	21	日本倭寇		179	183	0	300640	10000	-1	-1	1	0	-1	-1	-1	-1	-1	-1	150	0
142	143	65345	-1	21	日本倭寇		179	183	0	300640	10000	-1	-1	1	0	-1	-1	-1	-1	-1	-1	150	0
143	144	65345	-1	21	日本倭寇		179	183	0	300640	10000	-1	-1	1	0	-1	-1	-1	-1	-1	-1	150	0
144	145	65345	-1	21	日本倭寇		179	210	0	300640	10000	-1	-1	1	0	-1	-1	-1	-1	-1	-1	150	0
145	146	65345	-1	21	日本倭寇		179	210	0	300640	10000	-1	-1	1	0	-1	-1	-1	-1	-1	-1	150	0
146	147	65345	-1	21	日本倭寇		179	210	0	300640	10000	-1	-1	1	0	-1	-1	-1	-1	-1	-1	150	0
147	148	65345	-1	21	日本倭寇		179	210	0	300640	10000	-1	-1	1	0	-1	-1	-1	-1	-1	-1	150	0
148	149	65345	-1	21	日本倭寇		179	210	0	300640	10000	-1	-1	1	0	-1	-1	-1	-1	-1	-1	150	0
149	150	65345	-1	21	日本倭寇		179	210	0	300640	10000	-1	-1	1	0	-1	-1	-1	-1	-1	-1	150	0
150	151	65345	-1	21	日本倭寇		179	210	0	300640	10000	-1	-1	1	0	-1	-1	-1	-1	-1	-1	150	0
151	152	65345	-1	21	日本倭寇		179	210	0	300640	10000	-1	-1	1	0	-1	-1	-1	-1	-1	-1	150	0
152	153	65345	-1	21	日本倭寇		179	210	0	300640	10000	-1	-1	1	0	-1	-1	-1	-1	-1	-1	150	0
153	154	65345	-1	21	日本倭寇		179	210	0	300640	10000	-1	-1	1	0	-1	-1	-1	-1	-1	-1	150	0
154	155	65345	-1	21	日本倭寇		179	210	0	300640	10000	-1	-1	1	0	-1	-1	-1	-1	-1	-1	150	0
155	156	65345	-1	21	日本倭寇		179	210	0	300640	10000	-1	-1	1	0	-1	-1	-1	-1	-1	-1	150	0
156	157	65345	-1	21	日本倭寇		228	202	0	300640	10000	-1	-1	1	0	-1	-1	-1	-1	-1	-1	150	0
157	158	65345	-1	21	日本倭寇		228	202	0	300640	10000	-1	-1	1	0	-1	-1	-1	-1	-1	-1	150	0
158	159	65345	-1	21	日本倭寇		228	202	0	300640	10000	-1	-1	1	0	-1	-1	-1	-1	-1	-1	150	0
159	160	65345	-1	21	日本倭寇		228	202	0	300640	10000	-1	-1	1	0	-1	-1	-1	-1	-1	-1	150	0
160	161	65345	-1	21	日本倭寇		228	202	0	300640	10000	-1	-1	1	0	-1	-1	-1	-1	-1	-1	150	0
161	162	65345	-1	21	日本倭寇		228	202	0	300640	10000	-1	-1	1	0	-1	-1	-1	-1	-1	-1	150	0
162	163	65345	-1	21	日本倭寇		228	202	0	300640	10000	-1	-1	1	0	-1	-1	-1	-1	-1	-1	150	0
163	164	65345	-1	21	日本倭寇		228	202	0	300640	10000	-1	-1	1	0	-1	-1	-1	-1	-1	-1	150	0
164	165	65345	-1	21	日本倭寇		228	202	0	300640	10000	-1	-1	1	0	-1	-1	-1	-1	-1	-1	150	0
165	166	65345	-1	21	日本倭寇		228	218	0	300640	10000	-1	-1	1	0	-1	-1	-1	-1	-1	-1	150	0
166	167	65345	-1	21	日本倭寇		228	218	0	300640	10000	-1	-1	1	0	-1	-1	-1	-1	-1	-1	150	0
167	168	65345	-1	21	日本倭寇		228	218	0	300640	10000	-1	-1	1	0	-1	-1	-1	-1	-1	-1	150	0
168	169	65345	-1	21	日本倭寇		228	218	0	300640	10000	-1	-1	1	0	-1	-1	-1	-1	-1	-1	150	0
169	170	65345	-1	21	日本倭寇		228	218	0	300640	10000	-1	-1	1	0	-1	-1	-1	-1	-1	-1	150	0
170	171	65345	-1	21	日本倭寇		228	218	0	300640	10000	-1	-1	1	0	-1	-1	-1	-1	-1	-1	150	0
171	172	65345	-1	21	日本倭寇		228	218	0	300640	10000	-1	-1	1	0	-1	-1	-1	-1	-1	-1	150	0
172	173	65345	-1	21	日本倭寇		228	218	0	300640	10000	-1	-1	1	0	-1	-1	-1	-1	-1	-1	150	0
173	174	65345	-1	21	日本倭寇		228	218	0	300640	10000	-1	-1	1	0	-1	-1	-1	-1	-1	-1	150	0
174	175	65345	-1	21	日本倭寇		210	202	0	300640	10000	-1	-1	1	0	-1	-1	-1	-1	-1	-1	150	0
175	176	65345	-1	21	日本倭寇		210	202	0	300640	10000	-1	-1	1	0	-1	-1	-1	-1	-1	-1	150	0
176	177	65345	-1	21	日本倭寇		210	202	0	300640	10000	-1	-1	1	0	-1	-1	-1	-1	-1	-1	150	0
177	178	65345	-1	21	日本倭寇		210	202	0	300640	10000	-1	-1	1	0	-1	-1	-1	-1	-1	-1	150	0
178	179	65345	-1	21	日本倭寇		210	202	0	300640	10000	-1	-1	1	0	-1	-1	-1	-1	-1	-1	150	0
179	180	65345	-1	21	日本倭寇		210	202	0	300640	10000	-1	-1	1	0	-1	-1	-1	-1	-1	-1	150	0
180	181	65345	-1	21	日本倭寇		210	202	0	300640	10000	-1	-1	1	0	-1	-1	-1	-1	-1	-1	150	0
181	182	65345	-1	21	日本倭寇		210	202	0	300640	10000	-1	-1	1	0	-1	-1	-1	-1	-1	-1	150	0
182	183	65345	-1	21	日本倭寇		210	202	0	300640	10000	-1	-1	1	0	-1	-1	-1	-1	-1	-1	150	0
183	184	65345	-1	21	日本倭寇		210	218	0	300640	10000	-1	-1	1	0	-1	-1	-1	-1	-1	-1	150	0
184	185	65345	-1	21	日本倭寇		210	218	0	300640	10000	-1	-1	1	0	-1	-1	-1	-1	-1	-1	150	0
185	186	65345	-1	21	日本倭寇		210	218	0	300640	10000	-1	-1	1	0	-1	-1	-1	-1	-1	-1	150	0
186	187	65345	-1	21	日本倭寇		210	218	0	300640	10000	-1	-1	1	0	-1	-1	-1	-1	-1	-1	150	0
187	188	65345	-1	21	日本倭寇		210	218	0	300640	10000	-1	-1	1	0	-1	-1	-1	-1	-1	-1	150	0
188	189	65345	-1	21	日本倭寇		210	218	0	300640	10000	-1	-1	1	0	-1	-1	-1	-1	-1	-1	150	0
189	190	65345	-1	21	日本倭寇		210	218	0	300640	10000	-1	-1	1	0	-1	-1	-1	-1	-1	-1	150	0
190	191	65345	-1	21	日本倭寇		210	218	0	300640	10000	-1	-1	1	0	-1	-1	-1	-1	-1	-1	150	0
191	192	65345	-1	21	日本倭寇		210	218	0	300640	10000	-1	-1	1	0	-1	-1	-1	-1	-1	-1	150	0
192	193	65345	-1	21	日本倭寇		178	233	0	300640	10000	-1	-1	1	0	-1	-1	-1	-1	-1	-1	150	0
193	194	65345	-1	21	日本倭寇		178	233	0	300640	10000	-1	-1	1	0	-1	-1	-1	-1	-1	-1	150	0
194	195	65345	-1	21	日本倭寇		178	233	0	300640	10000	-1	-1	1	0	-1	-1	-1	-1	-1	-1	150	0
195	196	65345	-1	21	日本倭寇		178	233	0	300640	10000	-1	-1	1	0	-1	-1	-1	-1	-1	-1	150	0
196	197	65345	-1	21	日本倭寇		178	233	0	300640	10000	-1	-1	1	0	-1	-1	-1	-1	-1	-1	150	0
197	198	65345	-1	21	日本倭寇		178	233	0	300640	10000	-1	-1	1	0	-1	-1	-1	-1	-1	-1	150	0
198	199	65345	-1	21	日本倭寇		178	233	0	300640	10000	-1	-1	1	0	-1	-1	-1	-1	-1	-1	150	0
199	200	65345	-1	21	日本倭寇		178	233	0	300640	10000	-1	-1	1	0	-1	-1	-1	-1	-1	-1	150	0
200	201	65345	-1	21	日本倭寇		178	233	0	300640	10000	-1	-1	1	0	-1	-1	-1	-1	-1	-1	150	0
201	202	65345	-1	21	日本倭寇		178	233	0	300640	10000	-1	-1	1	0	-1	-1	-1	-1	-1	-1	150	0
202	203	65345	-1	21	日本倭寇		178	233	0	300640	10000	-1	-1	1	0	-1	-1	-1	-1	-1	-1	150	0
203	204	65345	-1	21	日本倭寇		178	233	0	300640	10000	-1	-1	1	0	-1	-1	-1	-1	-1	-1	150	0
204	205	65345	-1	21	日本倭寇		156	233	0	300640	10000	-1	-1	1	0	-1	-1	-1	-1	-1	-1	150	0
205	206	65345	-1	21	日本倭寇		156	233	0	300640	10000	-1	-1	1	0	-1	-1	-1	-1	-1	-1	150	0
206	207	65345	-1	21	日本倭寇		156	233	0	300640	10000	-1	-1	1	0	-1	-1	-1	-1	-1	-1	150	0
207	208	65345	-1	21	日本倭寇		156	233	0	300640	10000	-1	-1	1	0	-1	-1	-1	-1	-1	-1	150	0
208	209	65345	-1	21	日本倭寇		156	233	0	300640	10000	-1	-1	1	0	-1	-1	-1	-1	-1	-1	150	0
209	210	65345	-1	21	日本倭寇		156	233	0	300640	10000	-1	-1	1	0	-1	-1	-1	-1	-1	-1	150	0
210	211	65345	-1	21	日本倭寇		156	233	0	300640	10000	-1	-1	1	0	-1	-1	-1	-1	-1	-1	150	0
211	212	65345	-1	21	日本倭寇		156	233	0	300640	10000	-1	-1	1	0	-1	-1	-1	-1	-1	-1	150	0
212	213	65345	-1	21	日本倭寇		156	233	0	300640	10000	-1	-1	1	0	-1	-1	-1	-1	-1	-1	150	0
213	214	65345	-1	21	日本倭寇		156	233	0	300640	10000	-1	-1	1	0	-1	-1	-1	-1	-1	-1	150	0
214	215	65345	-1	21	日本倭寇		156	233	0	300640	10000	-1	-1	1	0	-1	-1	-1	-1	-1	-1	150	0
215	216	65345	-1	21	日本倭寇		156	233	0	300640	10000	-1	-1	1	0	-1	-1	-1	-1	-1	-1	150	0
216	217	65345	-1	21	日本倭寇		128	127	0	300640	10000	-1	-1	1	0	-1	-1	-1	-1	-1	-1	150	0
217	218	65345	-1	21	日本倭寇		128	127	0	300640	10000	-1	-1	1	0	-1	-1	-1	-1	-1	-1	150	0
218	219	65345	-1	21	日本倭寇		128	127	0	300640	10000	-1	-1	1	0	-1	-1	-1	-1	-1	-1	150	0
219	220	65345	-1	21	日本倭寇		128	127	0	300640	10000	-1	-1	1	0	-1	-1	-1	-1	-1	-1	150	0
220	221	65345	-1	21	日本倭寇		128	127	0	300640	10000	-1	-1	1	0	-1	-1	-1	-1	-1	-1	150	0
221	222	65345	-1	21	日本倭寇		128	127	0	300640	10000	-1	-1	1	0	-1	-1	-1	-1	-1	-1	150	0
222	223	65345	-1	21	日本倭寇		128	127	0	300640	10000	-1	-1	1	0	-1	-1	-1	-1	-1	-1	150	0
223	224	65345	-1	21	日本倭寇		128	127	0	300640	10000	-1	-1	1	0	-1	-1	-1	-1	-1	-1	150	0
224	225	65345	-1	21	日本倭寇		128	127	0	300640	10000	-1	-1	1	0	-1	-1	-1	-1	-1	-1	150	0
225	226	65345	-1	21	日本倭寇		128	127	0	300640	10000	-1	-1	1	0	-1	-1	-1	-1	-1	-1	150	0
226	227	65345	-1	21	日本倭寇		128	127	0	300640	10000	-1	-1	1	0	-1	-1	-1	-1	-1	-1	150	0
227	228	65345	-1	21	日本倭寇		128	127	0	300640	10000	-1	-1	1	0	-1	-1	-1	-1	-1	-1	150	0
228	229	65345	-1	21	日本倭寇		128	204	0	300640	10000	-1	-1	1	0	-1	-1	-1	-1	-1	-1	150	0
229	230	65345	-1	21	日本倭寇		128	204	0	300640	10000	-1	-1	1	0	-1	-1	-1	-1	-1	-1	150	0
230	231	65345	-1	21	日本倭寇		128	204	0	300640	10000	-1	-1	1	0	-1	-1	-1	-1	-1	-1	150	0
231	232	65345	-1	21	日本倭寇		128	204	0	300640	10000	-1	-1	1	0	-1	-1	-1	-1	-1	-1	150	0
232	233	65345	-1	21	日本倭寇		128	204	0	300640	10000	-1	-1	1	0	-1	-1	-1	-1	-1	-1	150	0
233	234	65345	-1	21	日本倭寇		128	204	0	300640	10000	-1	-1	1	0	-1	-1	-1	-1	-1	-1	150	0
234	235	65345	-1	21	日本倭寇		128	204	0	300640	10000	-1	-1	1	0	-1	-1	-1	-1	-1	-1	150	0
235	236	65345	-1	21	日本倭寇		128	204	0	300640	10000	-1	-1	1	0	-1	-1	-1	-1	-1	-1	150	0
236	237	65345	-1	21	日本倭寇		128	204	0	300640	10000	-1	-1	1	0	-1	-1	-1	-1	-1	-1	150	0
237	238	65345	-1	21	日本倭寇		128	204	0	300640	10000	-1	-1	1	0	-1	-1	-1	-1	-1	-1	150	0
238	239	65345	-1	21	日本倭寇		128	204	0	300640	10000	-1	-1	1	0	-1	-1	-1	-1	-1	-1	150	0
239	240	65345	-1	21	日本倭寇		128	204	0	300640	10000	-1	-1	1	0	-1	-1	-1	-1	-1	-1	150	0
240	241	65345	-1	21	日本倭寇		128	184	0	300640	10000	-1	-1	1	0	-1	-1	-1	-1	-1	-1	150	0
241	242	65345	-1	21	日本倭寇		128	184	0	300640	10000	-1	-1	1	0	-1	-1	-1	-1	-1	-1	150	0
242	243	65345	-1	21	日本倭寇		128	184	0	300640	10000	-1	-1	1	0	-1	-1	-1	-1	-1	-1	150	0
243	244	65345	-1	21	日本倭寇		128	184	0	300640	10000	-1	-1	1	0	-1	-1	-1	-1	-1	-1	150	0
244	245	65345	-1	21	日本倭寇		128	184	0	300640	10000	-1	-1	1	0	-1	-1	-1	-1	-1	-1	150	0
245	246	65345	-1	21	日本倭寇		128	184	0	300640	10000	-1	-1	1	0	-1	-1	-1	-1	-1	-1	150	0
246	247	65345	-1	21	日本倭寇		128	184	0	300640	10000	-1	-1	1	0	-1	-1	-1	-1	-1	-1	150	0
247	248	65345	-1	21	日本倭寇		128	184	0	300640	10000	-1	-1	1	0	-1	-1	-1	-1	-1	-1	150	0
248	249	65345	-1	21	日本倭寇		128	184	0	300640	10000	-1	-1	1	0	-1	-1	-1	-1	-1	-1	150	0
249	250	65345	-1	21	日本倭寇		128	184	0	300640	10000	-1	-1	1	0	-1	-1	-1	-1	-1	-1	150	0
250	251	65345	-1	21	日本倭寇		128	184	0	300640	10000	-1	-1	1	0	-1	-1	-1	-1	-1	-1	150	0
251	252	65345	-1	21	日本倭寇		128	184	0	300640	10000	-1	-1	1	0	-1	-1	-1	-1	-1	-1	150	0
252	253	65345	-1	21	日本倭寇		120	137	0	300640	10000	-1	-1	1	0	-1	-1	-1	-1	-1	-1	150	0
253	254	65345	-1	21	日本倭寇		120	137	0	300640	10000	-1	-1	1	0	-1	-1	-1	-1	-1	-1	150	0
254	255	65345	-1	21	日本倭寇		120	137	0	300640	10000	-1	-1	1	0	-1	-1	-1	-1	-1	-1	150	0
255	256	65345	-1	21	日本倭寇		120	137	0	300640	10000	-1	-1	1	0	-1	-1	-1	-1	-1	-1	150	0
256	257	65345	-1	21	日本倭寇		120	137	0	300640	10000	-1	-1	1	0	-1	-1	-1	-1	-1	-1	150	0
257	258	65345	-1	21	日本倭寇		120	137	0	300640	10000	-1	-1	1	0	-1	-1	-1	-1	-1	-1	150	0
258	259	65345	-1	21	日本倭寇		120	137	0	300640	10000	-1	-1	1	0	-1	-1	-1	-1	-1	-1	150	0
259	260	65345	-1	21	日本倭寇		120	137	0	300640	10000	-1	-1	1	0	-1	-1	-1	-1	-1	-1	150	0
260	261	65345	-1	21	日本倭寇		120	137	0	300640	10000	-1	-1	1	0	-1	-1	-1	-1	-1	-1	150	0
261	262	65345	-1	21	日本倭寇		134	137	0	300640	10000	-1	-1	1	0	-1	-1	-1	-1	-1	-1	150	0
262	263	65345	-1	21	日本倭寇		134	137	0	300640	10000	-1	-1	1	0	-1	-1	-1	-1	-1	-1	150	0
263	264	65345	-1	21	日本倭寇		134	137	0	300640	10000	-1	-1	1	0	-1	-1	-1	-1	-1	-1	150	0
264	265	65345	-1	21	日本倭寇		134	137	0	300640	10000	-1	-1	1	0	-1	-1	-1	-1	-1	-1	150	0
265	266	65345	-1	21	日本倭寇		134	137	0	300640	10000	-1	-1	1	0	-1	-1	-1	-1	-1	-1	150	0
266	267	65345	-1	21	日本倭寇		134	137	0	300640	10000	-1	-1	1	0	-1	-1	-1	-1	-1	-1	150	0
267	268	65345	-1	21	日本倭寇		134	137	0	300640	10000	-1	-1	1	0	-1	-1	-1	-1	-1	-1	150	0
268	269	65345	-1	21	日本倭寇		134	137	0	300640	10000	-1	-1	1	0	-1	-1	-1	-1	-1	-1	150	0
269	270	65345	-1	21	日本倭寇		134	137	0	300640	10000	-1	-1	1	0	-1	-1	-1	-1	-1	-1	150	0
270	271	65345	-1	21	日本倭寇		120	149	0	300640	10000	-1	-1	1	0	-1	-1	-1	-1	-1	-1	150	0
271	272	65345	-1	21	日本倭寇		120	149	0	300640	10000	-1	-1	1	0	-1	-1	-1	-1	-1	-1	150	0
272	273	65345	-1	21	日本倭寇		120	149	0	300640	10000	-1	-1	1	0	-1	-1	-1	-1	-1	-1	150	0
273	274	65345	-1	21	日本倭寇		120	149	0	300640	10000	-1	-1	1	0	-1	-1	-1	-1	-1	-1	150	0
274	275	65345	-1	21	日本倭寇		120	149	0	300640	10000	-1	-1	1	0	-1	-1	-1	-1	-1	-1	150	0
275	276	65345	-1	21	日本倭寇		120	149	0	300640	10000	-1	-1	1	0	-1	-1	-1	-1	-1	-1	150	0
276	277	65345	-1	21	日本倭寇		120	149	0	300640	10000	-1	-1	1	0	-1	-1	-1	-1	-1	-1	150	0
277	278	65345	-1	21	日本倭寇		120	149	0	300640	10000	-1	-1	1	0	-1	-1	-1	-1	-1	-1	150	0
278	279	65345	-1	21	日本倭寇		120	149	0	300640	10000	-1	-1	1	0	-1	-1	-1	-1	-1	-1	150	0
279	280	65345	-1	21	日本倭寇		134	149	0	300640	10000	-1	-1	1	0	-1	-1	-1	-1	-1	-1	150	0
280	281	65345	-1	21	日本倭寇		134	149	0	300640	10000	-1	-1	1	0	-1	-1	-1	-1	-1	-1	150	0
281	282	65345	-1	21	日本倭寇		134	149	0	300640	10000	-1	-1	1	0	-1	-1	-1	-1	-1	-1	150	0
282	283	65345	-1	21	日本倭寇		134	149	0	300640	10000	-1	-1	1	0	-1	-1	-1	-1	-1	-1	150	0
283	284	65345	-1	21	日本倭寇		134	149	0	300640	10000	-1	-1	1	0	-1	-1	-1	-1	-1	-1	150	0
284	285	65345	-1	21	日本倭寇		134	149	0	300640	10000	-1	-1	1	0	-1	-1	-1	-1	-1	-1	150	0
285	286	65345	-1	21	日本倭寇		134	149	0	300640	10000	-1	-1	1	0	-1	-1	-1	-1	-1	-1	150	0
286	287	65345	-1	21	日本倭寇		134	149	0	300640	10000	-1	-1	1	0	-1	-1	-1	-1	-1	-1	150	0
287	288	65345	-1	21	日本倭寇		134	149	0	300640	10000	-1	-1	1	0	-1	-1	-1	-1	-1	-1	150	0
288	289	65345	-1	21	日本倭寇		81	180	0	300640	10000	-1	-1	1	0	-1	-1	-1	-1	-1	-1	150	0
289	290	65345	-1	21	日本倭寇		81	180	0	300640	10000	-1	-1	1	0	-1	-1	-1	-1	-1	-1	150	0
290	291	65345	-1	21	日本倭寇		81	180	0	300640	10000	-1	-1	1	0	-1	-1	-1	-1	-1	-1	150	0
291	292	65345	-1	21	日本倭寇		81	180	0	300640	10000	-1	-1	1	0	-1	-1	-1	-1	-1	-1	150	0
292	293	65345	-1	21	日本倭寇		81	180	0	300640	10000	-1	-1	1	0	-1	-1	-1	-1	-1	-1	150	0
293	294	65345	-1	21	日本倭寇		81	180	0	300640	10000	-1	-1	1	0	-1	-1	-1	-1	-1	-1	150	0
294	295	65345	-1	21	日本倭寇		81	180	0	300640	10000	-1	-1	1	0	-1	-1	-1	-1	-1	-1	150	0
295	296	65345	-1	21	日本倭寇		81	180	0	300640	10000	-1	-1	1	0	-1	-1	-1	-1	-1	-1	150	0
296	297	65345	-1	21	日本倭寇		81	180	0	300640	10000	-1	-1	1	0	-1	-1	-1	-1	-1	-1	150	0
297	298	65345	-1	21	日本倭寇		81	180	0	300640	10000	-1	-1	1	0	-1	-1	-1	-1	-1	-1	150	0
298	299	65345	-1	21	日本倭寇		81	180	0	300640	10000	-1	-1	1	0	-1	-1	-1	-1	-1	-1	150	0
299	300	65345	-1	21	日本倭寇		81	180	0	300640	10000	-1	-1	1	0	-1	-1	-1	-1	-1	-1	150	0
300	301	65345	-1	21	日本倭寇		79	154	0	300640	10000	-1	-1	1	0	-1	-1	-1	-1	-1	-1	150	0
301	302	65345	-1	21	日本倭寇		79	154	0	300640	10000	-1	-1	1	0	-1	-1	-1	-1	-1	-1	150	0
302	303	65345	-1	21	日本倭寇		79	154	0	300640	10000	-1	-1	1	0	-1	-1	-1	-1	-1	-1	150	0
303	304	65345	-1	21	日本倭寇		79	154	0	300640	10000	-1	-1	1	0	-1	-1	-1	-1	-1	-1	150	0
304	305	65345	-1	21	日本倭寇		79	154	0	300640	10000	-1	-1	1	0	-1	-1	-1	-1	-1	-1	150	0
305	306	65345	-1	21	日本倭寇		79	154	0	300640	10000	-1	-1	1	0	-1	-1	-1	-1	-1	-1	150	0
306	307	65345	-1	21	日本倭寇		79	154	0	300640	10000	-1	-1	1	0	-1	-1	-1	-1	-1	-1	150	0
307	308	65345	-1	21	日本倭寇		79	154	0	300640	10000	-1	-1	1	0	-1	-1	-1	-1	-1	-1	150	0
308	309	65345	-1	21	日本倭寇		79	154	0	300640	10000	-1	-1	1	0	-1	-1	-1	-1	-1	-1	150	0
309	310	65345	-1	21	日本倭寇		79	154	0	300640	10000	-1	-1	1	0	-1	-1	-1	-1	-1	-1	150	0
310	311	65345	-1	21	日本倭寇		79	154	0	300640	10000	-1	-1	1	0	-1	-1	-1	-1	-1	-1	150	0
311	312	65345	-1	21	日本倭寇		79	154	0	300640	10000	-1	-1	1	0	-1	-1	-1	-1	-1	-1	150	0
312	313	65345	-1	21	日本倭寇		79	123	0	300640	10000	-1	-1	1	0	-1	-1	-1	-1	-1	-1	150	0
313	314	65345	-1	21	日本倭寇		79	123	0	300640	10000	-1	-1	1	0	-1	-1	-1	-1	-1	-1	150	0
314	315	65345	-1	21	日本倭寇		79	123	0	300640	10000	-1	-1	1	0	-1	-1	-1	-1	-1	-1	150	0
315	316	65345	-1	21	日本倭寇		79	123	0	300640	10000	-1	-1	1	0	-1	-1	-1	-1	-1	-1	150	0
316	317	65345	-1	21	日本倭寇		79	123	0	300640	10000	-1	-1	1	0	-1	-1	-1	-1	-1	-1	150	0
317	318	65345	-1	21	日本倭寇		79	123	0	300640	10000	-1	-1	1	0	-1	-1	-1	-1	-1	-1	150	0
318	319	65345	-1	21	日本倭寇		79	123	0	300640	10000	-1	-1	1	0	-1	-1	-1	-1	-1	-1	150	0
319	320	65345	-1	21	日本倭寇		79	123	0	300640	10000	-1	-1	1	0	-1	-1	-1	-1	-1	-1	150	0
320	321	65345	-1	21	日本倭寇		79	123	0	300640	10000	-1	-1	1	0	-1	-1	-1	-1	-1	-1	150	0
321	322	65345	-1	21	日本倭寇		79	123	0	300640	10000	-1	-1	1	0	-1	-1	-1	-1	-1	-1	150	0
322	323	65345	-1	21	日本倭寇		79	123	0	300640	10000	-1	-1	1	0	-1	-1	-1	-1	-1	-1	150	0
323	324	65345	-1	21	日本倭寇		79	123	0	300640	10000	-1	-1	1	0	-1	-1	-1	-1	-1	-1	150	0
324	325	65345	-1	21	日本倭寇		30	138	0	300640	10000	-1	-1	1	0	-1	-1	-1	-1	-1	-1	150	0
325	326	65345	-1	21	日本倭寇		30	138	0	300640	10000	-1	-1	1	0	-1	-1	-1	-1	-1	-1	150	0
326	327	65345	-1	21	日本倭寇		30	138	0	300640	10000	-1	-1	1	0	-1	-1	-1	-1	-1	-1	150	0
327	328	65345	-1	21	日本倭寇		30	138	0	300640	10000	-1	-1	1	0	-1	-1	-1	-1	-1	-1	150	0
328	329	65345	-1	21	日本倭寇		30	138	0	300640	10000	-1	-1	1	0	-1	-1	-1	-1	-1	-1	150	0
329	330	65345	-1	21	日本倭寇		30	138	0	300640	10000	-1	-1	1	0	-1	-1	-1	-1	-1	-1	150	0
330	331	65345	-1	21	日本倭寇		30	138	0	300640	10000	-1	-1	1	0	-1	-1	-1	-1	-1	-1	150	0
331	332	65345	-1	21	日本倭寇		30	138	0	300640	10000	-1	-1	1	0	-1	-1	-1	-1	-1	-1	150	0
332	333	65345	-1	21	日本倭寇		30	138	0	300640	10000	-1	-1	1	0	-1	-1	-1	-1	-1	-1	150	0
333	334	65345	-1	21	日本倭寇		30	138	0	300640	10000	-1	-1	1	0	-1	-1	-1	-1	-1	-1	150	0
334	335	65345	-1	21	日本倭寇		30	138	0	300640	10000	-1	-1	1	0	-1	-1	-1	-1	-1	-1	150	0
335	336	65345	-1	21	日本倭寇		30	138	0	300640	10000	-1	-1	1	0	-1	-1	-1	-1	-1	-1	150	0
336	337	65345	-1	21	日本倭寇		30	138	0	300640	10000	-1	-1	1	0	-1	-1	-1	-1	-1	-1	150	0
337	338	65345	-1	21	日本倭寇		30	138	0	300640	10000	-1	-1	1	0	-1	-1	-1	-1	-1	-1	150	0
338	339	65345	-1	21	日本倭寇		30	138	0	300640	10000	-1	-1	1	0	-1	-1	-1	-1	-1	-1	150	0
339	340	65345	-1	21	日本倭寇		30	138	0	300640	10000	-1	-1	1	0	-1	-1	-1	-1	-1	-1	150	0
340	341	65345	-1	21	日本倭寇		30	213	0	300640	10000	-1	-1	1	0	-1	-1	-1	-1	-1	-1	150	0
341	342	65345	-1	21	日本倭寇		30	213	0	300640	10000	-1	-1	1	0	-1	-1	-1	-1	-1	-1	150	0
342	343	65345	-1	21	日本倭寇		30	213	0	300640	10000	-1	-1	1	0	-1	-1	-1	-1	-1	-1	150	0
343	344	65345	-1	21	日本倭寇		30	213	0	300640	10000	-1	-1	1	0	-1	-1	-1	-1	-1	-1	150	0
344	345	65345	-1	21	日本倭寇		30	213	0	300640	10000	-1	-1	1	0	-1	-1	-1	-1	-1	-1	150	0
345	346	65345	-1	21	日本倭寇		30	213	0	300640	10000	-1	-1	1	0	-1	-1	-1	-1	-1	-1	150	0
346	347	65345	-1	21	日本倭寇		30	213	0	300640	10000	-1	-1	1	0	-1	-1	-1	-1	-1	-1	150	0
347	348	65345	-1	21	日本倭寇		30	213	0	300640	10000	-1	-1	1	0	-1	-1	-1	-1	-1	-1	150	0
348	349	65345	-1	21	日本倭寇		30	213	0	300640	10000	-1	-1	1	0	-1	-1	-1	-1	-1	-1	150	0
349	350	65345	-1	21	日本倭寇		30	213	0	300640	10000	-1	-1	1	0	-1	-1	-1	-1	-1	-1	150	0
350	351	65345	-1	21	日本倭寇		30	213	0	300640	10000	-1	-1	1	0	-1	-1	-1	-1	-1	-1	150	0
351	352	65345	-1	21	日本倭寇		30	213	0	300640	10000	-1	-1	1	0	-1	-1	-1	-1	-1	-1	150	0
352	353	65345	-1	21	日本倭寇		30	213	0	300640	10000	-1	-1	1	0	-1	-1	-1	-1	-1	-1	150	0
353	354	65345	-1	21	日本倭寇		30	213	0	300640	10000	-1	-1	1	0	-1	-1	-1	-1	-1	-1	150	0
354	355	65345	-1	21	日本倭寇		30	213	0	300640	10000	-1	-1	1	0	-1	-1	-1	-1	-1	-1	150	0
355	356	65345	-1	21	日本倭寇		30	213	0	300640	10000	-1	-1	1	0	-1	-1	-1	-1	-1	-1	150	0
356	357	65345	-1	21	日本倭寇		61	219	0	300640	10000	-1	-1	1	0	-1	-1	-1	-1	-1	-1	150	0
357	358	65345	-1	21	日本倭寇		61	219	0	300640	10000	-1	-1	1	0	-1	-1	-1	-1	-1	-1	150	0
358	359	65345	-1	21	日本倭寇		61	219	0	300640	10000	-1	-1	1	0	-1	-1	-1	-1	-1	-1	150	0
359	360	65345	-1	21	日本倭寇		61	219	0	300640	10000	-1	-1	1	0	-1	-1	-1	-1	-1	-1	150	0
360	361	65345	-1	21	日本倭寇		61	219	0	300640	10000	-1	-1	1	0	-1	-1	-1	-1	-1	-1	150	0
361	362	65345	-1	21	日本倭寇		61	219	0	300640	10000	-1	-1	1	0	-1	-1	-1	-1	-1	-1	150	0
362	363	65345	-1	21	日本倭寇		61	219	0	300640	10000	-1	-1	1	0	-1	-1	-1	-1	-1	-1	150	0
363	364	65345	-1	21	日本倭寇		61	219	0	300640	10000	-1	-1	1	0	-1	-1	-1	-1	-1	-1	150	0
364	365	65345	-1	21	日本倭寇		61	219	0	300640	10000	-1	-1	1	0	-1	-1	-1	-1	-1	-1	150	0
365	366	65345	-1	21	日本倭寇		61	219	0	300640	10000	-1	-1	1	0	-1	-1	-1	-1	-1	-1	150	0
366	367	65345	-1	21	日本倭寇		61	219	0	300640	10000	-1	-1	1	0	-1	-1	-1	-1	-1	-1	150	0
367	368	65345	-1	21	日本倭寇		61	219	0	300640	10000	-1	-1	1	0	-1	-1	-1	-1	-1	-1	150	0
368	369	65345	-1	21	日本倭寇		61	219	0	300640	10000	-1	-1	1	0	-1	-1	-1	-1	-1	-1	150	0
369	370	65345	-1	21	日本倭寇		61	219	0	300640	10000	-1	-1	1	0	-1	-1	-1	-1	-1	-1	150	0
370	371	65345	-1	21	日本倭寇		61	219	0	300640	10000	-1	-1	1	0	-1	-1	-1	-1	-1	-1	150	0
371	372	65345	-1	21	日本倭寇		61	219	0	300640	10000	-1	-1	1	0	-1	-1	-1	-1	-1	-1	150	0
372	373	65345	-1	21	日本倭寇		111	91	0	300640	10000	-1	-1	1	0	-1	-1	-1	-1	-1	-1	150	0
373	374	65345	-1	21	日本倭寇		111	91	0	300640	10000	-1	-1	1	0	-1	-1	-1	-1	-1	-1	150	0
374	375	65345	-1	21	日本倭寇		111	91	0	300640	10000	-1	-1	1	0	-1	-1	-1	-1	-1	-1	150	0
375	376	65345	-1	21	日本倭寇		111	91	0	300640	10000	-1	-1	1	0	-1	-1	-1	-1	-1	-1	150	0
376	377	65345	-1	21	日本倭寇		111	91	0	300640	10000	-1	-1	1	0	-1	-1	-1	-1	-1	-1	150	0
377	378	65345	-1	21	日本倭寇		111	91	0	300640	10000	-1	-1	1	0	-1	-1	-1	-1	-1	-1	150	0
378	379	65345	-1	21	日本倭寇		111	91	0	300640	10000	-1	-1	1	0	-1	-1	-1	-1	-1	-1	150	0
379	380	65345	-1	21	日本倭寇		111	91	0	300640	10000	-1	-1	1	0	-1	-1	-1	-1	-1	-1	150	0
380	381	65345	-1	21	日本倭寇		111	91	0	300640	10000	-1	-1	1	0	-1	-1	-1	-1	-1	-1	150	0
381	382	65345	-1	21	日本倭寇		111	91	0	300640	10000	-1	-1	1	0	-1	-1	-1	-1	-1	-1	150	0
382	383	65345	-1	21	日本倭寇		111	91	0	300640	10000	-1	-1	1	0	-1	-1	-1	-1	-1	-1	150	0
383	384	65345	-1	21	日本倭寇		111	91	0	300640	10000	-1	-1	1	0	-1	-1	-1	-1	-1	-1	150	0
384	385	65345	-1	21	日本倭寇		111	91	0	300640	10000	-1	-1	1	0	-1	-1	-1	-1	-1	-1	150	0
385	386	65345	-1	21	日本倭寇		111	91	0	300640	10000	-1	-1	1	0	-1	-1	-1	-1	-1	-1	150	0
386	387	65345	-1	21	日本倭寇		111	91	0	300640	10000	-1	-1	1	0	-1	-1	-1	-1	-1	-1	150	0
387	388	65345	-1	21	日本倭寇		111	91	0	300640	10000	-1	-1	1	0	-1	-1	-1	-1	-1	-1	150	0
388	389	65345	-1	21	日本倭寇		133	41	0	300640	10000	-1	-1	1	0	-1	-1	-1	-1	-1	-1	150	0
389	390	65345	-1	21	日本倭寇		133	41	0	300640	10000	-1	-1	1	0	-1	-1	-1	-1	-1	-1	150	0
390	391	65345	-1	21	日本倭寇		133	41	0	300640	10000	-1	-1	1	0	-1	-1	-1	-1	-1	-1	150	0
391	392	65345	-1	21	日本倭寇		133	41	0	300640	10000	-1	-1	1	0	-1	-1	-1	-1	-1	-1	150	0
392	393	65345	-1	21	日本倭寇		133	41	0	300640	10000	-1	-1	1	0	-1	-1	-1	-1	-1	-1	150	0
393	394	65345	-1	21	日本倭寇		133	41	0	300640	10000	-1	-1	1	0	-1	-1	-1	-1	-1	-1	150	0
394	395	65345	-1	21	日本倭寇		133	41	0	300640	10000	-1	-1	1	0	-1	-1	-1	-1	-1	-1	150	0
395	396	65345	-1	21	日本倭寇		133	41	0	300640	10000	-1	-1	1	0	-1	-1	-1	-1	-1	-1	150	0
396	397	65345	-1	21	日本倭寇		133	41	0	300640	10000	-1	-1	1	0	-1	-1	-1	-1	-1	-1	150	0
397	398	65345	-1	21	日本倭寇		133	41	0	300640	10000	-1	-1	1	0	-1	-1	-1	-1	-1	-1	150	0
398	399	65345	-1	21	日本倭寇		133	41	0	300640	10000	-1	-1	1	0	-1	-1	-1	-1	-1	-1	150	0
399	400	65345	-1	21	日本倭寇		133	41	0	300640	10000	-1	-1	1	0	-1	-1	-1	-1	-1	-1	150	0
400	401	65345	-1	21	日本倭寇		133	41	0	300640	10000	-1	-1	1	0	-1	-1	-1	-1	-1	-1	150	0
401	402	65345	-1	21	日本倭寇		133	41	0	300640	10000	-1	-1	1	0	-1	-1	-1	-1	-1	-1	150	0
402	403	65345	-1	21	日本倭寇		133	41	0	300640	10000	-1	-1	1	0	-1	-1	-1	-1	-1	-1	150	0
403	404	65345	-1	21	日本倭寇		133	41	0	300640	10000	-1	-1	1	0	-1	-1	-1	-1	-1	-1	150	0
404	405	65317	141404	20	麦哲伦		205	23	27	0	10000	-1	-1	3	0	-1	-1	-1	-1	-1	-1	100	0
