NUM	NUM	NUM	NUM	NUM	TEXT	TEXT	FLOAT	FLOAT	NUM	NUM	NUM	NUM	NUM	NUM	NUM	NUM	NUM	NUM	NUM	NUM	NUM	NUM	NUM
БрКХ	ЫцЛњБрКХ	attrБрКХ	ТпМ­БэБрКХ	еѓгЊБрКХ	УћГЦ	ГЦКХ	xжсзјБъ	zжсзјБъ	ГЏЯђ	НХБОБрКХ	жиЩњЪБМф	ЗжзщБрКХ	ЖгЮщБрКХ	ЛљДЁAI	AIЮФМў	бВТпТЗОЖ	ЩЬЕъ0	ЩЬЕъ1	ЩЬЕъ2	ЩЬЕъ3	УћгўID	ЕШМЖ	ОЕЯёзщ
0	15052370	2298	101305	-1	КьЩГФЎ	СьЕиДЋЫЭ	49	120	27	-1	1000	-1	-1	3	0	-1	-1	-1	-1	-1	-1	100	0	
1	15053370	9805	-1	21	Р­МжвС	КуКгжЎЭѕзІбР	127.533432	43.092899	24	300619	10000	-1	-1	1	0	-1	-1	-1	-1	-1	-1	70	0	
2	15053639	1933	400328	20	ШћЖћжљгТЪП		37.417255	121.165146	32	0	10000	-1	-1	3	0	-1	-1	-1	-1	-1	-1	70	0	
3	15053640	1933	400328	20	ШћЖћжљгТЪП		230.103989	145.543884	24	0	10000	-1	-1	3	0	-1	-1	-1	-1	-1	-1	70	0	
4	15053641	1933	400328	20	ШћЖћжљгТЪП		32.495663	126.622391	32	0	10000	-1	-1	3	0	-1	-1	-1	-1	-1	-1	70	0	
5	15053642	1933	400328	20	ШћЖћжљгТЪП		224.764893	140.935852	24	0	10000	-1	-1	3	0	-1	-1	-1	-1	-1	-1	70	0	
6	5024259	53	400311	20	ШћЖћжљзЯвТЧѕГЄ		103.792503	140.734512	8	0	10000	-1	-1	3	0	-1	-1	-1	-1	-1	-1	70	0	
7	5024264	1931	400312	20	ЮзвНЫўЯЃЖћ		113.208084	125.219879	20	0	10000	-1	-1	3	0	-1	-1	-1	-1	-1	-1	70	0	
8	5024265	1933	400309	20	ШћЖћжљгТЪП		106.439301	142.709396	8	0	10000	-1	-1	3	0	-1	-1	-1	-1	-1	-1	70	0	
9	5024266	1933	400308	20	ШћЖћжљгТЪП		101.271347	141.344177	8	0	10000	-1	-1	3	0	-1	-1	-1	-1	-1	-1	70	0	
10	5024267	1933	400309	20	ШћЖћжљгТЪП		96.60598	124.671486	16	0	10000	-1	-1	3	0	-1	-1	-1	-1	-1	-1	70	0	
11	5024268	1933	400308	20	ШћЖћжљгТЪП		118.173538	139.984375	0	0	10000	-1	-1	3	0	-1	-1	-1	-1	-1	-1	70	0	
12	5024269	1933	400309	20	ШћЖћжљгТЪП		202.850357	189.410965	8	0	10000	-1	-1	3	0	-1	-1	-1	-1	-1	-1	70	0	
13	5024270	1933	400308	20	ШћЖћжљгТЪП		112.882919	122.54245	16	0	10000	-1	-1	3	0	-1	-1	-1	-1	-1	-1	70	0	
14	5024271	1933	400309	20	ШћЖћжљгТЪП		92.790062	135.09697	16	0	10000	-1	-1	3	0	-1	-1	-1	-1	-1	-1	70	0	
15	15053616	1933	400313	20	ШћЖћжљгТЪП		117.982353	128.971634	0	0	10000	-1	-1	3	0	-1	-1	-1	-1	-1	-1	70	0	
16	15053617	1933	400314	20	ШћЖћжљгТЪП		218.603867	203.934967	20	0	10000	-1	-1	3	0	-1	-1	-1	-1	-1	-1	70	0	
17	15053618	1933	400324	20	БЈаХЕФШћЖћжљгТЪП		216.236526	198.07869	28	0	10000	-1	-1	3	0	-1	-1	-1	-1	-1	-1	70	0	
18	15053619	1933	400315	20	ШћЖћжљгТЪП		191.350586	205.726486	20	0	10000	-1	-1	3	0	-1	-1	-1	-1	-1	-1	70	0	
19	15053620	1933	400316	20	ШћЖћжљгТЪП		190.657852	215.560287	16	0	10000	-1	-1	3	0	-1	-1	-1	-1	-1	-1	70	0	
20	15053621	1933	400314	20	ШћЖћжљгТЪП		213.479675	187.879211	12	0	10000	-1	-1	3	0	-1	-1	-1	-1	-1	-1	70	0	
21	15053622	168	-1	20	 		216.792877	195.615463	28	0	10000	-1	-1	3	0	-1	-1	-1	-1	-1	-1	70	0	
22	15053624	38	400317	20	ШјЕЯПЫ	ШћЖћжљЧрФъ	214.058395	212.95282	24	0	10000	-1	-1	3	0	-1	-1	-1	-1	-1	-1	70	0	
23	15053625	37	400318	20	АЂЕЯРя	ШћЖћжљЧрФъ	211.746368	213.116791	32	0	10000	-1	-1	3	0	-1	-1	-1	-1	-1	-1	70	0	
24	15053626	51	400319	20	ШћЖћжљКьвТЧѕГЄ		216.80629	200.771332	10	0	10000	-1	-1	3	0	-1	-1	-1	-1	-1	-1	70	0	
25	15053627	70	400320	20	КьвТЧѕГЄЗђШЫ		221.842468	216.018402	12	0	10000	-1	-1	3	0	-1	-1	-1	-1	-1	-1	70	0	
26	15053628	74	400321	20	ТъвРЩЏ	ИЛЩЬжЎХЎ	214.910507	216.483215	12	0	10000	-1	-1	3	0	-1	-1	-1	-1	-1	-1	70	0	
27	15053629	82	400322	20	ТђКЯЫеФО	ШћЖћжљИЛЩЬ	213.210449	215.321991	10	0	10000	-1	-1	3	0	-1	-1	-1	-1	-1	-1	70	0	
28	15053631	2363	-1	20	 		198.616013	208.079056	18	0	10000	-1	-1	3	0	-1	-1	-1	-1	-1	-1	70	0	
29	15053634	83	400323	20	ШћЖћжљЩЬШЫ		195.571976	208.10141	18	0	10000	-1	-1	3	0	-1	-1	-1	-1	-1	-1	70	0	
30	15053636	33	-1	20	ЧѕГЄжЎзг		220.70816	214.485199	0	0	10000	-1	-1	3	0	-1	-1	-1	-1	-1	-1	70	0	
31	15053637	58	-1	20	ЧѕГЄжЎХЎ		221.868835	214.152695	16	0	10000	-1	-1	3	0	-1	-1	-1	-1	-1	-1	70	0	
32	15053371	9557	-1	21	ЩГФЎвАКќ		43.571651	146.018585	0	300640	10000	-1	-1	1	0	-1	-1	-1	-1	-1	-1	70	0	
33	15053371	9557	-1	21	ЩГФЎвАКќ		43.571651	146.018585	0	300640	10000	-1	-1	1	0	-1	-1	-1	-1	-1	-1	70	0	
34	15053371	9557	-1	21	ЩГФЎвАКќ		43.571651	146.018585	0	300640	10000	-1	-1	1	0	-1	-1	-1	-1	-1	-1	70	0	
35	15053371	9557	-1	21	ЩГФЎвАКќ		43.571651	146.018585	0	300640	10000	-1	-1	1	0	-1	-1	-1	-1	-1	-1	70	0	
36	15053371	9557	-1	21	ЩГФЎвАКќ		43.571651	146.018585	0	300640	10000	-1	-1	1	0	-1	-1	-1	-1	-1	-1	70	0	
37	15053371	9557	-1	21	ЩГФЎвАКќ		43.571651	146.018585	0	300640	10000	-1	-1	1	0	-1	-1	-1	-1	-1	-1	70	0	
38	15053371	9557	-1	21	ЩГФЎвАКќ		43.571651	146.018585	0	300640	10000	-1	-1	1	0	-1	-1	-1	-1	-1	-1	70	0	
39	15053371	9557	-1	21	ЩГФЎвАКќ		43.571651	146.018585	0	300640	10000	-1	-1	1	0	-1	-1	-1	-1	-1	-1	70	0	
40	15053371	9557	-1	21	ЩГФЎвАКќ		43.571651	146.018585	0	300640	10000	-1	-1	1	0	-1	-1	-1	-1	-1	-1	70	0	
41	15053371	9557	-1	21	ЩГФЎвАКќ		43.571651	146.018585	0	300640	10000	-1	-1	1	0	-1	-1	-1	-1	-1	-1	70	0	
42	15053581	9766	-1	21	ИъБкЩГФЇ		149.229935	105.322052	0	300640	10000	-1	-1	1	0	-1	-1	-1	-1	-1	-1	70	0	
43	15053581	9766	-1	21	ИъБкЩГФЇ		149.229935	105.322052	0	300640	10000	-1	-1	1	0	-1	-1	-1	-1	-1	-1	70	0	
44	15053581	9766	-1	21	ИъБкЩГФЇ		149.229935	105.322052	0	300640	10000	-1	-1	1	0	-1	-1	-1	-1	-1	-1	70	0	
45	15053581	9766	-1	21	ИъБкЩГФЇ		149.229935	105.322052	0	300640	10000	-1	-1	1	0	-1	-1	-1	-1	-1	-1	70	0	
46	15053581	9766	-1	21	ИъБкЩГФЇ		149.229935	105.322052	0	300640	10000	-1	-1	1	0	-1	-1	-1	-1	-1	-1	70	0	
47	15053581	9766	-1	21	ИъБкЩГФЇ		149.229935	105.322052	0	300640	10000	-1	-1	1	0	-1	-1	-1	-1	-1	-1	70	0	
48	15053581	9766	-1	21	ИъБкЩГФЇ		149.229935	105.322052	0	300640	10000	-1	-1	1	0	-1	-1	-1	-1	-1	-1	70	0	
49	15053581	9766	-1	21	ИъБкЩГФЇ		149.229935	105.322052	0	300640	10000	-1	-1	1	0	-1	-1	-1	-1	-1	-1	70	0	
50	15053581	9766	-1	21	ИъБкЩГФЇ		149.229935	105.322052	0	300640	10000	-1	-1	1	0	-1	-1	-1	-1	-1	-1	70	0	
51	15053582	9557	-1	21	ЩГФЎвАКќ		34.903721	208.58223	0	300640	10000	-1	-1	1	0	-1	-1	-1	-1	-1	-1	70	0	
52	15053582	9557	-1	21	ЩГФЎвАКќ		34.903721	208.58223	0	300640	10000	-1	-1	1	0	-1	-1	-1	-1	-1	-1	70	0	
53	15053582	9557	-1	21	ЩГФЎвАКќ		34.903721	208.58223	0	300640	10000	-1	-1	1	0	-1	-1	-1	-1	-1	-1	70	0	
54	15053582	9557	-1	21	ЩГФЎвАКќ		34.903721	208.58223	0	300640	10000	-1	-1	1	0	-1	-1	-1	-1	-1	-1	70	0	
55	15053582	9557	-1	21	ЩГФЎвАКќ		34.903721	208.58223	0	300640	10000	-1	-1	1	0	-1	-1	-1	-1	-1	-1	70	0	
56	15053582	9557	-1	21	ЩГФЎвАКќ		34.903721	208.58223	0	300640	10000	-1	-1	1	0	-1	-1	-1	-1	-1	-1	70	0	
57	15053582	9557	-1	21	ЩГФЎвАКќ		34.903721	208.58223	0	300640	10000	-1	-1	1	0	-1	-1	-1	-1	-1	-1	70	0	
58	15053582	9557	-1	21	ЩГФЎвАКќ		34.903721	208.58223	0	300640	10000	-1	-1	1	0	-1	-1	-1	-1	-1	-1	70	0	
59	15053582	9557	-1	21	ЩГФЎвАКќ		34.903721	208.58223	0	300640	10000	-1	-1	1	0	-1	-1	-1	-1	-1	-1	70	0	
60	15053582	9557	-1	21	ЩГФЎвАКќ		34.903721	208.58223	0	300640	10000	-1	-1	1	0	-1	-1	-1	-1	-1	-1	70	0	
61	15053583	9557	-1	21	ЩГФЎвАКќ		48.089752	176.569778	0	300640	10000	-1	-1	1	0	-1	-1	-1	-1	-1	-1	70	0	
62	15053583	9557	-1	21	ЩГФЎвАКќ		48.089752	176.569778	0	300640	10000	-1	-1	1	0	-1	-1	-1	-1	-1	-1	70	0	
63	15053583	9557	-1	21	ЩГФЎвАКќ		48.089752	176.569778	0	300640	10000	-1	-1	1	0	-1	-1	-1	-1	-1	-1	70	0	
64	15053583	9557	-1	21	ЩГФЎвАКќ		48.089752	176.569778	0	300640	10000	-1	-1	1	0	-1	-1	-1	-1	-1	-1	70	0	
65	15053583	9557	-1	21	ЩГФЎвАКќ		48.089752	176.569778	0	300640	10000	-1	-1	1	0	-1	-1	-1	-1	-1	-1	70	0	
66	15053583	9557	-1	21	ЩГФЎвАКќ		48.089752	176.569778	0	300640	10000	-1	-1	1	0	-1	-1	-1	-1	-1	-1	70	0	
67	15053583	9557	-1	21	ЩГФЎвАКќ		48.089752	176.569778	0	300640	10000	-1	-1	1	0	-1	-1	-1	-1	-1	-1	70	0	
68	15053583	9557	-1	21	ЩГФЎвАКќ		48.089752	176.569778	0	300640	10000	-1	-1	1	0	-1	-1	-1	-1	-1	-1	70	0	
69	15053583	9557	-1	21	ЩГФЎвАКќ		48.089752	176.569778	0	300640	10000	-1	-1	1	0	-1	-1	-1	-1	-1	-1	70	0	
70	15053583	9557	-1	21	ЩГФЎвАКќ		48.089752	176.569778	0	300640	10000	-1	-1	1	0	-1	-1	-1	-1	-1	-1	70	0	
71	15053584	9557	-1	21	ЩГФЎвАКќ		57.991978	159.798813	0	300640	10000	-1	-1	1	0	-1	-1	-1	-1	-1	-1	70	0	
72	15053584	9557	-1	21	ЩГФЎвАКќ		58.094376	159.834885	0	300640	10000	-1	-1	1	0	-1	-1	-1	-1	-1	-1	70	0	
73	15053584	9557	-1	21	ЩГФЎвАКќ		58.211357	159.923843	0	300640	10000	-1	-1	1	0	-1	-1	-1	-1	-1	-1	70	0	
74	15053584	9557	-1	21	ЩГФЎвАКќ		58.327667	160.013794	0	300640	10000	-1	-1	1	0	-1	-1	-1	-1	-1	-1	70	0	
75	15053584	9557	-1	21	ЩГФЎвАКќ		58.271744	159.808319	0	300640	10000	-1	-1	1	0	-1	-1	-1	-1	-1	-1	70	0	
76	15053584	9557	-1	21	ЩГФЎвАКќ		58.494476	159.778992	0	300640	10000	-1	-1	1	0	-1	-1	-1	-1	-1	-1	70	0	
77	15053584	9557	-1	21	ЩГФЎвАКќ		58.576176	160.082382	0	300640	10000	-1	-1	1	0	-1	-1	-1	-1	-1	-1	70	0	
78	15053584	9557	-1	21	ЩГФЎвАКќ		58.627274	159.761078	0	300640	10000	-1	-1	1	0	-1	-1	-1	-1	-1	-1	70	0	
79	15053584	9557	-1	21	ЩГФЎвАКќ		58.406082	159.791138	0	300640	10000	-1	-1	1	0	-1	-1	-1	-1	-1	-1	70	0	
80	15053584	9557	-1	21	ЩГФЎвАКќ		58.447006	159.945557	0	300640	10000	-1	-1	1	0	-1	-1	-1	-1	-1	-1	70	0	
81	15053585	9557	-1	21	ЩГФЎвАКќ		94.720665	174.823166	0	300640	10000	-1	-1	1	0	-1	-1	-1	-1	-1	-1	70	0	
82	15053585	9557	-1	21	ЩГФЎвАКќ		94.720665	174.823166	0	300640	10000	-1	-1	1	0	-1	-1	-1	-1	-1	-1	70	0	
83	15053585	9557	-1	21	ЩГФЎвАКќ		94.720665	174.823166	0	300640	10000	-1	-1	1	0	-1	-1	-1	-1	-1	-1	70	0	
84	15053585	9557	-1	21	ЩГФЎвАКќ		94.720665	174.823166	0	300640	10000	-1	-1	1	0	-1	-1	-1	-1	-1	-1	70	0	
85	15053585	9557	-1	21	ЩГФЎвАКќ		94.720665	174.823166	0	300640	10000	-1	-1	1	0	-1	-1	-1	-1	-1	-1	70	0	
86	15053585	9557	-1	21	ЩГФЎвАКќ		94.720665	174.823166	0	300640	10000	-1	-1	1	0	-1	-1	-1	-1	-1	-1	70	0	
87	15053585	9557	-1	21	ЩГФЎвАКќ		94.720665	174.823166	0	300640	10000	-1	-1	1	0	-1	-1	-1	-1	-1	-1	70	0	
88	15053585	9557	-1	21	ЩГФЎвАКќ		94.720665	174.823166	0	300640	10000	-1	-1	1	0	-1	-1	-1	-1	-1	-1	70	0	
89	15053585	9557	-1	21	ЩГФЎвАКќ		94.720665	174.823166	0	300640	10000	-1	-1	1	0	-1	-1	-1	-1	-1	-1	70	0	
90	15053585	9557	-1	21	ЩГФЎвАКќ		94.720665	174.823166	0	300640	10000	-1	-1	1	0	-1	-1	-1	-1	-1	-1	70	0	
91	15053586	9557	-1	21	ЩГФЎвАКќ		116.294746	160.960907	0	300640	10000	-1	-1	1	0	-1	-1	-1	-1	-1	-1	70	0	
92	15053586	9557	-1	21	ЩГФЎвАКќ		116.294746	160.960907	0	300640	10000	-1	-1	1	0	-1	-1	-1	-1	-1	-1	70	0	
93	15053586	9557	-1	21	ЩГФЎвАКќ		116.294746	160.960907	0	300640	10000	-1	-1	1	0	-1	-1	-1	-1	-1	-1	70	0	
94	15053586	9557	-1	21	ЩГФЎвАКќ		116.294746	160.960907	0	300640	10000	-1	-1	1	0	-1	-1	-1	-1	-1	-1	70	0	
95	15053586	9557	-1	21	ЩГФЎвАКќ		116.294746	160.960907	0	300640	10000	-1	-1	1	0	-1	-1	-1	-1	-1	-1	70	0	
96	15053586	9557	-1	21	ЩГФЎвАКќ		116.294746	160.960907	0	300640	10000	-1	-1	1	0	-1	-1	-1	-1	-1	-1	70	0	
97	15053586	9557	-1	21	ЩГФЎвАКќ		116.294746	160.960907	0	300640	10000	-1	-1	1	0	-1	-1	-1	-1	-1	-1	70	0	
98	15053586	9557	-1	21	ЩГФЎвАКќ		116.294746	160.960907	0	300640	10000	-1	-1	1	0	-1	-1	-1	-1	-1	-1	70	0	
99	15053586	9557	-1	21	ЩГФЎвАКќ		116.294746	160.960907	0	300640	10000	-1	-1	1	0	-1	-1	-1	-1	-1	-1	70	0	
100	15053586	9557	-1	21	ЩГФЎвАКќ		116.294746	160.960907	0	300640	10000	-1	-1	1	0	-1	-1	-1	-1	-1	-1	70	0	
101	15053587	9557	-1	21	ЩГФЎвАКќ		121.769287	184.499313	0	300640	10000	-1	-1	1	0	-1	-1	-1	-1	-1	-1	70	0	
102	15053587	9557	-1	21	ЩГФЎвАКќ		121.769287	184.499313	0	300640	10000	-1	-1	1	0	-1	-1	-1	-1	-1	-1	70	0	
103	15053587	9557	-1	21	ЩГФЎвАКќ		121.769287	184.499313	0	300640	10000	-1	-1	1	0	-1	-1	-1	-1	-1	-1	70	0	
104	15053587	9557	-1	21	ЩГФЎвАКќ		121.769287	184.499313	0	300640	10000	-1	-1	1	0	-1	-1	-1	-1	-1	-1	70	0	
105	15053587	9557	-1	21	ЩГФЎвАКќ		121.769287	184.499313	0	300640	10000	-1	-1	1	0	-1	-1	-1	-1	-1	-1	70	0	
106	15053587	9557	-1	21	ЩГФЎвАКќ		121.769287	184.499313	0	300640	10000	-1	-1	1	0	-1	-1	-1	-1	-1	-1	70	0	
107	15053587	9557	-1	21	ЩГФЎвАКќ		121.769287	184.499313	0	300640	10000	-1	-1	1	0	-1	-1	-1	-1	-1	-1	70	0	
108	15053587	9557	-1	21	ЩГФЎвАКќ		121.769287	184.499313	0	300640	10000	-1	-1	1	0	-1	-1	-1	-1	-1	-1	70	0	
109	15053587	9557	-1	21	ЩГФЎвАКќ		121.769287	184.499313	0	300640	10000	-1	-1	1	0	-1	-1	-1	-1	-1	-1	70	0	
110	15053588	9557	-1	21	ЩГФЎвАКќ		98.082741	199.312302	0	300640	10000	-1	-1	1	0	-1	-1	-1	-1	-1	-1	70	0	
111	15053588	9557	-1	21	ЩГФЎвАКќ		98.082741	199.312302	0	300640	10000	-1	-1	1	0	-1	-1	-1	-1	-1	-1	70	0	
112	15053588	9557	-1	21	ЩГФЎвАКќ		98.082741	199.312302	0	300640	10000	-1	-1	1	0	-1	-1	-1	-1	-1	-1	70	0	
113	15053588	9557	-1	21	ЩГФЎвАКќ		98.082741	199.312302	0	300640	10000	-1	-1	1	0	-1	-1	-1	-1	-1	-1	70	0	
114	15053588	9557	-1	21	ЩГФЎвАКќ		98.082741	199.312302	0	300640	10000	-1	-1	1	0	-1	-1	-1	-1	-1	-1	70	0	
115	15053588	9557	-1	21	ЩГФЎвАКќ		98.082741	199.312302	0	300640	10000	-1	-1	1	0	-1	-1	-1	-1	-1	-1	70	0	
116	15053588	9557	-1	21	ЩГФЎвАКќ		98.082741	199.312302	0	300640	10000	-1	-1	1	0	-1	-1	-1	-1	-1	-1	70	0	
117	15053588	9557	-1	21	ЩГФЎвАКќ		98.082741	199.312302	0	300640	10000	-1	-1	1	0	-1	-1	-1	-1	-1	-1	70	0	
118	15053588	9557	-1	21	ЩГФЎвАКќ		98.082741	199.312302	0	300640	10000	-1	-1	1	0	-1	-1	-1	-1	-1	-1	70	0	
119	15053588	9557	-1	21	ЩГФЎвАКќ		98.082741	199.312302	0	300640	10000	-1	-1	1	0	-1	-1	-1	-1	-1	-1	70	0	
120	15053589	9557	-1	21	ЩГФЎвАКќ		77.062141	214.595551	0	300640	10000	-1	-1	1	0	-1	-1	-1	-1	-1	-1	70	0	
121	15053589	9557	-1	21	ЩГФЎвАКќ		77.062141	214.595551	0	300640	10000	-1	-1	1	0	-1	-1	-1	-1	-1	-1	70	0	
122	15053589	9557	-1	21	ЩГФЎвАКќ		77.062141	214.595551	0	300640	10000	-1	-1	1	0	-1	-1	-1	-1	-1	-1	70	0	
123	15053589	9557	-1	21	ЩГФЎвАКќ		77.062141	214.595551	0	300640	10000	-1	-1	1	0	-1	-1	-1	-1	-1	-1	70	0	
124	15053589	9557	-1	21	ЩГФЎвАКќ		77.062141	214.595551	0	300640	10000	-1	-1	1	0	-1	-1	-1	-1	-1	-1	70	0	
125	15053589	9557	-1	21	ЩГФЎвАКќ		77.062141	214.595551	0	300640	10000	-1	-1	1	0	-1	-1	-1	-1	-1	-1	70	0	
126	15053589	9557	-1	21	ЩГФЎвАКќ		77.062141	214.595551	0	300640	10000	-1	-1	1	0	-1	-1	-1	-1	-1	-1	70	0	
127	15053589	9557	-1	21	ЩГФЎвАКќ		77.062141	214.595551	0	300640	10000	-1	-1	1	0	-1	-1	-1	-1	-1	-1	70	0	
128	15053589	9557	-1	21	ЩГФЎвАКќ		77.062141	214.595551	0	300640	10000	-1	-1	1	0	-1	-1	-1	-1	-1	-1	70	0	
129	15053589	9557	-1	21	ЩГФЎвАКќ		77.062141	214.595551	0	300640	10000	-1	-1	1	0	-1	-1	-1	-1	-1	-1	70	0	
130	15053590	9557	-1	21	ЩГФЎвАКќ		54.83424	226.011108	0	300640	10000	-1	-1	1	0	-1	-1	-1	-1	-1	-1	70	0	
131	15053590	9557	-1	21	ЩГФЎвАКќ		54.83424	226.011108	0	300640	10000	-1	-1	1	0	-1	-1	-1	-1	-1	-1	70	0	
132	15053590	9557	-1	21	ЩГФЎвАКќ		54.83424	226.011108	0	300640	10000	-1	-1	1	0	-1	-1	-1	-1	-1	-1	70	0	
133	15053590	9557	-1	21	ЩГФЎвАКќ		54.83424	226.011108	0	300640	10000	-1	-1	1	0	-1	-1	-1	-1	-1	-1	70	0	
134	15053590	9557	-1	21	ЩГФЎвАКќ		54.83424	226.011108	0	300640	10000	-1	-1	1	0	-1	-1	-1	-1	-1	-1	70	0	
135	15053590	9557	-1	21	ЩГФЎвАКќ		54.83424	226.011108	0	300640	10000	-1	-1	1	0	-1	-1	-1	-1	-1	-1	70	0	
136	15053590	9557	-1	21	ЩГФЎвАКќ		54.83424	226.011108	0	300640	10000	-1	-1	1	0	-1	-1	-1	-1	-1	-1	70	0	
137	15053590	9557	-1	21	ЩГФЎвАКќ		54.83424	226.011108	0	300640	10000	-1	-1	1	0	-1	-1	-1	-1	-1	-1	70	0	
138	15053590	9557	-1	21	ЩГФЎвАКќ		54.83424	226.011108	0	300640	10000	-1	-1	1	0	-1	-1	-1	-1	-1	-1	70	0	
139	15053591	9557	-1	21	ЩГФЎвАКќ		139.023483	221.406509	0	300640	10000	-1	-1	1	0	-1	-1	-1	-1	-1	-1	70	0	
140	15053591	9557	-1	21	ЩГФЎвАКќ		126.638336	201.069626	0	300640	10000	-1	-1	1	0	-1	-1	-1	-1	-1	-1	70	0	
141	15053591	9557	-1	21	ЩГФЎвАКќ		126.559631	201.100937	0	300640	10000	-1	-1	1	0	-1	-1	-1	-1	-1	-1	70	0	
142	15053591	9557	-1	21	ЩГФЎвАКќ		126.559631	201.100937	0	300640	10000	-1	-1	1	0	-1	-1	-1	-1	-1	-1	70	0	
143	15053591	9557	-1	21	ЩГФЎвАКќ		126.559631	201.100937	0	300640	10000	-1	-1	1	0	-1	-1	-1	-1	-1	-1	70	0	
144	15053591	9557	-1	21	ЩГФЎвАКќ		126.559631	201.100937	0	300640	10000	-1	-1	1	0	-1	-1	-1	-1	-1	-1	70	0	
145	15053591	9557	-1	21	ЩГФЎвАКќ		126.559631	201.100937	0	300640	10000	-1	-1	1	0	-1	-1	-1	-1	-1	-1	70	0	
146	15053591	9557	-1	21	ЩГФЎвАКќ		126.559631	201.100937	0	300640	10000	-1	-1	1	0	-1	-1	-1	-1	-1	-1	70	0	
147	15053591	9557	-1	21	ЩГФЎвАКќ		126.559631	201.100937	0	300640	10000	-1	-1	1	0	-1	-1	-1	-1	-1	-1	70	0	
148	15053591	9557	-1	21	ЩГФЎвАКќ		126.559631	201.100937	0	300640	10000	-1	-1	1	0	-1	-1	-1	-1	-1	-1	70	0	
149	15053592	9557	-1	21	ЩГФЎвАКќ		143.361221	181.962219	0	300640	10000	-1	-1	1	0	-1	-1	-1	-1	-1	-1	70	0	
150	15053592	9557	-1	21	ЩГФЎвАКќ		143.361221	181.962219	0	300640	10000	-1	-1	1	0	-1	-1	-1	-1	-1	-1	70	0	
151	15053592	9557	-1	21	ЩГФЎвАКќ		143.361221	181.962219	0	300640	10000	-1	-1	1	0	-1	-1	-1	-1	-1	-1	70	0	
152	15053592	9557	-1	21	ЩГФЎвАКќ		143.361221	181.962219	0	300640	10000	-1	-1	1	0	-1	-1	-1	-1	-1	-1	70	0	
153	15053592	9557	-1	21	ЩГФЎвАКќ		143.361221	181.962219	0	300640	10000	-1	-1	1	0	-1	-1	-1	-1	-1	-1	70	0	
154	15053592	9557	-1	21	ЩГФЎвАКќ		143.361221	181.962219	0	300640	10000	-1	-1	1	0	-1	-1	-1	-1	-1	-1	70	0	
155	15053592	9557	-1	21	ЩГФЎвАКќ		143.361221	181.962219	0	300640	10000	-1	-1	1	0	-1	-1	-1	-1	-1	-1	70	0	
156	15053592	9557	-1	21	ЩГФЎвАКќ		143.361221	181.962219	0	300640	10000	-1	-1	1	0	-1	-1	-1	-1	-1	-1	70	0	
157	15053592	9557	-1	21	ЩГФЎвАКќ		143.361221	181.962219	0	300640	10000	-1	-1	1	0	-1	-1	-1	-1	-1	-1	70	0	
158	15053593	9557	-1	21	ЩГФЎвАКќ		146.51355	150.335556	0	300640	10000	-1	-1	1	0	-1	-1	-1	-1	-1	-1	70	0	
159	15053593	9557	-1	21	ЩГФЎвАКќ		146.51355	150.335556	0	300640	10000	-1	-1	1	0	-1	-1	-1	-1	-1	-1	70	0	
160	15053593	9557	-1	21	ЩГФЎвАКќ		146.51355	150.335556	0	300640	10000	-1	-1	1	0	-1	-1	-1	-1	-1	-1	70	0	
161	15053593	9557	-1	21	ЩГФЎвАКќ		146.51355	150.335556	0	300640	10000	-1	-1	1	0	-1	-1	-1	-1	-1	-1	70	0	
162	15053593	9557	-1	21	ЩГФЎвАКќ		146.51355	150.335556	0	300640	10000	-1	-1	1	0	-1	-1	-1	-1	-1	-1	70	0	
163	15053593	9557	-1	21	ЩГФЎвАКќ		146.51355	150.335556	0	300640	10000	-1	-1	1	0	-1	-1	-1	-1	-1	-1	70	0	
164	15053593	9557	-1	21	ЩГФЎвАКќ		146.51355	150.335556	0	300640	10000	-1	-1	1	0	-1	-1	-1	-1	-1	-1	70	0	
165	15053593	9557	-1	21	ЩГФЎвАКќ		146.51355	150.335556	0	300640	10000	-1	-1	1	0	-1	-1	-1	-1	-1	-1	70	0	
166	15053593	9557	-1	21	ЩГФЎвАКќ		146.51355	150.335556	0	300640	10000	-1	-1	1	0	-1	-1	-1	-1	-1	-1	70	0	
167	15053593	9557	-1	21	ЩГФЎвАКќ		146.51355	150.335556	0	300640	10000	-1	-1	1	0	-1	-1	-1	-1	-1	-1	70	0	
168	15053594	9557	-1	21	ЩГФЎвАКќ		90.94223	155.892792	0	300640	10000	-1	-1	1	0	-1	-1	-1	-1	-1	-1	70	0	
169	15053594	9557	-1	21	ЩГФЎвАКќ		90.94223	155.892792	0	300640	10000	-1	-1	1	0	-1	-1	-1	-1	-1	-1	70	0	
170	15053594	9557	-1	21	ЩГФЎвАКќ		90.94223	155.892792	0	300640	10000	-1	-1	1	0	-1	-1	-1	-1	-1	-1	70	0	
171	15053594	9557	-1	21	ЩГФЎвАКќ		90.94223	155.892792	0	300640	10000	-1	-1	1	0	-1	-1	-1	-1	-1	-1	70	0	
172	15053594	9557	-1	21	ЩГФЎвАКќ		90.94223	155.892792	0	300640	10000	-1	-1	1	0	-1	-1	-1	-1	-1	-1	70	0	
173	15053594	9557	-1	21	ЩГФЎвАКќ		90.94223	155.892792	0	300640	10000	-1	-1	1	0	-1	-1	-1	-1	-1	-1	70	0	
174	15053594	9557	-1	21	ЩГФЎвАКќ		90.94223	155.892792	0	300640	10000	-1	-1	1	0	-1	-1	-1	-1	-1	-1	70	0	
175	15053594	9557	-1	21	ЩГФЎвАКќ		90.94223	155.892792	0	300640	10000	-1	-1	1	0	-1	-1	-1	-1	-1	-1	70	0	
176	15053594	9557	-1	21	ЩГФЎвАКќ		90.94223	155.892792	0	300640	10000	-1	-1	1	0	-1	-1	-1	-1	-1	-1	70	0	
177	15053594	9557	-1	21	ЩГФЎвАКќ		90.94223	155.892792	0	300640	10000	-1	-1	1	0	-1	-1	-1	-1	-1	-1	70	0	
178	15053595	9557	-1	21	ЩГФЎвАКќ		164.676178	160.615906	0	300640	10000	-1	-1	1	0	-1	-1	-1	-1	-1	-1	70	0	
179	15053595	9557	-1	21	ЩГФЎвАКќ		164.676178	160.615906	0	300640	10000	-1	-1	1	0	-1	-1	-1	-1	-1	-1	70	0	
180	15053595	9557	-1	21	ЩГФЎвАКќ		164.676178	160.615906	0	300640	10000	-1	-1	1	0	-1	-1	-1	-1	-1	-1	70	0	
181	15053595	9557	-1	21	ЩГФЎвАКќ		164.676178	160.615906	0	300640	10000	-1	-1	1	0	-1	-1	-1	-1	-1	-1	70	0	
182	15053595	9557	-1	21	ЩГФЎвАКќ		164.676178	160.615906	0	300640	10000	-1	-1	1	0	-1	-1	-1	-1	-1	-1	70	0	
183	15053595	9557	-1	21	ЩГФЎвАКќ		164.676178	160.615906	0	300640	10000	-1	-1	1	0	-1	-1	-1	-1	-1	-1	70	0	
184	15053595	9557	-1	21	ЩГФЎвАКќ		164.676178	160.615906	0	300640	10000	-1	-1	1	0	-1	-1	-1	-1	-1	-1	70	0	
185	15053595	9557	-1	21	ЩГФЎвАКќ		164.676178	160.615906	0	300640	10000	-1	-1	1	0	-1	-1	-1	-1	-1	-1	70	0	
186	15053595	9557	-1	21	ЩГФЎвАКќ		164.676178	160.615906	0	300640	10000	-1	-1	1	0	-1	-1	-1	-1	-1	-1	70	0	
187	15053596	9557	-1	21	ЩГФЎвАКќ		176.37619	154.954254	0	300640	10000	-1	-1	1	0	-1	-1	-1	-1	-1	-1	70	0	
188	15053596	9557	-1	21	ЩГФЎвАКќ		176.37619	154.954254	0	300640	10000	-1	-1	1	0	-1	-1	-1	-1	-1	-1	70	0	
189	15053596	9557	-1	21	ЩГФЎвАКќ		176.37619	154.954254	0	300640	10000	-1	-1	1	0	-1	-1	-1	-1	-1	-1	70	0	
190	15053596	9557	-1	21	ЩГФЎвАКќ		176.37619	154.954254	0	300640	10000	-1	-1	1	0	-1	-1	-1	-1	-1	-1	70	0	
191	15053596	9557	-1	21	ЩГФЎвАКќ		176.37619	154.954254	0	300640	10000	-1	-1	1	0	-1	-1	-1	-1	-1	-1	70	0	
192	15053596	9557	-1	21	ЩГФЎвАКќ		176.37619	154.954254	0	300640	10000	-1	-1	1	0	-1	-1	-1	-1	-1	-1	70	0	
193	15053596	9557	-1	21	ЩГФЎвАКќ		176.37619	154.954254	0	300640	10000	-1	-1	1	0	-1	-1	-1	-1	-1	-1	70	0	
194	15053596	9557	-1	21	ЩГФЎвАКќ		176.37619	154.954254	0	300640	10000	-1	-1	1	0	-1	-1	-1	-1	-1	-1	70	0	
195	15053596	9557	-1	21	ЩГФЎвАКќ		176.37619	154.954254	0	300640	10000	-1	-1	1	0	-1	-1	-1	-1	-1	-1	70	0	
196	15053596	9557	-1	21	ЩГФЎвАКќ		176.37619	154.954254	0	300640	10000	-1	-1	1	0	-1	-1	-1	-1	-1	-1	70	0	
197	15053597	9557	-1	21	ЩГФЎвАКќ		167.245865	172.80191	0	300640	10000	-1	-1	1	0	-1	-1	-1	-1	-1	-1	70	0	
198	15053597	9557	-1	21	ЩГФЎвАКќ		167.245865	172.80191	0	300640	10000	-1	-1	1	0	-1	-1	-1	-1	-1	-1	70	0	
199	15053597	9557	-1	21	ЩГФЎвАКќ		167.245865	172.80191	0	300640	10000	-1	-1	1	0	-1	-1	-1	-1	-1	-1	70	0	
200	15053597	9557	-1	21	ЩГФЎвАКќ		167.245865	172.80191	0	300640	10000	-1	-1	1	0	-1	-1	-1	-1	-1	-1	70	0	
201	15053597	9557	-1	21	ЩГФЎвАКќ		167.245865	172.80191	0	300640	10000	-1	-1	1	0	-1	-1	-1	-1	-1	-1	70	0	
202	15053597	9557	-1	21	ЩГФЎвАКќ		167.245865	172.80191	0	300640	10000	-1	-1	1	0	-1	-1	-1	-1	-1	-1	70	0	
203	15053597	9557	-1	21	ЩГФЎвАКќ		167.245865	172.80191	0	300640	10000	-1	-1	1	0	-1	-1	-1	-1	-1	-1	70	0	
204	15053597	9557	-1	21	ЩГФЎвАКќ		167.245865	172.80191	0	300640	10000	-1	-1	1	0	-1	-1	-1	-1	-1	-1	70	0	
205	15053597	9557	-1	21	ЩГФЎвАКќ		167.245865	172.80191	0	300640	10000	-1	-1	1	0	-1	-1	-1	-1	-1	-1	70	0	
206	15053597	9557	-1	21	ЩГФЎвАКќ		167.245865	172.80191	0	300640	10000	-1	-1	1	0	-1	-1	-1	-1	-1	-1	70	0	
207	15053598	9766	-1	21	ИъБкЩГФЇ		164.461441	143.218018	0	300640	10000	-1	-1	1	0	-1	-1	-1	-1	-1	-1	70	0	
208	15053598	9766	-1	21	ИъБкЩГФЇ		164.461441	143.218018	0	300640	10000	-1	-1	1	0	-1	-1	-1	-1	-1	-1	70	0	
209	15053598	9766	-1	21	ИъБкЩГФЇ		164.461441	143.218018	0	300640	10000	-1	-1	1	0	-1	-1	-1	-1	-1	-1	70	0	
210	15053598	9766	-1	21	ИъБкЩГФЇ		164.461441	143.218018	0	300640	10000	-1	-1	1	0	-1	-1	-1	-1	-1	-1	70	0	
211	15053598	9766	-1	21	ИъБкЩГФЇ		164.461441	143.218018	0	300640	10000	-1	-1	1	0	-1	-1	-1	-1	-1	-1	70	0	
212	15053598	9766	-1	21	ИъБкЩГФЇ		164.461441	143.218018	0	300640	10000	-1	-1	1	0	-1	-1	-1	-1	-1	-1	70	0	
213	15053598	9766	-1	21	ИъБкЩГФЇ		164.461441	143.218018	0	300640	10000	-1	-1	1	0	-1	-1	-1	-1	-1	-1	70	0	
214	15053598	9766	-1	21	ИъБкЩГФЇ		164.461441	143.218018	0	300640	10000	-1	-1	1	0	-1	-1	-1	-1	-1	-1	70	0	
215	15053598	9766	-1	21	ИъБкЩГФЇ		164.461441	143.218018	0	300640	10000	-1	-1	1	0	-1	-1	-1	-1	-1	-1	70	0	
216	15053598	9766	-1	21	ИъБкЩГФЇ		164.461441	143.218018	0	300640	10000	-1	-1	1	0	-1	-1	-1	-1	-1	-1	70	0	
217	15053599	9766	-1	21	ИъБкЩГФЇ		174.720032	87.92215	0	300640	10000	-1	-1	1	0	-1	-1	-1	-1	-1	-1	70	0	
218	15053599	9766	-1	21	ИъБкЩГФЇ		174.720032	87.92215	0	300640	10000	-1	-1	1	0	-1	-1	-1	-1	-1	-1	70	0	
219	15053599	9766	-1	21	ИъБкЩГФЇ		174.720032	87.92215	0	300640	10000	-1	-1	1	0	-1	-1	-1	-1	-1	-1	70	0	
220	15053599	9766	-1	21	ИъБкЩГФЇ		174.720032	87.92215	0	300640	10000	-1	-1	1	0	-1	-1	-1	-1	-1	-1	70	0	
221	15053599	9766	-1	21	ИъБкЩГФЇ		174.720032	87.92215	0	300640	10000	-1	-1	1	0	-1	-1	-1	-1	-1	-1	70	0	
222	15053599	9766	-1	21	ИъБкЩГФЇ		174.720032	87.92215	0	300640	10000	-1	-1	1	0	-1	-1	-1	-1	-1	-1	70	0	
223	15053599	9766	-1	21	ИъБкЩГФЇ		174.720032	87.92215	0	300640	10000	-1	-1	1	0	-1	-1	-1	-1	-1	-1	70	0	
224	15053599	9766	-1	21	ИъБкЩГФЇ		174.720032	87.92215	0	300640	10000	-1	-1	1	0	-1	-1	-1	-1	-1	-1	70	0	
225	15053599	9766	-1	21	ИъБкЩГФЇ		174.720032	87.92215	0	300640	10000	-1	-1	1	0	-1	-1	-1	-1	-1	-1	70	0	
226	15053599	9766	-1	21	ИъБкЩГФЇ		174.720032	87.92215	0	300640	10000	-1	-1	1	0	-1	-1	-1	-1	-1	-1	70	0	
227	15053600	9766	-1	21	ИъБкЩГФЇ		140.251999	84.156319	0	300640	10000	-1	-1	1	0	-1	-1	-1	-1	-1	-1	70	0	
228	15053600	9766	-1	21	ИъБкЩГФЇ		140.251999	84.156319	0	300640	10000	-1	-1	1	0	-1	-1	-1	-1	-1	-1	70	0	
229	15053600	9766	-1	21	ИъБкЩГФЇ		140.251999	84.156319	0	300640	10000	-1	-1	1	0	-1	-1	-1	-1	-1	-1	70	0	
230	15053600	9766	-1	21	ИъБкЩГФЇ		140.251999	84.156319	0	300640	10000	-1	-1	1	0	-1	-1	-1	-1	-1	-1	70	0	
231	15053600	9766	-1	21	ИъБкЩГФЇ		140.251999	84.156319	0	300640	10000	-1	-1	1	0	-1	-1	-1	-1	-1	-1	70	0	
232	15053600	9766	-1	21	ИъБкЩГФЇ		140.251999	84.156319	0	300640	10000	-1	-1	1	0	-1	-1	-1	-1	-1	-1	70	0	
233	15053600	9766	-1	21	ИъБкЩГФЇ		140.251999	84.156319	0	300640	10000	-1	-1	1	0	-1	-1	-1	-1	-1	-1	70	0	
234	15053600	9766	-1	21	ИъБкЩГФЇ		140.251999	84.156319	0	300640	10000	-1	-1	1	0	-1	-1	-1	-1	-1	-1	70	0	
235	15053600	9766	-1	21	ИъБкЩГФЇ		140.251999	84.156319	0	300640	10000	-1	-1	1	0	-1	-1	-1	-1	-1	-1	70	0	
236	15053600	9766	-1	21	ИъБкЩГФЇ		140.251999	84.156319	0	300640	10000	-1	-1	1	0	-1	-1	-1	-1	-1	-1	70	0	
237	15053601	9766	-1	21	ИъБкЩГФЇ		132.664368	119.351105	0	300640	10000	-1	-1	1	0	-1	-1	-1	-1	-1	-1	70	0	
238	15053601	9766	-1	21	ИъБкЩГФЇ		132.664368	119.351105	0	300640	10000	-1	-1	1	0	-1	-1	-1	-1	-1	-1	70	0	
239	15053601	9766	-1	21	ИъБкЩГФЇ		132.664368	119.351105	0	300640	10000	-1	-1	1	0	-1	-1	-1	-1	-1	-1	70	0	
240	15053601	9766	-1	21	ИъБкЩГФЇ		132.664368	119.351105	0	300640	10000	-1	-1	1	0	-1	-1	-1	-1	-1	-1	70	0	
241	15053601	9766	-1	21	ИъБкЩГФЇ		132.664368	119.351105	0	300640	10000	-1	-1	1	0	-1	-1	-1	-1	-1	-1	70	0	
242	15053601	9766	-1	21	ИъБкЩГФЇ		132.664368	119.351105	0	300640	10000	-1	-1	1	0	-1	-1	-1	-1	-1	-1	70	0	
243	15053601	9766	-1	21	ИъБкЩГФЇ		132.664368	119.351105	0	300640	10000	-1	-1	1	0	-1	-1	-1	-1	-1	-1	70	0	
244	15053601	9766	-1	21	ИъБкЩГФЇ		132.664368	119.351105	0	300640	10000	-1	-1	1	0	-1	-1	-1	-1	-1	-1	70	0	
245	15053601	9766	-1	21	ИъБкЩГФЇ		132.664368	119.351105	0	300640	10000	-1	-1	1	0	-1	-1	-1	-1	-1	-1	70	0	
246	15053601	9766	-1	21	ИъБкЩГФЇ		132.664368	119.351105	0	300640	10000	-1	-1	1	0	-1	-1	-1	-1	-1	-1	70	0	
247	15053602	9766	-1	21	ИъБкЩГФЇ		127.793449	61.833565	0	300640	10000	-1	-1	1	0	-1	-1	-1	-1	-1	-1	70	0	
248	15053602	9766	-1	21	ИъБкЩГФЇ		127.793449	61.833565	0	300640	10000	-1	-1	1	0	-1	-1	-1	-1	-1	-1	70	0	
249	15053602	9766	-1	21	ИъБкЩГФЇ		127.793449	61.833565	0	300640	10000	-1	-1	1	0	-1	-1	-1	-1	-1	-1	70	0	
250	15053602	9766	-1	21	ИъБкЩГФЇ		127.793449	61.833565	0	300640	10000	-1	-1	1	0	-1	-1	-1	-1	-1	-1	70	0	
251	15053602	9766	-1	21	ИъБкЩГФЇ		127.793449	61.833565	0	300640	10000	-1	-1	1	0	-1	-1	-1	-1	-1	-1	70	0	
252	15053602	9766	-1	21	ИъБкЩГФЇ		127.793449	61.833565	0	300640	10000	-1	-1	1	0	-1	-1	-1	-1	-1	-1	70	0	
253	15053602	9766	-1	21	ИъБкЩГФЇ		127.793449	61.833565	0	300640	10000	-1	-1	1	0	-1	-1	-1	-1	-1	-1	70	0	
254	15053602	9766	-1	21	ИъБкЩГФЇ		127.793449	61.833565	0	300640	10000	-1	-1	1	0	-1	-1	-1	-1	-1	-1	70	0	
255	15053602	9766	-1	21	ИъБкЩГФЇ		127.793449	61.833565	0	300640	10000	-1	-1	1	0	-1	-1	-1	-1	-1	-1	70	0	
256	15053602	9766	-1	21	ИъБкЩГФЇ		127.793449	61.833565	0	300640	10000	-1	-1	1	0	-1	-1	-1	-1	-1	-1	70	0	
257	15053603	9766	-1	21	ИъБкЩГФЇ		107.551712	52.286583	0	300640	10000	-1	-1	1	0	-1	-1	-1	-1	-1	-1	70	0	
258	15053603	9766	-1	21	ИъБкЩГФЇ		107.551712	52.286583	0	300640	10000	-1	-1	1	0	-1	-1	-1	-1	-1	-1	70	0	
259	15053603	9766	-1	21	ИъБкЩГФЇ		107.551712	52.286583	0	300640	10000	-1	-1	1	0	-1	-1	-1	-1	-1	-1	70	0	
260	15053603	9766	-1	21	ИъБкЩГФЇ		107.551712	52.286583	0	300640	10000	-1	-1	1	0	-1	-1	-1	-1	-1	-1	70	0	
261	15053603	9766	-1	21	ИъБкЩГФЇ		107.551712	52.286583	0	300640	10000	-1	-1	1	0	-1	-1	-1	-1	-1	-1	70	0	
262	15053603	9766	-1	21	ИъБкЩГФЇ		107.551712	52.286583	0	300640	10000	-1	-1	1	0	-1	-1	-1	-1	-1	-1	70	0	
263	15053603	9766	-1	21	ИъБкЩГФЇ		107.551712	52.286583	0	300640	10000	-1	-1	1	0	-1	-1	-1	-1	-1	-1	70	0	
264	15053603	9766	-1	21	ИъБкЩГФЇ		107.551712	52.286583	0	300640	10000	-1	-1	1	0	-1	-1	-1	-1	-1	-1	70	0	
265	15053603	9766	-1	21	ИъБкЩГФЇ		107.551712	52.286583	0	300640	10000	-1	-1	1	0	-1	-1	-1	-1	-1	-1	70	0	
266	15053603	9766	-1	21	ИъБкЩГФЇ		107.551712	52.286583	0	300640	10000	-1	-1	1	0	-1	-1	-1	-1	-1	-1	70	0	
267	15053604	9766	-1	21	ИъБкЩГФЇ		118.727585	109.404015	0	300640	10000	-1	-1	1	0	-1	-1	-1	-1	-1	-1	70	0	
268	15053604	9766	-1	21	ИъБкЩГФЇ		118.727585	109.404015	0	300640	10000	-1	-1	1	0	-1	-1	-1	-1	-1	-1	70	0	
269	15053604	9766	-1	21	ИъБкЩГФЇ		118.727585	109.404015	0	300640	10000	-1	-1	1	0	-1	-1	-1	-1	-1	-1	70	0	
270	15053604	9766	-1	21	ИъБкЩГФЇ		118.727585	109.404015	0	300640	10000	-1	-1	1	0	-1	-1	-1	-1	-1	-1	70	0	
271	15053604	9766	-1	21	ИъБкЩГФЇ		118.727585	109.404015	0	300640	10000	-1	-1	1	0	-1	-1	-1	-1	-1	-1	70	0	
272	15053604	9766	-1	21	ИъБкЩГФЇ		118.727585	109.404015	0	300640	10000	-1	-1	1	0	-1	-1	-1	-1	-1	-1	70	0	
273	15053604	9766	-1	21	ИъБкЩГФЇ		118.727585	109.404015	0	300640	10000	-1	-1	1	0	-1	-1	-1	-1	-1	-1	70	0	
274	15053604	9766	-1	21	ИъБкЩГФЇ		118.727585	109.404015	0	300640	10000	-1	-1	1	0	-1	-1	-1	-1	-1	-1	70	0	
275	15053604	9766	-1	21	ИъБкЩГФЇ		118.727585	109.404015	0	300640	10000	-1	-1	1	0	-1	-1	-1	-1	-1	-1	70	0	
276	15053604	9766	-1	21	ИъБкЩГФЇ		118.727585	109.404015	0	300640	10000	-1	-1	1	0	-1	-1	-1	-1	-1	-1	70	0	
277	15053605	9766	-1	21	ИъБкЩГФЇ		93.166878	104.079277	0	300640	10000	-1	-1	1	0	-1	-1	-1	-1	-1	-1	70	0	
278	15053605	9766	-1	21	ИъБкЩГФЇ		93.166878	104.079277	0	300640	10000	-1	-1	1	0	-1	-1	-1	-1	-1	-1	70	0	
279	15053605	9766	-1	21	ИъБкЩГФЇ		93.166878	104.079277	0	300640	10000	-1	-1	1	0	-1	-1	-1	-1	-1	-1	70	0	
280	15053605	9766	-1	21	ИъБкЩГФЇ		93.166878	104.079277	0	300640	10000	-1	-1	1	0	-1	-1	-1	-1	-1	-1	70	0	
281	15053605	9766	-1	21	ИъБкЩГФЇ		93.166878	104.079277	0	300640	10000	-1	-1	1	0	-1	-1	-1	-1	-1	-1	70	0	
282	15053605	9766	-1	21	ИъБкЩГФЇ		93.166878	104.079277	0	300640	10000	-1	-1	1	0	-1	-1	-1	-1	-1	-1	70	0	
283	15053605	9766	-1	21	ИъБкЩГФЇ		93.166878	104.079277	0	300640	10000	-1	-1	1	0	-1	-1	-1	-1	-1	-1	70	0	
284	15053605	9766	-1	21	ИъБкЩГФЇ		93.166878	104.079277	0	300640	10000	-1	-1	1	0	-1	-1	-1	-1	-1	-1	70	0	
285	15053605	9766	-1	21	ИъБкЩГФЇ		93.166878	104.079277	0	300640	10000	-1	-1	1	0	-1	-1	-1	-1	-1	-1	70	0	
286	15053605	9766	-1	21	ИъБкЩГФЇ		93.166878	104.079277	0	300640	10000	-1	-1	1	0	-1	-1	-1	-1	-1	-1	70	0	
287	15053606	9766	-1	21	ИъБкЩГФЇ		68.100143	148.286148	0	300640	10000	-1	-1	1	0	-1	-1	-1	-1	-1	-1	70	0	
288	15053606	9766	-1	21	ИъБкЩГФЇ		68.050224	148.523834	0	300640	10000	-1	-1	1	0	-1	-1	-1	-1	-1	-1	70	0	
289	15053606	9766	-1	21	ИъБкЩГФЇ		68.197235	148.308319	0	300640	10000	-1	-1	1	0	-1	-1	-1	-1	-1	-1	70	0	
290	15053606	9766	-1	21	ИъБкЩГФЇ		68.123329	148.416245	0	300640	10000	-1	-1	1	0	-1	-1	-1	-1	-1	-1	70	0	
291	15053606	9766	-1	21	ИъБкЩГФЇ		68.430031	148.048462	0	300640	10000	-1	-1	1	0	-1	-1	-1	-1	-1	-1	70	0	
292	15053606	9766	-1	21	ИъБкЩГФЇ		68.36776	148.222488	0	300640	10000	-1	-1	1	0	-1	-1	-1	-1	-1	-1	70	0	
293	15053606	9766	-1	21	ИъБкЩГФЇ		68.36776	148.222488	0	300640	10000	-1	-1	1	0	-1	-1	-1	-1	-1	-1	70	0	
294	15053606	9766	-1	21	ИъБкЩГФЇ		68.192551	148.025208	0	300640	10000	-1	-1	1	0	-1	-1	-1	-1	-1	-1	70	0	
295	15053606	9766	-1	21	ИъБкЩГФЇ		68.251495	148.351761	0	300640	10000	-1	-1	1	0	-1	-1	-1	-1	-1	-1	70	0	
296	15053606	9766	-1	21	ИъБкЩГФЇ		68.255295	148.631744	0	300640	10000	-1	-1	1	0	-1	-1	-1	-1	-1	-1	70	0	
297	15053607	9766	-1	21	ИъБкЩГФЇ		75.005363	92.53933	0	300640	10000	-1	-1	1	0	-1	-1	-1	-1	-1	-1	70	0	
298	15053608	9766	-1	21	ИъБкЩГФЇ		50.987217	95.244408	0	300640	10000	-1	-1	1	0	-1	-1	-1	-1	-1	-1	70	0	
299	15053608	9766	-1	21	ИъБкЩГФЇ		50.987217	95.244408	0	300640	10000	-1	-1	1	0	-1	-1	-1	-1	-1	-1	70	0	
300	15053608	9766	-1	21	ИъБкЩГФЇ		50.987217	95.244408	0	300640	10000	-1	-1	1	0	-1	-1	-1	-1	-1	-1	70	0	
301	15053608	9766	-1	21	ИъБкЩГФЇ		50.987217	95.244408	0	300640	10000	-1	-1	1	0	-1	-1	-1	-1	-1	-1	70	0	
302	15053608	9766	-1	21	ИъБкЩГФЇ		50.987217	95.244408	0	300640	10000	-1	-1	1	0	-1	-1	-1	-1	-1	-1	70	0	
303	15053608	9766	-1	21	ИъБкЩГФЇ		50.987217	95.244408	0	300640	10000	-1	-1	1	0	-1	-1	-1	-1	-1	-1	70	0	
304	15053608	9766	-1	21	ИъБкЩГФЇ		50.987217	95.244408	0	300640	10000	-1	-1	1	0	-1	-1	-1	-1	-1	-1	70	0	
305	15053608	9766	-1	21	ИъБкЩГФЇ		50.987217	95.244408	0	300640	10000	-1	-1	1	0	-1	-1	-1	-1	-1	-1	70	0	
306	15053608	9766	-1	21	ИъБкЩГФЇ		50.987217	95.244408	0	300640	10000	-1	-1	1	0	-1	-1	-1	-1	-1	-1	70	0	
307	15053608	9766	-1	21	ИъБкЩГФЇ		50.987217	95.244408	0	300640	10000	-1	-1	1	0	-1	-1	-1	-1	-1	-1	70	0	
308	15053609	9766	-1	21	ИъБкЩГФЇ		65.061523	106.544807	0	300640	10000	-1	-1	1	0	-1	-1	-1	-1	-1	-1	70	0	
309	15053609	9766	-1	21	ИъБкЩГФЇ		64.981987	106.541794	0	300640	10000	-1	-1	1	0	-1	-1	-1	-1	-1	-1	70	0	
310	15053609	9766	-1	21	ИъБкЩГФЇ		64.978531	106.430672	0	300640	10000	-1	-1	1	0	-1	-1	-1	-1	-1	-1	70	0	
311	15053609	9766	-1	21	ИъБкЩГФЇ		65.147972	106.76786	0	300640	10000	-1	-1	1	0	-1	-1	-1	-1	-1	-1	70	0	
312	15053609	9766	-1	21	ИъБкЩГФЇ		65.139412	106.492111	0	300640	10000	-1	-1	1	0	-1	-1	-1	-1	-1	-1	70	0	
313	15053609	9766	-1	21	ИъБкЩГФЇ		65.016701	106.377548	0	300640	10000	-1	-1	1	0	-1	-1	-1	-1	-1	-1	70	0	
314	15053609	9766	-1	21	ИъБкЩГФЇ		65.016701	106.377548	0	300640	10000	-1	-1	1	0	-1	-1	-1	-1	-1	-1	70	0	
315	15053609	9766	-1	21	ИъБкЩГФЇ		65.050972	106.212257	0	300640	10000	-1	-1	1	0	-1	-1	-1	-1	-1	-1	70	0	
316	15053609	9766	-1	21	ИъБкЩГФЇ		64.737938	106.363213	0	300640	10000	-1	-1	1	0	-1	-1	-1	-1	-1	-1	70	0	
317	15053609	9766	-1	21	ИъБкЩГФЇ		64.849854	106.146683	0	300640	10000	-1	-1	1	0	-1	-1	-1	-1	-1	-1	70	0	
318	15053610	9766	-1	21	ИъБкЩГФЇ		92.065544	85.017693	0	300640	10000	-1	-1	1	0	-1	-1	-1	-1	-1	-1	70	0	
319	15053610	9766	-1	21	ИъБкЩГФЇ		92.065544	85.017693	0	300640	10000	-1	-1	1	0	-1	-1	-1	-1	-1	-1	70	0	
320	15053610	9766	-1	21	ИъБкЩГФЇ		92.065544	85.017693	0	300640	10000	-1	-1	1	0	-1	-1	-1	-1	-1	-1	70	0	
321	15053610	9766	-1	21	ИъБкЩГФЇ		92.065544	85.017693	0	300640	10000	-1	-1	1	0	-1	-1	-1	-1	-1	-1	70	0	
322	15053610	9766	-1	21	ИъБкЩГФЇ		92.065544	85.017693	0	300640	10000	-1	-1	1	0	-1	-1	-1	-1	-1	-1	70	0	
323	15053610	9766	-1	21	ИъБкЩГФЇ		92.065544	85.017693	0	300640	10000	-1	-1	1	0	-1	-1	-1	-1	-1	-1	70	0	
324	15053610	9766	-1	21	ИъБкЩГФЇ		92.065544	85.017693	0	300640	10000	-1	-1	1	0	-1	-1	-1	-1	-1	-1	70	0	
325	15053610	9766	-1	21	ИъБкЩГФЇ		92.065544	85.017693	0	300640	10000	-1	-1	1	0	-1	-1	-1	-1	-1	-1	70	0	
326	15053610	9766	-1	21	ИъБкЩГФЇ		92.065544	85.017693	0	300640	10000	-1	-1	1	0	-1	-1	-1	-1	-1	-1	70	0	
327	15053610	9766	-1	21	ИъБкЩГФЇ		92.065544	85.017693	0	300640	10000	-1	-1	1	0	-1	-1	-1	-1	-1	-1	70	0	
328	15053611	9766	-1	21	ИъБкЩГФЇ		92.081619	62.574509	0	300640	10000	-1	-1	1	0	-1	-1	-1	-1	-1	-1	70	0	
329	15053611	9766	-1	21	ИъБкЩГФЇ		92.081619	62.574509	0	300640	10000	-1	-1	1	0	-1	-1	-1	-1	-1	-1	70	0	
330	15053611	9766	-1	21	ИъБкЩГФЇ		92.081619	62.574509	0	300640	10000	-1	-1	1	0	-1	-1	-1	-1	-1	-1	70	0	
331	15053611	9766	-1	21	ИъБкЩГФЇ		92.081619	62.574509	0	300640	10000	-1	-1	1	0	-1	-1	-1	-1	-1	-1	70	0	
332	15053611	9766	-1	21	ИъБкЩГФЇ		92.081619	62.574509	0	300640	10000	-1	-1	1	0	-1	-1	-1	-1	-1	-1	70	0	
333	15053611	9766	-1	21	ИъБкЩГФЇ		92.081619	62.574509	0	300640	10000	-1	-1	1	0	-1	-1	-1	-1	-1	-1	70	0	
334	15053611	9766	-1	21	ИъБкЩГФЇ		92.081619	62.574509	0	300640	10000	-1	-1	1	0	-1	-1	-1	-1	-1	-1	70	0	
335	15053611	9766	-1	21	ИъБкЩГФЇ		92.081619	62.574509	0	300640	10000	-1	-1	1	0	-1	-1	-1	-1	-1	-1	70	0	
336	15053611	9766	-1	21	ИъБкЩГФЇ		92.081619	62.574509	0	300640	10000	-1	-1	1	0	-1	-1	-1	-1	-1	-1	70	0	
337	15053611	9766	-1	21	ИъБкЩГФЇ		92.081619	62.574509	0	300640	10000	-1	-1	1	0	-1	-1	-1	-1	-1	-1	70	0	
338	15053612	9766	-1	21	ИъБкЩГФЇ		108.394333	75.936516	0	300640	10000	-1	-1	1	0	-1	-1	-1	-1	-1	-1	70	0	
339	15053612	9766	-1	21	ИъБкЩГФЇ		108.394333	75.936516	0	300640	10000	-1	-1	1	0	-1	-1	-1	-1	-1	-1	70	0	
340	15053612	9766	-1	21	ИъБкЩГФЇ		108.394333	75.936516	0	300640	10000	-1	-1	1	0	-1	-1	-1	-1	-1	-1	70	0	
341	15053612	9766	-1	21	ИъБкЩГФЇ		108.394333	75.936516	0	300640	10000	-1	-1	1	0	-1	-1	-1	-1	-1	-1	70	0	
342	15053612	9766	-1	21	ИъБкЩГФЇ		108.394333	75.936516	0	300640	10000	-1	-1	1	0	-1	-1	-1	-1	-1	-1	70	0	
343	15053612	9766	-1	21	ИъБкЩГФЇ		108.394333	75.936516	0	300640	10000	-1	-1	1	0	-1	-1	-1	-1	-1	-1	70	0	
344	15053612	9766	-1	21	ИъБкЩГФЇ		108.394333	75.936516	0	300640	10000	-1	-1	1	0	-1	-1	-1	-1	-1	-1	70	0	
345	15053612	9766	-1	21	ИъБкЩГФЇ		108.394333	75.936516	0	300640	10000	-1	-1	1	0	-1	-1	-1	-1	-1	-1	70	0	
346	15053612	9766	-1	21	ИъБкЩГФЇ		108.394333	75.936516	0	300640	10000	-1	-1	1	0	-1	-1	-1	-1	-1	-1	70	0	
347	15053612	9766	-1	21	ИъБкЩГФЇ		108.394333	75.936516	0	300640	10000	-1	-1	1	0	-1	-1	-1	-1	-1	-1	70	0	
348	15053613	9766	-1	21	ИъБкЩГФЇ		186.147507	109.258408	0	300640	10000	-1	-1	1	0	-1	-1	-1	-1	-1	-1	70	0	
349	15053613	9766	-1	21	ИъБкЩГФЇ		186.147507	109.258408	0	300640	10000	-1	-1	1	0	-1	-1	-1	-1	-1	-1	70	0	
350	15053613	9766	-1	21	ИъБкЩГФЇ		186.147507	109.258408	0	300640	10000	-1	-1	1	0	-1	-1	-1	-1	-1	-1	70	0	
351	15053613	9766	-1	21	ИъБкЩГФЇ		186.147507	109.258408	0	300640	10000	-1	-1	1	0	-1	-1	-1	-1	-1	-1	70	0	
352	15053613	9766	-1	21	ИъБкЩГФЇ		186.147507	109.258408	0	300640	10000	-1	-1	1	0	-1	-1	-1	-1	-1	-1	70	0	
353	15053613	9766	-1	21	ИъБкЩГФЇ		186.147507	109.258408	0	300640	10000	-1	-1	1	0	-1	-1	-1	-1	-1	-1	70	0	
354	15053613	9766	-1	21	ИъБкЩГФЇ		186.147507	109.258408	0	300640	10000	-1	-1	1	0	-1	-1	-1	-1	-1	-1	70	0	
355	15053613	9766	-1	21	ИъБкЩГФЇ		186.147507	109.258408	0	300640	10000	-1	-1	1	0	-1	-1	-1	-1	-1	-1	70	0	
356	15053613	9766	-1	21	ИъБкЩГФЇ		186.147507	109.258408	0	300640	10000	-1	-1	1	0	-1	-1	-1	-1	-1	-1	70	0	
357	15053614	9766	-1	21	ИъБкЩГФЇ		165.119995	111.439003	0	300640	10000	-1	-1	1	0	-1	-1	-1	-1	-1	-1	70	0	
358	15053614	9766	-1	21	ИъБкЩГФЇ		165.119995	111.439003	0	300640	10000	-1	-1	1	0	-1	-1	-1	-1	-1	-1	70	0	
359	15053614	9766	-1	21	ИъБкЩГФЇ		165.119995	111.439003	0	300640	10000	-1	-1	1	0	-1	-1	-1	-1	-1	-1	70	0	
360	15053614	9766	-1	21	ИъБкЩГФЇ		165.119995	111.439003	0	300640	10000	-1	-1	1	0	-1	-1	-1	-1	-1	-1	70	0	
361	15053614	9766	-1	21	ИъБкЩГФЇ		165.119995	111.439003	0	300640	10000	-1	-1	1	0	-1	-1	-1	-1	-1	-1	70	0	
362	15053614	9766	-1	21	ИъБкЩГФЇ		165.119995	111.439003	0	300640	10000	-1	-1	1	0	-1	-1	-1	-1	-1	-1	70	0	
363	15053614	9766	-1	21	ИъБкЩГФЇ		165.119995	111.439003	0	300640	10000	-1	-1	1	0	-1	-1	-1	-1	-1	-1	70	0	
364	15053614	9766	-1	21	ИъБкЩГФЇ		165.119995	111.439003	0	300640	10000	-1	-1	1	0	-1	-1	-1	-1	-1	-1	70	0	
365	15053614	9766	-1	21	ИъБкЩГФЇ		165.119995	111.439003	0	300640	10000	-1	-1	1	0	-1	-1	-1	-1	-1	-1	70	0	
366	15053643	9557	-1	21	ЩГФЎвАКќ		126.602829	201.147934	0	300640	10000	-1	-1	1	0	-1	-1	-1	-1	-1	-1	70	0	
367	15053644	9557	-1	21	ЩГФЎвАКќ		139.023483	221.406509	0	300640	10000	-1	-1	1	0	-1	-1	-1	-1	-1	-1	70	0	
368	15053645	9557	-1	21	ЩГФЎвАКќ		139.023483	221.406509	0	300640	10000	-1	-1	1	0	-1	-1	-1	-1	-1	-1	70	0	
369	15053646	9557	-1	21	ЩГФЎвАКќ		139.023483	221.406509	0	300640	10000	-1	-1	1	0	-1	-1	-1	-1	-1	-1	70	0	
370	15053647	9557	-1	21	ЩГФЎвАКќ		139.023483	221.406509	0	300640	10000	-1	-1	1	0	-1	-1	-1	-1	-1	-1	70	0	
371	15053648	9557	-1	21	ЩГФЎвАКќ		139.023483	221.406509	0	300640	10000	-1	-1	1	0	-1	-1	-1	-1	-1	-1	70	0	
372	15053649	9557	-1	21	ЩГФЎвАКќ		139.023483	221.406509	0	300640	10000	-1	-1	1	0	-1	-1	-1	-1	-1	-1	70	0	
373	15053650	9557	-1	21	ЩГФЎвАКќ		139.023483	221.406509	0	300640	10000	-1	-1	1	0	-1	-1	-1	-1	-1	-1	70	0	
374	15053651	9557	-1	21	ЩГФЎвАКќ		139.023483	221.406509	0	300640	10000	-1	-1	1	0	-1	-1	-1	-1	-1	-1	70	0	
375	15053652	9557	-1	21	ЩГФЎвАКќ		139.023483	221.406509	0	300640	10000	-1	-1	1	0	-1	-1	-1	-1	-1	-1	70	0	
376	15053653	9557	-1	21	ЩГФЎвАКќ		139.023483	221.406509	0	300640	10000	-1	-1	1	0	-1	-1	-1	-1	-1	-1	70	0	
377	15053652	9557	-1	21	ЩГФЎвАКќ		139.023483	221.406509	0	300640	10000	-1	-1	1	0	-1	-1	-1	-1	-1	-1	70	0	
378	15053653	9557	-1	21	ЩГФЎвАКќ		139.023483	221.406509	0	300640	10000	-1	-1	1	0	-1	-1	-1	-1	-1	-1	70	0	
379	15053654	1933	400309	20	ШћЖћжљгТЪП		56.380016	69.237457	28	0	10000	-1	-1	3	0	-1	-1	-1	-1	-1	-1	70	0	
380	15053655	1933	400308	20	ШћЖћжљгТЪП		51.137398	68.365105	28	0	10000	-1	-1	3	0	-1	-1	-1	-1	-1	-1	70	0	
381	15053656	1933	400309	20	ШћЖћжљгТЪП		64.005569	43.812305	28	0	10000	-1	-1	3	0	-1	-1	-1	-1	-1	-1	70	0	
382	15053657	1933	400308	20	ШћЖћжљгТЪП		39.506016	26.999218	28	0	10000	-1	-1	3	0	-1	-1	-1	-1	-1	-1	70	0	
383	15053658	1933	400309	20	ШћЖћжљгТЪП		67.081749	43.972889	28	0	10000	-1	-1	3	0	-1	-1	-1	-1	-1	-1	70	0	
384	15053659	1933	400308	20	ШћЖћжљгТЪП		64.133675	37.149776	28	0	10000	-1	-1	3	0	-1	-1	-1	-1	-1	-1	70	0	
385	15053660	1933	400309	20	ШћЖћжљгТЪП		67.471329	40.673233	28	0	10000	-1	-1	3	0	-1	-1	-1	-1	-1	-1	70	0	
386	15053661	1933	400308	20	ШћЖћжљгТЪП		64.009407	40.410557	28	0	10000	-1	-1	3	0	-1	-1	-1	-1	-1	-1	70	0	
387	15053662	1933	400309	20	ШћЖћжљгТЪП		67.552986	36.974228	28	0	10000	-1	-1	3	0	-1	-1	-1	-1	-1	-1	70	0	
388	15053664	1931	400327	20	вСРеЕТ	ШћЖћжљгТЪПЪзСь	62.578453	46.856529	36	0	10000	-1	-1	3	0	-1	-1	-1	-1	-1	-1	70	0	
389	7336799	4295	101687	-1	зщЖгжИв§ШЫ		224	159	5	-1	1000	-1	-1	3	0	-1	-1	-1	-1	-1	-1	100	0	
