NUM	NUM	NUM	NUM	NUM	TEXT	TEXT	FLOAT	FLOAT	NUM	NUM	NUM	NUM	NUM	NUM	NUM	NUM	NUM	NUM	NUM	NUM	NUM	NUM	NUM
编号	随机编号	attr编号	逻辑表编号	阵营编号	名称	称号	x轴坐标	z轴坐标	朝向	脚本编号	重生时间	分组编号	队伍编号	基础AI	AI文件	巡逻路径	商店0	商店1	商店2	商店3	名誉ID	等级	镜像组
0	2	6929	-1	21	幽冰之爪		61.169331	167.445023	0	300640	10000	-1	-1	1	0	-1	-1	-1	-1	-1	-1	75	0	
1	3	6929	-1	21	幽冰之爪		71.661217	140.028122	0	300640	10000	-1	-1	1	0	-1	-1	-1	-1	-1	-1	75	0	
2	6	6929	-1	21	幽冰之爪		97.631317	62.596058	0	300640	10000	-1	-1	1	0	-1	-1	-1	-1	-1	-1	75	0	
3	7	6929	-1	21	幽冰之爪		67.914093	87.583969	0	300640	10000	-1	-1	1	0	-1	-1	-1	-1	-1	-1	75	0	
4	8	6929	-1	21	幽冰之爪		95.116196	185.646484	0	300640	10000	-1	-1	1	0	-1	-1	-1	-1	-1	-1	75	0	
5	9	6929	-1	21	幽冰之爪		94.921463	154.777206	0	300640	10000	-1	-1	1	0	-1	-1	-1	-1	-1	-1	75	0	
6	10	6929	-1	21	幽冰之爪		130.344666	87.641113	0	300640	10000	-1	-1	1	0	-1	-1	-1	-1	-1	-1	75	0	
7	11	6929	-1	21	幽冰之爪		158.124115	61.245693	0	300640	10000	-1	-1	1	0	-1	-1	-1	-1	-1	-1	75	0	
8	12	6928	-1	21	幽嚎之牛		194.731644	183.817993	0	300640	10000	-1	-1	1	0	-1	-1	-1	-1	-1	-1	70	0	
9	13	6928	-1	21	幽嚎之牛		151.303421	185.487381	0	300640	10000	-1	-1	1	0	-1	-1	-1	-1	-1	-1	70	0	
10	14	6928	-1	21	幽嚎之牛		148.789352	160.615967	0	300640	10000	-1	-1	1	0	-1	-1	-1	-1	-1	-1	70	0	
11	15	6928	-1	21	幽嚎之牛		146.855804	123.918068	0	300640	10000	-1	-1	1	0	-1	-1	-1	-1	-1	-1	70	0	
12	2	6929	-1	21	幽冰之爪		60.314728	167.238144	0	300640	10000	-1	-1	1	0	-1	-1	-1	-1	-1	-1	75	0	
13	3	6929	-1	21	幽冰之爪		71.292595	139.926758	0	300640	10000	-1	-1	1	0	-1	-1	-1	-1	-1	-1	75	0	
14	6	6929	-1	21	幽冰之爪		98.664719	61.942184	0	300640	10000	-1	-1	1	0	-1	-1	-1	-1	-1	-1	75	0	
15	7	6929	-1	21	幽冰之爪		68.351952	86.323036	0	300640	10000	-1	-1	1	0	-1	-1	-1	-1	-1	-1	75	0	
16	8	6929	-1	21	幽冰之爪		97.099976	184.903198	0	300640	10000	-1	-1	1	0	-1	-1	-1	-1	-1	-1	75	0	
17	9	6929	-1	21	幽冰之爪		119.375237	155.603821	0	300640	10000	-1	-1	1	0	-1	-1	-1	-1	-1	-1	75	0	
18	10	6929	-1	21	幽冰之爪		128.39093	89.51886	0	300640	10000	-1	-1	1	0	-1	-1	-1	-1	-1	-1	75	0	
19	11	6929	-1	21	幽冰之爪		156.02771	63.176868	0	300640	10000	-1	-1	1	0	-1	-1	-1	-1	-1	-1	75	0	
20	12	6928	-1	21	幽嚎之牛		196.84877	185.886642	0	300640	10000	-1	-1	1	0	-1	-1	-1	-1	-1	-1	70	0	
21	13	6928	-1	21	幽嚎之牛		148.32785	185.41925	0	300640	10000	-1	-1	1	0	-1	-1	-1	-1	-1	-1	70	0	
22	14	6928	-1	21	幽嚎之牛		149.195297	162.086166	0	300640	10000	-1	-1	1	0	-1	-1	-1	-1	-1	-1	70	0	
23	15	6928	-1	21	幽嚎之牛		148.588867	123.285469	0	300640	10000	-1	-1	1	0	-1	-1	-1	-1	-1	-1	70	0	
24	2	6929	-1	21	幽冰之爪		60.520206	168.07901	0	300640	10000	-1	-1	1	0	-1	-1	-1	-1	-1	-1	75	0	
25	3	6929	-1	21	幽冰之爪		71.392235	138.83786	0	300640	10000	-1	-1	1	0	-1	-1	-1	-1	-1	-1	75	0	
26	5	6929	-1	21	幽冰之爪		95.233284	121.122467	0	300640	10000	-1	-1	1	0	-1	-1	-1	-1	-1	-1	75	0	
27	6	6929	-1	21	幽冰之爪		100.839806	62.02174	0	300640	10000	-1	-1	1	0	-1	-1	-1	-1	-1	-1	75	0	
28	7	6929	-1	21	幽冰之爪		67.059662	86.853973	0	300640	10000	-1	-1	1	0	-1	-1	-1	-1	-1	-1	75	0	
29	8	6929	-1	21	幽冰之爪		96.140663	184.424255	0	300640	10000	-1	-1	1	0	-1	-1	-1	-1	-1	-1	75	0	
30	9	6929	-1	21	幽冰之爪		122.343323	184.598572	0	300640	10000	-1	-1	1	0	-1	-1	-1	-1	-1	-1	75	0	
31	10	6929	-1	21	幽冰之爪		129.908295	89.018036	0	300640	10000	-1	-1	1	0	-1	-1	-1	-1	-1	-1	75	0	
32	11	6929	-1	21	幽冰之爪		157.02179	59.879955	0	300640	10000	-1	-1	1	0	-1	-1	-1	-1	-1	-1	75	0	
33	12	6928	-1	21	幽嚎之牛		195.596085	156.467224	0	300640	10000	-1	-1	1	0	-1	-1	-1	-1	-1	-1	70	0	
34	13	6928	-1	21	幽嚎之牛		150.000473	183.661163	0	300640	10000	-1	-1	1	0	-1	-1	-1	-1	-1	-1	70	0	
35	14	6928	-1	21	幽嚎之牛		148.34668	161.451904	0	300640	10000	-1	-1	1	0	-1	-1	-1	-1	-1	-1	70	0	
36	15	6928	-1	21	幽嚎之牛		148.078308	125.239899	0	300640	10000	-1	-1	1	0	-1	-1	-1	-1	-1	-1	70	0	
37	2	6929	-1	21	幽冰之爪		61.038387	166.521698	0	300640	10000	-1	-1	1	0	-1	-1	-1	-1	-1	-1	75	0	
38	3	6929	-1	21	幽冰之爪		70.8097	139.320023	0	300640	10000	-1	-1	1	0	-1	-1	-1	-1	-1	-1	75	0	
39	4	6929	-1	21	幽冰之爪		63.237598	119.827293	0	300640	10000	-1	-1	1	0	-1	-1	-1	-1	-1	-1	75	0	
40	6	6929	-1	21	幽冰之爪		99.82196	60.995434	0	300640	10000	-1	-1	1	0	-1	-1	-1	-1	-1	-1	75	0	
41	7	6929	-1	21	幽冰之爪		66.167946	62.942783	0	300640	10000	-1	-1	1	0	-1	-1	-1	-1	-1	-1	75	0	
42	8	6929	-1	21	幽冰之爪		95.732292	184.038574	0	300640	10000	-1	-1	1	0	-1	-1	-1	-1	-1	-1	75	0	
43	9	6929	-1	21	幽冰之爪		120.426445	158.100525	0	300640	10000	-1	-1	1	0	-1	-1	-1	-1	-1	-1	75	0	
44	10	6929	-1	21	幽冰之爪		130.531784	60.422485	0	300640	10000	-1	-1	1	0	-1	-1	-1	-1	-1	-1	75	0	
45	11	6929	-1	21	幽冰之爪		157.9543	88.971268	0	300640	10000	-1	-1	1	0	-1	-1	-1	-1	-1	-1	75	0	
46	12	6928	-1	21	幽嚎之牛		193.142975	184.082703	0	300640	10000	-1	-1	1	0	-1	-1	-1	-1	-1	-1	70	0	
47	13	6928	-1	21	幽嚎之牛		151.045532	183.996262	0	300640	10000	-1	-1	1	0	-1	-1	-1	-1	-1	-1	70	0	
48	14	6928	-1	21	幽嚎之牛		149.096497	161.428513	0	300640	10000	-1	-1	1	0	-1	-1	-1	-1	-1	-1	70	0	
49	15	6928	-1	21	幽嚎之牛		149.395859	123.91687	0	300640	10000	-1	-1	1	0	-1	-1	-1	-1	-1	-1	70	0	
50	2	6929	-1	21	幽冰之爪		61.260777	165.398254	0	300640	10000	-1	-1	1	0	-1	-1	-1	-1	-1	-1	75	0	
51	3	6929	-1	21	幽冰之爪		70.442261	139.850342	0	300640	10000	-1	-1	1	0	-1	-1	-1	-1	-1	-1	75	0	
52	4	6929	-1	21	幽冰之爪		63.632713	120.142746	0	300640	10000	-1	-1	1	0	-1	-1	-1	-1	-1	-1	75	0	
53	6	6929	-1	21	幽冰之爪		102.944275	84.53521	0	300640	10000	-1	-1	1	0	-1	-1	-1	-1	-1	-1	75	0	
54	7	6929	-1	21	幽冰之爪		67.321632	61.809898	0	300640	10000	-1	-1	1	0	-1	-1	-1	-1	-1	-1	75	0	
55	8	6929	-1	21	幽冰之爪		95.87455	183.485779	0	300640	10000	-1	-1	1	0	-1	-1	-1	-1	-1	-1	75	0	
56	9	6929	-1	21	幽冰之爪		119.782837	156.785904	0	300640	10000	-1	-1	1	0	-1	-1	-1	-1	-1	-1	75	0	
57	10	6929	-1	21	幽冰之爪		131.624298	60.603592	0	300640	10000	-1	-1	1	0	-1	-1	-1	-1	-1	-1	75	0	
58	11	6929	-1	21	幽冰之爪		156.701492	88.202934	0	300640	10000	-1	-1	1	0	-1	-1	-1	-1	-1	-1	75	0	
59	12	6928	-1	21	幽嚎之牛		196.355179	184.109344	0	300640	10000	-1	-1	1	0	-1	-1	-1	-1	-1	-1	70	0	
60	13	6928	-1	21	幽嚎之牛		148.132309	184.496475	0	300640	10000	-1	-1	1	0	-1	-1	-1	-1	-1	-1	70	0	
61	14	6928	-1	21	幽嚎之牛		147.311798	160.16954	0	300640	10000	-1	-1	1	0	-1	-1	-1	-1	-1	-1	70	0	
62	15	6928	-1	21	幽嚎之牛		147.477859	126.561134	0	300640	10000	-1	-1	1	0	-1	-1	-1	-1	-1	-1	70	0	
63	16	6928	-1	21	幽嚎之牛		188.095459	122.76136	0	300640	10000	-1	-1	1	0	-1	-1	-1	-1	-1	-1	70	0	
64	18	6928	-1	21	幽嚎之牛		186.078232	91.966995	0	300640	10000	-1	-1	1	0	-1	-1	-1	-1	-1	-1	70	0	
65	2	6929	-1	21	幽冰之爪		62.063736	166.005203	0	300640	10000	-1	-1	1	0	-1	-1	-1	-1	-1	-1	75	0	
66	3	6929	-1	21	幽冰之爪		70.096268	140.198608	0	300640	10000	-1	-1	1	0	-1	-1	-1	-1	-1	-1	75	0	
67	4	6929	-1	21	幽冰之爪		63.057796	120.606384	0	300640	10000	-1	-1	1	0	-1	-1	-1	-1	-1	-1	75	0	
68	5	6929	-1	21	幽冰之爪		96.282158	121.429527	0	300640	10000	-1	-1	1	0	-1	-1	-1	-1	-1	-1	75	0	
69	6	6929	-1	21	幽冰之爪		104.032913	85.228859	0	300640	10000	-1	-1	1	0	-1	-1	-1	-1	-1	-1	75	0	
70	7	6929	-1	21	幽冰之爪		67.278267	60.548443	0	300640	10000	-1	-1	1	0	-1	-1	-1	-1	-1	-1	75	0	
71	8	6929	-1	21	幽冰之爪		95.267937	184.947464	0	300640	10000	-1	-1	1	0	-1	-1	-1	-1	-1	-1	75	0	
72	9	6929	-1	21	幽冰之爪		118.93335	157.674683	0	300640	10000	-1	-1	1	0	-1	-1	-1	-1	-1	-1	75	0	
73	10	6929	-1	21	幽冰之爪		132.694427	57.982513	0	300640	10000	-1	-1	1	0	-1	-1	-1	-1	-1	-1	75	0	
74	11	6929	-1	21	幽冰之爪		156.320374	89.027748	0	300640	10000	-1	-1	1	0	-1	-1	-1	-1	-1	-1	75	0	
75	12	6928	-1	21	幽嚎之牛		196.58046	184.214722	0	300640	10000	-1	-1	1	0	-1	-1	-1	-1	-1	-1	70	0	
76	13	6928	-1	21	幽嚎之牛		148.38002	184.020966	0	300640	10000	-1	-1	1	0	-1	-1	-1	-1	-1	-1	70	0	
77	14	6928	-1	21	幽嚎之牛		147.92952	162.288574	0	300640	10000	-1	-1	1	0	-1	-1	-1	-1	-1	-1	70	0	
78	15	6928	-1	21	幽嚎之牛		146.744705	125.391884	0	300640	10000	-1	-1	1	0	-1	-1	-1	-1	-1	-1	70	0	
79	16	6928	-1	21	幽嚎之牛		187.04631	125.471817	0	300640	10000	-1	-1	1	0	-1	-1	-1	-1	-1	-1	70	0	
80	17	6928	-1	21	幽嚎之牛		190.372635	61.406525	0	300640	10000	-1	-1	1	0	-1	-1	-1	-1	-1	-1	70	0	
81	18	6928	-1	21	幽嚎之牛		187.416473	89.894745	0	300640	10000	-1	-1	1	0	-1	-1	-1	-1	-1	-1	70	0	
82	1	6929	-1	21	幽冰之爪		65.520248	197.772858	0	300640	10000	-1	-1	1	0	-1	-1	-1	-1	-1	-1	75	0	
83	2	6929	-1	21	幽冰之爪		60.952618	164.779053	0	300640	10000	-1	-1	1	0	-1	-1	-1	-1	-1	-1	75	0	
84	3	6929	-1	21	幽冰之爪		70.933235	138.742035	0	300640	10000	-1	-1	1	0	-1	-1	-1	-1	-1	-1	75	0	
85	6	6929	-1	21	幽冰之爪		100.422661	63.602848	0	300640	10000	-1	-1	1	0	-1	-1	-1	-1	-1	-1	75	0	
86	7	6929	-1	21	幽冰之爪		65.683258	87.178864	0	300640	10000	-1	-1	1	0	-1	-1	-1	-1	-1	-1	75	0	
87	8	6929	-1	21	幽冰之爪		94.971466	184.481583	0	300640	10000	-1	-1	1	0	-1	-1	-1	-1	-1	-1	75	0	
88	9	6929	-1	21	幽冰之爪		119.784309	157.366791	0	300640	10000	-1	-1	1	0	-1	-1	-1	-1	-1	-1	75	0	
89	10	6929	-1	21	幽冰之爪		129.305252	89.60556	0	300640	10000	-1	-1	1	0	-1	-1	-1	-1	-1	-1	75	0	
90	11	6929	-1	21	幽冰之爪		155.458817	60.533558	0	300640	10000	-1	-1	1	0	-1	-1	-1	-1	-1	-1	75	0	
91	12	6928	-1	21	幽嚎之牛		195.446732	183.464218	0	300640	10000	-1	-1	1	0	-1	-1	-1	-1	-1	-1	70	0	
92	13	6928	-1	21	幽嚎之牛		150.374557	185.814667	0	300640	10000	-1	-1	1	0	-1	-1	-1	-1	-1	-1	70	0	
93	14	6928	-1	21	幽嚎之牛		147.304581	161.678665	0	300640	10000	-1	-1	1	0	-1	-1	-1	-1	-1	-1	70	0	
94	15	6928	-1	21	幽嚎之牛		148.743652	126.891098	0	300640	10000	-1	-1	1	0	-1	-1	-1	-1	-1	-1	70	0	
95	2	6929	-1	21	幽冰之爪		59.959076	166.723633	0	300640	10000	-1	-1	1	0	-1	-1	-1	-1	-1	-1	75	0	
96	3	6929	-1	21	幽冰之爪		70.185226	139.533112	0	300640	10000	-1	-1	1	0	-1	-1	-1	-1	-1	-1	75	0	
97	6	6929	-1	21	幽冰之爪		100.78688	63.230446	0	300640	10000	-1	-1	1	0	-1	-1	-1	-1	-1	-1	75	0	
98	7	6929	-1	21	幽冰之爪		66.020309	89.003906	0	300640	10000	-1	-1	1	0	-1	-1	-1	-1	-1	-1	75	0	
99	8	6929	-1	21	幽冰之爪		96.027008	185.889252	0	300640	10000	-1	-1	1	0	-1	-1	-1	-1	-1	-1	75	0	
100	9	6929	-1	21	幽冰之爪		120.708984	155.949036	0	300640	10000	-1	-1	1	0	-1	-1	-1	-1	-1	-1	75	0	
101	10	6929	-1	21	幽冰之爪		130.242279	89.932465	0	300640	10000	-1	-1	1	0	-1	-1	-1	-1	-1	-1	75	0	
102	11	6929	-1	21	幽冰之爪		130.807861	89.09449	0	300640	10000	-1	-1	1	0	-1	-1	-1	-1	-1	-1	75	0	
103	12	6928	-1	21	幽嚎之牛		194.487091	184.319321	0	300640	10000	-1	-1	1	0	-1	-1	-1	-1	-1	-1	70	0	
104	13	6928	-1	21	幽嚎之牛		146.849182	185.18515	0	300640	10000	-1	-1	1	0	-1	-1	-1	-1	-1	-1	70	0	
105	14	6928	-1	21	幽嚎之牛		148.397812	163.13353	0	300640	10000	-1	-1	1	0	-1	-1	-1	-1	-1	-1	70	0	
106	15	6928	-1	21	幽嚎之牛		145.578506	126.085617	0	300640	10000	-1	-1	1	0	-1	-1	-1	-1	-1	-1	70	0	
107	22	6929	-1	21	幽冰之爪		156.813171	61.014889	0	300640	10000	-1	-1	1	0	-1	-1	-1	-1	-1	-1	75	0	
108	23	6929	-1	21	幽冰之爪		155.685013	61.734055	0	300640	10000	-1	-1	1	0	-1	-1	-1	-1	-1	-1	75	0	
109	24	6929	-1	21	幽冰之爪		156.813171	61.014889	0	300640	10000	-1	-1	1	0	-1	-1	-1	-1	-1	-1	75	0	
110	25	6929	-1	21	幽冰之爪		156.813171	61.014889	0	300640	10000	-1	-1	1	0	-1	-1	-1	-1	-1	-1	75	0	
111	26	6929	-1	21	幽冰之爪		156.813171	61.014889	0	300640	10000	-1	-1	1	0	-1	-1	-1	-1	-1	-1	75	0	
112	27	6929	-1	21	幽冰之爪		156.813171	61.014889	0	300640	10000	-1	-1	1	0	-1	-1	-1	-1	-1	-1	75	0	
113	28	6929	-1	21	幽冰之爪		156.813171	61.014889	0	300640	10000	-1	-1	1	0	-1	-1	-1	-1	-1	-1	75	0	
114	29	6929	-1	21	幽冰之爪		156.813171	61.014889	0	300640	10000	-1	-1	1	0	-1	-1	-1	-1	-1	-1	75	0	
115	30	6929	-1	21	幽冰之爪		156.813171	61.014889	0	300640	10000	-1	-1	1	0	-1	-1	-1	-1	-1	-1	75	0	
116	31	6929	-1	21	幽冰之爪		156.813171	61.014889	0	300640	10000	-1	-1	1	0	-1	-1	-1	-1	-1	-1	75	0	
117	32	6929	-1	21	幽冰之爪		156.813171	61.014889	0	300640	10000	-1	-1	1	0	-1	-1	-1	-1	-1	-1	75	0	
118	33	6929	-1	21	幽冰之爪		128.237	89.925964	0	300640	10000	-1	-1	1	0	-1	-1	-1	-1	-1	-1	75	0	
119	34	6929	-1	21	幽冰之爪		128.226883	88.770157	0	300640	10000	-1	-1	1	0	-1	-1	-1	-1	-1	-1	75	0	
120	35	6929	-1	21	幽冰之爪		127.99144	89.338211	0	300640	10000	-1	-1	1	0	-1	-1	-1	-1	-1	-1	75	0	
121	36	6929	-1	21	幽冰之爪		127.923378	87.528206	0	300640	10000	-1	-1	1	0	-1	-1	-1	-1	-1	-1	75	0	
122	37	6929	-1	21	幽冰之爪		66.839241	85.679634	0	300640	10000	-1	-1	1	0	-1	-1	-1	-1	-1	-1	75	0	
123	38	6929	-1	21	幽冰之爪		66.839241	85.679634	0	300640	10000	-1	-1	1	0	-1	-1	-1	-1	-1	-1	75	0	
124	39	6929	-1	21	幽冰之爪		66.114265	86.481209	0	300640	10000	-1	-1	1	0	-1	-1	-1	-1	-1	-1	75	0	
125	40	6929	-1	21	幽冰之爪		66.791718	87.563103	0	300640	10000	-1	-1	1	0	-1	-1	-1	-1	-1	-1	75	0	
126	41	6929	-1	21	幽冰之爪		66.371674	88.095306	0	300640	10000	-1	-1	1	0	-1	-1	-1	-1	-1	-1	75	0	
127	42	6929	-1	21	幽冰之爪		98.497643	63.756859	0	300640	10000	-1	-1	1	0	-1	-1	-1	-1	-1	-1	75	0	
128	43	6929	-1	21	幽冰之爪		98.497643	63.756859	0	300640	10000	-1	-1	1	0	-1	-1	-1	-1	-1	-1	75	0	
129	44	6929	-1	21	幽冰之爪		98.497643	63.756859	0	300640	10000	-1	-1	1	0	-1	-1	-1	-1	-1	-1	75	0	
130	45	6929	-1	21	幽冰之爪		67.059662	86.853973	0	300640	10000	-1	-1	1	0	-1	-1	-1	-1	-1	-1	75	0	
131	46	6929	-1	21	幽冰之爪		67.059662	86.853973	0	300640	10000	-1	-1	1	0	-1	-1	-1	-1	-1	-1	75	0	
132	47	6929	-1	21	幽冰之爪		67.059662	86.853973	0	300640	10000	-1	-1	1	0	-1	-1	-1	-1	-1	-1	75	0	
133	48	6929	-1	21	幽冰之爪		102.041824	84.893951	0	300640	10000	-1	-1	1	0	-1	-1	-1	-1	-1	-1	75	0	
134	49	6929	-1	21	幽冰之爪		101.745888	85.504143	0	300640	10000	-1	-1	1	0	-1	-1	-1	-1	-1	-1	75	0	
135	50	6929	-1	21	幽冰之爪		101.679619	86.408043	0	300640	10000	-1	-1	1	0	-1	-1	-1	-1	-1	-1	75	0	
136	51	6929	-1	21	幽冰之爪		103.907219	85.765625	0	300640	10000	-1	-1	1	0	-1	-1	-1	-1	-1	-1	75	0	
137	52	6929	-1	21	幽冰之爪		104.84687	86.636421	0	300640	10000	-1	-1	1	0	-1	-1	-1	-1	-1	-1	75	0	
138	53	6929	-1	21	幽冰之爪		103.077301	86.118713	0	300640	10000	-1	-1	1	0	-1	-1	-1	-1	-1	-1	75	0	
139	54	6929	-1	21	幽冰之爪		102.920731	87.565804	0	300640	10000	-1	-1	1	0	-1	-1	-1	-1	-1	-1	75	0	
140	55	6929	-1	21	幽冰之爪		103.858742	87.538277	0	300640	10000	-1	-1	1	0	-1	-1	-1	-1	-1	-1	75	0	
141	56	6929	-1	21	幽冰之爪		102.419777	87.428711	0	300640	10000	-1	-1	1	0	-1	-1	-1	-1	-1	-1	75	0	
142	57	6929	-1	21	幽冰之爪		104.627815	86.955002	0	300640	10000	-1	-1	1	0	-1	-1	-1	-1	-1	-1	75	0	
143	58	6929	-1	21	幽冰之爪		103.719284	86.225754	0	300640	10000	-1	-1	1	0	-1	-1	-1	-1	-1	-1	75	0	
144	59	6929	-1	21	幽冰之爪		103.240021	85.636253	0	300640	10000	-1	-1	1	0	-1	-1	-1	-1	-1	-1	75	0	
145	60	6929	-1	21	幽冰之爪		99.595673	63.865318	0	300640	10000	-1	-1	1	0	-1	-1	-1	-1	-1	-1	75	0	
146	61	6929	-1	21	幽冰之爪		98.891479	62.939598	0	300640	10000	-1	-1	1	0	-1	-1	-1	-1	-1	-1	75	0	
147	62	6929	-1	21	幽冰之爪		100.294518	61.738823	0	300640	10000	-1	-1	1	0	-1	-1	-1	-1	-1	-1	75	0	
148	63	6929	-1	21	幽冰之爪		99.277336	61.41898	0	300640	10000	-1	-1	1	0	-1	-1	-1	-1	-1	-1	75	0	
149	64	6929	-1	21	幽冰之爪		99.521065	62.468597	0	300640	10000	-1	-1	1	0	-1	-1	-1	-1	-1	-1	75	0	
150	65	6929	-1	21	幽冰之爪		67.230637	62.381615	0	300640	10000	-1	-1	1	0	-1	-1	-1	-1	-1	-1	75	0	
151	66	6929	-1	21	幽冰之爪		65.47979	60.962658	0	300640	10000	-1	-1	1	0	-1	-1	-1	-1	-1	-1	75	0	
152	67	6929	-1	21	幽冰之爪		65.914352	60.876022	0	300640	10000	-1	-1	1	0	-1	-1	-1	-1	-1	-1	75	0	
153	68	6929	-1	21	幽冰之爪		66.499626	61.191528	0	300640	10000	-1	-1	1	0	-1	-1	-1	-1	-1	-1	75	0	
154	69	6929	-1	21	幽冰之爪		65.347694	62.358677	0	300640	10000	-1	-1	1	0	-1	-1	-1	-1	-1	-1	75	0	
155	70	6929	-1	21	幽冰之爪		65.292175	61.478729	0	300640	10000	-1	-1	1	0	-1	-1	-1	-1	-1	-1	75	0	
156	71	6929	-1	21	幽冰之爪		66.582634	62.039051	0	300640	10000	-1	-1	1	0	-1	-1	-1	-1	-1	-1	75	0	
157	72	6929	-1	21	幽冰之爪		66.072624	61.909512	0	300640	10000	-1	-1	1	0	-1	-1	-1	-1	-1	-1	75	0	
158	73	6929	-1	21	幽冰之爪		159.145172	88.19352	0	300640	10000	-1	-1	1	0	-1	-1	-1	-1	-1	-1	75	0	
159	74	6929	-1	21	幽冰之爪		158.809097	90.71936	0	300640	10000	-1	-1	1	0	-1	-1	-1	-1	-1	-1	75	0	
160	75	6929	-1	21	幽冰之爪		158.315735	89.01226	0	300640	10000	-1	-1	1	0	-1	-1	-1	-1	-1	-1	75	0	
161	76	6929	-1	21	幽冰之爪		158.671585	91.924477	0	300640	10000	-1	-1	1	0	-1	-1	-1	-1	-1	-1	75	0	
162	77	6929	-1	21	幽冰之爪		157.837509	89.562515	0	300640	10000	-1	-1	1	0	-1	-1	-1	-1	-1	-1	75	0	
163	78	6929	-1	21	幽冰之爪		157.609528	89.890396	0	300640	10000	-1	-1	1	0	-1	-1	-1	-1	-1	-1	75	0	
164	79	6929	-1	21	幽冰之爪		158.017105	88.508606	0	300640	10000	-1	-1	1	0	-1	-1	-1	-1	-1	-1	75	0	
165	80	6929	-1	21	幽冰之爪		158.976379	88.254944	0	300640	10000	-1	-1	1	0	-1	-1	-1	-1	-1	-1	75	0	
166	81	6929	-1	21	幽冰之爪		131.014252	57.092896	0	300640	10000	-1	-1	1	0	-1	-1	-1	-1	-1	-1	75	0	
167	82	6929	-1	21	幽冰之爪		131.384811	57.544468	0	300640	10000	-1	-1	1	0	-1	-1	-1	-1	-1	-1	75	0	
168	83	6929	-1	21	幽冰之爪		131.852997	58.819756	0	300640	10000	-1	-1	1	0	-1	-1	-1	-1	-1	-1	75	0	
169	84	6929	-1	21	幽冰之爪		130.020294	57.116085	0	300640	10000	-1	-1	1	0	-1	-1	-1	-1	-1	-1	75	0	
170	85	6929	-1	21	幽冰之爪		129.550522	59.617016	0	300640	10000	-1	-1	1	0	-1	-1	-1	-1	-1	-1	75	0	
171	86	6929	-1	21	幽冰之爪		129.52478	57.946579	0	300640	10000	-1	-1	1	0	-1	-1	-1	-1	-1	-1	75	0	
172	87	6929	-1	21	幽冰之爪		130.963486	59.39249	0	300640	10000	-1	-1	1	0	-1	-1	-1	-1	-1	-1	75	0	
173	88	6929	-1	21	幽冰之爪		130.642822	58.812096	0	300640	10000	-1	-1	1	0	-1	-1	-1	-1	-1	-1	75	0	
174	89	6929	-1	21	幽冰之爪		158.652985	58.909252	0	300640	10000	-1	-1	1	0	-1	-1	-1	-1	-1	-1	75	0	
175	90	6929	-1	21	幽冰之爪		157.569809	63.262802	0	300640	10000	-1	-1	1	0	-1	-1	-1	-1	-1	-1	75	0	
176	91	6929	-1	21	幽冰之爪		157.569809	63.262802	0	300640	10000	-1	-1	1	0	-1	-1	-1	-1	-1	-1	75	0	
177	92	6928	-1	21	幽嚎之牛		189.813278	63.725529	0	300640	10000	-1	-1	1	0	-1	-1	-1	-1	-1	-1	70	0	
178	93	6928	-1	21	幽嚎之牛		186.196045	62.58535	0	300640	10000	-1	-1	1	0	-1	-1	-1	-1	-1	-1	70	0	
179	94	6928	-1	21	幽嚎之牛		188.375824	60.770031	0	300640	10000	-1	-1	1	0	-1	-1	-1	-1	-1	-1	70	0	
180	95	6928	-1	21	幽嚎之牛		187.107666	61.507465	0	300640	10000	-1	-1	1	0	-1	-1	-1	-1	-1	-1	70	0	
181	96	6928	-1	21	幽嚎之牛		187.88475	64.140091	0	300640	10000	-1	-1	1	0	-1	-1	-1	-1	-1	-1	70	0	
182	97	6928	-1	21	幽嚎之牛		186.337021	63.375942	0	300640	10000	-1	-1	1	0	-1	-1	-1	-1	-1	-1	70	0	
183	98	6928	-1	21	幽嚎之牛		187.592606	63.144268	0	300640	10000	-1	-1	1	0	-1	-1	-1	-1	-1	-1	70	0	
184	99	6928	-1	21	幽嚎之牛		189.290375	60.872623	0	300640	10000	-1	-1	1	0	-1	-1	-1	-1	-1	-1	70	0	
185	100	6928	-1	21	幽嚎之牛		188.56076	62.509258	0	300640	10000	-1	-1	1	0	-1	-1	-1	-1	-1	-1	70	0	
186	101	6928	-1	21	幽嚎之牛		188.56076	62.509258	0	300640	10000	-1	-1	1	0	-1	-1	-1	-1	-1	-1	70	0	
187	102	6928	-1	21	幽嚎之牛		187.610977	90.743179	0	300640	10000	-1	-1	1	0	-1	-1	-1	-1	-1	-1	70	0	
188	103	6928	-1	21	幽嚎之牛		187.195251	91.534721	0	300640	10000	-1	-1	1	0	-1	-1	-1	-1	-1	-1	70	0	
189	104	6928	-1	21	幽嚎之牛		187.145584	91.434753	0	300640	10000	-1	-1	1	0	-1	-1	-1	-1	-1	-1	70	0	
190	105	6928	-1	21	幽嚎之牛		183.547455	90.754639	0	300640	10000	-1	-1	1	0	-1	-1	-1	-1	-1	-1	70	0	
191	106	6928	-1	21	幽嚎之牛		183.683273	91.933685	0	300640	10000	-1	-1	1	0	-1	-1	-1	-1	-1	-1	70	0	
192	107	6928	-1	21	幽嚎之牛		184.323578	92.286888	0	300640	10000	-1	-1	1	0	-1	-1	-1	-1	-1	-1	70	0	
193	108	6928	-1	21	幽嚎之牛		183.887161	91.347069	0	300640	10000	-1	-1	1	0	-1	-1	-1	-1	-1	-1	70	0	
194	109	6928	-1	21	幽嚎之牛		185.501526	89.4888	0	300640	10000	-1	-1	1	0	-1	-1	-1	-1	-1	-1	70	0	
195	110	6928	-1	21	幽嚎之牛		185.340698	90.524834	0	300640	10000	-1	-1	1	0	-1	-1	-1	-1	-1	-1	70	0	
196	111	6928	-1	21	幽嚎之牛		185.340698	90.524834	0	300640	10000	-1	-1	1	0	-1	-1	-1	-1	-1	-1	70	0	
197	112	6928	-1	21	幽嚎之牛		188.023712	124.920074	0	300640	10000	-1	-1	1	0	-1	-1	-1	-1	-1	-1	70	0	
198	113	6928	-1	21	幽嚎之牛		186.182541	125.088966	0	300640	10000	-1	-1	1	0	-1	-1	-1	-1	-1	-1	70	0	
199	114	6928	-1	21	幽嚎之牛		191.200027	123.429138	0	300640	10000	-1	-1	1	0	-1	-1	-1	-1	-1	-1	70	0	
200	115	6928	-1	21	幽嚎之牛		189.73793	125.361641	0	300640	10000	-1	-1	1	0	-1	-1	-1	-1	-1	-1	70	0	
201	116	6928	-1	21	幽嚎之牛		187.913879	126.091927	0	300640	10000	-1	-1	1	0	-1	-1	-1	-1	-1	-1	70	0	
202	117	6928	-1	21	幽嚎之牛		189.760178	123.235161	0	300640	10000	-1	-1	1	0	-1	-1	-1	-1	-1	-1	70	0	
203	118	6928	-1	21	幽嚎之牛		188.225388	124.311348	0	300640	10000	-1	-1	1	0	-1	-1	-1	-1	-1	-1	70	0	
204	119	6928	-1	21	幽嚎之牛		186.682556	123.366982	0	300640	10000	-1	-1	1	0	-1	-1	-1	-1	-1	-1	70	0	
205	120	6928	-1	21	幽嚎之牛		186.682556	123.366982	0	300640	10000	-1	-1	1	0	-1	-1	-1	-1	-1	-1	70	0	
206	121	6928	-1	21	幽嚎之牛		148.823929	188.874878	0	300640	10000	-1	-1	1	0	-1	-1	-1	-1	-1	-1	70	0	
207	122	6928	-1	21	幽嚎之牛		147.116287	189.333023	0	300640	10000	-1	-1	1	0	-1	-1	-1	-1	-1	-1	70	0	
208	123	6928	-1	21	幽嚎之牛		149.376434	187.006485	0	300640	10000	-1	-1	1	0	-1	-1	-1	-1	-1	-1	70	0	
209	124	6928	-1	21	幽嚎之牛		148.012482	187.557205	0	300640	10000	-1	-1	1	0	-1	-1	-1	-1	-1	-1	70	0	
210	125	6928	-1	21	幽嚎之牛		196.514038	183.825851	0	300640	10000	-1	-1	1	0	-1	-1	-1	-1	-1	-1	70	0	
211	126	6928	-1	21	幽嚎之牛		196.249512	184.336288	0	300640	10000	-1	-1	1	0	-1	-1	-1	-1	-1	-1	70	0	
212	127	6928	-1	21	幽嚎之牛		192.126938	184.336609	0	300640	10000	-1	-1	1	0	-1	-1	-1	-1	-1	-1	70	0	
213	128	6928	-1	21	幽嚎之牛		194.696487	182.479279	0	300640	10000	-1	-1	1	0	-1	-1	-1	-1	-1	-1	70	0	
214	129	6928	-1	21	幽嚎之牛		193.255722	182.74205	0	300640	10000	-1	-1	1	0	-1	-1	-1	-1	-1	-1	70	0	
215	130	6928	-1	21	幽嚎之牛		194.48938	183.099579	0	300640	10000	-1	-1	1	0	-1	-1	-1	-1	-1	-1	70	0	
216	131	6928	-1	21	幽嚎之牛		195.634186	158.623077	0	300640	10000	-1	-1	1	0	-1	-1	-1	-1	-1	-1	70	0	
217	132	6928	-1	21	幽嚎之牛		195.248627	158.48259	0	300640	10000	-1	-1	1	0	-1	-1	-1	-1	-1	-1	70	0	
218	133	6928	-1	21	幽嚎之牛		194.032166	158.131256	0	300640	10000	-1	-1	1	0	-1	-1	-1	-1	-1	-1	70	0	
219	134	6928	-1	21	幽嚎之牛		193.648422	158.14151	0	300640	10000	-1	-1	1	0	-1	-1	-1	-1	-1	-1	70	0	
220	135	6928	-1	21	幽嚎之牛		191.647598	158.558319	0	300640	10000	-1	-1	1	0	-1	-1	-1	-1	-1	-1	70	0	
221	136	6928	-1	21	幽嚎之牛		193.093079	158.569336	0	300640	10000	-1	-1	1	0	-1	-1	-1	-1	-1	-1	70	0	
222	137	6928	-1	21	幽嚎之牛		194.31546	158.525742	0	300640	10000	-1	-1	1	0	-1	-1	-1	-1	-1	-1	70	0	
223	138	6928	-1	21	幽嚎之牛		191.910126	157.431412	0	300640	10000	-1	-1	1	0	-1	-1	-1	-1	-1	-1	70	0	
224	139	6928	-1	21	幽嚎之牛		195.022247	158.21402	0	300640	10000	-1	-1	1	0	-1	-1	-1	-1	-1	-1	70	0	
225	140	6928	-1	21	幽嚎之牛		193.554672	157.081268	0	300640	10000	-1	-1	1	0	-1	-1	-1	-1	-1	-1	70	0	
226	141	6928	-1	21	幽嚎之牛		193.554672	157.081268	0	300640	10000	-1	-1	1	0	-1	-1	-1	-1	-1	-1	70	0	
227	142	6928	-1	21	幽嚎之牛		145.112015	124.593826	0	300640	10000	-1	-1	1	0	-1	-1	-1	-1	-1	-1	70	0	
228	143	6928	-1	21	幽嚎之牛		149.472183	125.891396	0	300640	10000	-1	-1	1	0	-1	-1	-1	-1	-1	-1	70	0	
229	144	6928	-1	21	幽嚎之牛		149.472183	125.891396	0	300640	10000	-1	-1	1	0	-1	-1	-1	-1	-1	-1	70	0	
230	145	6929	-1	21	幽冰之爪		94.707321	121.360245	0	300640	10000	-1	-1	1	0	-1	-1	-1	-1	-1	-1	75	0	
231	146	6929	-1	21	幽冰之爪		96.327461	122.955551	0	300640	10000	-1	-1	1	0	-1	-1	-1	-1	-1	-1	75	0	
232	147	6929	-1	21	幽冰之爪		94.935913	122.990334	0	300640	10000	-1	-1	1	0	-1	-1	-1	-1	-1	-1	75	0	
233	148	6929	-1	21	幽冰之爪		96.027534	123.147881	0	300640	10000	-1	-1	1	0	-1	-1	-1	-1	-1	-1	75	0	
234	149	6929	-1	21	幽冰之爪		93.598465	122.214615	0	300640	10000	-1	-1	1	0	-1	-1	-1	-1	-1	-1	75	0	
235	150	6929	-1	21	幽冰之爪		97.320404	120.534782	0	300640	10000	-1	-1	1	0	-1	-1	-1	-1	-1	-1	75	0	
236	151	6929	-1	21	幽冰之爪		95.950439	120.319748	0	300640	10000	-1	-1	1	0	-1	-1	-1	-1	-1	-1	75	0	
237	152	6929	-1	21	幽冰之爪		95.838455	122.037186	0	300640	10000	-1	-1	1	0	-1	-1	-1	-1	-1	-1	75	0	
238	153	6929	-1	21	幽冰之爪		97.584038	122.152275	0	300640	10000	-1	-1	1	0	-1	-1	-1	-1	-1	-1	75	0	
239	154	6929	-1	21	幽冰之爪		97.584038	122.152275	0	300640	10000	-1	-1	1	0	-1	-1	-1	-1	-1	-1	75	0	
240	155	6929	-1	21	幽冰之爪		64.23246	120.145958	0	300640	10000	-1	-1	1	0	-1	-1	-1	-1	-1	-1	75	0	
241	156	6929	-1	21	幽冰之爪		63.201859	120.136185	0	300640	10000	-1	-1	1	0	-1	-1	-1	-1	-1	-1	75	0	
242	157	6929	-1	21	幽冰之爪		63.860142	120.668846	0	300640	10000	-1	-1	1	0	-1	-1	-1	-1	-1	-1	75	0	
243	158	6929	-1	21	幽冰之爪		63.430614	121.328224	0	300640	10000	-1	-1	1	0	-1	-1	-1	-1	-1	-1	75	0	
244	159	6929	-1	21	幽冰之爪		64.255585	121.327293	0	300640	10000	-1	-1	1	0	-1	-1	-1	-1	-1	-1	75	0	
245	160	6929	-1	21	幽冰之爪		63.337349	121.327293	0	300640	10000	-1	-1	1	0	-1	-1	-1	-1	-1	-1	75	0	
246	161	6929	-1	21	幽冰之爪		63.515316	120.690689	0	300640	10000	-1	-1	1	0	-1	-1	-1	-1	-1	-1	75	0	
247	162	6929	-1	21	幽冰之爪		63.892723	121.356445	0	300640	10000	-1	-1	1	0	-1	-1	-1	-1	-1	-1	75	0	
248	163	6929	-1	21	幽冰之爪		60.034958	165.608383	0	300640	10000	-1	-1	1	0	-1	-1	-1	-1	-1	-1	75	0	
249	164	6929	-1	21	幽冰之爪		59.91011	166.852112	0	300640	10000	-1	-1	1	0	-1	-1	-1	-1	-1	-1	75	0	
250	165	6929	-1	21	幽冰之爪		61.006954	166.199188	0	300640	10000	-1	-1	1	0	-1	-1	-1	-1	-1	-1	75	0	
251	166	6929	-1	21	幽冰之爪		61.095234	166.678558	0	300640	10000	-1	-1	1	0	-1	-1	-1	-1	-1	-1	75	0	
252	167	6929	-1	21	幽冰之爪		70.185226	139.533112	0	300640	10000	-1	-1	1	0	-1	-1	-1	-1	-1	-1	75	0	
253	168	6929	-1	21	幽冰之爪		70.185226	139.533112	0	300640	10000	-1	-1	1	0	-1	-1	-1	-1	-1	-1	75	0	
254	169	6929	-1	21	幽冰之爪		70.185226	139.533112	0	300640	10000	-1	-1	1	0	-1	-1	-1	-1	-1	-1	75	0	
255	170	6929	-1	21	幽冰之爪		70.185226	139.533112	0	300640	10000	-1	-1	1	0	-1	-1	-1	-1	-1	-1	75	0	
256	171	6929	-1	21	幽冰之爪		64.92794	198.210663	0	300640	10000	-1	-1	1	0	-1	-1	-1	-1	-1	-1	75	0	
257	172	6929	-1	21	幽冰之爪		63.716713	198.048676	0	300640	10000	-1	-1	1	0	-1	-1	-1	-1	-1	-1	75	0	
258	173	6929	-1	21	幽冰之爪		62.989655	196.852295	0	300640	10000	-1	-1	1	0	-1	-1	-1	-1	-1	-1	75	0	
259	174	6929	-1	21	幽冰之爪		63.519772	194.843765	0	300640	10000	-1	-1	1	0	-1	-1	-1	-1	-1	-1	75	0	
260	175	6929	-1	21	幽冰之爪		65.230736	197.286667	0	300640	10000	-1	-1	1	0	-1	-1	-1	-1	-1	-1	75	0	
261	176	6929	-1	21	幽冰之爪		63.83791	196.675888	0	300640	10000	-1	-1	1	0	-1	-1	-1	-1	-1	-1	75	0	
262	177	6929	-1	21	幽冰之爪		64.922897	194.822662	0	300640	10000	-1	-1	1	0	-1	-1	-1	-1	-1	-1	75	0	
263	178	6929	-1	21	幽冰之爪		66.161949	196.29332	0	300640	10000	-1	-1	1	0	-1	-1	-1	-1	-1	-1	75	0	
264	179	6929	-1	21	幽冰之爪		65.6194	195.280106	0	300640	10000	-1	-1	1	0	-1	-1	-1	-1	-1	-1	75	0	
265	180	6929	-1	21	幽冰之爪		63.882359	195.707336	0	300640	10000	-1	-1	1	0	-1	-1	-1	-1	-1	-1	75	0	
266	181	6929	-1	21	幽冰之爪		64.799217	196.202972	0	300640	10000	-1	-1	1	0	-1	-1	-1	-1	-1	-1	75	0	
267	182	6929	-1	21	幽冰之爪		120.230934	156.614319	0	300640	10000	-1	-1	1	0	-1	-1	-1	-1	-1	-1	75	0	
268	183	6929	-1	21	幽冰之爪		121.317184	157.959366	0	300640	10000	-1	-1	1	0	-1	-1	-1	-1	-1	-1	75	0	
269	184	6929	-1	21	幽冰之爪		121.811882	156.625793	0	300640	10000	-1	-1	1	0	-1	-1	-1	-1	-1	-1	75	0	
270	185	6929	-1	21	幽冰之爪		120.772125	157.550171	0	300640	10000	-1	-1	1	0	-1	-1	-1	-1	-1	-1	75	0	
271	186	6929	-1	21	幽冰之爪		121.133652	157.149185	0	300640	10000	-1	-1	1	0	-1	-1	-1	-1	-1	-1	75	0	
272	187	6929	-1	21	幽冰之爪		121.889061	184.61409	0	300640	10000	-1	-1	1	0	-1	-1	-1	-1	-1	-1	75	0	
273	188	6929	-1	21	幽冰之爪		121.345474	184.116714	0	300640	10000	-1	-1	1	0	-1	-1	-1	-1	-1	-1	75	0	
274	189	6929	-1	21	幽冰之爪		121.444374	185.598099	0	300640	10000	-1	-1	1	0	-1	-1	-1	-1	-1	-1	75	0	
275	190	6929	-1	21	幽冰之爪		120.290405	185.482071	0	300640	10000	-1	-1	1	0	-1	-1	-1	-1	-1	-1	75	0	
276	191	6929	-1	21	幽冰之爪		120.049088	184.865753	0	300640	10000	-1	-1	1	0	-1	-1	-1	-1	-1	-1	75	0	
277	192	6929	-1	21	幽冰之爪		119.832077	183.682465	0	300640	10000	-1	-1	1	0	-1	-1	-1	-1	-1	-1	75	0	
278	193	6929	-1	21	幽冰之爪		120.968559	185.330627	0	300640	10000	-1	-1	1	0	-1	-1	-1	-1	-1	-1	75	0	
279	194	6929	-1	21	幽冰之爪		120.675461	184.670975	0	300640	10000	-1	-1	1	0	-1	-1	-1	-1	-1	-1	75	0	
280	195	6929	-1	21	幽冰之爪		120.675461	184.670975	0	300640	10000	-1	-1	1	0	-1	-1	-1	-1	-1	-1	75	0	
281	196	6929	-1	21	幽冰之爪		120.675461	184.670975	0	300640	10000	-1	-1	1	0	-1	-1	-1	-1	-1	-1	75	0	
282	197	6929	-1	21	幽冰之爪		96.027008	185.889252	0	300640	10000	-1	-1	1	0	-1	-1	-1	-1	-1	-1	75	0	
283	198	6929	-1	21	幽冰之爪		96.027008	185.889252	0	300640	10000	-1	-1	1	0	-1	-1	-1	-1	-1	-1	75	0	
284	199	6929	-1	21	幽冰之爪		96.027008	185.889252	0	300640	10000	-1	-1	1	0	-1	-1	-1	-1	-1	-1	75	0	
285	200	6929	-1	21	幽冰之爪		96.027008	185.889252	0	300640	10000	-1	-1	1	0	-1	-1	-1	-1	-1	-1	75	0	
286	201	6929	-1	21	幽冰之爪		96.418243	154.387039	0	300640	10000	-1	-1	1	0	-1	-1	-1	-1	-1	-1	75	0	
287	202	6929	-1	21	幽冰之爪		96.284233	155.341492	0	300640	10000	-1	-1	1	0	-1	-1	-1	-1	-1	-1	75	0	
288	203	6929	-1	21	幽冰之爪		96.102974	154.015167	0	300640	10000	-1	-1	1	0	-1	-1	-1	-1	-1	-1	75	0	
289	204	6929	-1	21	幽冰之爪		95.485672	155.976852	0	300640	10000	-1	-1	1	0	-1	-1	-1	-1	-1	-1	75	0	
290	205	6929	-1	21	幽冰之爪		94.832191	156.057495	0	300640	10000	-1	-1	1	0	-1	-1	-1	-1	-1	-1	75	0	
291	206	6929	-1	21	幽冰之爪		95.145653	153.585464	0	300640	10000	-1	-1	1	0	-1	-1	-1	-1	-1	-1	75	0	
292	207	6929	-1	21	幽冰之爪		95.02195	154.936584	0	300640	10000	-1	-1	1	0	-1	-1	-1	-1	-1	-1	75	0	
293	208	6929	-1	21	幽冰之爪		93.892189	154.639359	0	300640	10000	-1	-1	1	0	-1	-1	-1	-1	-1	-1	75	0	
294	209	6929	-1	21	幽冰之爪		94.414948	154.146057	0	300640	10000	-1	-1	1	0	-1	-1	-1	-1	-1	-1	75	0	
295	210	6929	-1	21	幽冰之爪		95.574318	154.769379	0	300640	10000	-1	-1	1	0	-1	-1	-1	-1	-1	-1	75	0	
296	211	6929	-1	21	幽冰之爪		95.02195	154.936584	0	300640	10000	-1	-1	1	0	-1	-1	-1	-1	-1	-1	75	0	
297	212	6929	-1	21	幽冰之爪		95.02195	154.936584	0	300640	10000	-1	-1	1	0	-1	-1	-1	-1	-1	-1	75	0	
298	213	6929	-1	21	幽冰之爪		159.171829	62.135899	0	300640	10000	-1	-1	1	0	-1	-1	-1	-1	-1	-1	75	0	
299	214	6929	-1	21	幽冰之爪		156.77359	62.210392	0	300640	10000	-1	-1	1	0	-1	-1	-1	-1	-1	-1	75	0	
300	215	6929	-1	21	幽冰之爪		156.77359	62.210392	0	300640	10000	-1	-1	1	0	-1	-1	-1	-1	-1	-1	75	0	
301	216	6929	-1	21	幽冰之爪		128.963364	88.080727	0	300640	10000	-1	-1	1	0	-1	-1	-1	-1	-1	-1	75	0	
302	217	6929	-1	21	幽冰之爪		128.963364	88.080727	0	300640	10000	-1	-1	1	0	-1	-1	-1	-1	-1	-1	75	0	
303	7191855	3870	400070	20			93	152	32	0	2000	-1	-1	5	0	0	-1	-1	-1	-1	-1	70	0	
304	7191857	3871	400071	20			143	158	32	0	2000	-1	-1	5	0	1	-1	-1	-1	-1	-1	70	0	
305	7191859	3872	400072	20			58	56	32	0	2000	-1	-1	5	0	2	-1	-1	-1	-1	-1	75	0	
306	7191860	3873	400073	20			126.544495	58.154537	32	0	2000	-1	-1	5	0	3	-1	-1	-1	-1	-1	75	0	
307	7191861	1320	101512	-1	前往撒马尔罕和大都	王国迷宫传送	142	72	27	0	10000	-1	-1	3	0	-1	-1	-1	-1	-1	-1	60	0	
308	7336799	4295	101662	-1	组队指引人		209	50	27	-1	1000	-1	-1	3	0	-1	-1	-1	-1	-1	-1	100	0	
309	7336799	2601	101162	-1	迷宫五层	迷宫传送人	198	51	27	-1	1000	-1	-1	3	0	-1	-1	-1	-1	-1	-1	100	0	
