NUM	NUM	NUM	NUM	NUM	TEXT	TEXT	FLOAT	FLOAT	NUM	NUM	NUM	NUM	NUM	NUM	NUM	NUM	NUM	NUM	NUM	NUM	NUM	NUM	NUM	NUM
乞多（index）	guid	type	obj_id	camp_id	name	title	pos_x	pos_z	dir	script_id	respawn_time	group_id	team_id	base_ai	ai_file	patrol_id	shop0	shop1	shop2	shop3	ReputationID	level	sceneid	groupid，렀鍋0-63
0	1	18204	-1	21		침엌빱랬	102	129	0	0	3600000	-1	-1	-1	-1	0	-1	-1	-1	-1	-1	-1	3	0
1	2	18101	-1	21		침엌蓆쭈	30	104	0	-1	18000000	-1	-1	-1	-1	0	-1	-1	-1	-1	-1	-1	5	0
2	3	18103	-1	21		침엌蓆쭈	206	211	0	-1	18000000	-1	-1	-1	-1	0	-1	-1	-1	-1	-1	-1	7	0
3	4	18105	-1	21		침엌蓆쭈	45	63	0	-1	18000000	-1	-1	-1	-1	0	-1	-1	-1	-1	-1	-1	9	0
4	5	18106	-1	21		침엌蓆쭈	43	202	0	-1	18000000	-1	-1	-1	-1	0	-1	-1	-1	-1	-1	-1	13	0
5	6	18107	-1	21	 	침엌蓆쭈	198	92	0	-1	18000000	-1	-1	-1	-1	0	-1	-1	-1	-1	-1	-1	18	0
6	7	18108	-1	21		침엌蓆쭈	228	130	0	-1	18000000	-1	-1	-1	-1	0	-1	-1	-1	-1	-1	-1	21	0
7	8	18109	-1	21		침엌蓆쭈	40	36	0	-1	18000000	-1	-1	-1	-1	10	-1	-1	-1	-1	-1	-1	24	0
8	9	18104	-1	21		침엌蓆쭈	105	199	0	-1	18000000	-1	-1	-1	-1	-1	-1	-1	-1	-1	-1	-1	51	0
9	10	18100	-1	21		침엌蓆쭈	241	310	0	-1	18000000	-1	-1	-1	-1	11	-1	-1	-1	-1	-1	-1	50	0
10	11	18300	-1	21		拈캥裂珙	326	221	0	0	3600000	-1	-1	-1	-1	-1	-1	-1	-1	-1	-1	-1	51	1
11	12	18204	-1	21		침엌빱랬	416	86	0	0	3600000	-1	-1	-1	-1	-1	-1	-1	-1	-1	-1	-1	51	2
12	13	18102	-1	21		침엌蓆쭈	351	409	0	-1	18000000	-1	-1	-1	-1	10	-1	-1	-1	-1	-1	-1	50	1
13	14	18000	-1	21			129	92	0	0	10800000	-1	-1	-1	-1	-1	-1	-1	-1	-1	-1	-1	98	0
14	15	18003	-1	21			155	143	0	0	10800000	-1	-1	-1	-1	-1	-1	-1	-1	-1	-1	-1	99	0
15	16	18006	-1	21			136	138	0	0	10800000	-1	-1	-1	-1	-1	-1	-1	-1	-1	-1	-1	100	0
16	17	18009	-1	21			122	124	0	0	10800000	-1	-1	-1	-1	-1	-1	-1	-1	-1	-1	-1	101	0
17	18	18012	-1	21			136	113	0	0	10800000	-1	-1	-1	-1	-1	-1	-1	-1	-1	-1	-1	102	0
18	19	18015	-1	21			118	123	0	0	10800000	-1	-1	-1	-1	-1	-1	-1	-1	-1	-1	-1	103	0
19	20	18001	-1	21			71	163	0	-1	10800000	-1	-1	-1	-1	-1	-1	-1	-1	-1	-1	-1	104	0
20	21	18002	-1	21			71	163	0	-1	10800000	-1	-1	-1	-1	-1	-1	-1	-1	-1	-1	-1	104	0
21	22	18001	-1	21			205	139	0	-1	10800000	-1	-1	-1	-1	-1	-1	-1	-1	-1	-1	-1	104	0
22	23	18002	-1	21			205	139	0	-1	10800000	-1	-1	-1	-1	-1	-1	-1	-1	-1	-1	-1	104	0
23	24	18004	-1	21			149	162	0	-1	10800000	-1	-1	-1	-1	-1	-1	-1	-1	-1	-1	-1	105	0
24	25	18005	-1	21			149	162	0	-1	10800000	-1	-1	-1	-1	-1	-1	-1	-1	-1	-1	-1	105	0
25	26	18004	-1	21			40	161	0	-1	10800000	-1	-1	-1	-1	-1	-1	-1	-1	-1	-1	-1	105	0
26	27	18005	-1	21			40	161	0	-1	10800000	-1	-1	-1	-1	-1	-1	-1	-1	-1	-1	-1	105	0
27	28	18007	-1	21			143	157	0	-1	10800000	-1	-1	-1	-1	-1	-1	-1	-1	-1	-1	-1	106	0
28	29	18008	-1	21			143	157	0	-1	10800000	-1	-1	-1	-1	-1	-1	-1	-1	-1	-1	-1	106	0
29	30	18007	-1	21			63	95	0	-1	10800000	-1	-1	-1	-1	-1	-1	-1	-1	-1	-1	-1	106	0
30	31	18008	-1	21			63	95	0	-1	10800000	-1	-1	-1	-1	-1	-1	-1	-1	-1	-1	-1	106	0
31	32	18010	-1	21			197	156	0	-1	10800000	-1	-1	-1	-1	-1	-1	-1	-1	-1	-1	-1	107	0
32	33	18011	-1	21			197	156	0	-1	10800000	-1	-1	-1	-1	-1	-1	-1	-1	-1	-1	-1	107	0
33	34	18010	-1	21			61	97	0	-1	10800000	-1	-1	-1	-1	-1	-1	-1	-1	-1	-1	-1	107	0
34	35	18011	-1	21			61	97	0	-1	10800000	-1	-1	-1	-1	-1	-1	-1	-1	-1	-1	-1	107	0
35	36	18013	-1	21			147	132	0	-1	10800000	-1	-1	-1	-1	-1	-1	-1	-1	-1	-1	-1	108	0
36	37	18014	-1	21			147	132	0	-1	10800000	-1	-1	-1	-1	-1	-1	-1	-1	-1	-1	-1	108	0
37	38	18013	-1	21			175	90	0	-1	10800000	-1	-1	-1	-1	-1	-1	-1	-1	-1	-1	-1	108	0
38	39	18014	-1	21			175	90	0	-1	10800000	-1	-1	-1	-1	-1	-1	-1	-1	-1	-1	-1	108	0
39	40	18016	-1	21			168	150	0	-1	10800000	-1	-1	-1	-1	-1	-1	-1	-1	-1	-1	-1	109	0
40	41	18017	-1	21			168	150	0	-1	10800000	-1	-1	-1	-1	-1	-1	-1	-1	-1	-1	-1	109	0
41	42	18016	-1	21			50	54	0	-1	10800000	-1	-1	-1	-1	-1	-1	-1	-1	-1	-1	-1	109	0
42	43	18017	-1	21			50	54	0	-1	10800000	-1	-1	-1	-1	-1	-1	-1	-1	-1	-1	-1	109	0
43	44	18018	-1	21			111	54	0	-1	10800000	-1	-1	-1	-1	-1	-1	-1	-1	-1	-1	-1	110	0
44	45	18019	-1	21			111	54	0	-1	10800000	-1	-1	-1	-1	-1	-1	-1	-1	-1	-1	-1	110	0
45	46	18018	-1	21			78	204	0	-1	10800000	-1	-1	-1	-1	-1	-1	-1	-1	-1	-1	-1	110	0
46	47	18019	-1	21			78	204	0	-1	10800000	-1	-1	-1	-1	-1	-1	-1	-1	-1	-1	-1	110	0
47	48	18020	-1	21			149	162	0	-1	10800000	-1	-1	-1	-1	-1	-1	-1	-1	-1	-1	-1	111	0
48	49	18021	-1	21			149	162	0	-1	10800000	-1	-1	-1	-1	-1	-1	-1	-1	-1	-1	-1	111	0
49	50	18020	-1	21			89	68	0	-1	10800000	-1	-1	-1	-1	-1	-1	-1	-1	-1	-1	-1	111	0
50	51	18021	-1	21			89	68	0	-1	10800000	-1	-1	-1	-1	-1	-1	-1	-1	-1	-1	-1	111	0
51	52	18104	-1	21		침엌蓆쭈	105	199	0	-1	18000000	-1	-1	-1	-1	-1	-1	-1	-1	-1	-1	-1	151	0
52	53	18100	-1	21		침엌蓆쭈	241	310	0	-1	18000000	-1	-1	-1	-1	11	-1	-1	-1	-1	-1	-1	150	0
53	54	18301	-1	21		拈캥裂珙	326	221	0	0	3600000	-1	-1	-1	-1	-1	-1	-1	-1	-1	-1	-1	151	1
54	55	18204	-1	21		침엌빱랬	416	86	0	0	3600000	-1	-1	-1	-1	-1	-1	-1	-1	-1	-1	-1	151	2
55	56	18102	-1	21		침엌蓆쭈	351	409	0	-1	18000000	-1	-1	-1	-1	10	-1	-1	-1	-1	-1	-1	150	1
56	57	18000	-1	21			129	92	0	0	10800000	-1	-1	-1	-1	-1	-1	-1	-1	-1	-1	-1	198	0
57	58	18003	-1	21			155	143	0	0	10800000	-1	-1	-1	-1	-1	-1	-1	-1	-1	-1	-1	199	0
58	59	18006	-1	21			136	138	0	0	10800000	-1	-1	-1	-1	-1	-1	-1	-1	-1	-1	-1	200	0
59	60	18009	-1	21			122	124	0	0	10800000	-1	-1	-1	-1	-1	-1	-1	-1	-1	-1	-1	201	0
60	61	18012	-1	21			136	113	0	0	10800000	-1	-1	-1	-1	-1	-1	-1	-1	-1	-1	-1	202	0
61	62	18015	-1	21			118	123	0	0	10800000	-1	-1	-1	-1	-1	-1	-1	-1	-1	-1	-1	203	0
62	63	18001	-1	21			111	54	0	-1	10800000	-1	-1	-1	-1	-1	-1	-1	-1	-1	-1	-1	204	0
63	64	18002	-1	21			111	54	0	-1	10800000	-1	-1	-1	-1	-1	-1	-1	-1	-1	-1	-1	204	0
64	65	18001	-1	21			78	204	0	-1	10800000	-1	-1	-1	-1	-1	-1	-1	-1	-1	-1	-1	204	0
65	66	18002	-1	21			78	204	0	-1	10800000	-1	-1	-1	-1	-1	-1	-1	-1	-1	-1	-1	204	0
66	67	18004	-1	21			168	150	0	-1	10800000	-1	-1	-1	-1	-1	-1	-1	-1	-1	-1	-1	205	0
67	68	18005	-1	21			168	150	0	-1	10800000	-1	-1	-1	-1	-1	-1	-1	-1	-1	-1	-1	205	0
68	69	18004	-1	21			53	59	0	-1	10800000	-1	-1	-1	-1	-1	-1	-1	-1	-1	-1	-1	205	0
69	70	18005	-1	21			53	59	0	-1	10800000	-1	-1	-1	-1	-1	-1	-1	-1	-1	-1	-1	205	0
70	71	18007	-1	21			165	152	0	-1	10800000	-1	-1	-1	-1	-1	-1	-1	-1	-1	-1	-1	206	0
71	72	18008	-1	21			165	152	0	-1	10800000	-1	-1	-1	-1	-1	-1	-1	-1	-1	-1	-1	206	0
72	73	18007	-1	21			157	87	0	-1	10800000	-1	-1	-1	-1	-1	-1	-1	-1	-1	-1	-1	206	0
73	74	18008	-1	21			157	87	0	-1	10800000	-1	-1	-1	-1	-1	-1	-1	-1	-1	-1	-1	206	0
74	75	18010	-1	21			197	156	0	-1	10800000	-1	-1	-1	-1	-1	-1	-1	-1	-1	-1	-1	207	0
75	76	18011	-1	21			197	156	0	-1	10800000	-1	-1	-1	-1	-1	-1	-1	-1	-1	-1	-1	207	0
76	77	18010	-1	21			61	97	0	-1	10800000	-1	-1	-1	-1	-1	-1	-1	-1	-1	-1	-1	207	0
77	78	18011	-1	21			61	97	0	-1	10800000	-1	-1	-1	-1	-1	-1	-1	-1	-1	-1	-1	207	0
78	79	18013	-1	21			143	157	0	-1	10800000	-1	-1	-1	-1	-1	-1	-1	-1	-1	-1	-1	208	0
79	80	18014	-1	21			143	157	0	-1	10800000	-1	-1	-1	-1	-1	-1	-1	-1	-1	-1	-1	208	0
80	81	18013	-1	21			63	95	0	-1	10800000	-1	-1	-1	-1	-1	-1	-1	-1	-1	-1	-1	208	0
81	82	18014	-1	21			63	95	0	-1	10800000	-1	-1	-1	-1	-1	-1	-1	-1	-1	-1	-1	208	0
82	83	18016	-1	21			149	162	0	-1	10800000	-1	-1	-1	-1	-1	-1	-1	-1	-1	-1	-1	209	0
83	84	18017	-1	21			149	162	0	-1	10800000	-1	-1	-1	-1	-1	-1	-1	-1	-1	-1	-1	209	0
84	85	18016	-1	21			89	68	0	-1	10800000	-1	-1	-1	-1	-1	-1	-1	-1	-1	-1	-1	209	0
85	86	18017	-1	21			89	68	0	-1	10800000	-1	-1	-1	-1	-1	-1	-1	-1	-1	-1	-1	209	0
86	87	18018	-1	21			71	163	0	-1	10800000	-1	-1	-1	-1	-1	-1	-1	-1	-1	-1	-1	210	0
87	88	18019	-1	21			71	163	0	-1	10800000	-1	-1	-1	-1	-1	-1	-1	-1	-1	-1	-1	210	0
88	89	18018	-1	21			205	139	0	-1	10800000	-1	-1	-1	-1	-1	-1	-1	-1	-1	-1	-1	210	0
89	90	18019	-1	21			205	139	0	-1	10800000	-1	-1	-1	-1	-1	-1	-1	-1	-1	-1	-1	210	0
90	91	18020	-1	21			168	150	0	-1	10800000	-1	-1	-1	-1	-1	-1	-1	-1	-1	-1	-1	211	0
91	92	18021	-1	21			168	150	0	-1	10800000	-1	-1	-1	-1	-1	-1	-1	-1	-1	-1	-1	211	0
92	93	18020	-1	21			52	58	0	-1	10800000	-1	-1	-1	-1	-1	-1	-1	-1	-1	-1	-1	211	0
93	94	18021	-1	21			52	58	0	-1	10800000	-1	-1	-1	-1	-1	-1	-1	-1	-1	-1	-1	211	0
94	95	18104	-1	21		침엌蓆쭈	105	199	0	-1	18000000	-1	-1	-1	-1	-1	-1	-1	-1	-1	-1	-1	251	0
95	96	18100	-1	21		침엌蓆쭈	241	310	0	-1	18000000	-1	-1	-1	-1	11	-1	-1	-1	-1	-1	-1	250	0
96	97	18302	-1	21		拈캥裂珙	326	221	0	0	3600000	-1	-1	-1	-1	-1	-1	-1	-1	-1	-1	-1	251	1
97	98	18204	-1	21		침엌빱랬	416	86	0	0	3600000	-1	-1	-1	-1	-1	-1	-1	-1	-1	-1	-1	251	2
98	99	18102	-1	21		침엌蓆쭈	351	409	0	-1	18000000	-1	-1	-1	-1	10	-1	-1	-1	-1	-1	-1	250	1
99	100	18000	-1	21			129	92	0	0	10800000	-1	-1	-1	-1	-1	-1	-1	-1	-1	-1	-1	298	0
100	101	18003	-1	21			155	143	0	0	10800000	-1	-1	-1	-1	-1	-1	-1	-1	-1	-1	-1	299	0
101	102	18006	-1	21			136	138	0	0	10800000	-1	-1	-1	-1	-1	-1	-1	-1	-1	-1	-1	300	0
102	103	18009	-1	21			122	124	0	0	10800000	-1	-1	-1	-1	-1	-1	-1	-1	-1	-1	-1	301	0
103	104	18012	-1	21			136	113	0	0	10800000	-1	-1	-1	-1	-1	-1	-1	-1	-1	-1	-1	302	0
104	105	18015	-1	21			118	123	0	0	10800000	-1	-1	-1	-1	-1	-1	-1	-1	-1	-1	-1	303	0
105	106	18001	-1	21			149	162	0	-1	10800000	-1	-1	-1	-1	-1	-1	-1	-1	-1	-1	-1	304	0
106	107	18002	-1	21			149	162	0	-1	10800000	-1	-1	-1	-1	-1	-1	-1	-1	-1	-1	-1	304	0
107	108	18001	-1	21			89	68	0	-1	10800000	-1	-1	-1	-1	-1	-1	-1	-1	-1	-1	-1	304	0
108	109	18002	-1	21			89	68	0	-1	10800000	-1	-1	-1	-1	-1	-1	-1	-1	-1	-1	-1	304	0
109	110	18004	-1	21			188	105	0	-1	10800000	-1	-1	-1	-1	-1	-1	-1	-1	-1	-1	-1	305	0
110	111	18005	-1	21			182	169	0	-1	10800000	-1	-1	-1	-1	-1	-1	-1	-1	-1	-1	-1	305	0
111	112	18004	-1	21			78	204	0	-1	10800000	-1	-1	-1	-1	-1	-1	-1	-1	-1	-1	-1	305	0
112	113	18005	-1	21			78	204	0	-1	10800000	-1	-1	-1	-1	-1	-1	-1	-1	-1	-1	-1	305	0
113	114	18007	-1	21			197	156	0	-1	10800000	-1	-1	-1	-1	-1	-1	-1	-1	-1	-1	-1	306	0
114	115	18008	-1	21			197	156	0	-1	10800000	-1	-1	-1	-1	-1	-1	-1	-1	-1	-1	-1	306	0
115	116	18007	-1	21			61	97	0	-1	10800000	-1	-1	-1	-1	-1	-1	-1	-1	-1	-1	-1	306	0
116	117	18008	-1	21			61	97	0	-1	10800000	-1	-1	-1	-1	-1	-1	-1	-1	-1	-1	-1	306	0
117	118	18010	-1	21			168	150	0	-1	10800000	-1	-1	-1	-1	-1	-1	-1	-1	-1	-1	-1	307	0
118	119	18011	-1	21			168	150	0	-1	10800000	-1	-1	-1	-1	-1	-1	-1	-1	-1	-1	-1	307	0
119	120	18010	-1	21			52	58	0	-1	10800000	-1	-1	-1	-1	-1	-1	-1	-1	-1	-1	-1	307	0
120	121	18011	-1	21			52	58	0	-1	10800000	-1	-1	-1	-1	-1	-1	-1	-1	-1	-1	-1	307	0
121	122	18013	-1	21			146	168	0	-1	10800000	-1	-1	-1	-1	-1	-1	-1	-1	-1	-1	-1	308	0
122	123	18014	-1	21			146	168	0	-1	10800000	-1	-1	-1	-1	-1	-1	-1	-1	-1	-1	-1	308	0
123	124	18013	-1	21			175	90	0	-1	10800000	-1	-1	-1	-1	-1	-1	-1	-1	-1	-1	-1	308	0
124	125	18014	-1	21			175	90	0	-1	10800000	-1	-1	-1	-1	-1	-1	-1	-1	-1	-1	-1	308	0
125	126	18016	-1	21			110	160	0	-1	10800000	-1	-1	-1	-1	-1	-1	-1	-1	-1	-1	-1	309	0
126	127	18017	-1	21			110	160	0	-1	10800000	-1	-1	-1	-1	-1	-1	-1	-1	-1	-1	-1	309	0
127	128	18016	-1	21			202	139	0	-1	10800000	-1	-1	-1	-1	-1	-1	-1	-1	-1	-1	-1	309	0
128	129	18017	-1	21			202	139	0	-1	10800000	-1	-1	-1	-1	-1	-1	-1	-1	-1	-1	-1	309	0
129	130	18018	-1	21			143	157	0	-1	10800000	-1	-1	-1	-1	-1	-1	-1	-1	-1	-1	-1	310	0
130	131	18019	-1	21			143	157	0	-1	10800000	-1	-1	-1	-1	-1	-1	-1	-1	-1	-1	-1	310	0
131	132	18018	-1	21			63	95	0	-1	10800000	-1	-1	-1	-1	-1	-1	-1	-1	-1	-1	-1	310	0
132	133	18019	-1	21			63	95	0	-1	10800000	-1	-1	-1	-1	-1	-1	-1	-1	-1	-1	-1	310	0
133	134	18020	-1	21			111	54	0	-1	10800000	-1	-1	-1	-1	-1	-1	-1	-1	-1	-1	-1	311	0
134	135	18021	-1	21			111	54	0	-1	10800000	-1	-1	-1	-1	-1	-1	-1	-1	-1	-1	-1	311	0
135	136	18020	-1	21			53	187	0	-1	10800000	-1	-1	-1	-1	-1	-1	-1	-1	-1	-1	-1	311	0
136	137	18021	-1	21			53	187	0	-1	10800000	-1	-1	-1	-1	-1	-1	-1	-1	-1	-1	-1	311	0
137	138	18104	-1	21		침엌蓆쭈	105	199	0	-1	18000000	-1	-1	-1	-1	-1	-1	-1	-1	-1	-1	-1	351	0
138	139	18100	-1	21		침엌蓆쭈	241	310	0	-1	18000000	-1	-1	-1	-1	11	-1	-1	-1	-1	-1	-1	350	0
139	140	18303	-1	21		拈캥裂珙	326	221	0	0	3600000	-1	-1	-1	-1	-1	-1	-1	-1	-1	-1	-1	351	1
140	141	18204	-1	21		침엌빱랬	416	86	0	0	3600000	-1	-1	-1	-1	-1	-1	-1	-1	-1	-1	-1	351	2
141	142	18102	-1	21		침엌蓆쭈	351	409	0	-1	18000000	-1	-1	-1	-1	10	-1	-1	-1	-1	-1	-1	350	1
142	143	18000	-1	21			129	92	0	0	10800000	-1	-1	-1	-1	-1	-1	-1	-1	-1	-1	-1	398	0
143	144	18003	-1	21			155	143	0	0	10800000	-1	-1	-1	-1	-1	-1	-1	-1	-1	-1	-1	399	0
144	145	18006	-1	21			136	138	0	0	10800000	-1	-1	-1	-1	-1	-1	-1	-1	-1	-1	-1	400	0
145	146	18009	-1	21			122	124	0	0	10800000	-1	-1	-1	-1	-1	-1	-1	-1	-1	-1	-1	401	0
146	147	18012	-1	21			136	113	0	0	10800000	-1	-1	-1	-1	-1	-1	-1	-1	-1	-1	-1	402	0
147	148	18015	-1	21			118	123	0	0	10800000	-1	-1	-1	-1	-1	-1	-1	-1	-1	-1	-1	403	0
148	149	18001	-1	21			168	150	0	-1	10800000	-1	-1	-1	-1	-1	-1	-1	-1	-1	-1	-1	404	0
149	150	18002	-1	21			168	150	0	-1	10800000	-1	-1	-1	-1	-1	-1	-1	-1	-1	-1	-1	404	0
150	151	18001	-1	21			52	58	0	-1	10800000	-1	-1	-1	-1	-1	-1	-1	-1	-1	-1	-1	404	0
151	152	18002	-1	21			52	58	0	-1	10800000	-1	-1	-1	-1	-1	-1	-1	-1	-1	-1	-1	404	0
152	153	18004	-1	21			147	132	0	-1	10800000	-1	-1	-1	-1	-1	-1	-1	-1	-1	-1	-1	405	0
153	154	18005	-1	21			147	132	0	-1	10800000	-1	-1	-1	-1	-1	-1	-1	-1	-1	-1	-1	405	0
154	155	18004	-1	21			175	90	0	-1	10800000	-1	-1	-1	-1	-1	-1	-1	-1	-1	-1	-1	405	0
155	156	18005	-1	21			175	90	0	-1	10800000	-1	-1	-1	-1	-1	-1	-1	-1	-1	-1	-1	405	0
156	157	18007	-1	21			142	160	0	-1	10800000	-1	-1	-1	-1	-1	-1	-1	-1	-1	-1	-1	406	0
157	158	18008	-1	21			142	160	0	-1	10800000	-1	-1	-1	-1	-1	-1	-1	-1	-1	-1	-1	406	0
158	159	18007	-1	21			88	69	0	-1	10800000	-1	-1	-1	-1	-1	-1	-1	-1	-1	-1	-1	406	0
159	160	18008	-1	21			88	69	0	-1	10800000	-1	-1	-1	-1	-1	-1	-1	-1	-1	-1	-1	406	0
160	161	18010	-1	21			111	54	0	-1	10800000	-1	-1	-1	-1	-1	-1	-1	-1	-1	-1	-1	407	0
161	162	18011	-1	21			111	54	0	-1	10800000	-1	-1	-1	-1	-1	-1	-1	-1	-1	-1	-1	407	0
162	163	18010	-1	21			78	204	0	-1	10800000	-1	-1	-1	-1	-1	-1	-1	-1	-1	-1	-1	407	0
163	164	18011	-1	21			78	204	0	-1	10800000	-1	-1	-1	-1	-1	-1	-1	-1	-1	-1	-1	407	0
164	165	18013	-1	21			107	167	0	-1	10800000	-1	-1	-1	-1	-1	-1	-1	-1	-1	-1	-1	408	0
165	166	18014	-1	21			107	167	0	-1	10800000	-1	-1	-1	-1	-1	-1	-1	-1	-1	-1	-1	408	0
166	167	18013	-1	21			78	67	0	-1	10800000	-1	-1	-1	-1	-1	-1	-1	-1	-1	-1	-1	408	0
167	168	18014	-1	21			78	67	0	-1	10800000	-1	-1	-1	-1	-1	-1	-1	-1	-1	-1	-1	408	0
168	169	18016	-1	21			143	157	0	-1	10800000	-1	-1	-1	-1	-1	-1	-1	-1	-1	-1	-1	409	0
169	170	18017	-1	21			143	157	0	-1	10800000	-1	-1	-1	-1	-1	-1	-1	-1	-1	-1	-1	409	0
170	171	18016	-1	21			63	95	0	-1	10800000	-1	-1	-1	-1	-1	-1	-1	-1	-1	-1	-1	409	0
171	172	18017	-1	21			63	95	0	-1	10800000	-1	-1	-1	-1	-1	-1	-1	-1	-1	-1	-1	409	0
172	173	18018	-1	21			197	156	0	-1	10800000	-1	-1	-1	-1	-1	-1	-1	-1	-1	-1	-1	410	0
173	174	18019	-1	21			197	156	0	-1	10800000	-1	-1	-1	-1	-1	-1	-1	-1	-1	-1	-1	410	0
174	175	18018	-1	21			61	97	0	-1	10800000	-1	-1	-1	-1	-1	-1	-1	-1	-1	-1	-1	410	0
175	176	18019	-1	21			61	97	0	-1	10800000	-1	-1	-1	-1	-1	-1	-1	-1	-1	-1	-1	410	0
176	177	18020	-1	21			143	161	0	-1	10800000	-1	-1	-1	-1	-1	-1	-1	-1	-1	-1	-1	411	0
177	178	18021	-1	21			143	161	0	-1	10800000	-1	-1	-1	-1	-1	-1	-1	-1	-1	-1	-1	411	0
178	179	18020	-1	21			40	157	0	-1	10800000	-1	-1	-1	-1	-1	-1	-1	-1	-1	-1	-1	411	0
179	180	18021	-1	21			40	157	0	-1	10800000	-1	-1	-1	-1	-1	-1	-1	-1	-1	-1	-1	411	0
180	181	18022	-1	21		#G쑹亶	94	98	0	-1	10800000	-1	-1	-1	-1	-1	-1	-1	-1	-1	-1	-1	89	0
181	182	18023	-1	21		#G쑹亶	203	54	0	-1	10800000	-1	-1	-1	-1	-1	-1	-1	-1	-1	-1	-1	89	1
182	183	18024	-1	21		#G쑹亶	207	138	0	-1	10800000	-1	-1	-1	-1	-1	-1	-1	-1	-1	-1	-1	89	2
183	184	18025	-1	21		#G쑹亶	144	207	0	-1	10800000	-1	-1	-1	-1	-1	-1	-1	-1	-1	-1	-1	89	3
184	185	18026	-1	21		#G쑹亶	207	215	0	-1	10800000	-1	-1	-1	-1	-1	-1	-1	-1	-1	-1	-1	189	0
185	186	18027	-1	21		#G쑹亶	79	165	0	-1	10800000	-1	-1	-1	-1	-1	-1	-1	-1	-1	-1	-1	189	1
186	187	18028	-1	21		#G쑹亶	208	55	0	-1	10800000	-1	-1	-1	-1	-1	-1	-1	-1	-1	-1	-1	189	2
187	188	18029	-1	21		#G쑹亶	64	25	0	-1	10800000	-1	-1	-1	-1	-1	-1	-1	-1	-1	-1	-1	189	3
188	189	18030	-1	21		#G쑹亶	114	209	0	-1	10800000	-1	-1	-1	-1	-1	-1	-1	-1	-1	-1	-1	289	0
189	190	18031	-1	21		#G쑹亶	221	215	0	-1	10800000	-1	-1	-1	-1	-1	-1	-1	-1	-1	-1	-1	289	1
190	191	18032	-1	21		#G쑹亶	212	71	0	-1	10800000	-1	-1	-1	-1	-1	-1	-1	-1	-1	-1	-1	289	2
191	192	18033	-1	21		#G쑹亶	60	49	0	-1	10800000	-1	-1	-1	-1	-1	-1	-1	-1	-1	-1	-1	289	3
192	193	18034	-1	21		#G쑹亶	122	41	0	-1	10800000	-1	-1	-1	-1	-1	-1	-1	-1	-1	-1	-1	389	0
193	194	18035	-1	21		#G쑹亶	61	73	0	-1	10800000	-1	-1	-1	-1	-1	-1	-1	-1	-1	-1	-1	389	1
194	195	18036	-1	21		#G쑹亶	77	196	0	-1	10800000	-1	-1	-1	-1	-1	-1	-1	-1	-1	-1	-1	389	2
195	196	18037	-1	21		#G쑹亶	159	143	0	-1	10800000	-1	-1	-1	-1	-1	-1	-1	-1	-1	-1	-1	389	3
196	197	18110	-1	21		침엌蓆쭈	144	129	0	-1	18000000	-1	-1	1	-1	-1	-1	-1	-1	-1	-1	-1	6	0
197	198	18111	-1	21		침엌蓆쭈	47	182	0	-1	18000000	-1	-1	1	-1	-1	-1	-1	-1	-1	-1	-1	8	0
198	199	18112	-1	21		침엌蓆쭈	55	154	0	-1	18000000	-1	-1	1	-1	-1	-1	-1	-1	-1	-1	-1	10	0
199	200	18113	-1	21		침엌蓆쭈	91	183	0	-1	18000000	-1	-1	1	-1	-1	-1	-1	-1	-1	-1	-1	11	0
200	201	18114	-1	21		침엌蓆쭈	71	163	0	-1	18000000	-1	-1	1	-1	-1	-1	-1	-1	-1	-1	-1	16	0
201	202	18115	-1	21		침엌蓆쭈	115	159	0	-1	18000000	-1	-1	1	-1	-1	-1	-1	-1	-1	-1	-1	17	0
202	203	18116	-1	21		침엌蓆쭈	144	172	0	-1	18000000	-1	-1	1	-1	-1	-1	-1	-1	-1	-1	-1	19	0
203	204	18117	-1	21		침엌蓆쭈	206	128	0	-1	18000000	-1	-1	1	-1	-1	-1	-1	-1	-1	-1	-1	20	0
204	205	18118	-1	21		침엌蓆쭈	170	114	0	-1	18000000	-1	-1	1	-1	-1	-1	-1	-1	-1	-1	-1	22	0
205	206	18119	-1	21		침엌蓆쭈	55	150	0	-1	18000000	-1	-1	1	-1	-1	-1	-1	-1	-1	-1	-1	23	0
206	207	18120	-1	21		침엌蓆쭈	88	129	0	-1	18000000	-1	-1	1	-1	-1	-1	-1	-1	-1	-1	-1	25	0
207	208	18100	-1	21		침엌蓆쭈	28	41	0	-1	18000000	-1	-1	1	-1	-1	-1	-1	-1	-1	-1	-1	62	0
208	209	18101	-1	21		침엌蓆쭈	28	41	0	-1	18000000	-1	-1	1	-1	-1	-1	-1	-1	-1	-1	-1	62	0
209	210	18102	-1	21		침엌蓆쭈	28	41	0	-1	18000000	-1	-1	1	-1	-1	-1	-1	-1	-1	-1	-1	62	0
210	211	18103	-1	21		침엌蓆쭈	28	41	0	-1	18000000	-1	-1	1	-1	-1	-1	-1	-1	-1	-1	-1	62	0
211	212	18104	-1	21		침엌蓆쭈	28	41	0	-1	18000000	-1	-1	1	-1	-1	-1	-1	-1	-1	-1	-1	62	0
212	213	18105	-1	21		침엌蓆쭈	28	41	0	-1	18000000	-1	-1	1	-1	-1	-1	-1	-1	-1	-1	-1	62	0
213	214	18106	-1	21		침엌蓆쭈	28	41	0	-1	18000000	-1	-1	1	-1	-1	-1	-1	-1	-1	-1	-1	62	0
214	215	18107	-1	21		침엌蓆쭈	28	41	0	-1	18000000	-1	-1	1	-1	-1	-1	-1	-1	-1	-1	-1	62	0
215	216	18108	-1	21		침엌蓆쭈	28	41	0	-1	18000000	-1	-1	1	-1	-1	-1	-1	-1	-1	-1	-1	62	0
216	217	18109	-1	21		침엌蓆쭈	28	41	0	-1	18000000	-1	-1	1	-1	-1	-1	-1	-1	-1	-1	-1	62	0
217	218	18110	-1	21		침엌蓆쭈	28	41	0	-1	18000000	-1	-1	1	-1	-1	-1	-1	-1	-1	-1	-1	62	0
218	219	18111	-1	21		침엌蓆쭈	28	41	0	-1	18000000	-1	-1	1	-1	-1	-1	-1	-1	-1	-1	-1	62	0
219	220	18112	-1	21		침엌蓆쭈	28	41	0	-1	18000000	-1	-1	1	-1	-1	-1	-1	-1	-1	-1	-1	62	0
220	221	18113	-1	21		침엌蓆쭈	28	41	0	-1	18000000	-1	-1	1	-1	-1	-1	-1	-1	-1	-1	-1	62	0
221	222	18114	-1	21		침엌蓆쭈	28	41	0	-1	18000000	-1	-1	1	-1	-1	-1	-1	-1	-1	-1	-1	62	0
222	223	18115	-1	21		침엌蓆쭈	28	41	0	-1	18000000	-1	-1	1	-1	-1	-1	-1	-1	-1	-1	-1	62	0
223	224	18116	-1	21		침엌蓆쭈	28	41	0	-1	18000000	-1	-1	1	-1	-1	-1	-1	-1	-1	-1	-1	62	0
224	225	18117	-1	21		침엌蓆쭈	28	41	0	-1	18000000	-1	-1	1	-1	-1	-1	-1	-1	-1	-1	-1	62	0
225	226	18118	-1	21		침엌蓆쭈	28	41	0	-1	18000000	-1	-1	1	-1	-1	-1	-1	-1	-1	-1	-1	62	0
226	227	18119	-1	21		침엌蓆쭈	28	41	0	-1	18000000	-1	-1	1	-1	-1	-1	-1	-1	-1	-1	-1	62	0
227	228	18120	-1	21		침엌蓆쭈	28	41	0	-1	18000000	-1	-1	1	-1	-1	-1	-1	-1	-1	-1	-1	62	0
228	229	18100	-1	21		침엌蓆쭈	36	33	0	-1	18000000	-1	-1	1	-1	-1	-1	-1	-1	-1	-1	-1	63	0
229	230	18101	-1	21		침엌蓆쭈	36	33	0	-1	18000000	-1	-1	1	-1	-1	-1	-1	-1	-1	-1	-1	63	0
230	231	18102	-1	21		침엌蓆쭈	36	33	0	-1	18000000	-1	-1	1	-1	-1	-1	-1	-1	-1	-1	-1	63	0
231	232	18103	-1	21		침엌蓆쭈	36	33	0	-1	18000000	-1	-1	1	-1	-1	-1	-1	-1	-1	-1	-1	63	0
232	233	18104	-1	21		침엌蓆쭈	36	33	0	-1	18000000	-1	-1	1	-1	-1	-1	-1	-1	-1	-1	-1	63	0
233	234	18105	-1	21		침엌蓆쭈	36	33	0	-1	18000000	-1	-1	1	-1	-1	-1	-1	-1	-1	-1	-1	63	0
234	235	18106	-1	21		침엌蓆쭈	36	33	0	-1	18000000	-1	-1	1	-1	-1	-1	-1	-1	-1	-1	-1	63	0
235	236	18107	-1	21		침엌蓆쭈	36	33	0	-1	18000000	-1	-1	1	-1	-1	-1	-1	-1	-1	-1	-1	63	0
236	237	18108	-1	21		침엌蓆쭈	36	33	0	-1	18000000	-1	-1	1	-1	-1	-1	-1	-1	-1	-1	-1	63	0
237	238	18109	-1	21		침엌蓆쭈	36	33	0	-1	18000000	-1	-1	1	-1	-1	-1	-1	-1	-1	-1	-1	63	0
238	239	18110	-1	21		침엌蓆쭈	36	33	0	-1	18000000	-1	-1	1	-1	-1	-1	-1	-1	-1	-1	-1	63	0
239	240	18111	-1	21		침엌蓆쭈	36	33	0	-1	18000000	-1	-1	1	-1	-1	-1	-1	-1	-1	-1	-1	63	0
240	241	18112	-1	21		침엌蓆쭈	36	33	0	-1	18000000	-1	-1	1	-1	-1	-1	-1	-1	-1	-1	-1	63	0
241	242	18113	-1	21		침엌蓆쭈	36	33	0	-1	18000000	-1	-1	1	-1	-1	-1	-1	-1	-1	-1	-1	63	0
242	243	18114	-1	21		침엌蓆쭈	36	33	0	-1	18000000	-1	-1	1	-1	-1	-1	-1	-1	-1	-1	-1	63	0
243	244	18115	-1	21		침엌蓆쭈	36	33	0	-1	18000000	-1	-1	1	-1	-1	-1	-1	-1	-1	-1	-1	63	0
244	245	18116	-1	21		침엌蓆쭈	36	33	0	-1	18000000	-1	-1	1	-1	-1	-1	-1	-1	-1	-1	-1	63	0
245	246	18117	-1	21		침엌蓆쭈	36	33	0	-1	18000000	-1	-1	1	-1	-1	-1	-1	-1	-1	-1	-1	63	0
246	247	18118	-1	21		침엌蓆쭈	36	33	0	-1	18000000	-1	-1	1	-1	-1	-1	-1	-1	-1	-1	-1	63	0
247	248	18119	-1	21		침엌蓆쭈	36	33	0	-1	18000000	-1	-1	1	-1	-1	-1	-1	-1	-1	-1	-1	63	0
248	249	18120	-1	21		침엌蓆쭈	36	33	0	-1	18000000	-1	-1	1	-1	-1	-1	-1	-1	-1	-1	-1	63	0
249	250	18101	-1	21		침엌蓆쭈	30	42	0	-1	18000000	-1	-1	1	-1	-1	-1	-1	-1	-1	-1	-1	162	0
250	251	18102	-1	21		침엌蓆쭈	30	42	0	-1	18000000	-1	-1	1	-1	-1	-1	-1	-1	-1	-1	-1	162	0
251	252	18103	-1	21		침엌蓆쭈	30	42	0	-1	18000000	-1	-1	1	-1	-1	-1	-1	-1	-1	-1	-1	162	0
252	253	18104	-1	21		침엌蓆쭈	30	42	0	-1	18000000	-1	-1	1	-1	-1	-1	-1	-1	-1	-1	-1	162	0
253	254	18105	-1	21		침엌蓆쭈	30	42	0	-1	18000000	-1	-1	1	-1	-1	-1	-1	-1	-1	-1	-1	162	0
254	255	18106	-1	21		침엌蓆쭈	30	42	0	-1	18000000	-1	-1	1	-1	-1	-1	-1	-1	-1	-1	-1	162	0
255	256	18107	-1	21		침엌蓆쭈	30	42	0	-1	18000000	-1	-1	1	-1	-1	-1	-1	-1	-1	-1	-1	162	0
256	257	18108	-1	21		침엌蓆쭈	30	42	0	-1	18000000	-1	-1	1	-1	-1	-1	-1	-1	-1	-1	-1	162	0
257	258	18109	-1	21		침엌蓆쭈	30	42	0	-1	18000000	-1	-1	1	-1	-1	-1	-1	-1	-1	-1	-1	162	0
258	259	18100	-1	21		침엌蓆쭈	30	42	0	-1	18000000	-1	-1	1	-1	-1	-1	-1	-1	-1	-1	-1	162	0
259	260	18110	-1	21		침엌蓆쭈	30	42	0	-1	18000000	-1	-1	1	-1	-1	-1	-1	-1	-1	-1	-1	162	0
260	261	18111	-1	21		침엌蓆쭈	30	42	0	-1	18000000	-1	-1	1	-1	-1	-1	-1	-1	-1	-1	-1	162	0
261	262	18112	-1	21		침엌蓆쭈	30	42	0	-1	18000000	-1	-1	1	-1	-1	-1	-1	-1	-1	-1	-1	162	0
262	263	18113	-1	21		침엌蓆쭈	30	42	0	-1	18000000	-1	-1	1	-1	-1	-1	-1	-1	-1	-1	-1	162	0
263	264	18114	-1	21		침엌蓆쭈	30	42	0	-1	18000000	-1	-1	1	-1	-1	-1	-1	-1	-1	-1	-1	162	0
264	265	18115	-1	21		침엌蓆쭈	30	42	0	-1	18000000	-1	-1	1	-1	-1	-1	-1	-1	-1	-1	-1	162	0
265	266	18116	-1	21		침엌蓆쭈	30	42	0	-1	18000000	-1	-1	1	-1	-1	-1	-1	-1	-1	-1	-1	162	0
266	267	18117	-1	21		침엌蓆쭈	30	42	0	-1	18000000	-1	-1	1	-1	-1	-1	-1	-1	-1	-1	-1	162	0
267	268	18118	-1	21		침엌蓆쭈	30	42	0	-1	18000000	-1	-1	1	-1	-1	-1	-1	-1	-1	-1	-1	162	0
268	269	18119	-1	21		침엌蓆쭈	30	42	0	-1	18000000	-1	-1	1	-1	-1	-1	-1	-1	-1	-1	-1	162	0
269	270	18120	-1	21		침엌蓆쭈	30	42	0	-1	18000000	-1	-1	1	-1	-1	-1	-1	-1	-1	-1	-1	162	0
270	271	18101	-1	21		침엌蓆쭈	35	43	0	-1	18000000	-1	-1	1	-1	-1	-1	-1	-1	-1	-1	-1	163	0
271	272	18102	-1	21		침엌蓆쭈	35	43	0	-1	18000000	-1	-1	1	-1	-1	-1	-1	-1	-1	-1	-1	163	0
272	273	18103	-1	21		침엌蓆쭈	35	43	0	-1	18000000	-1	-1	1	-1	-1	-1	-1	-1	-1	-1	-1	163	0
273	274	18104	-1	21		침엌蓆쭈	35	43	0	-1	18000000	-1	-1	1	-1	-1	-1	-1	-1	-1	-1	-1	163	0
274	275	18105	-1	21		침엌蓆쭈	35	43	0	-1	18000000	-1	-1	1	-1	-1	-1	-1	-1	-1	-1	-1	163	0
275	276	18106	-1	21		침엌蓆쭈	35	43	0	-1	18000000	-1	-1	1	-1	-1	-1	-1	-1	-1	-1	-1	163	0
276	277	18107	-1	21		침엌蓆쭈	35	43	0	-1	18000000	-1	-1	1	-1	-1	-1	-1	-1	-1	-1	-1	163	0
277	278	18108	-1	21		침엌蓆쭈	35	43	0	-1	18000000	-1	-1	1	-1	-1	-1	-1	-1	-1	-1	-1	163	0
278	279	18109	-1	21		침엌蓆쭈	35	43	0	-1	18000000	-1	-1	1	-1	-1	-1	-1	-1	-1	-1	-1	163	0
279	280	18100	-1	21		침엌蓆쭈	35	43	0	-1	18000000	-1	-1	1	-1	-1	-1	-1	-1	-1	-1	-1	163	0
280	281	18110	-1	21		침엌蓆쭈	35	43	0	-1	18000000	-1	-1	1	-1	-1	-1	-1	-1	-1	-1	-1	163	0
281	282	18111	-1	21		침엌蓆쭈	35	43	0	-1	18000000	-1	-1	1	-1	-1	-1	-1	-1	-1	-1	-1	163	0
282	283	18112	-1	21		침엌蓆쭈	35	43	0	-1	18000000	-1	-1	1	-1	-1	-1	-1	-1	-1	-1	-1	163	0
283	284	18113	-1	21		침엌蓆쭈	35	43	0	-1	18000000	-1	-1	1	-1	-1	-1	-1	-1	-1	-1	-1	163	0
284	285	18114	-1	21		침엌蓆쭈	35	43	0	-1	18000000	-1	-1	1	-1	-1	-1	-1	-1	-1	-1	-1	163	0
285	286	18115	-1	21		침엌蓆쭈	35	43	0	-1	18000000	-1	-1	1	-1	-1	-1	-1	-1	-1	-1	-1	163	0
286	287	18116	-1	21		침엌蓆쭈	35	43	0	-1	18000000	-1	-1	1	-1	-1	-1	-1	-1	-1	-1	-1	163	0
287	288	18117	-1	21		침엌蓆쭈	35	43	0	-1	18000000	-1	-1	1	-1	-1	-1	-1	-1	-1	-1	-1	163	0
288	289	18118	-1	21		침엌蓆쭈	35	43	0	-1	18000000	-1	-1	1	-1	-1	-1	-1	-1	-1	-1	-1	163	0
289	290	18119	-1	21		침엌蓆쭈	35	43	0	-1	18000000	-1	-1	1	-1	-1	-1	-1	-1	-1	-1	-1	163	0
290	291	18120	-1	21		침엌蓆쭈	35	43	0	-1	18000000	-1	-1	1	-1	-1	-1	-1	-1	-1	-1	-1	163	0
291	292	18100	-1	21		침엌蓆쭈	29	41	0	-1	18000000	-1	-1	1	-1	-1	-1	-1	-1	-1	-1	-1	262	0
292	293	18101	-1	21		침엌蓆쭈	29	41	0	-1	18000000	-1	-1	1	-1	-1	-1	-1	-1	-1	-1	-1	262	0
293	294	18102	-1	21		침엌蓆쭈	29	41	0	-1	18000000	-1	-1	1	-1	-1	-1	-1	-1	-1	-1	-1	262	0
294	295	18103	-1	21		침엌蓆쭈	29	41	0	-1	18000000	-1	-1	1	-1	-1	-1	-1	-1	-1	-1	-1	262	0
295	296	18104	-1	21		침엌蓆쭈	29	41	0	-1	18000000	-1	-1	1	-1	-1	-1	-1	-1	-1	-1	-1	262	0
296	297	18105	-1	21		침엌蓆쭈	29	41	0	-1	18000000	-1	-1	1	-1	-1	-1	-1	-1	-1	-1	-1	262	0
297	298	18106	-1	21		침엌蓆쭈	29	41	0	-1	18000000	-1	-1	1	-1	-1	-1	-1	-1	-1	-1	-1	262	0
298	299	18107	-1	21		침엌蓆쭈	29	41	0	-1	18000000	-1	-1	1	-1	-1	-1	-1	-1	-1	-1	-1	262	0
299	300	18108	-1	21		침엌蓆쭈	29	41	0	-1	18000000	-1	-1	1	-1	-1	-1	-1	-1	-1	-1	-1	262	0
300	301	18109	-1	21		침엌蓆쭈	29	41	0	-1	18000000	-1	-1	1	-1	-1	-1	-1	-1	-1	-1	-1	262	0
301	302	18110	-1	21		침엌蓆쭈	29	41	0	-1	18000000	-1	-1	1	-1	-1	-1	-1	-1	-1	-1	-1	262	0
302	303	18111	-1	21		침엌蓆쭈	29	41	0	-1	18000000	-1	-1	1	-1	-1	-1	-1	-1	-1	-1	-1	262	0
303	304	18112	-1	21		침엌蓆쭈	29	41	0	-1	18000000	-1	-1	1	-1	-1	-1	-1	-1	-1	-1	-1	262	0
304	305	18113	-1	21		침엌蓆쭈	29	41	0	-1	18000000	-1	-1	1	-1	-1	-1	-1	-1	-1	-1	-1	262	0
305	306	18114	-1	21		침엌蓆쭈	29	41	0	-1	18000000	-1	-1	1	-1	-1	-1	-1	-1	-1	-1	-1	262	0
306	307	18115	-1	21		침엌蓆쭈	29	41	0	-1	18000000	-1	-1	1	-1	-1	-1	-1	-1	-1	-1	-1	262	0
307	308	18116	-1	21		침엌蓆쭈	29	41	0	-1	18000000	-1	-1	1	-1	-1	-1	-1	-1	-1	-1	-1	262	0
308	309	18117	-1	21		침엌蓆쭈	29	41	0	-1	18000000	-1	-1	1	-1	-1	-1	-1	-1	-1	-1	-1	262	0
309	310	18118	-1	21		침엌蓆쭈	29	41	0	-1	18000000	-1	-1	1	-1	-1	-1	-1	-1	-1	-1	-1	262	0
310	311	18119	-1	21		침엌蓆쭈	29	41	0	-1	18000000	-1	-1	1	-1	-1	-1	-1	-1	-1	-1	-1	262	0
311	312	18120	-1	21		침엌蓆쭈	29	41	0	-1	18000000	-1	-1	1	-1	-1	-1	-1	-1	-1	-1	-1	262	0
312	313	18100	-1	21		침엌蓆쭈	35	40	0	-1	18000000	-1	-1	1	-1	-1	-1	-1	-1	-1	-1	-1	263	0
313	314	18101	-1	21		침엌蓆쭈	35	40	0	-1	18000000	-1	-1	1	-1	-1	-1	-1	-1	-1	-1	-1	263	0
314	315	18102	-1	21		침엌蓆쭈	35	40	0	-1	18000000	-1	-1	1	-1	-1	-1	-1	-1	-1	-1	-1	263	0
315	316	18103	-1	21		침엌蓆쭈	35	40	0	-1	18000000	-1	-1	1	-1	-1	-1	-1	-1	-1	-1	-1	263	0
316	317	18104	-1	21		침엌蓆쭈	35	40	0	-1	18000000	-1	-1	1	-1	-1	-1	-1	-1	-1	-1	-1	263	0
317	318	18105	-1	21		침엌蓆쭈	35	40	0	-1	18000000	-1	-1	1	-1	-1	-1	-1	-1	-1	-1	-1	263	0
318	319	18106	-1	21		침엌蓆쭈	35	40	0	-1	18000000	-1	-1	1	-1	-1	-1	-1	-1	-1	-1	-1	263	0
319	320	18107	-1	21		침엌蓆쭈	35	40	0	-1	18000000	-1	-1	1	-1	-1	-1	-1	-1	-1	-1	-1	263	0
320	321	18108	-1	21		침엌蓆쭈	35	40	0	-1	18000000	-1	-1	1	-1	-1	-1	-1	-1	-1	-1	-1	263	0
321	322	18109	-1	21		침엌蓆쭈	35	40	0	-1	18000000	-1	-1	1	-1	-1	-1	-1	-1	-1	-1	-1	263	0
322	323	18110	-1	21		침엌蓆쭈	35	40	0	-1	18000000	-1	-1	1	-1	-1	-1	-1	-1	-1	-1	-1	263	0
323	324	18111	-1	21		침엌蓆쭈	35	40	0	-1	18000000	-1	-1	1	-1	-1	-1	-1	-1	-1	-1	-1	263	0
324	325	18112	-1	21		침엌蓆쭈	35	40	0	-1	18000000	-1	-1	1	-1	-1	-1	-1	-1	-1	-1	-1	263	0
325	326	18113	-1	21		침엌蓆쭈	35	40	0	-1	18000000	-1	-1	1	-1	-1	-1	-1	-1	-1	-1	-1	263	0
326	327	18114	-1	21		침엌蓆쭈	35	40	0	-1	18000000	-1	-1	1	-1	-1	-1	-1	-1	-1	-1	-1	263	0
327	328	18115	-1	21		침엌蓆쭈	35	40	0	-1	18000000	-1	-1	1	-1	-1	-1	-1	-1	-1	-1	-1	263	0
328	329	18116	-1	21		침엌蓆쭈	35	40	0	-1	18000000	-1	-1	1	-1	-1	-1	-1	-1	-1	-1	-1	263	0
329	330	18117	-1	21		침엌蓆쭈	35	40	0	-1	18000000	-1	-1	1	-1	-1	-1	-1	-1	-1	-1	-1	263	0
330	331	18118	-1	21		침엌蓆쭈	35	40	0	-1	18000000	-1	-1	1	-1	-1	-1	-1	-1	-1	-1	-1	263	0
331	332	18119	-1	21		침엌蓆쭈	35	40	0	-1	18000000	-1	-1	1	-1	-1	-1	-1	-1	-1	-1	-1	263	0
332	333	18120	-1	21		침엌蓆쭈	35	40	0	-1	18000000	-1	-1	1	-1	-1	-1	-1	-1	-1	-1	-1	263	0
333	334	18100	-1	21		침엌蓆쭈	31	42	0	-1	18000000	-1	-1	1	-1	-1	-1	-1	-1	-1	-1	-1	362	0
334	335	18101	-1	21		침엌蓆쭈	31	42	0	-1	18000000	-1	-1	1	-1	-1	-1	-1	-1	-1	-1	-1	362	0
335	336	18102	-1	21		침엌蓆쭈	31	42	0	-1	18000000	-1	-1	1	-1	-1	-1	-1	-1	-1	-1	-1	362	0
336	337	18103	-1	21		침엌蓆쭈	31	42	0	-1	18000000	-1	-1	1	-1	-1	-1	-1	-1	-1	-1	-1	362	0
337	338	18104	-1	21		침엌蓆쭈	31	42	0	-1	18000000	-1	-1	1	-1	-1	-1	-1	-1	-1	-1	-1	362	0
338	339	18105	-1	21		침엌蓆쭈	31	42	0	-1	18000000	-1	-1	1	-1	-1	-1	-1	-1	-1	-1	-1	362	0
339	340	18106	-1	21		침엌蓆쭈	31	42	0	-1	18000000	-1	-1	1	-1	-1	-1	-1	-1	-1	-1	-1	362	0
340	341	18107	-1	21		침엌蓆쭈	31	42	0	-1	18000000	-1	-1	1	-1	-1	-1	-1	-1	-1	-1	-1	362	0
341	342	18108	-1	21		침엌蓆쭈	31	42	0	-1	18000000	-1	-1	1	-1	-1	-1	-1	-1	-1	-1	-1	362	0
342	343	18109	-1	21		침엌蓆쭈	31	42	0	-1	18000000	-1	-1	1	-1	-1	-1	-1	-1	-1	-1	-1	362	0
343	344	18110	-1	21		침엌蓆쭈	31	42	0	-1	18000000	-1	-1	1	-1	-1	-1	-1	-1	-1	-1	-1	362	0
344	345	18111	-1	21		침엌蓆쭈	31	42	0	-1	18000000	-1	-1	1	-1	-1	-1	-1	-1	-1	-1	-1	362	0
345	346	18112	-1	21		침엌蓆쭈	31	42	0	-1	18000000	-1	-1	1	-1	-1	-1	-1	-1	-1	-1	-1	362	0
346	347	18113	-1	21		침엌蓆쭈	31	42	0	-1	18000000	-1	-1	1	-1	-1	-1	-1	-1	-1	-1	-1	362	0
347	348	18114	-1	21		침엌蓆쭈	31	42	0	-1	18000000	-1	-1	1	-1	-1	-1	-1	-1	-1	-1	-1	362	0
348	349	18115	-1	21		침엌蓆쭈	31	42	0	-1	18000000	-1	-1	1	-1	-1	-1	-1	-1	-1	-1	-1	362	0
349	350	18116	-1	21		침엌蓆쭈	31	42	0	-1	18000000	-1	-1	1	-1	-1	-1	-1	-1	-1	-1	-1	362	0
350	351	18117	-1	21		침엌蓆쭈	31	42	0	-1	18000000	-1	-1	1	-1	-1	-1	-1	-1	-1	-1	-1	362	0
351	352	18118	-1	21		침엌蓆쭈	31	42	0	-1	18000000	-1	-1	1	-1	-1	-1	-1	-1	-1	-1	-1	362	0
352	353	18119	-1	21		침엌蓆쭈	31	42	0	-1	18000000	-1	-1	1	-1	-1	-1	-1	-1	-1	-1	-1	362	0
353	354	18120	-1	21		침엌蓆쭈	31	42	0	-1	18000000	-1	-1	1	-1	-1	-1	-1	-1	-1	-1	-1	362	0
354	355	18100	-1	21		침엌蓆쭈	36	34	0	-1	18000000	-1	-1	1	-1	-1	-1	-1	-1	-1	-1	-1	363	0
355	356	18101	-1	21		침엌蓆쭈	36	34	0	-1	18000000	-1	-1	1	-1	-1	-1	-1	-1	-1	-1	-1	363	0
356	357	18102	-1	21		침엌蓆쭈	36	34	0	-1	18000000	-1	-1	1	-1	-1	-1	-1	-1	-1	-1	-1	363	0
357	358	18103	-1	21		침엌蓆쭈	36	34	0	-1	18000000	-1	-1	1	-1	-1	-1	-1	-1	-1	-1	-1	363	0
358	359	18104	-1	21		침엌蓆쭈	36	34	0	-1	18000000	-1	-1	1	-1	-1	-1	-1	-1	-1	-1	-1	363	0
359	360	18105	-1	21		침엌蓆쭈	36	34	0	-1	18000000	-1	-1	1	-1	-1	-1	-1	-1	-1	-1	-1	363	0
360	361	18106	-1	21		침엌蓆쭈	36	34	0	-1	18000000	-1	-1	1	-1	-1	-1	-1	-1	-1	-1	-1	363	0
361	362	18107	-1	21		침엌蓆쭈	36	34	0	-1	18000000	-1	-1	1	-1	-1	-1	-1	-1	-1	-1	-1	363	0
362	363	18108	-1	21		침엌蓆쭈	36	34	0	-1	18000000	-1	-1	1	-1	-1	-1	-1	-1	-1	-1	-1	363	0
363	364	18109	-1	21		침엌蓆쭈	36	34	0	-1	18000000	-1	-1	1	-1	-1	-1	-1	-1	-1	-1	-1	363	0
364	365	18110	-1	21		침엌蓆쭈	36	34	0	-1	18000000	-1	-1	1	-1	-1	-1	-1	-1	-1	-1	-1	363	0
365	366	18111	-1	21		침엌蓆쭈	36	34	0	-1	18000000	-1	-1	1	-1	-1	-1	-1	-1	-1	-1	-1	363	0
366	367	18112	-1	21		침엌蓆쭈	36	34	0	-1	18000000	-1	-1	1	-1	-1	-1	-1	-1	-1	-1	-1	363	0
367	368	18113	-1	21		침엌蓆쭈	36	34	0	-1	18000000	-1	-1	1	-1	-1	-1	-1	-1	-1	-1	-1	363	0
368	369	18114	-1	21		침엌蓆쭈	36	34	0	-1	18000000	-1	-1	1	-1	-1	-1	-1	-1	-1	-1	-1	363	0
369	370	18115	-1	21		침엌蓆쭈	36	34	0	-1	18000000	-1	-1	1	-1	-1	-1	-1	-1	-1	-1	-1	363	0
370	371	18116	-1	21		침엌蓆쭈	36	34	0	-1	18000000	-1	-1	1	-1	-1	-1	-1	-1	-1	-1	-1	363	0
371	372	18117	-1	21		침엌蓆쭈	36	34	0	-1	18000000	-1	-1	1	-1	-1	-1	-1	-1	-1	-1	-1	363	0
372	373	18118	-1	21		침엌蓆쭈	36	34	0	-1	18000000	-1	-1	1	-1	-1	-1	-1	-1	-1	-1	-1	363	0
373	374	18119	-1	21		침엌蓆쭈	36	34	0	-1	18000000	-1	-1	1	-1	-1	-1	-1	-1	-1	-1	-1	363	0
374	375	18120	-1	21		침엌蓆쭈	36	34	0	-1	18000000	-1	-1	1	-1	-1	-1	-1	-1	-1	-1	-1	363	0
375	376	20003	-1	21		濫끝裂쥣	53	51	0	0	300000	-1	-1	-1	-1	-1	-1	-1	-1	-1	-1	-1	92	0
376	377	20003	-1	21		濫끝裂쥣	198	57	0	0	300000	-1	-1	-1	-1	-1	-1	-1	-1	-1	-1	-1	92	1
377	378	20003	-1	21		濫끝裂쥣	202	203	0	0	300000	-1	-1	-1	-1	-1	-1	-1	-1	-1	-1	-1	92	2
378	379	20003	-1	21		濫끝裂쥣	54	200	0	0	300000	-1	-1	-1	-1	-1	-1	-1	-1	-1	-1	-1	92	3
379	380	20003	-1	21		濫끝裂쥣	53	51	0	0	300000	-1	-1	-1	-1	-1	-1	-1	-1	-1	-1	-1	92	4
380	381	20003	-1	21		濫끝裂쥣	198	57	0	0	300000	-1	-1	-1	-1	-1	-1	-1	-1	-1	-1	-1	92	5
381	382	20003	-1	21		濫끝裂쥣	202	203	0	0	300000	-1	-1	-1	-1	-1	-1	-1	-1	-1	-1	-1	92	6
382	383	20003	-1	21		濫끝裂쥣	54	200	0	0	300000	-1	-1	-1	-1	-1	-1	-1	-1	-1	-1	-1	92	7
383	384	20003	-1	21		濫끝裂쥣	53	51	0	0	300000	-1	-1	-1	-1	-1	-1	-1	-1	-1	-1	-1	93	0
384	385	20003	-1	21		濫끝裂쥣	198	57	0	0	300000	-1	-1	-1	-1	-1	-1	-1	-1	-1	-1	-1	93	1
385	386	20003	-1	21		濫끝裂쥣	202	203	0	0	300000	-1	-1	-1	-1	-1	-1	-1	-1	-1	-1	-1	93	2
386	387	20003	-1	21		濫끝裂쥣	54	200	0	0	300000	-1	-1	-1	-1	-1	-1	-1	-1	-1	-1	-1	93	3
387	388	20003	-1	21		濫끝裂쥣	53	51	0	0	300000	-1	-1	-1	-1	-1	-1	-1	-1	-1	-1	-1	93	4
388	389	20003	-1	21		濫끝裂쥣	198	57	0	0	300000	-1	-1	-1	-1	-1	-1	-1	-1	-1	-1	-1	93	5
389	390	20003	-1	21		濫끝裂쥣	202	203	0	0	300000	-1	-1	-1	-1	-1	-1	-1	-1	-1	-1	-1	93	6
390	391	20003	-1	21		濫끝裂쥣	54	200	0	0	300000	-1	-1	-1	-1	-1	-1	-1	-1	-1	-1	-1	93	7
391	392	20003	-1	21		濫끝裂쥣	53	51	0	0	300000	-1	-1	-1	-1	-1	-1	-1	-1	-1	-1	-1	94	0
392	393	20003	-1	21		濫끝裂쥣	198	57	0	0	300000	-1	-1	-1	-1	-1	-1	-1	-1	-1	-1	-1	94	1
393	394	20003	-1	21		濫끝裂쥣	202	203	0	0	300000	-1	-1	-1	-1	-1	-1	-1	-1	-1	-1	-1	94	2
394	395	20003	-1	21		濫끝裂쥣	54	200	0	0	300000	-1	-1	-1	-1	-1	-1	-1	-1	-1	-1	-1	94	3
395	396	20003	-1	21		濫끝裂쥣	53	51	0	0	300000	-1	-1	-1	-1	-1	-1	-1	-1	-1	-1	-1	94	4
396	397	20003	-1	21		濫끝裂쥣	198	57	0	0	300000	-1	-1	-1	-1	-1	-1	-1	-1	-1	-1	-1	94	5
397	398	20003	-1	21		濫끝裂쥣	202	203	0	0	300000	-1	-1	-1	-1	-1	-1	-1	-1	-1	-1	-1	94	6
398	399	20003	-1	21		濫끝裂쥣	54	200	0	0	300000	-1	-1	-1	-1	-1	-1	-1	-1	-1	-1	-1	94	7
399	400	20003	-1	21		濫끝裂쥣	53	51	0	0	300000	-1	-1	-1	-1	-1	-1	-1	-1	-1	-1	-1	192	0
400	401	20003	-1	21		濫끝裂쥣	198	57	0	0	300000	-1	-1	-1	-1	-1	-1	-1	-1	-1	-1	-1	192	1
401	402	20003	-1	21		濫끝裂쥣	202	203	0	0	300000	-1	-1	-1	-1	-1	-1	-1	-1	-1	-1	-1	192	2
402	403	20003	-1	21		濫끝裂쥣	54	200	0	0	300000	-1	-1	-1	-1	-1	-1	-1	-1	-1	-1	-1	192	3
403	404	20003	-1	21		濫끝裂쥣	53	51	0	0	300000	-1	-1	-1	-1	-1	-1	-1	-1	-1	-1	-1	192	4
404	405	20003	-1	21		濫끝裂쥣	198	57	0	0	300000	-1	-1	-1	-1	-1	-1	-1	-1	-1	-1	-1	192	5
405	406	20003	-1	21		濫끝裂쥣	202	203	0	0	300000	-1	-1	-1	-1	-1	-1	-1	-1	-1	-1	-1	192	6
406	407	20003	-1	21		濫끝裂쥣	54	200	0	0	300000	-1	-1	-1	-1	-1	-1	-1	-1	-1	-1	-1	192	7
407	408	20003	-1	21		濫끝裂쥣	53	51	0	0	300000	-1	-1	-1	-1	-1	-1	-1	-1	-1	-1	-1	193	0
408	409	20003	-1	21		濫끝裂쥣	198	57	0	0	300000	-1	-1	-1	-1	-1	-1	-1	-1	-1	-1	-1	193	1
409	410	20003	-1	21		濫끝裂쥣	202	203	0	0	300000	-1	-1	-1	-1	-1	-1	-1	-1	-1	-1	-1	193	2
410	411	20003	-1	21		濫끝裂쥣	54	200	0	0	300000	-1	-1	-1	-1	-1	-1	-1	-1	-1	-1	-1	193	3
411	412	20003	-1	21		濫끝裂쥣	53	51	0	0	300000	-1	-1	-1	-1	-1	-1	-1	-1	-1	-1	-1	193	4
412	413	20003	-1	21		濫끝裂쥣	198	57	0	0	300000	-1	-1	-1	-1	-1	-1	-1	-1	-1	-1	-1	193	5
413	414	20003	-1	21		濫끝裂쥣	202	203	0	0	300000	-1	-1	-1	-1	-1	-1	-1	-1	-1	-1	-1	193	6
414	415	20003	-1	21		濫끝裂쥣	54	200	0	0	300000	-1	-1	-1	-1	-1	-1	-1	-1	-1	-1	-1	193	7
415	416	20003	-1	21		濫끝裂쥣	53	51	0	0	300000	-1	-1	-1	-1	-1	-1	-1	-1	-1	-1	-1	194	0
416	417	20003	-1	21		濫끝裂쥣	198	57	0	0	300000	-1	-1	-1	-1	-1	-1	-1	-1	-1	-1	-1	194	1
417	418	20003	-1	21		濫끝裂쥣	202	203	0	0	300000	-1	-1	-1	-1	-1	-1	-1	-1	-1	-1	-1	194	2
418	419	20003	-1	21		濫끝裂쥣	54	200	0	0	300000	-1	-1	-1	-1	-1	-1	-1	-1	-1	-1	-1	194	3
419	420	20003	-1	21		濫끝裂쥣	53	51	0	0	300000	-1	-1	-1	-1	-1	-1	-1	-1	-1	-1	-1	194	4
420	421	20003	-1	21		濫끝裂쥣	198	57	0	0	300000	-1	-1	-1	-1	-1	-1	-1	-1	-1	-1	-1	194	5
421	422	20003	-1	21		濫끝裂쥣	202	203	0	0	300000	-1	-1	-1	-1	-1	-1	-1	-1	-1	-1	-1	194	6
422	423	20003	-1	21		濫끝裂쥣	54	200	0	0	300000	-1	-1	-1	-1	-1	-1	-1	-1	-1	-1	-1	194	7
423	424	20003	-1	21		濫끝裂쥣	53	51	0	0	300000	-1	-1	-1	-1	-1	-1	-1	-1	-1	-1	-1	292	0
424	425	20003	-1	21		濫끝裂쥣	198	57	0	0	300000	-1	-1	-1	-1	-1	-1	-1	-1	-1	-1	-1	292	1
425	426	20003	-1	21		濫끝裂쥣	202	203	0	0	300000	-1	-1	-1	-1	-1	-1	-1	-1	-1	-1	-1	292	2
426	427	20003	-1	21		濫끝裂쥣	54	200	0	0	300000	-1	-1	-1	-1	-1	-1	-1	-1	-1	-1	-1	292	3
427	428	20003	-1	21		濫끝裂쥣	53	51	0	0	300000	-1	-1	-1	-1	-1	-1	-1	-1	-1	-1	-1	292	4
428	429	20003	-1	21		濫끝裂쥣	198	57	0	0	300000	-1	-1	-1	-1	-1	-1	-1	-1	-1	-1	-1	292	5
429	430	20003	-1	21		濫끝裂쥣	202	203	0	0	300000	-1	-1	-1	-1	-1	-1	-1	-1	-1	-1	-1	292	6
430	431	20003	-1	21		濫끝裂쥣	54	200	0	0	300000	-1	-1	-1	-1	-1	-1	-1	-1	-1	-1	-1	292	7
431	432	20003	-1	21		濫끝裂쥣	53	51	0	0	300000	-1	-1	-1	-1	-1	-1	-1	-1	-1	-1	-1	293	0
432	433	20003	-1	21		濫끝裂쥣	198	57	0	0	300000	-1	-1	-1	-1	-1	-1	-1	-1	-1	-1	-1	293	1
433	434	20003	-1	21		濫끝裂쥣	202	203	0	0	300000	-1	-1	-1	-1	-1	-1	-1	-1	-1	-1	-1	293	2
434	435	20003	-1	21		濫끝裂쥣	54	200	0	0	300000	-1	-1	-1	-1	-1	-1	-1	-1	-1	-1	-1	293	3
435	436	20003	-1	21		濫끝裂쥣	53	51	0	0	300000	-1	-1	-1	-1	-1	-1	-1	-1	-1	-1	-1	293	4
436	437	20003	-1	21		濫끝裂쥣	198	57	0	0	300000	-1	-1	-1	-1	-1	-1	-1	-1	-1	-1	-1	293	5
437	438	20003	-1	21		濫끝裂쥣	202	203	0	0	300000	-1	-1	-1	-1	-1	-1	-1	-1	-1	-1	-1	293	6
438	439	20003	-1	21		濫끝裂쥣	54	200	0	0	300000	-1	-1	-1	-1	-1	-1	-1	-1	-1	-1	-1	293	7
439	440	20003	-1	21		濫끝裂쥣	53	51	0	0	300000	-1	-1	-1	-1	-1	-1	-1	-1	-1	-1	-1	294	0
440	441	20003	-1	21		濫끝裂쥣	198	57	0	0	300000	-1	-1	-1	-1	-1	-1	-1	-1	-1	-1	-1	294	1
441	442	20003	-1	21		濫끝裂쥣	202	203	0	0	300000	-1	-1	-1	-1	-1	-1	-1	-1	-1	-1	-1	294	2
442	443	20003	-1	21		濫끝裂쥣	54	200	0	0	300000	-1	-1	-1	-1	-1	-1	-1	-1	-1	-1	-1	294	3
443	444	20003	-1	21		濫끝裂쥣	53	51	0	0	300000	-1	-1	-1	-1	-1	-1	-1	-1	-1	-1	-1	294	4
444	445	20003	-1	21		濫끝裂쥣	198	57	0	0	300000	-1	-1	-1	-1	-1	-1	-1	-1	-1	-1	-1	294	5
445	446	20003	-1	21		濫끝裂쥣	202	203	0	0	300000	-1	-1	-1	-1	-1	-1	-1	-1	-1	-1	-1	294	6
446	447	20003	-1	21		濫끝裂쥣	54	200	0	0	300000	-1	-1	-1	-1	-1	-1	-1	-1	-1	-1	-1	294	7
447	448	20003	-1	21		濫끝裂쥣	53	51	0	0	300000	-1	-1	-1	-1	-1	-1	-1	-1	-1	-1	-1	392	0
448	449	20003	-1	21		濫끝裂쥣	198	57	0	0	300000	-1	-1	-1	-1	-1	-1	-1	-1	-1	-1	-1	392	1
449	450	20003	-1	21		濫끝裂쥣	202	203	0	0	300000	-1	-1	-1	-1	-1	-1	-1	-1	-1	-1	-1	392	2
450	451	20003	-1	21		濫끝裂쥣	54	200	0	0	300000	-1	-1	-1	-1	-1	-1	-1	-1	-1	-1	-1	392	3
451	452	20003	-1	21		濫끝裂쥣	53	51	0	0	300000	-1	-1	-1	-1	-1	-1	-1	-1	-1	-1	-1	392	4
452	453	20003	-1	21		濫끝裂쥣	198	57	0	0	300000	-1	-1	-1	-1	-1	-1	-1	-1	-1	-1	-1	392	5
453	454	20003	-1	21		濫끝裂쥣	202	203	0	0	300000	-1	-1	-1	-1	-1	-1	-1	-1	-1	-1	-1	392	6
454	455	20003	-1	21		濫끝裂쥣	54	200	0	0	300000	-1	-1	-1	-1	-1	-1	-1	-1	-1	-1	-1	392	7
455	456	20003	-1	21		濫끝裂쥣	53	51	0	0	300000	-1	-1	-1	-1	-1	-1	-1	-1	-1	-1	-1	393	0
456	457	20003	-1	21		濫끝裂쥣	198	57	0	0	300000	-1	-1	-1	-1	-1	-1	-1	-1	-1	-1	-1	393	1
457	458	20003	-1	21		濫끝裂쥣	202	203	0	0	300000	-1	-1	-1	-1	-1	-1	-1	-1	-1	-1	-1	393	2
458	459	20003	-1	21		濫끝裂쥣	54	200	0	0	300000	-1	-1	-1	-1	-1	-1	-1	-1	-1	-1	-1	393	3
459	460	20003	-1	21		濫끝裂쥣	53	51	0	0	300000	-1	-1	-1	-1	-1	-1	-1	-1	-1	-1	-1	393	4
460	461	20003	-1	21		濫끝裂쥣	198	57	0	0	300000	-1	-1	-1	-1	-1	-1	-1	-1	-1	-1	-1	393	5
461	462	20003	-1	21		濫끝裂쥣	202	203	0	0	300000	-1	-1	-1	-1	-1	-1	-1	-1	-1	-1	-1	393	6
462	463	20003	-1	21		濫끝裂쥣	54	200	0	0	300000	-1	-1	-1	-1	-1	-1	-1	-1	-1	-1	-1	393	7
463	464	20003	-1	21		濫끝裂쥣	53	51	0	0	300000	-1	-1	-1	-1	-1	-1	-1	-1	-1	-1	-1	394	0
464	465	20003	-1	21		濫끝裂쥣	198	57	0	0	300000	-1	-1	-1	-1	-1	-1	-1	-1	-1	-1	-1	394	1
465	466	20003	-1	21		濫끝裂쥣	202	203	0	0	300000	-1	-1	-1	-1	-1	-1	-1	-1	-1	-1	-1	394	2
466	467	20003	-1	21		濫끝裂쥣	54	200	0	0	300000	-1	-1	-1	-1	-1	-1	-1	-1	-1	-1	-1	394	3
467	468	20003	-1	21		濫끝裂쥣	53	51	0	0	300000	-1	-1	-1	-1	-1	-1	-1	-1	-1	-1	-1	394	4
468	469	20003	-1	21		濫끝裂쥣	198	57	0	0	300000	-1	-1	-1	-1	-1	-1	-1	-1	-1	-1	-1	394	5
469	470	20003	-1	21		濫끝裂쥣	202	203	0	0	300000	-1	-1	-1	-1	-1	-1	-1	-1	-1	-1	-1	394	6
470	471	20003	-1	21		濫끝裂쥣	54	200	0	0	300000	-1	-1	-1	-1	-1	-1	-1	-1	-1	-1	-1	394	7
471	472	20003	-1	21		濫끝裂쥣	53	51	0	0	300000	-1	-1	-1	-1	-1	-1	-1	-1	-1	-1	-1	519	0
472	473	20003	-1	21		濫끝裂쥣	198	57	0	0	300000	-1	-1	-1	-1	-1	-1	-1	-1	-1	-1	-1	519	1
473	474	20003	-1	21		濫끝裂쥣	202	203	0	0	300000	-1	-1	-1	-1	-1	-1	-1	-1	-1	-1	-1	519	2
474	475	20003	-1	21		濫끝裂쥣	54	200	0	0	300000	-1	-1	-1	-1	-1	-1	-1	-1	-1	-1	-1	519	3
475	476	20003	-1	21		濫끝裂쥣	53	51	0	0	300000	-1	-1	-1	-1	-1	-1	-1	-1	-1	-1	-1	519	4
476	477	20003	-1	21		濫끝裂쥣	198	57	0	0	300000	-1	-1	-1	-1	-1	-1	-1	-1	-1	-1	-1	519	5
477	478	20003	-1	21		濫끝裂쥣	202	203	0	0	300000	-1	-1	-1	-1	-1	-1	-1	-1	-1	-1	-1	519	6
478	479	20003	-1	21		濫끝裂쥣	54	200	0	0	300000	-1	-1	-1	-1	-1	-1	-1	-1	-1	-1	-1	519	7
479	480	20003	-1	21		濫끝裂쥣	53	51	0	0	300000	-1	-1	-1	-1	-1	-1	-1	-1	-1	-1	-1	530	0
480	481	20003	-1	21		濫끝裂쥣	198	57	0	0	300000	-1	-1	-1	-1	-1	-1	-1	-1	-1	-1	-1	530	1
481	482	20003	-1	21		濫끝裂쥣	202	203	0	0	300000	-1	-1	-1	-1	-1	-1	-1	-1	-1	-1	-1	530	2
482	483	20003	-1	21		濫끝裂쥣	54	200	0	0	300000	-1	-1	-1	-1	-1	-1	-1	-1	-1	-1	-1	530	3
483	484	20003	-1	21		濫끝裂쥣	53	51	0	0	300000	-1	-1	-1	-1	-1	-1	-1	-1	-1	-1	-1	530	4
484	485	20003	-1	21		濫끝裂쥣	198	57	0	0	300000	-1	-1	-1	-1	-1	-1	-1	-1	-1	-1	-1	530	5
485	486	20003	-1	21		濫끝裂쥣	202	203	0	0	300000	-1	-1	-1	-1	-1	-1	-1	-1	-1	-1	-1	530	6
486	487	20003	-1	21		濫끝裂쥣	54	200	0	0	300000	-1	-1	-1	-1	-1	-1	-1	-1	-1	-1	-1	530	7
487	488	20003	-1	21		濫끝裂쥣	53	51	0	0	300000	-1	-1	-1	-1	-1	-1	-1	-1	-1	-1	-1	531	0
488	489	20003	-1	21		濫끝裂쥣	198	57	0	0	300000	-1	-1	-1	-1	-1	-1	-1	-1	-1	-1	-1	531	1
489	490	20003	-1	21		濫끝裂쥣	202	203	0	0	300000	-1	-1	-1	-1	-1	-1	-1	-1	-1	-1	-1	531	2
490	491	20003	-1	21		濫끝裂쥣	54	200	0	0	300000	-1	-1	-1	-1	-1	-1	-1	-1	-1	-1	-1	531	3
491	492	20003	-1	21		濫끝裂쥣	53	51	0	0	300000	-1	-1	-1	-1	-1	-1	-1	-1	-1	-1	-1	531	4
492	493	20003	-1	21		濫끝裂쥣	198	57	0	0	300000	-1	-1	-1	-1	-1	-1	-1	-1	-1	-1	-1	531	5
493	494	20003	-1	21		濫끝裂쥣	202	203	0	0	300000	-1	-1	-1	-1	-1	-1	-1	-1	-1	-1	-1	531	6
494	495	20003	-1	21		濫끝裂쥣	54	200	0	0	300000	-1	-1	-1	-1	-1	-1	-1	-1	-1	-1	-1	531	7
495	496	20003	-1	21		濫끝裂쥣	53	51	0	0	300000	-1	-1	-1	-1	-1	-1	-1	-1	-1	-1	-1	532	0
496	497	20003	-1	21		濫끝裂쥣	198	57	0	0	300000	-1	-1	-1	-1	-1	-1	-1	-1	-1	-1	-1	532	1
497	498	20003	-1	21		濫끝裂쥣	202	203	0	0	300000	-1	-1	-1	-1	-1	-1	-1	-1	-1	-1	-1	532	2
498	499	20003	-1	21		濫끝裂쥣	54	200	0	0	300000	-1	-1	-1	-1	-1	-1	-1	-1	-1	-1	-1	532	3
499	500	20003	-1	21		濫끝裂쥣	53	51	0	0	300000	-1	-1	-1	-1	-1	-1	-1	-1	-1	-1	-1	532	4
500	501	20003	-1	21		濫끝裂쥣	198	57	0	0	300000	-1	-1	-1	-1	-1	-1	-1	-1	-1	-1	-1	532	5
501	502	20003	-1	21		濫끝裂쥣	202	203	0	0	300000	-1	-1	-1	-1	-1	-1	-1	-1	-1	-1	-1	532	6
502	503	20003	-1	21		濫끝裂쥣	54	200	0	0	300000	-1	-1	-1	-1	-1	-1	-1	-1	-1	-1	-1	532	7
503	504	10458	-1	21			120	49	0	0	18000000	-1	-1	-1	-1	-1	-1	-1	-1	-1	-1	-1	472	8
504	505	10458	-1	21			67	196	0	0	18000000	-1	-1	-1	-1	-1	-1	-1	-1	-1	-1	-1	472	8
505	506	10458	-1	21			109	233	0	0	18000000	-1	-1	-1	-1	-1	-1	-1	-1	-1	-1	-1	472	8
506	507	10457	-1	21			399	343	0	0	18000000	-1	-1	-1	-1	-1	-1	-1	-1	-1	-1	-1	472	9
507	508	10457	-1	21			431	156	0	0	18000000	-1	-1	-1	-1	-1	-1	-1	-1	-1	-1	-1	472	9
508	509	10457	-1	21			380	59	0	0	18000000	-1	-1	-1	-1	-1	-1	-1	-1	-1	-1	-1	472	9
509	510	10456	-1	21			64	83	0	0	18000000	-1	-1	-1	-1	-1	-1	-1	-1	-1	-1	-1	565	10
510	511	10456	-1	21			62	47	0	0	18000000	-1	-1	-1	-1	-1	-1	-1	-1	-1	-1	-1	566	10
511	512	18304	-1	21	坑郭쟁饑		251	287	0	0	3600000	-1	-1	-1	-1	-1	-1	-1	-1	-1	-1	-1	569	11
512	513	18305	-1	21	힉쯩윗킵		237	233	0	0	3600000	-1	-1	-1	-1	-1	-1	-1	-1	-1	-1	-1	567	11
513	514	18121	-1	21		침엌빱랬	40	109	0	-1	7200000	-1	-1	-1	-1	0	-1	-1	-1	-1	-1	-1	545	0
514	515	18126	-1	21		침엌빱랬	88	60	0	-1	7200000	-1	-1	-1	-1	0	-1	-1	-1	-1	-1	-1	570	0
