NUM	NUM	NUM	NUM	NUM	TEXT	TEXT	FLOAT	FLOAT	NUM	NUM	NUM	NUM	NUM	NUM	NUM	NUM	NUM	NUM	NUM	NUM	NUM	NUM	NUM
编号	随机编号	attr编号	逻辑表编号	阵营编号	名称	称号	x轴坐标	z轴坐标	朝向	脚本编号	重生时间	分组编号	队伍编号	基础AI	AI文件	巡逻路径	商店0	商店1	商店2	商店3	名誉ID	等级	镜像组
0	15053645	9807	-1	21	阿卜杜勒	恒河之王爪牙	221.399689	38.202591	0	300619	10000	-1	-1	1	0	-1	-1	-1	-1	-1	-1	75	0	
1	15053646	9829	400602	21	领地图腾	西亚地区	83.436844	185.79187	25	-1	180000	-1	-1	3	0	-1	-1	-1	-1	-1	-1	75	0	
2	6025826	2180	400368	20	巴格达士兵		95.257767	223.215668	9	-1	1000	-1	-1	3	0	-1	-1	-1	-1	-1	-1	75	0	
3	7252919	1629	400350	20	阿巴哈		91.511917	212.689514	33	-1	1000	-1	-1	3	0	-1	-1	-1	-1	-1	-1	75	0	
4	7253032	2180	400367	20	巴格达士兵		122.71228	210.921021	0	-1	10000	-1	-1	3	0	-1	-1	-1	-1	-1	-1	75	0	
5	7253035	2180	400366	20	巴格达士兵		107.2006	218.519638	12	-1	10000	-1	-1	3	0	-1	-1	-1	-1	-1	-1	75	0	
6	7253036	2180	400368	20	巴格达士兵		98.342468	223.374573	9	-1	10000	-1	-1	3	0	-1	-1	-1	-1	-1	-1	75	0	
7	7253042	1363	400354	20	教徒伊斯保尔		105.320404	195.626694	18	0	10000	-1	-1	3	0	-1	-1	-1	-1	-1	-1	75	0	
8	7253043	1909	400356	20	兰娃尔		94.84758	219.644928	32	0	10000	-1	-1	3	0	-1	-1	-1	-1	-1	-1	75	0	
9	7253044	1360	400352	20	兰斯	巴格达税官	105.263	217.581757	6	0	10000	-1	-1	3	0	-1	-1	-1	-1	-1	-1	75	0	
10	7253045	1361	400356	20	富伊特		96.735703	218.942993	26	0	10000	-1	-1	3	0	-1	-1	-1	-1	-1	-1	75	0	
11	7253053	2180	400366	20	巴格达士兵		103.354095	218.677673	4	-1	10000	-1	-1	3	0	-1	-1	-1	-1	-1	-1	75	0	
12	7253054	2180	400367	20	巴格达士兵		122.737381	202.162109	0	-1	10000	-1	-1	3	0	-1	-1	-1	-1	-1	-1	75	0	
13	7253055	2363	-1	20	 		109.05809	212.840881	22	0	10000	-1	-1	3	0	-1	-1	-1	-1	-1	-1	75	0	
14	7253057	81	400355	20	特罗斯	大马士革商人	106.654404	215.228973	24	0	10000	-1	-1	3	0	-1	-1	-1	-1	-1	-1	75	0	
15	7253058	1630	400351	20	宣事官萨哈夫		96.846748	221.84082	8	0	10000	-1	-1	3	0	-1	-1	-1	-1	-1	-1	75	0	
16	15053646	9558	-1	21	巴格达沙魔		109.125656	151.45636	0	300640	10000	-1	-1	1	0	-1	-1	-1	-1	-1	-1	75	0	
17	15053647	9558	-1	21	巴格达沙魔		108.52594	151.036835	0	300640	10000	-1	-1	1	0	-1	-1	-1	-1	-1	-1	75	0	
18	15053648	9558	-1	21	巴格达沙魔		108.668068	152.218506	0	300640	10000	-1	-1	1	0	-1	-1	-1	-1	-1	-1	75	0	
19	15053649	9558	-1	21	巴格达沙魔		108.693726	152.572754	0	300640	10000	-1	-1	1	0	-1	-1	-1	-1	-1	-1	75	0	
20	15053650	9558	-1	21	巴格达沙魔		108.658203	151.412689	0	300640	10000	-1	-1	1	0	-1	-1	-1	-1	-1	-1	75	0	
21	15053651	9558	-1	21	巴格达沙魔		107.807808	151.854202	0	300640	10000	-1	-1	1	0	-1	-1	-1	-1	-1	-1	75	0	
22	15053652	9558	-1	21	巴格达沙魔		108.250641	152.203918	0	300640	10000	-1	-1	1	0	-1	-1	-1	-1	-1	-1	75	0	
23	15053653	9558	-1	21	巴格达沙魔		107.659424	152.402344	0	300640	10000	-1	-1	1	0	-1	-1	-1	-1	-1	-1	75	0	
24	15053654	9558	-1	21	巴格达沙魔		107.909058	152.582108	0	300640	10000	-1	-1	1	0	-1	-1	-1	-1	-1	-1	75	0	
25	15053655	9558	-1	21	巴格达沙魔		108.42421	152.456146	0	300640	10000	-1	-1	1	0	-1	-1	-1	-1	-1	-1	75	0	
26	15053656	9558	-1	21	巴格达沙魔		107.625031	151.869888	0	300640	10000	-1	-1	1	0	-1	-1	-1	-1	-1	-1	75	0	
27	15053657	9558	-1	21	巴格达沙魔		107.746498	152.521912	0	300640	10000	-1	-1	1	0	-1	-1	-1	-1	-1	-1	75	0	
28	15053658	9558	-1	21	巴格达沙魔		107.725403	152.602051	0	300640	10000	-1	-1	1	0	-1	-1	-1	-1	-1	-1	75	0	
29	15053659	9558	-1	21	巴格达沙魔		107.777267	152.181976	0	300640	10000	-1	-1	1	0	-1	-1	-1	-1	-1	-1	75	0	
30	15053660	9558	-1	21	巴格达沙魔		107.582291	152.017914	0	300640	10000	-1	-1	1	0	-1	-1	-1	-1	-1	-1	75	0	
31	15053661	9558	-1	21	巴格达沙魔		89.452919	103.583786	0	300640	10000	-1	-1	1	0	-1	-1	-1	-1	-1	-1	75	0	
32	15053662	9558	-1	21	巴格达沙魔		89.452919	103.383789	0	300640	10000	-1	-1	1	0	-1	-1	-1	-1	-1	-1	75	0	
33	15053663	9558	-1	21	巴格达沙魔		89.452919	103.783783	0	300640	10000	-1	-1	1	0	-1	-1	-1	-1	-1	-1	75	0	
34	15053664	9558	-1	21	巴格达沙魔		89.252922	103.583786	0	300640	10000	-1	-1	1	0	-1	-1	-1	-1	-1	-1	75	0	
35	15053665	9558	-1	21	巴格达沙魔		89.652916	103.583786	0	300640	10000	-1	-1	1	0	-1	-1	-1	-1	-1	-1	75	0	
36	15053666	9558	-1	21	巴格达沙魔		89.352921	103.483788	0	300640	10000	-1	-1	1	0	-1	-1	-1	-1	-1	-1	75	0	
37	15053667	9558	-1	21	巴格达沙魔		89.352921	103.683784	0	300640	10000	-1	-1	1	0	-1	-1	-1	-1	-1	-1	75	0	
38	15053668	9558	-1	21	巴格达沙魔		89.152916	103.583786	0	300640	10000	-1	-1	1	0	-1	-1	-1	-1	-1	-1	75	0	
39	15053669	9558	-1	21	巴格达沙魔		89.752922	103.583786	0	300640	10000	-1	-1	1	0	-1	-1	-1	-1	-1	-1	75	0	
40	15053670	9558	-1	21	巴格达沙魔		89.552917	103.483788	0	300640	10000	-1	-1	1	0	-1	-1	-1	-1	-1	-1	75	0	
41	15053671	9558	-1	21	巴格达沙魔		89.552917	103.683784	0	300640	10000	-1	-1	1	0	-1	-1	-1	-1	-1	-1	75	0	
42	15053672	9558	-1	21	巴格达沙魔		89.352921	103.583786	0	300640	10000	-1	-1	1	0	-1	-1	-1	-1	-1	-1	75	0	
43	15053673	9558	-1	21	巴格达沙魔		89.552917	103.583786	0	300640	10000	-1	-1	1	0	-1	-1	-1	-1	-1	-1	75	0	
44	15053674	9558	-1	21	巴格达沙魔		89.452919	103.683784	0	300640	10000	-1	-1	1	0	-1	-1	-1	-1	-1	-1	75	0	
45	15053675	9558	-1	21	巴格达沙魔		89.452919	103.483788	0	300640	10000	-1	-1	1	0	-1	-1	-1	-1	-1	-1	75	0	
46	15053676	9558	-1	21	巴格达沙魔		160.664047	89.248215	0	300640	10000	-1	-1	1	0	-1	-1	-1	-1	-1	-1	75	0	
47	15053677	9558	-1	21	巴格达沙魔		160.664047	89.048218	0	300640	10000	-1	-1	1	0	-1	-1	-1	-1	-1	-1	75	0	
48	15053678	9558	-1	21	巴格达沙魔		160.664047	89.448212	0	300640	10000	-1	-1	1	0	-1	-1	-1	-1	-1	-1	75	0	
49	15053679	9558	-1	21	巴格达沙魔		160.46405	89.248215	0	300640	10000	-1	-1	1	0	-1	-1	-1	-1	-1	-1	75	0	
50	15053680	9558	-1	21	巴格达沙魔		160.864044	89.248215	0	300640	10000	-1	-1	1	0	-1	-1	-1	-1	-1	-1	75	0	
51	15053681	9558	-1	21	巴格达沙魔		160.564041	89.148216	0	300640	10000	-1	-1	1	0	-1	-1	-1	-1	-1	-1	75	0	
52	15053682	9558	-1	21	巴格达沙魔		160.564041	89.348213	0	300640	10000	-1	-1	1	0	-1	-1	-1	-1	-1	-1	75	0	
53	15053683	9558	-1	21	巴格达沙魔		160.364044	89.248215	0	300640	10000	-1	-1	1	0	-1	-1	-1	-1	-1	-1	75	0	
54	15053684	9558	-1	21	巴格达沙魔		160.96405	89.248215	0	300640	10000	-1	-1	1	0	-1	-1	-1	-1	-1	-1	75	0	
55	15053685	9558	-1	21	巴格达沙魔		160.764053	89.148216	0	300640	10000	-1	-1	1	0	-1	-1	-1	-1	-1	-1	75	0	
56	15053686	9558	-1	21	巴格达沙魔		160.764053	89.348213	0	300640	10000	-1	-1	1	0	-1	-1	-1	-1	-1	-1	75	0	
57	15053687	9558	-1	21	巴格达沙魔		160.564041	89.248215	0	300640	10000	-1	-1	1	0	-1	-1	-1	-1	-1	-1	75	0	
58	15053688	9558	-1	21	巴格达沙魔		160.764053	89.248215	0	300640	10000	-1	-1	1	0	-1	-1	-1	-1	-1	-1	75	0	
59	15053689	9558	-1	21	巴格达沙魔		160.664047	89.348213	0	300640	10000	-1	-1	1	0	-1	-1	-1	-1	-1	-1	75	0	
60	15053690	9558	-1	21	巴格达沙魔		160.664047	89.148216	0	300640	10000	-1	-1	1	0	-1	-1	-1	-1	-1	-1	75	0	
61	15053691	9558	-1	21	巴格达沙魔		107.821381	123.103004	0	300640	10000	-1	-1	1	0	-1	-1	-1	-1	-1	-1	75	0	
62	15053692	9558	-1	21	巴格达沙魔		104.982208	123.681595	0	300640	10000	-1	-1	1	0	-1	-1	-1	-1	-1	-1	75	0	
63	15053693	9558	-1	21	巴格达沙魔		104.889496	126.994804	0	300640	10000	-1	-1	1	0	-1	-1	-1	-1	-1	-1	75	0	
64	15053694	9558	-1	21	巴格达沙魔		105.819435	125.157974	0	300640	10000	-1	-1	1	0	-1	-1	-1	-1	-1	-1	75	0	
65	15053695	9558	-1	21	巴格达沙魔		105.040375	125.03437	0	300640	10000	-1	-1	1	0	-1	-1	-1	-1	-1	-1	75	0	
66	15053696	9558	-1	21	巴格达沙魔		105.122925	124.478821	0	300640	10000	-1	-1	1	0	-1	-1	-1	-1	-1	-1	75	0	
67	15053697	9558	-1	21	巴格达沙魔		105.871323	124.336166	0	300640	10000	-1	-1	1	0	-1	-1	-1	-1	-1	-1	75	0	
68	15053698	9558	-1	21	巴格达沙魔		106.92215	124.191986	0	300640	10000	-1	-1	1	0	-1	-1	-1	-1	-1	-1	75	0	
69	15053699	9558	-1	21	巴格达沙魔		104.388756	125.87619	0	300640	10000	-1	-1	1	0	-1	-1	-1	-1	-1	-1	75	0	
70	15053700	9558	-1	21	巴格达沙魔		107.388153	124.280655	0	300640	10000	-1	-1	1	0	-1	-1	-1	-1	-1	-1	75	0	
71	15053701	9558	-1	21	巴格达沙魔		106.83992	124.247742	0	300640	10000	-1	-1	1	0	-1	-1	-1	-1	-1	-1	75	0	
72	15053702	9558	-1	21	巴格达沙魔		105.869606	124.001686	0	300640	10000	-1	-1	1	0	-1	-1	-1	-1	-1	-1	75	0	
73	15053703	9558	-1	21	巴格达沙魔		105.595123	124.399704	0	300640	10000	-1	-1	1	0	-1	-1	-1	-1	-1	-1	75	0	
74	15053704	9558	-1	21	巴格达沙魔		107.206322	124.778099	0	300640	10000	-1	-1	1	0	-1	-1	-1	-1	-1	-1	75	0	
75	15053705	9558	-1	21	巴格达沙魔		104.957153	124.242767	0	300640	10000	-1	-1	1	0	-1	-1	-1	-1	-1	-1	75	0	
76	15053706	9558	-1	21	巴格达沙魔		154.614868	117.23941	0	300640	10000	-1	-1	1	0	-1	-1	-1	-1	-1	-1	75	0	
77	15053707	9558	-1	21	巴格达沙魔		154.614868	117.039413	0	300640	10000	-1	-1	1	0	-1	-1	-1	-1	-1	-1	75	0	
78	15053708	9558	-1	21	巴格达沙魔		154.614868	117.439407	0	300640	10000	-1	-1	1	0	-1	-1	-1	-1	-1	-1	75	0	
79	15053709	9558	-1	21	巴格达沙魔		154.414871	117.23941	0	300640	10000	-1	-1	1	0	-1	-1	-1	-1	-1	-1	75	0	
80	15053710	9558	-1	21	巴格达沙魔		154.814865	117.23941	0	300640	10000	-1	-1	1	0	-1	-1	-1	-1	-1	-1	75	0	
81	15053711	9558	-1	21	巴格达沙魔		154.514862	117.139412	0	300640	10000	-1	-1	1	0	-1	-1	-1	-1	-1	-1	75	0	
82	15053712	9558	-1	21	巴格达沙魔		154.514862	117.339409	0	300640	10000	-1	-1	1	0	-1	-1	-1	-1	-1	-1	75	0	
83	15053713	9558	-1	21	巴格达沙魔		154.314865	117.23941	0	300640	10000	-1	-1	1	0	-1	-1	-1	-1	-1	-1	75	0	
84	15053714	9558	-1	21	巴格达沙魔		154.914871	117.23941	0	300640	10000	-1	-1	1	0	-1	-1	-1	-1	-1	-1	75	0	
85	15053715	9558	-1	21	巴格达沙魔		154.714874	117.139412	0	300640	10000	-1	-1	1	0	-1	-1	-1	-1	-1	-1	75	0	
86	15053716	9558	-1	21	巴格达沙魔		154.714874	117.339409	0	300640	10000	-1	-1	1	0	-1	-1	-1	-1	-1	-1	75	0	
87	15053717	9558	-1	21	巴格达沙魔		154.514862	117.23941	0	300640	10000	-1	-1	1	0	-1	-1	-1	-1	-1	-1	75	0	
88	15053718	9558	-1	21	巴格达沙魔		154.714874	117.23941	0	300640	10000	-1	-1	1	0	-1	-1	-1	-1	-1	-1	75	0	
89	15053719	9558	-1	21	巴格达沙魔		154.614868	117.339409	0	300640	10000	-1	-1	1	0	-1	-1	-1	-1	-1	-1	75	0	
90	15053720	9558	-1	21	巴格达沙魔		154.614868	117.139412	0	300640	10000	-1	-1	1	0	-1	-1	-1	-1	-1	-1	75	0	
91	15053721	9558	-1	21	巴格达沙魔		124.137741	79.038208	0	300640	10000	-1	-1	1	0	-1	-1	-1	-1	-1	-1	75	0	
92	15053722	9558	-1	21	巴格达沙魔		124.137741	78.838211	0	300640	10000	-1	-1	1	0	-1	-1	-1	-1	-1	-1	75	0	
93	15053723	9558	-1	21	巴格达沙魔		124.137741	79.238205	0	300640	10000	-1	-1	1	0	-1	-1	-1	-1	-1	-1	75	0	
94	15053724	9558	-1	21	巴格达沙魔		123.937744	79.038208	0	300640	10000	-1	-1	1	0	-1	-1	-1	-1	-1	-1	75	0	
95	15053725	9558	-1	21	巴格达沙魔		124.337738	79.038208	0	300640	10000	-1	-1	1	0	-1	-1	-1	-1	-1	-1	75	0	
96	15053726	9558	-1	21	巴格达沙魔		124.037743	78.93821	0	300640	10000	-1	-1	1	0	-1	-1	-1	-1	-1	-1	75	0	
97	15053727	9558	-1	21	巴格达沙魔		124.037743	79.138206	0	300640	10000	-1	-1	1	0	-1	-1	-1	-1	-1	-1	75	0	
98	15053728	9558	-1	21	巴格达沙魔		123.837738	79.038208	0	300640	10000	-1	-1	1	0	-1	-1	-1	-1	-1	-1	75	0	
99	15053729	9558	-1	21	巴格达沙魔		124.437744	79.038208	0	300640	10000	-1	-1	1	0	-1	-1	-1	-1	-1	-1	75	0	
100	15053730	9558	-1	21	巴格达沙魔		124.23774	78.93821	0	300640	10000	-1	-1	1	0	-1	-1	-1	-1	-1	-1	75	0	
101	15053731	9558	-1	21	巴格达沙魔		124.23774	79.138206	0	300640	10000	-1	-1	1	0	-1	-1	-1	-1	-1	-1	75	0	
102	15053732	9558	-1	21	巴格达沙魔		124.037743	79.038208	0	300640	10000	-1	-1	1	0	-1	-1	-1	-1	-1	-1	75	0	
103	15053733	9558	-1	21	巴格达沙魔		124.23774	79.038208	0	300640	10000	-1	-1	1	0	-1	-1	-1	-1	-1	-1	75	0	
104	15053734	9558	-1	21	巴格达沙魔		124.137741	79.138206	0	300640	10000	-1	-1	1	0	-1	-1	-1	-1	-1	-1	75	0	
105	15053735	9558	-1	21	巴格达沙魔		124.137741	78.93821	0	300640	10000	-1	-1	1	0	-1	-1	-1	-1	-1	-1	75	0	
106	15053736	9558	-1	21	巴格达沙魔		130.874573	179.503098	0	300640	10000	-1	-1	1	0	-1	-1	-1	-1	-1	-1	75	0	
107	15053737	9558	-1	21	巴格达沙魔		130.784393	179.386383	0	300640	10000	-1	-1	1	0	-1	-1	-1	-1	-1	-1	75	0	
108	15053738	9558	-1	21	巴格达沙魔		130.911758	178.934967	0	300640	10000	-1	-1	1	0	-1	-1	-1	-1	-1	-1	75	0	
109	15053739	9558	-1	21	巴格达沙魔		133.238815	178.66095	0	300640	10000	-1	-1	1	0	-1	-1	-1	-1	-1	-1	75	0	
110	15053740	9558	-1	21	巴格达沙魔		132.562836	180.222046	0	300640	10000	-1	-1	1	0	-1	-1	-1	-1	-1	-1	75	0	
111	15053741	9558	-1	21	巴格达沙魔		130.606949	178.120148	0	300640	10000	-1	-1	1	0	-1	-1	-1	-1	-1	-1	75	0	
112	15053742	9558	-1	21	巴格达沙魔		130.560333	178.146362	0	300640	10000	-1	-1	1	0	-1	-1	-1	-1	-1	-1	75	0	
113	15053743	9558	-1	21	巴格达沙魔		132.389526	178.608963	0	300640	10000	-1	-1	1	0	-1	-1	-1	-1	-1	-1	75	0	
114	15053744	9558	-1	21	巴格达沙魔		131.447281	179.799667	0	300640	10000	-1	-1	1	0	-1	-1	-1	-1	-1	-1	75	0	
115	15053745	9558	-1	21	巴格达沙魔		129.932098	178.913422	0	300640	10000	-1	-1	1	0	-1	-1	-1	-1	-1	-1	75	0	
116	15053746	9558	-1	21	巴格达沙魔		129.945618	179.199326	0	300640	10000	-1	-1	1	0	-1	-1	-1	-1	-1	-1	75	0	
117	15053747	9558	-1	21	巴格达沙魔		131.981644	180.185791	0	300640	10000	-1	-1	1	0	-1	-1	-1	-1	-1	-1	75	0	
118	15053748	9558	-1	21	巴格达沙魔		128.997238	178.218567	0	300640	10000	-1	-1	1	0	-1	-1	-1	-1	-1	-1	75	0	
119	15053751	9558	-1	21	巴格达沙魔		66.848785	146.369812	0	300640	10000	-1	-1	1	0	-1	-1	-1	-1	-1	-1	75	0	
120	15053752	9558	-1	21	巴格达沙魔		66.744164	146.687103	0	300640	10000	-1	-1	1	0	-1	-1	-1	-1	-1	-1	75	0	
121	15053753	9558	-1	21	巴格达沙魔		67.078049	145.920181	0	300640	10000	-1	-1	1	0	-1	-1	-1	-1	-1	-1	75	0	
122	15053754	9558	-1	21	巴格达沙魔		66.533157	146.086609	0	300640	10000	-1	-1	1	0	-1	-1	-1	-1	-1	-1	75	0	
123	15053755	9558	-1	21	巴格达沙魔		67.433769	145.449814	0	300640	10000	-1	-1	1	0	-1	-1	-1	-1	-1	-1	75	0	
124	15053756	9558	-1	21	巴格达沙魔		67.821823	145.469482	0	300640	10000	-1	-1	1	0	-1	-1	-1	-1	-1	-1	75	0	
125	15053757	9558	-1	21	巴格达沙魔		67.854156	145.182709	0	300640	10000	-1	-1	1	0	-1	-1	-1	-1	-1	-1	75	0	
126	15053758	9558	-1	21	巴格达沙魔		67.857559	145.066254	0	300640	10000	-1	-1	1	0	-1	-1	-1	-1	-1	-1	75	0	
127	15053759	9558	-1	21	巴格达沙魔		66.607498	145.05397	0	300640	10000	-1	-1	1	0	-1	-1	-1	-1	-1	-1	75	0	
128	15053760	9558	-1	21	巴格达沙魔		66.945297	146.405167	0	300640	10000	-1	-1	1	0	-1	-1	-1	-1	-1	-1	75	0	
129	15053761	9558	-1	21	巴格达沙魔		66.859268	144.901428	0	300640	10000	-1	-1	1	0	-1	-1	-1	-1	-1	-1	75	0	
130	15053762	9558	-1	21	巴格达沙魔		67.411568	146.275558	0	300640	10000	-1	-1	1	0	-1	-1	-1	-1	-1	-1	75	0	
131	15053763	9558	-1	21	巴格达沙魔		67.12648	145.937714	0	300640	10000	-1	-1	1	0	-1	-1	-1	-1	-1	-1	75	0	
132	15053764	9558	-1	21	巴格达沙魔		67.719452	144.78125	0	300640	10000	-1	-1	1	0	-1	-1	-1	-1	-1	-1	75	0	
133	15053765	9558	-1	21	巴格达沙魔		66.970505	146.355255	0	300640	10000	-1	-1	1	0	-1	-1	-1	-1	-1	-1	75	0	
134	15053766	9558	-1	21	巴格达沙魔		170.130707	169.688782	0	300640	10000	-1	-1	1	0	-1	-1	-1	-1	-1	-1	75	0	
135	15053767	9558	-1	21	巴格达沙魔		170.130707	169.488785	0	300640	10000	-1	-1	1	0	-1	-1	-1	-1	-1	-1	75	0	
136	15053768	9558	-1	21	巴格达沙魔		170.130707	169.888779	0	300640	10000	-1	-1	1	0	-1	-1	-1	-1	-1	-1	75	0	
137	15053769	9558	-1	21	巴格达沙魔		169.93071	169.688782	0	300640	10000	-1	-1	1	0	-1	-1	-1	-1	-1	-1	75	0	
138	15053770	9558	-1	21	巴格达沙魔		170.330704	169.688782	0	300640	10000	-1	-1	1	0	-1	-1	-1	-1	-1	-1	75	0	
139	15053771	9558	-1	21	巴格达沙魔		170.030701	169.588776	0	300640	10000	-1	-1	1	0	-1	-1	-1	-1	-1	-1	75	0	
140	15053772	9558	-1	21	巴格达沙魔		170.030701	169.788788	0	300640	10000	-1	-1	1	0	-1	-1	-1	-1	-1	-1	75	0	
141	15053773	9558	-1	21	巴格达沙魔		169.830704	169.688782	0	300640	10000	-1	-1	1	0	-1	-1	-1	-1	-1	-1	75	0	
142	15053774	9558	-1	21	巴格达沙魔		170.43071	169.688782	0	300640	10000	-1	-1	1	0	-1	-1	-1	-1	-1	-1	75	0	
143	15053775	9558	-1	21	巴格达沙魔		170.230713	169.588776	0	300640	10000	-1	-1	1	0	-1	-1	-1	-1	-1	-1	75	0	
144	15053776	9558	-1	21	巴格达沙魔		170.230713	169.788788	0	300640	10000	-1	-1	1	0	-1	-1	-1	-1	-1	-1	75	0	
145	15053777	9558	-1	21	巴格达沙魔		170.030701	169.688782	0	300640	10000	-1	-1	1	0	-1	-1	-1	-1	-1	-1	75	0	
146	15053778	9558	-1	21	巴格达沙魔		170.230713	169.688782	0	300640	10000	-1	-1	1	0	-1	-1	-1	-1	-1	-1	75	0	
147	15053779	9558	-1	21	巴格达沙魔		170.130707	169.788788	0	300640	10000	-1	-1	1	0	-1	-1	-1	-1	-1	-1	75	0	
148	15053780	9558	-1	21	巴格达沙魔		170.130707	169.588776	0	300640	10000	-1	-1	1	0	-1	-1	-1	-1	-1	-1	75	0	
149	15053781	9768	-1	21	海湾黑豹		30.823433	149.463455	0	300640	10000	-1	-1	1	0	-1	-1	-1	-1	-1	-1	75	0	
150	15053782	9768	-1	21	海湾黑豹		30.823433	149.263458	0	300640	10000	-1	-1	1	0	-1	-1	-1	-1	-1	-1	75	0	
151	15053783	9768	-1	21	海湾黑豹		30.823433	149.663452	0	300640	10000	-1	-1	1	0	-1	-1	-1	-1	-1	-1	75	0	
152	15053784	9768	-1	21	海湾黑豹		30.623432	149.463455	0	300640	10000	-1	-1	1	0	-1	-1	-1	-1	-1	-1	75	0	
153	15053785	9768	-1	21	海湾黑豹		31.023434	149.463455	0	300640	10000	-1	-1	1	0	-1	-1	-1	-1	-1	-1	75	0	
154	15053786	9768	-1	21	海湾黑豹		30.723433	149.363449	0	300640	10000	-1	-1	1	0	-1	-1	-1	-1	-1	-1	75	0	
155	15053787	9768	-1	21	海湾黑豹		30.723433	149.563461	0	300640	10000	-1	-1	1	0	-1	-1	-1	-1	-1	-1	75	0	
156	15053788	9768	-1	21	海湾黑豹		30.523434	149.463455	0	300640	10000	-1	-1	1	0	-1	-1	-1	-1	-1	-1	75	0	
157	15053789	9768	-1	21	海湾黑豹		31.123432	149.463455	0	300640	10000	-1	-1	1	0	-1	-1	-1	-1	-1	-1	75	0	
158	15053790	9768	-1	21	海湾黑豹		30.923433	149.363449	0	300640	10000	-1	-1	1	0	-1	-1	-1	-1	-1	-1	75	0	
159	15053791	9768	-1	21	海湾黑豹		30.923433	149.563461	0	300640	10000	-1	-1	1	0	-1	-1	-1	-1	-1	-1	75	0	
160	15053792	9768	-1	21	海湾黑豹		30.723433	149.463455	0	300640	10000	-1	-1	1	0	-1	-1	-1	-1	-1	-1	75	0	
161	15053793	9768	-1	21	海湾黑豹		30.923433	149.463455	0	300640	10000	-1	-1	1	0	-1	-1	-1	-1	-1	-1	75	0	
162	15053794	9768	-1	21	海湾黑豹		30.823433	149.563461	0	300640	10000	-1	-1	1	0	-1	-1	-1	-1	-1	-1	75	0	
163	15053795	9768	-1	21	海湾黑豹		30.823433	149.363449	0	300640	10000	-1	-1	1	0	-1	-1	-1	-1	-1	-1	75	0	
164	15053796	9768	-1	21	海湾黑豹		36.947197	111.754372	0	300640	10000	-1	-1	1	0	-1	-1	-1	-1	-1	-1	75	0	
165	15053797	9768	-1	21	海湾黑豹		36.947197	111.554375	0	300640	10000	-1	-1	1	0	-1	-1	-1	-1	-1	-1	75	0	
166	15053798	9768	-1	21	海湾黑豹		36.947197	111.954369	0	300640	10000	-1	-1	1	0	-1	-1	-1	-1	-1	-1	75	0	
167	15053799	9768	-1	21	海湾黑豹		36.747196	111.754372	0	300640	10000	-1	-1	1	0	-1	-1	-1	-1	-1	-1	75	0	
168	15053800	9768	-1	21	海湾黑豹		37.147198	111.754372	0	300640	10000	-1	-1	1	0	-1	-1	-1	-1	-1	-1	75	0	
169	15053801	9768	-1	21	海湾黑豹		36.847198	111.654373	0	300640	10000	-1	-1	1	0	-1	-1	-1	-1	-1	-1	75	0	
170	15053802	9768	-1	21	海湾黑豹		36.847198	111.85437	0	300640	10000	-1	-1	1	0	-1	-1	-1	-1	-1	-1	75	0	
171	15053803	9768	-1	21	海湾黑豹		36.647198	111.754372	0	300640	10000	-1	-1	1	0	-1	-1	-1	-1	-1	-1	75	0	
172	15053804	9768	-1	21	海湾黑豹		37.247196	111.754372	0	300640	10000	-1	-1	1	0	-1	-1	-1	-1	-1	-1	75	0	
173	15053805	9768	-1	21	海湾黑豹		37.047195	111.654373	0	300640	10000	-1	-1	1	0	-1	-1	-1	-1	-1	-1	75	0	
174	15053806	9768	-1	21	海湾黑豹		37.047195	111.85437	0	300640	10000	-1	-1	1	0	-1	-1	-1	-1	-1	-1	75	0	
175	15053807	9768	-1	21	海湾黑豹		36.847198	111.754372	0	300640	10000	-1	-1	1	0	-1	-1	-1	-1	-1	-1	75	0	
176	15053808	9768	-1	21	海湾黑豹		37.047195	111.754372	0	300640	10000	-1	-1	1	0	-1	-1	-1	-1	-1	-1	75	0	
177	15053809	9768	-1	21	海湾黑豹		36.947197	111.85437	0	300640	10000	-1	-1	1	0	-1	-1	-1	-1	-1	-1	75	0	
178	15053810	9768	-1	21	海湾黑豹		36.947197	111.654373	0	300640	10000	-1	-1	1	0	-1	-1	-1	-1	-1	-1	75	0	
179	15053811	9768	-1	21	海湾黑豹		73.713203	71.877998	0	300640	10000	-1	-1	1	0	-1	-1	-1	-1	-1	-1	75	0	
180	15053812	9768	-1	21	海湾黑豹		73.713203	71.678001	0	300640	10000	-1	-1	1	0	-1	-1	-1	-1	-1	-1	75	0	
181	15053813	9768	-1	21	海湾黑豹		73.713203	72.077995	0	300640	10000	-1	-1	1	0	-1	-1	-1	-1	-1	-1	75	0	
182	15053814	9768	-1	21	海湾黑豹		73.513206	71.877998	0	300640	10000	-1	-1	1	0	-1	-1	-1	-1	-1	-1	75	0	
183	15053815	9768	-1	21	海湾黑豹		73.9132	71.877998	0	300640	10000	-1	-1	1	0	-1	-1	-1	-1	-1	-1	75	0	
184	15053816	9768	-1	21	海湾黑豹		73.613205	71.778	0	300640	10000	-1	-1	1	0	-1	-1	-1	-1	-1	-1	75	0	
185	15053817	9768	-1	21	海湾黑豹		73.613205	71.977997	0	300640	10000	-1	-1	1	0	-1	-1	-1	-1	-1	-1	75	0	
186	15053818	9768	-1	21	海湾黑豹		73.4132	71.877998	0	300640	10000	-1	-1	1	0	-1	-1	-1	-1	-1	-1	75	0	
187	15053819	9768	-1	21	海湾黑豹		74.013206	71.877998	0	300640	10000	-1	-1	1	0	-1	-1	-1	-1	-1	-1	75	0	
188	15053820	9768	-1	21	海湾黑豹		73.813202	71.778	0	300640	10000	-1	-1	1	0	-1	-1	-1	-1	-1	-1	75	0	
189	15053821	9768	-1	21	海湾黑豹		73.813202	71.977997	0	300640	10000	-1	-1	1	0	-1	-1	-1	-1	-1	-1	75	0	
190	15053822	9768	-1	21	海湾黑豹		73.613205	71.877998	0	300640	10000	-1	-1	1	0	-1	-1	-1	-1	-1	-1	75	0	
191	15053823	9768	-1	21	海湾黑豹		73.813202	71.877998	0	300640	10000	-1	-1	1	0	-1	-1	-1	-1	-1	-1	75	0	
192	15053824	9768	-1	21	海湾黑豹		73.713203	71.977997	0	300640	10000	-1	-1	1	0	-1	-1	-1	-1	-1	-1	75	0	
193	15053825	9768	-1	21	海湾黑豹		73.713203	71.778	0	300640	10000	-1	-1	1	0	-1	-1	-1	-1	-1	-1	75	0	
194	15053826	9768	-1	21	海湾黑豹		40.34465	73.305267	0	300640	10000	-1	-1	1	0	-1	-1	-1	-1	-1	-1	75	0	
195	15053827	9768	-1	21	海湾黑豹		40.34465	73.10527	0	300640	10000	-1	-1	1	0	-1	-1	-1	-1	-1	-1	75	0	
196	15053828	9768	-1	21	海湾黑豹		40.34465	73.505264	0	300640	10000	-1	-1	1	0	-1	-1	-1	-1	-1	-1	75	0	
197	15053829	9768	-1	21	海湾黑豹		40.14465	73.305267	0	300640	10000	-1	-1	1	0	-1	-1	-1	-1	-1	-1	75	0	
198	15053830	9768	-1	21	海湾黑豹		40.544651	73.305267	0	300640	10000	-1	-1	1	0	-1	-1	-1	-1	-1	-1	75	0	
199	15053831	9768	-1	21	海湾黑豹		40.244652	73.205269	0	300640	10000	-1	-1	1	0	-1	-1	-1	-1	-1	-1	75	0	
200	15053832	9768	-1	21	海湾黑豹		40.244652	73.405266	0	300640	10000	-1	-1	1	0	-1	-1	-1	-1	-1	-1	75	0	
201	15053833	9768	-1	21	海湾黑豹		40.044651	73.305267	0	300640	10000	-1	-1	1	0	-1	-1	-1	-1	-1	-1	75	0	
202	15053834	9768	-1	21	海湾黑豹		40.64465	73.305267	0	300640	10000	-1	-1	1	0	-1	-1	-1	-1	-1	-1	75	0	
203	15053835	9768	-1	21	海湾黑豹		40.444649	73.205269	0	300640	10000	-1	-1	1	0	-1	-1	-1	-1	-1	-1	75	0	
204	15053836	9768	-1	21	海湾黑豹		40.444649	73.405266	0	300640	10000	-1	-1	1	0	-1	-1	-1	-1	-1	-1	75	0	
205	15053837	9768	-1	21	海湾黑豹		40.244652	73.305267	0	300640	10000	-1	-1	1	0	-1	-1	-1	-1	-1	-1	75	0	
206	15053838	9768	-1	21	海湾黑豹		40.444649	73.305267	0	300640	10000	-1	-1	1	0	-1	-1	-1	-1	-1	-1	75	0	
207	15053839	9768	-1	21	海湾黑豹		40.34465	73.405266	0	300640	10000	-1	-1	1	0	-1	-1	-1	-1	-1	-1	75	0	
208	15053840	9768	-1	21	海湾黑豹		40.34465	73.205269	0	300640	10000	-1	-1	1	0	-1	-1	-1	-1	-1	-1	75	0	
209	15053841	9768	-1	21	海湾黑豹		69.552681	39.832832	0	300640	10000	-1	-1	1	0	-1	-1	-1	-1	-1	-1	75	0	
210	15053842	9768	-1	21	海湾黑豹		69.552681	39.632832	0	300640	10000	-1	-1	1	0	-1	-1	-1	-1	-1	-1	75	0	
211	15053843	9768	-1	21	海湾黑豹		69.552681	40.032833	0	300640	10000	-1	-1	1	0	-1	-1	-1	-1	-1	-1	75	0	
212	15053844	9768	-1	21	海湾黑豹		69.352684	39.832832	0	300640	10000	-1	-1	1	0	-1	-1	-1	-1	-1	-1	75	0	
213	15053845	9768	-1	21	海湾黑豹		69.752678	39.832832	0	300640	10000	-1	-1	1	0	-1	-1	-1	-1	-1	-1	75	0	
214	15053846	9768	-1	21	海湾黑豹		69.452682	39.732834	0	300640	10000	-1	-1	1	0	-1	-1	-1	-1	-1	-1	75	0	
215	15053847	9768	-1	21	海湾黑豹		69.452682	39.932831	0	300640	10000	-1	-1	1	0	-1	-1	-1	-1	-1	-1	75	0	
216	15053848	9768	-1	21	海湾黑豹		69.252678	39.832832	0	300640	10000	-1	-1	1	0	-1	-1	-1	-1	-1	-1	75	0	
217	15053849	9768	-1	21	海湾黑豹		69.852684	39.832832	0	300640	10000	-1	-1	1	0	-1	-1	-1	-1	-1	-1	75	0	
218	15053850	9768	-1	21	海湾黑豹		69.652679	39.732834	0	300640	10000	-1	-1	1	0	-1	-1	-1	-1	-1	-1	75	0	
219	15053851	9768	-1	21	海湾黑豹		69.652679	39.932831	0	300640	10000	-1	-1	1	0	-1	-1	-1	-1	-1	-1	75	0	
220	15053852	9768	-1	21	海湾黑豹		69.452682	39.832832	0	300640	10000	-1	-1	1	0	-1	-1	-1	-1	-1	-1	75	0	
221	15053853	9768	-1	21	海湾黑豹		69.652679	39.832832	0	300640	10000	-1	-1	1	0	-1	-1	-1	-1	-1	-1	75	0	
222	15053854	9768	-1	21	海湾黑豹		69.552681	39.932831	0	300640	10000	-1	-1	1	0	-1	-1	-1	-1	-1	-1	75	0	
223	15053855	9768	-1	21	海湾黑豹		69.552681	39.732834	0	300640	10000	-1	-1	1	0	-1	-1	-1	-1	-1	-1	75	0	
224	15053856	9768	-1	21	海湾黑豹		109.445152	37.657959	0	300640	10000	-1	-1	1	0	-1	-1	-1	-1	-1	-1	75	0	
225	15053857	9768	-1	21	海湾黑豹		109.445152	37.457958	0	300640	10000	-1	-1	1	0	-1	-1	-1	-1	-1	-1	75	0	
226	15053858	9768	-1	21	海湾黑豹		109.445152	37.85796	0	300640	10000	-1	-1	1	0	-1	-1	-1	-1	-1	-1	75	0	
227	15053859	9768	-1	21	海湾黑豹		109.245155	37.657959	0	300640	10000	-1	-1	1	0	-1	-1	-1	-1	-1	-1	75	0	
228	15053860	9768	-1	21	海湾黑豹		109.645149	37.657959	0	300640	10000	-1	-1	1	0	-1	-1	-1	-1	-1	-1	75	0	
229	15053861	9768	-1	21	海湾黑豹		109.345154	37.557961	0	300640	10000	-1	-1	1	0	-1	-1	-1	-1	-1	-1	75	0	
230	15053862	9768	-1	21	海湾黑豹		109.345154	37.757957	0	300640	10000	-1	-1	1	0	-1	-1	-1	-1	-1	-1	75	0	
231	15053863	9768	-1	21	海湾黑豹		109.145149	37.657959	0	300640	10000	-1	-1	1	0	-1	-1	-1	-1	-1	-1	75	0	
232	15053864	9768	-1	21	海湾黑豹		109.745155	37.657959	0	300640	10000	-1	-1	1	0	-1	-1	-1	-1	-1	-1	75	0	
233	15053865	9768	-1	21	海湾黑豹		109.545151	37.557961	0	300640	10000	-1	-1	1	0	-1	-1	-1	-1	-1	-1	75	0	
234	15053866	9768	-1	21	海湾黑豹		109.545151	37.757957	0	300640	10000	-1	-1	1	0	-1	-1	-1	-1	-1	-1	75	0	
235	15053867	9768	-1	21	海湾黑豹		109.345154	37.657959	0	300640	10000	-1	-1	1	0	-1	-1	-1	-1	-1	-1	75	0	
236	15053868	9768	-1	21	海湾黑豹		109.545151	37.657959	0	300640	10000	-1	-1	1	0	-1	-1	-1	-1	-1	-1	75	0	
237	15053869	9768	-1	21	海湾黑豹		109.445152	37.757957	0	300640	10000	-1	-1	1	0	-1	-1	-1	-1	-1	-1	75	0	
238	15053870	9768	-1	21	海湾黑豹		109.445152	37.557961	0	300640	10000	-1	-1	1	0	-1	-1	-1	-1	-1	-1	75	0	
239	15053871	9768	-1	21	海湾黑豹		139.589432	28.119156	0	300640	10000	-1	-1	1	0	-1	-1	-1	-1	-1	-1	75	0	
240	15053872	9768	-1	21	海湾黑豹		139.589432	27.919155	0	300640	10000	-1	-1	1	0	-1	-1	-1	-1	-1	-1	75	0	
241	15053873	9768	-1	21	海湾黑豹		139.589432	28.319157	0	300640	10000	-1	-1	1	0	-1	-1	-1	-1	-1	-1	75	0	
242	15053874	9768	-1	21	海湾黑豹		139.389435	28.119156	0	300640	10000	-1	-1	1	0	-1	-1	-1	-1	-1	-1	75	0	
243	15053875	9768	-1	21	海湾黑豹		139.789429	28.119156	0	300640	10000	-1	-1	1	0	-1	-1	-1	-1	-1	-1	75	0	
244	15053876	9768	-1	21	海湾黑豹		139.489426	28.019156	0	300640	10000	-1	-1	1	0	-1	-1	-1	-1	-1	-1	75	0	
245	15053877	9768	-1	21	海湾黑豹		139.489426	28.219156	0	300640	10000	-1	-1	1	0	-1	-1	-1	-1	-1	-1	75	0	
246	15053878	9768	-1	21	海湾黑豹		139.289429	28.119156	0	300640	10000	-1	-1	1	0	-1	-1	-1	-1	-1	-1	75	0	
247	15053879	9768	-1	21	海湾黑豹		139.889435	28.119156	0	300640	10000	-1	-1	1	0	-1	-1	-1	-1	-1	-1	75	0	
248	15053880	9768	-1	21	海湾黑豹		139.689438	28.019156	0	300640	10000	-1	-1	1	0	-1	-1	-1	-1	-1	-1	75	0	
249	15053881	9768	-1	21	海湾黑豹		139.689438	28.219156	0	300640	10000	-1	-1	1	0	-1	-1	-1	-1	-1	-1	75	0	
250	15053882	9768	-1	21	海湾黑豹		139.489426	28.119156	0	300640	10000	-1	-1	1	0	-1	-1	-1	-1	-1	-1	75	0	
251	15053883	9768	-1	21	海湾黑豹		139.689438	28.119156	0	300640	10000	-1	-1	1	0	-1	-1	-1	-1	-1	-1	75	0	
252	15053884	9768	-1	21	海湾黑豹		139.589432	28.219156	0	300640	10000	-1	-1	1	0	-1	-1	-1	-1	-1	-1	75	0	
253	15053885	9768	-1	21	海湾黑豹		139.589432	28.019156	0	300640	10000	-1	-1	1	0	-1	-1	-1	-1	-1	-1	75	0	
254	15053886	9768	-1	21	海湾黑豹		223.355255	84.149673	0	300640	10000	-1	-1	1	0	-1	-1	-1	-1	-1	-1	75	0	
255	15053887	9768	-1	21	海湾黑豹		223.355255	83.949677	0	300640	10000	-1	-1	1	0	-1	-1	-1	-1	-1	-1	75	0	
256	15053888	9768	-1	21	海湾黑豹		223.355255	84.34967	0	300640	10000	-1	-1	1	0	-1	-1	-1	-1	-1	-1	75	0	
257	15053889	9768	-1	21	海湾黑豹		223.155258	84.149673	0	300640	10000	-1	-1	1	0	-1	-1	-1	-1	-1	-1	75	0	
258	15053890	9768	-1	21	海湾黑豹		223.555252	84.149673	0	300640	10000	-1	-1	1	0	-1	-1	-1	-1	-1	-1	75	0	
259	15053891	9768	-1	21	海湾黑豹		223.255249	84.049675	0	300640	10000	-1	-1	1	0	-1	-1	-1	-1	-1	-1	75	0	
260	15053892	9768	-1	21	海湾黑豹		223.255249	84.249672	0	300640	10000	-1	-1	1	0	-1	-1	-1	-1	-1	-1	75	0	
261	15053893	9768	-1	21	海湾黑豹		223.055252	84.149673	0	300640	10000	-1	-1	1	0	-1	-1	-1	-1	-1	-1	75	0	
262	15053894	9768	-1	21	海湾黑豹		223.655258	84.149673	0	300640	10000	-1	-1	1	0	-1	-1	-1	-1	-1	-1	75	0	
263	15053895	9768	-1	21	海湾黑豹		223.455261	84.049675	0	300640	10000	-1	-1	1	0	-1	-1	-1	-1	-1	-1	75	0	
264	15053896	9768	-1	21	海湾黑豹		223.455261	84.249672	0	300640	10000	-1	-1	1	0	-1	-1	-1	-1	-1	-1	75	0	
265	15053897	9768	-1	21	海湾黑豹		223.255249	84.149673	0	300640	10000	-1	-1	1	0	-1	-1	-1	-1	-1	-1	75	0	
266	15053898	9768	-1	21	海湾黑豹		223.455261	84.149673	0	300640	10000	-1	-1	1	0	-1	-1	-1	-1	-1	-1	75	0	
267	15053899	9768	-1	21	海湾黑豹		223.355255	84.249672	0	300640	10000	-1	-1	1	0	-1	-1	-1	-1	-1	-1	75	0	
268	15053900	9768	-1	21	海湾黑豹		223.355255	84.049675	0	300640	10000	-1	-1	1	0	-1	-1	-1	-1	-1	-1	75	0	
269	15053901	9768	-1	21	海湾黑豹		208.77475	203.974243	0	300640	10000	-1	-1	1	0	-1	-1	-1	-1	-1	-1	75	0	
270	15053902	9768	-1	21	海湾黑豹		208.77475	203.774246	0	300640	10000	-1	-1	1	0	-1	-1	-1	-1	-1	-1	75	0	
271	15053903	9768	-1	21	海湾黑豹		208.77475	204.17424	0	300640	10000	-1	-1	1	0	-1	-1	-1	-1	-1	-1	75	0	
272	15053904	9768	-1	21	海湾黑豹		208.574753	203.974243	0	300640	10000	-1	-1	1	0	-1	-1	-1	-1	-1	-1	75	0	
273	15053905	9768	-1	21	海湾黑豹		208.974747	203.974243	0	300640	10000	-1	-1	1	0	-1	-1	-1	-1	-1	-1	75	0	
274	15053906	9768	-1	21	海湾黑豹		208.674744	203.874237	0	300640	10000	-1	-1	1	0	-1	-1	-1	-1	-1	-1	75	0	
275	15053907	9768	-1	21	海湾黑豹		208.674744	204.074249	0	300640	10000	-1	-1	1	0	-1	-1	-1	-1	-1	-1	75	0	
276	15053908	9768	-1	21	海湾黑豹		208.474747	203.974243	0	300640	10000	-1	-1	1	0	-1	-1	-1	-1	-1	-1	75	0	
277	15053909	9768	-1	21	海湾黑豹		209.074753	203.974243	0	300640	10000	-1	-1	1	0	-1	-1	-1	-1	-1	-1	75	0	
278	15053910	9768	-1	21	海湾黑豹		208.874756	203.874237	0	300640	10000	-1	-1	1	0	-1	-1	-1	-1	-1	-1	75	0	
279	15053911	9768	-1	21	海湾黑豹		208.874756	204.074249	0	300640	10000	-1	-1	1	0	-1	-1	-1	-1	-1	-1	75	0	
280	15053912	9768	-1	21	海湾黑豹		208.674744	203.974243	0	300640	10000	-1	-1	1	0	-1	-1	-1	-1	-1	-1	75	0	
281	15053913	9768	-1	21	海湾黑豹		208.874756	203.974243	0	300640	10000	-1	-1	1	0	-1	-1	-1	-1	-1	-1	75	0	
282	15053914	9768	-1	21	海湾黑豹		208.77475	204.074249	0	300640	10000	-1	-1	1	0	-1	-1	-1	-1	-1	-1	75	0	
283	15053915	9768	-1	21	海湾黑豹		208.77475	203.874237	0	300640	10000	-1	-1	1	0	-1	-1	-1	-1	-1	-1	75	0	
284	15053920	9768	-1	21	海湾黑豹		172.824738	49.735672	0	300640	10000	-1	-1	1	0	-1	-1	-1	-1	-1	-1	75	0	
285	15053921	9768	-1	21	海湾黑豹		170.875565	51.552727	0	300640	10000	-1	-1	1	0	-1	-1	-1	-1	-1	-1	75	0	
286	15053922	9768	-1	21	海湾黑豹		167.637634	50.406006	0	300640	10000	-1	-1	1	0	-1	-1	-1	-1	-1	-1	75	0	
287	15053923	9768	-1	21	海湾黑豹		168.437576	50.134926	0	300640	10000	-1	-1	1	0	-1	-1	-1	-1	-1	-1	75	0	
288	15053924	9768	-1	21	海湾黑豹		169.866669	49.543205	0	300640	10000	-1	-1	1	0	-1	-1	-1	-1	-1	-1	75	0	
289	15053925	9768	-1	21	海湾黑豹		171.73291	50.396812	0	300640	10000	-1	-1	1	0	-1	-1	-1	-1	-1	-1	75	0	
290	15053926	9768	-1	21	海湾黑豹		171.722717	51.343117	0	300640	10000	-1	-1	1	0	-1	-1	-1	-1	-1	-1	75	0	
291	15053927	9768	-1	21	海湾黑豹		171.28569	52.766312	0	300640	10000	-1	-1	1	0	-1	-1	-1	-1	-1	-1	75	0	
292	15053928	9768	-1	21	海湾黑豹		170.70755	49.325798	0	300640	10000	-1	-1	1	0	-1	-1	-1	-1	-1	-1	75	0	
293	15053929	9768	-1	21	海湾黑豹		170.995209	50.67865	0	300640	10000	-1	-1	1	0	-1	-1	-1	-1	-1	-1	75	0	
294	15053930	9768	-1	21	海湾黑豹		171.017822	50.253487	0	300640	10000	-1	-1	1	0	-1	-1	-1	-1	-1	-1	75	0	
295	15053931	9768	-1	21	海湾黑豹		169.303162	219.883698	0	300640	10000	-1	-1	1	0	-1	-1	-1	-1	-1	-1	75	0	
296	15053932	9768	-1	21	海湾黑豹		169.303162	219.683701	0	300640	10000	-1	-1	1	0	-1	-1	-1	-1	-1	-1	75	0	
297	15053933	9768	-1	21	海湾黑豹		169.303162	220.083694	0	300640	10000	-1	-1	1	0	-1	-1	-1	-1	-1	-1	75	0	
298	15053934	9768	-1	21	海湾黑豹		169.103165	219.883698	0	300640	10000	-1	-1	1	0	-1	-1	-1	-1	-1	-1	75	0	
299	15053935	9768	-1	21	海湾黑豹		169.503159	219.883698	0	300640	10000	-1	-1	1	0	-1	-1	-1	-1	-1	-1	75	0	
300	15053936	9768	-1	21	海湾黑豹		169.203156	219.783691	0	300640	10000	-1	-1	1	0	-1	-1	-1	-1	-1	-1	75	0	
301	15053937	9768	-1	21	海湾黑豹		169.203156	219.983704	0	300640	10000	-1	-1	1	0	-1	-1	-1	-1	-1	-1	75	0	
302	15053938	9768	-1	21	海湾黑豹		169.003159	219.883698	0	300640	10000	-1	-1	1	0	-1	-1	-1	-1	-1	-1	75	0	
303	15053939	9768	-1	21	海湾黑豹		169.603165	219.883698	0	300640	10000	-1	-1	1	0	-1	-1	-1	-1	-1	-1	75	0	
304	15053940	9768	-1	21	海湾黑豹		169.403168	219.783691	0	300640	10000	-1	-1	1	0	-1	-1	-1	-1	-1	-1	75	0	
305	15053941	9768	-1	21	海湾黑豹		169.403168	219.983704	0	300640	10000	-1	-1	1	0	-1	-1	-1	-1	-1	-1	75	0	
306	15053942	9768	-1	21	海湾黑豹		169.203156	219.883698	0	300640	10000	-1	-1	1	0	-1	-1	-1	-1	-1	-1	75	0	
307	15053943	9768	-1	21	海湾黑豹		169.403168	219.883698	0	300640	10000	-1	-1	1	0	-1	-1	-1	-1	-1	-1	75	0	
308	15053944	9768	-1	21	海湾黑豹		169.303162	219.983704	0	300640	10000	-1	-1	1	0	-1	-1	-1	-1	-1	-1	75	0	
309	15053945	9768	-1	21	海湾黑豹		169.303162	219.783691	0	300640	10000	-1	-1	1	0	-1	-1	-1	-1	-1	-1	75	0	
310	15053956	58	400358	20	奴伊		68.479095	205.347504	20	0	10000	-1	-1	3	0	-1	-1	-1	-1	-1	-1	75	0	
311	15053959	12950	400359	20	阿萨		67.245407	204.43866	24	0	10000	-1	-1	3	0	-1	-1	-1	-1	-1	-1	75	0	
312	15053960	2180	400360	20	巴格达士兵		41.463493	172.680038	18	0	10000	-1	-1	3	0	-1	-1	-1	-1	-1	-1	75	0	
313	15053961	2180	400360	20	巴格达士兵		41.449219	177.660019	18	0	10000	-1	-1	3	0	-1	-1	-1	-1	-1	-1	75	0	
314	15053962	2180	400361	20	巴格达守备		141.050446	231.208557	9	0	10000	-1	-1	3	0	-1	-1	-1	-1	-1	-1	75	0	
315	15053963	2180	400361	20	巴格达守备		136.434479	231.516327	9	0	10000	-1	-1	3	0	-1	-1	-1	-1	-1	-1	75	0	
316	15053964	2180	400361	20	巴格达守备		30.968971	27.78183	28	0	10000	-1	-1	3	0	-1	-1	-1	-1	-1	-1	75	0	
317	15053965	2180	400361	20	巴格达守备		35.921043	26.73024	28	0	10000	-1	-1	3	0	-1	-1	-1	-1	-1	-1	75	0	
318	15053966	2180	400361	20	巴格达守备		224.353973	155.602707	20	0	10000	-1	-1	3	0	-1	-1	-1	-1	-1	-1	75	0	
319	15053967	2180	400361	20	巴格达守备		227.185883	159.152588	20	0	10000	-1	-1	3	0	-1	-1	-1	-1	-1	-1	75	0	
320	15053972	925	400362	20	萨巴耶	巴格达守将	135.702454	229.422607	5	0	10000	-1	-1	3	0	-1	-1	-1	-1	-1	-1	75	0	
321	15053973	1360	400363	20	巴鲁	骆驼商人	54.036377	185.273346	9	0	10000	-1	-1	3	0	-1	-1	-1	-1	-1	-1	75	0	
322	15053976	861	0	20	沙漠骆驼		45.154526	184.347763	4	0	10000	-1	-1	3	0	-1	-1	-1	-1	-1	-1	75	0	
323	15053977	861	0	20	沙漠骆驼		46.993111	185.157532	8	0	10000	-1	-1	3	0	-1	-1	-1	-1	-1	-1	75	0	
324	15053978	861	0	20	沙漠骆驼		48.828316	185.199432	8	0	10000	-1	-1	3	0	-1	-1	-1	-1	-1	-1	75	0	
325	15053981	72	400364	20	布莱伊嫚		67.916946	203.009918	28	0	10000	-1	-1	3	0	-1	-1	-1	-1	-1	-1	75	0	
326	15053983	861	0	20	沙漠骆驼		44.973465	182.161865	0	0	10000	-1	-1	3	0	-1	-1	-1	-1	-1	-1	75	0	
327	15053984	1361	400365	20	斯罕	伙计	45.009995	180.897507	0	0	10000	-1	-1	3	0	-1	-1	-1	-1	-1	-1	75	0	
328	7336799	4295	101689	-1	组队指引人		202	160	0	-1	1000	-1	-1	3	0	-1	-1	-1	-1	-1	-1	100	0	
