NUM	NUM	NUM	NUM	TEXT	TEXT	TEXT	TEXT	NUM	NUM	NUM	TEXT	TEXT	TEXT	NUM	NUM	NUM	TEXT	TEXT	TEXT	NUM	NUM	NUM	TEXT	TEXT	TEXT	NUM	NUM	NUM	TEXT	TEXT	TEXT	NUM	NUM	NUM	TEXT	TEXT	TEXT
任务ID	完成此任务事件类型（0为采集，1为对话，2为自动杀怪，3为捉马，4为区域探索，5为使用物品）	完成此任务事件任务标识位（0~7）	完成此任务事件寻路方式（0代表默认形式，1代表以职业区分2以国家区分）	完成此任务事件寻路ID	事件冒泡提示ID	接受下一个任务的任务号和传入按钮ID	完成任务时候传入的按钮号（暂无用处以后扩展用by思雨）	事件1类型（0为采集，1为对话，2为自动杀怪，3为捉马，4为区域探索，5为使用物品）	事件1任务标识位（0~7）	事件1寻路方式（0代表默认形式，1代表以职业区分2以国家区分）	事件1寻路ID	事件1冒泡提示ID	事件1任务目标详细内容（0采集，2自动杀怪，5使用物品 用|隔开，|前为目标ID，|后为目标数量。1对话，3捉马，4区域探索为相应任务位的值）	事件2类型（0为采集，1为对话，2为自动杀怪，3为捉马，4为区域探索，5为使用物品）	事件2任务标识位（0~7）	事件2寻路方式（0代表默认形式，1代表以职业区分2以国家区分）	事件2寻路ID	事件2冒泡提示ID	事件2任务目标详细内容（0采集，2自动杀怪，3捉马，5使用物品 用|隔开，|前为目标ID，|后为目标数量。1对话，4区域探索为相应任务位的值）	事件3类型（0为采集，1为对话，2为自动杀怪，3为捉马，4为区域探索，5为使用物品）	事件3任务标识位（0~7）	事件3寻路方式（0代表默认形式，1代表以职业区分2以国家区分）	事件3寻路ID	事件3冒泡提示ID	事件3任务目标详细内容（0采集，2自动杀怪，3捉马，5使用物品 用|隔开，|前为目标ID，|后为目标数量。1对话，4区域探索为相应任务位的值）	事件4类型（0为采集，1为对话，2为自动杀怪，3为捉马，4为区域探索，5为使用物品）	事件4任务标识位（0~7）	事件4寻路方式（0代表默认形式，1代表以职业区分2以国家区分）	事件4寻路ID	事件4冒泡提示ID	事件4任务目标详细内容（0采集，2自动杀怪，3捉马，5使用物品 用|隔开，|前为目标ID，|后为目标数量。1对话，4区域探索为相应任务位的值）	事件5类型（0为采集，1为对话，2为自动杀怪，3为捉马，4为区域探索，5为使用物品）	事件5任务标识位（0~7）	事件5寻路方式（0代表默认形式，1代表以职业区分2以国家区分）	事件5寻路ID	事件5冒泡提示ID	事件5任务目标详细内容（0采集，2自动杀怪，3捉马，5使用物品 用|隔开，|前为目标ID，|后为目标数量。1对话，4区域探索为相应任务位的值）
#	新手村																																				
3200	-1	-1	-1	-1	-1	-1	-1	1	0	0	138001	-1	1	-1	-1	-1	-1	-1	-1	-1	-1	-1	-1	-1	-1	-1	-1	-1	-1	-1	-1	-1	-1	-1	-1	-1	-1
3201	-1	-1	-1	-1	-1	-1	-1	1	0	0	138001	-1	1	-1	-1	-1	-1	-1	-1	-1	-1	-1	-1	-1	-1	-1	-1	-1	-1	-1	-1	-1	-1	-1	-1	-1	-1
3202	-1	-1	-1	-1	-1	-1	-1	1	0	0	138002	-1	1	-1	-1	-1	-1	-1	-1	-1	-1	-1	-1	-1	-1	-1	-1	-1	-1	-1	-1	-1	-1	-1	-1	-1	-1
3203	-1	-1	-1	-1	-1	-1	-1	1	0	0	138002	-1	3	-1	-1	-1	-1	-1	-1	-1	-1	-1	-1	-1	-1	-1	-1	-1	-1	-1	-1	-1	-1	-1	-1	-1	-1
3204	-1	-1	-1	-1	-1	-1	-1	1	0	1	138012|138013|138014|138015|138016|138017|138018|138019|138020|138021|138022|138023	-1	1	1	0	1	138004	-1	-1	-1	-1	-1	-1	-1	-1	-1	-1	-1	-1	-1	-1	-1	-1	-1	-1	-1	-1
3205	-1	-1	-1	-1	-1	-1	-1	2	0	0	80000	-1	11971|3	-1	-1	-1	-1	-1	-1	-1	-1	-1	-1	-1	-1	-1	-1	-1	-1	-1	-1	-1	-1	-1	-1	-1	-1
3206	-1	-1	-1	-1	-1	-1	-1	0	0	0	80001	-1	230|1	-1	-1	-1	-1	-1	-1	-1	-1	-1	-1	-1	-1	-1	-1	-1	-1	-1	-1	-1	-1	-1	-1	-1	-1
3211	-1	-1	-1	-1	-1	-1	-1	3	0	0	80004	-1	1	-1	-1	-1	-1	-1	-1	-1	-1	-1	-1	-1	-1	-1	-1	-1	-1	-1	-1	-1	-1	-1	-1	-1	-1
3207	-1	-1	-1	-1	-1	-1	-1	1	0	0	138006	-1	1	-1	-1	-1	-1	-1	-1	-1	-1	-1	-1	-1	-1	-1	-1	-1	-1	-1	-1	-1	-1	-1	-1	-1	-1
3208	-1	-1	-1	-1	-1	-1	-1	2	0	0	80006	-1	12003|4	-1	-1	-1	-1	-1	-1	-1	-1	-1	-1	-1	-1	-1	-1	-1	-1	-1	-1	-1	-1	-1	-1	-1	-1
3209	-1	-1	-1	-1	-1	-1	-1	0	0	0	80002	-1	195|1	-1	-1	-1	-1	-1	-1	-1	-1	-1	-1	-1	-1	-1	-1	-1	-1	-1	-1	-1	-1	-1	-1	-1	-1
3210	-1	-1	-1	-1	-1	-1	-1	1	0	0	137834	-1	1	-1	-1	-1	-1	-1	-1	-1	-1	-1	-1	-1	-1	-1	-1	-1	-1	-1	-1	-1	-1	-1	-1	-1	-1
3212	-1	-1	-1	-1	-1	-1	-1	5	0	0	80005	-1	13810501|1	-1	-1	-1	-1	-1	-1	-1	-1	-1	-1	-1	-1	-1	-1	-1	-1	-1	-1	-1	-1	-1	-1	-1	-1
3213	-1	-1	-1	-1	-1	-1	-1	4	0	0	80008	-1	1	-1	-1	-1	-1	-1	-1	-1	-1	-1	-1	-1	-1	-1	-1	-1	-1	-1	-1	-1	-1	-1	-1	-1	-1
3214	-1	-1	-1	-1	-1	-1	-1	4	4	0	80009	-1	1	2	0	0	80007	-1	12002|5	-1	-1	-1	-1	-1	-1	-1	-1	-1	-1	-1	-1	-1	-1	-1	-1	-1	-1
3295	-1	-1	-1	-1	-1	-1	-1	1	0	0	138609	-1	1	-1	-1	-1	-1	-1	-1	-1	-1	-1	-1	-1	-1	-1	-1	-1	-1	-1	-1	-1	-1	-1	-1	-1	-1
3395	-1	-1	-1	-1	-1	-1	-1	1	0	0	138609	-1	1	-1	-1	-1	-1	-1	-1	-1	-1	-1	-1	-1	-1	-1	-1	-1	-1	-1	-1	-1	-1	-1	-1	-1	-1
3498	-1	-1	-1	-1	-1	-1	-1	1	0	0	138609	-1	1	-1	-1	-1	-1	-1	-1	-1	-1	-1	-1	-1	-1	-1	-1	-1	-1	-1	-1	-1	-1	-1	-1	-1	-1
3795	-1	-1	-1	-1	-1	-1	-1	1	0	0	138609	-1	1	-1	-1	-1	-1	-1	-1	-1	-1	-1	-1	-1	-1	-1	-1	-1	-1	-1	-1	-1	-1	-1	-1	-1	-1
#						-1	-1						-1						-1						-1							-1					-1
3269	-1	-1	-1	-1	-1	-1	-1	1	0	0	123702	-1	1	-1	-1	-1	-1	-1	-1	-1	-1	-1	-1	-1	-1	-1	-1	-1	-1	-1	-1	-1	-1	-1	-1	-1	-1
3270	-1	-1	-1	-1	-1	-1	-1	1	0	0	123702	-1	1	-1	-1	-1	-1	-1	-1	-1	-1	-1	-1	-1	-1	-1	-1	-1	-1	-1	-1	-1	-1	-1	-1	-1	-1
3271	-1	-1	-1	-1	-1	-1	-1	1	0	0	123702	-1	1	-1	-1	-1	-1	-1	-1	-1	-1	-1	-1	-1	-1	-1	-1	-1	-1	-1	-1	-1	-1	-1	-1	-1	-1
3272	-1	-1	-1	-1	-1	-1	-1	1	0	0	123702	-1	1	-1	-1	-1	-1	-1	-1	-1	-1	-1	-1	-1	-1	-1	-1	-1	-1	-1	-1	-1	-1	-1	-1	-1	-1
3273	-1	-1	-1	-1	-1	-1	-1	1	0	0	123702	-1	1	-1	-1	-1	-1	-1	-1	-1	-1	-1	-1	-1	-1	-1	-1	-1	-1	-1	-1	-1	-1	-1	-1	-1	-1
3274	-1	-1	-1	-1	-1	-1	-1	1	0	0	123702	-1	1	-1	-1	-1	-1	-1	-1	-1	-1	-1	-1	-1	-1	-1	-1	-1	-1	-1	-1	-1	-1	-1	-1	-1	-1
3275	-1	-1	-1	-1	-1	-1	-1	1	0	0	123702	-1	1	-1	-1	-1	-1	-1	-1	-1	-1	-1	-1	-1	-1	-1	-1	-1	-1	-1	-1	-1	-1	-1	-1	-1	-1
3276	-1	-1	-1	-1	-1	-1	-1	1	0	0	123702	-1	1	-1	-1	-1	-1	-1	-1	-1	-1	-1	-1	-1	-1	-1	-1	-1	-1	-1	-1	-1	-1	-1	-1	-1	-1
3277	-1	-1	-1	-1	-1	-1	-1	1	0	0	123702	-1	1	-1	-1	-1	-1	-1	-1	-1	-1	-1	-1	-1	-1	-1	-1	-1	-1	-1	-1	-1	-1	-1	-1	-1	-1
3278	-1	-1	-1	-1	-1	-1	-1	1	0	0	123702	-1	1	-1	-1	-1	-1	-1	-1	-1	-1	-1	-1	-1	-1	-1	-1	-1	-1	-1	-1	-1	-1	-1	-1	-1	-1
3279	-1	-1	-1	-1	-1	-1	-1	1	0	0	123702	-1	1	-1	-1	-1	-1	-1	-1	-1	-1	-1	-1	-1	-1	-1	-1	-1	-1	-1	-1	-1	-1	-1	-1	-1	-1
3280	-1	-1	-1	-1	-1	-1	-1	1	0	0	123702	-1	1	-1	-1	-1	-1	-1	-1	-1	-1	-1	-1	-1	-1	-1	-1	-1	-1	-1	-1	-1	-1	-1	-1	-1	-1
3281	-1	-1	-1	-1	-1	-1	-1	1	0	0	123702	-1	-1	-1	-1	-1	-1	-1	-1	-1	-1	-1	-1	-1	-1	-1	-1	-1	-1	-1	-1	-1	-1	-1	-1	-1	-1
3282	-1	-1	-1	-1	-1	-1	-1	1	0	0	123702	-1	-1	-1	-1	-1	-1	-1	-1	-1	-1	-1	-1	-1	-1	-1	-1	-1	-1	-1	-1	-1	-1	-1	-1	-1	-1
3283	-1	-1	-1	-1	-1	-1	-1	1	0	0	123702	-1	-1	-1	-1	-1	-1	-1	-1	-1	-1	-1	-1	-1	-1	-1	-1	-1	-1	-1	-1	-1	-1	-1	-1	-1	-1
3284	-1	-1	-1	-1	-1	-1	-1	1	0	0	123702	-1	-1	-1	-1	-1	-1	-1	-1	-1	-1	-1	-1	-1	-1	-1	-1	-1	-1	-1	-1	-1	-1	-1	-1	-1	-1
3285	-1	-1	-1	-1	-1	-1	-1	1	0	0	123702	-1	-1	-1	-1	-1	-1	-1	-1	-1	-1	-1	-1	-1	-1	-1	-1	-1	-1	-1	-1	-1	-1	-1	-1	-1	-1
3286	-1	-1	-1	-1	-1	-1	-1	1	0	0	123702	-1	-1	-1	-1	-1	-1	-1	-1	-1	-1	-1	-1	-1	-1	-1	-1	-1	-1	-1	-1	-1	-1	-1	-1	-1	-1
3287	-1	-1	-1	-1	-1	-1	-1	1	0	0	123702	-1	-1	-1	-1	-1	-1	-1	-1	-1	-1	-1	-1	-1	-1	-1	-1	-1	-1	-1	-1	-1	-1	-1	-1	-1	-1
3288	-1	-1	-1	-1	-1	-1	-1	1	0	0	123702	-1	-1	-1	-1	-1	-1	-1	-1	-1	-1	-1	-1	-1	-1	-1	-1	-1	-1	-1	-1	-1	-1	-1	-1	-1	-1
3289	-1	-1	-1	-1	-1	-1	-1	1	0	0	123702	-1	-1	-1	-1	-1	-1	-1	-1	-1	-1	-1	-1	-1	-1	-1	-1	-1	-1	-1	-1	-1	-1	-1	-1	-1	-1
3290	-1	-1	-1	-1	-1	-1	-1	1	0	0	123702	-1	-1	-1	-1	-1	-1	-1	-1	-1	-1	-1	-1	-1	-1	-1	-1	-1	-1	-1	-1	-1	-1	-1	-1	-1	-1
3291	-1	-1	-1	-1	-1	-1	-1	1	0	0	123702	-1	-1	-1	-1	-1	-1	-1	-1	-1	-1	-1	-1	-1	-1	-1	-1	-1	-1	-1	-1	-1	-1	-1	-1	-1	-1
3292	-1	-1	-1	-1	-1	-1	-1	1	0	0	123702	-1	-1	-1	-1	-1	-1	-1	-1	-1	-1	-1	-1	-1	-1	-1	-1	-1	-1	-1	-1	-1	-1	-1	-1	-1	-1
3620	-1	-1	-1	-1	-1	-1	-1	1	0	0	123702	-1	1	-1	-1	-1	-1	-1	-1	-1	-1	-1	-1	-1	-1	-1	-1	-1	-1	-1	-1	-1	-1	-1	-1	-1	-1
6002	-1	-1	-1	-1	-1	-1	-1	4	-1	0	82055	-1	-1	1	0	0	101001	-1	-1	-1	-1	-1	-1	-1	-1	-1	-1	-1	-1	-1	-1	-1	-1	-1	-1	-1	-1
6003	-1	-1	-1	-1	-1	-1	-1	4	0	0	59630	108	1	1	-1	-1	101000	-1	1	-1	-1	-1	-1	-1	-1	-1	-1	-1	-1	-1	-1	-1	-1	-1	-1	-1	-1
3369	-1	-1	-1	-1	-1	-1	-1	1	0	0	126002	-1	1	-1	-1	-1	-1	-1	-1	-1	-1	-1	-1	-1	-1	-1	-1	-1	-1	-1	-1	-1	-1	-1	-1	-1	-1
3370	-1	-1	-1	-1	-1	-1	-1	1	0	0	126002	-1	1	-1	-1	-1	-1	-1	-1	-1	-1	-1	-1	-1	-1	-1	-1	-1	-1	-1	-1	-1	-1	-1	-1	-1	-1
3371	-1	-1	-1	-1	-1	-1	-1	1	0	0	126002	-1	1	-1	-1	-1	-1	-1	-1	-1	-1	-1	-1	-1	-1	-1	-1	-1	-1	-1	-1	-1	-1	-1	-1	-1	-1
3372	-1	-1	-1	-1	-1	-1	-1	1	0	0	126002	-1	1	-1	-1	-1	-1	-1	-1	-1	-1	-1	-1	-1	-1	-1	-1	-1	-1	-1	-1	-1	-1	-1	-1	-1	-1
3373	-1	-1	-1	-1	-1	-1	-1	1	0	0	126002	-1	1	-1	-1	-1	-1	-1	-1	-1	-1	-1	-1	-1	-1	-1	-1	-1	-1	-1	-1	-1	-1	-1	-1	-1	-1
3374	-1	-1	-1	-1	-1	-1	-1	1	0	0	126002	-1	1	-1	-1	-1	-1	-1	-1	-1	-1	-1	-1	-1	-1	-1	-1	-1	-1	-1	-1	-1	-1	-1	-1	-1	-1
3375	-1	-1	-1	-1	-1	-1	-1	1	0	0	126002	-1	1	-1	-1	-1	-1	-1	-1	-1	-1	-1	-1	-1	-1	-1	-1	-1	-1	-1	-1	-1	-1	-1	-1	-1	-1
3376	-1	-1	-1	-1	-1	-1	-1	1	0	0	126002	-1	1	-1	-1	-1	-1	-1	-1	-1	-1	-1	-1	-1	-1	-1	-1	-1	-1	-1	-1	-1	-1	-1	-1	-1	-1
3377	-1	-1	-1	-1	-1	-1	-1	1	0	0	126002	-1	1	-1	-1	-1	-1	-1	-1	-1	-1	-1	-1	-1	-1	-1	-1	-1	-1	-1	-1	-1	-1	-1	-1	-1	-1
3378	-1	-1	-1	-1	-1	-1	-1	1	0	0	126002	-1	1	-1	-1	-1	-1	-1	-1	-1	-1	-1	-1	-1	-1	-1	-1	-1	-1	-1	-1	-1	-1	-1	-1	-1	-1
3379	-1	-1	-1	-1	-1	-1	-1	1	0	0	126002	-1	1	-1	-1	-1	-1	-1	-1	-1	-1	-1	-1	-1	-1	-1	-1	-1	-1	-1	-1	-1	-1	-1	-1	-1	-1
3380	-1	-1	-1	-1	-1	-1	-1	1	0	0	126002	-1	1	-1	-1	-1	-1	-1	-1	-1	-1	-1	-1	-1	-1	-1	-1	-1	-1	-1	-1	-1	-1	-1	-1	-1	-1
3381	-1	-1	-1	-1	-1	-1	-1	1	0	0	126002	-1	-1	-1	-1	-1	-1	-1	-1	-1	-1	-1	-1	-1	-1	-1	-1	-1	-1	-1	-1	-1	-1	-1	-1	-1	-1
3382	-1	-1	-1	-1	-1	-1	-1	1	0	0	126002	-1	-1	-1	-1	-1	-1	-1	-1	-1	-1	-1	-1	-1	-1	-1	-1	-1	-1	-1	-1	-1	-1	-1	-1	-1	-1
3383	-1	-1	-1	-1	-1	-1	-1	1	0	0	126002	-1	-1	-1	-1	-1	-1	-1	-1	-1	-1	-1	-1	-1	-1	-1	-1	-1	-1	-1	-1	-1	-1	-1	-1	-1	-1
3384	-1	-1	-1	-1	-1	-1	-1	1	0	0	126002	-1	-1	-1	-1	-1	-1	-1	-1	-1	-1	-1	-1	-1	-1	-1	-1	-1	-1	-1	-1	-1	-1	-1	-1	-1	-1
3385	-1	-1	-1	-1	-1	-1	-1	1	0	0	126002	-1	-1	-1	-1	-1	-1	-1	-1	-1	-1	-1	-1	-1	-1	-1	-1	-1	-1	-1	-1	-1	-1	-1	-1	-1	-1
3386	-1	-1	-1	-1	-1	-1	-1	1	0	0	126002	-1	-1	-1	-1	-1	-1	-1	-1	-1	-1	-1	-1	-1	-1	-1	-1	-1	-1	-1	-1	-1	-1	-1	-1	-1	-1
3387	-1	-1	-1	-1	-1	-1	-1	1	0	0	126002	-1	-1	-1	-1	-1	-1	-1	-1	-1	-1	-1	-1	-1	-1	-1	-1	-1	-1	-1	-1	-1	-1	-1	-1	-1	-1
3388	-1	-1	-1	-1	-1	-1	-1	1	0	0	126002	-1	-1	-1	-1	-1	-1	-1	-1	-1	-1	-1	-1	-1	-1	-1	-1	-1	-1	-1	-1	-1	-1	-1	-1	-1	-1
3389	-1	-1	-1	-1	-1	-1	-1	1	0	0	126002	-1	-1	-1	-1	-1	-1	-1	-1	-1	-1	-1	-1	-1	-1	-1	-1	-1	-1	-1	-1	-1	-1	-1	-1	-1	-1
3390	-1	-1	-1	-1	-1	-1	-1	1	0	0	126002	-1	-1	-1	-1	-1	-1	-1	-1	-1	-1	-1	-1	-1	-1	-1	-1	-1	-1	-1	-1	-1	-1	-1	-1	-1	-1
3391	-1	-1	-1	-1	-1	-1	-1	1	0	0	126002	-1	-1	-1	-1	-1	-1	-1	-1	-1	-1	-1	-1	-1	-1	-1	-1	-1	-1	-1	-1	-1	-1	-1	-1	-1	-1
3392	-1	-1	-1	-1	-1	-1	-1	1	0	0	126002	-1	-1	-1	-1	-1	-1	-1	-1	-1	-1	-1	-1	-1	-1	-1	-1	-1	-1	-1	-1	-1	-1	-1	-1	-1	-1
3621	-1	-1	-1	-1	-1	-1	-1	1	0	0	126002	-1	1	-1	-1	-1	-1	-1	-1	-1	-1	-1	-1	-1	-1	-1	-1	-1	-1	-1	-1	-1	-1	-1	-1	-1	-1
6102	-1	-1	-1	-1	-1	-1	-1	4	-1	0	82057	-1	-1	1	0	0	101001	-1	-1	-1	-1	-1	-1	-1	-1	-1	-1	-1	-1	-1	-1	-1	-1	-1	-1	-1	-1
6103	-1	-1	-1	-1	-1	-1	-1	4	0	0	59631	108	1	-1	-1	-1	-1	-1	-1	-1	-1	-1	-1	-1	-1	-1	-1	-1	-1	-1	-1	-1	-1	-1	-1	-1	-1
3462	-1	-1	-1	-1	-1	-1	-1	1	0	0	129056	-1	1	-1	-1	-1	-1	-1	-1	-1	-1	-1	-1	-1	-1	-1	-1	-1	-1	-1	-1	-1	-1	-1	-1	-1	-1
3463	-1	-1	-1	-1	-1	-1	-1	1	0	0	129056	-1	1	-1	-1	-1	-1	-1	-1	-1	-1	-1	-1	-1	-1	-1	-1	-1	-1	-1	-1	-1	-1	-1	-1	-1	-1
3464	-1	-1	-1	-1	-1	-1	-1	1	0	0	129056	-1	1	-1	-1	-1	-1	-1	-1	-1	-1	-1	-1	-1	-1	-1	-1	-1	-1	-1	-1	-1	-1	-1	-1	-1	-1
3465	-1	-1	-1	-1	-1	-1	-1	1	0	0	129056	-1	1	-1	-1	-1	-1	-1	-1	-1	-1	-1	-1	-1	-1	-1	-1	-1	-1	-1	-1	-1	-1	-1	-1	-1	-1
3466	-1	-1	-1	-1	-1	-1	-1	1	0	0	129056	-1	1	-1	-1	-1	-1	-1	-1	-1	-1	-1	-1	-1	-1	-1	-1	-1	-1	-1	-1	-1	-1	-1	-1	-1	-1
3467	-1	-1	-1	-1	-1	-1	-1	1	0	0	129056	-1	1	-1	-1	-1	-1	-1	-1	-1	-1	-1	-1	-1	-1	-1	-1	-1	-1	-1	-1	-1	-1	-1	-1	-1	-1
3468	-1	-1	-1	-1	-1	-1	-1	1	0	0	129056	-1	1	-1	-1	-1	-1	-1	-1	-1	-1	-1	-1	-1	-1	-1	-1	-1	-1	-1	-1	-1	-1	-1	-1	-1	-1
3469	-1	-1	-1	-1	-1	-1	-1	1	0	0	129056	-1	1	-1	-1	-1	-1	-1	-1	-1	-1	-1	-1	-1	-1	-1	-1	-1	-1	-1	-1	-1	-1	-1	-1	-1	-1
3470	-1	-1	-1	-1	-1	-1	-1	1	0	0	129056	-1	1	-1	-1	-1	-1	-1	-1	-1	-1	-1	-1	-1	-1	-1	-1	-1	-1	-1	-1	-1	-1	-1	-1	-1	-1
3471	-1	-1	-1	-1	-1	-1	-1	1	0	0	129056	-1	1	-1	-1	-1	-1	-1	-1	-1	-1	-1	-1	-1	-1	-1	-1	-1	-1	-1	-1	-1	-1	-1	-1	-1	-1
3472	-1	-1	-1	-1	-1	-1	-1	1	0	0	129056	-1	1	-1	-1	-1	-1	-1	-1	-1	-1	-1	-1	-1	-1	-1	-1	-1	-1	-1	-1	-1	-1	-1	-1	-1	-1
3473	-1	-1	-1	-1	-1	-1	-1	1	0	0	129056	-1	1	-1	-1	-1	-1	-1	-1	-1	-1	-1	-1	-1	-1	-1	-1	-1	-1	-1	-1	-1	-1	-1	-1	-1	-1
3474	-1	-1	-1	-1	-1	-1	-1	1	0	0	129056	-1	-1	-1	-1	-1	-1	-1	-1	-1	-1	-1	-1	-1	-1	-1	-1	-1	-1	-1	-1	-1	-1	-1	-1	-1	-1
3475	-1	-1	-1	-1	-1	-1	-1	1	0	0	129056	-1	-1	-1	-1	-1	-1	-1	-1	-1	-1	-1	-1	-1	-1	-1	-1	-1	-1	-1	-1	-1	-1	-1	-1	-1	-1
3476	-1	-1	-1	-1	-1	-1	-1	1	0	0	129056	-1	-1	-1	-1	-1	-1	-1	-1	-1	-1	-1	-1	-1	-1	-1	-1	-1	-1	-1	-1	-1	-1	-1	-1	-1	-1
3477	-1	-1	-1	-1	-1	-1	-1	1	0	0	129056	-1	-1	-1	-1	-1	-1	-1	-1	-1	-1	-1	-1	-1	-1	-1	-1	-1	-1	-1	-1	-1	-1	-1	-1	-1	-1
3478	-1	-1	-1	-1	-1	-1	-1	1	0	0	129056	-1	-1	-1	-1	-1	-1	-1	-1	-1	-1	-1	-1	-1	-1	-1	-1	-1	-1	-1	-1	-1	-1	-1	-1	-1	-1
3479	-1	-1	-1	-1	-1	-1	-1	1	0	0	129056	-1	-1	-1	-1	-1	-1	-1	-1	-1	-1	-1	-1	-1	-1	-1	-1	-1	-1	-1	-1	-1	-1	-1	-1	-1	-1
3480	-1	-1	-1	-1	-1	-1	-1	1	0	0	129056	-1	-1	-1	-1	-1	-1	-1	-1	-1	-1	-1	-1	-1	-1	-1	-1	-1	-1	-1	-1	-1	-1	-1	-1	-1	-1
3481	-1	-1	-1	-1	-1	-1	-1	1	0	0	129056	-1	-1	-1	-1	-1	-1	-1	-1	-1	-1	-1	-1	-1	-1	-1	-1	-1	-1	-1	-1	-1	-1	-1	-1	-1	-1
3482	-1	-1	-1	-1	-1	-1	-1	1	0	0	129056	-1	-1	-1	-1	-1	-1	-1	-1	-1	-1	-1	-1	-1	-1	-1	-1	-1	-1	-1	-1	-1	-1	-1	-1	-1	-1
3483	-1	-1	-1	-1	-1	-1	-1	1	0	0	129056	-1	-1	-1	-1	-1	-1	-1	-1	-1	-1	-1	-1	-1	-1	-1	-1	-1	-1	-1	-1	-1	-1	-1	-1	-1	-1
3484	-1	-1	-1	-1	-1	-1	-1	1	0	0	129056	-1	-1	-1	-1	-1	-1	-1	-1	-1	-1	-1	-1	-1	-1	-1	-1	-1	-1	-1	-1	-1	-1	-1	-1	-1	-1
3485	-1	-1	-1	-1	-1	-1	-1	1	0	0	129056	-1	-1	-1	-1	-1	-1	-1	-1	-1	-1	-1	-1	-1	-1	-1	-1	-1	-1	-1	-1	-1	-1	-1	-1	-1	-1
3622	-1	-1	-1	-1	-1	-1	-1	1	0	0	129056	-1	1	-1	-1	-1	-1	-1	-1	-1	-1	-1	-1	-1	-1	-1	-1	-1	-1	-1	-1	-1	-1	-1	-1	-1	-1
6202	-1	-1	-1	-1	-1	-1	-1	4	-1	0	82062	-1	-1	1	0	0	101001	-1	-1	-1	-1	-1	-1	-1	-1	-1	-1	-1	-1	-1	-1	-1	-1	-1	-1	-1	-1
6203	-1	-1	-1	-1	-1	-1	-1	4	0	0	59632	108	1	-1	-1	-1	-1	-1	-1	-1	-1	-1	-1	-1	-1	-1	-1	-1	-1	-1	-1	-1	-1	-1	-1	-1	-1
3769	-1	-1	-1	-1	-1	-1	-1	1	0	0	132002	-1	1	-1	-1	-1	-1	-1	-1	-1	-1	-1	-1	-1	-1	-1	-1	-1	-1	-1	-1	-1	-1	-1	-1	-1	-1
3770	-1	-1	-1	-1	-1	-1	-1	1	0	0	132002	-1	1	-1	-1	-1	-1	-1	-1	-1	-1	-1	-1	-1	-1	-1	-1	-1	-1	-1	-1	-1	-1	-1	-1	-1	-1
3771	-1	-1	-1	-1	-1	-1	-1	1	0	0	132002	-1	1	-1	-1	-1	-1	-1	-1	-1	-1	-1	-1	-1	-1	-1	-1	-1	-1	-1	-1	-1	-1	-1	-1	-1	-1
3772	-1	-1	-1	-1	-1	-1	-1	1	0	0	132002	-1	1	-1	-1	-1	-1	-1	-1	-1	-1	-1	-1	-1	-1	-1	-1	-1	-1	-1	-1	-1	-1	-1	-1	-1	-1
3773	-1	-1	-1	-1	-1	-1	-1	1	0	0	132002	-1	1	-1	-1	-1	-1	-1	-1	-1	-1	-1	-1	-1	-1	-1	-1	-1	-1	-1	-1	-1	-1	-1	-1	-1	-1
3774	-1	-1	-1	-1	-1	-1	-1	1	0	0	132002	-1	1	-1	-1	-1	-1	-1	-1	-1	-1	-1	-1	-1	-1	-1	-1	-1	-1	-1	-1	-1	-1	-1	-1	-1	-1
3775	-1	-1	-1	-1	-1	-1	-1	1	0	0	132002	-1	1	-1	-1	-1	-1	-1	-1	-1	-1	-1	-1	-1	-1	-1	-1	-1	-1	-1	-1	-1	-1	-1	-1	-1	-1
3776	-1	-1	-1	-1	-1	-1	-1	1	0	0	132002	-1	1	-1	-1	-1	-1	-1	-1	-1	-1	-1	-1	-1	-1	-1	-1	-1	-1	-1	-1	-1	-1	-1	-1	-1	-1
3777	-1	-1	-1	-1	-1	-1	-1	1	0	0	132002	-1	1	-1	-1	-1	-1	-1	-1	-1	-1	-1	-1	-1	-1	-1	-1	-1	-1	-1	-1	-1	-1	-1	-1	-1	-1
3778	-1	-1	-1	-1	-1	-1	-1	1	0	0	132002	-1	1	-1	-1	-1	-1	-1	-1	-1	-1	-1	-1	-1	-1	-1	-1	-1	-1	-1	-1	-1	-1	-1	-1	-1	-1
3779	-1	-1	-1	-1	-1	-1	-1	1	0	0	132002	-1	1	-1	-1	-1	-1	-1	-1	-1	-1	-1	-1	-1	-1	-1	-1	-1	-1	-1	-1	-1	-1	-1	-1	-1	-1
3780	-1	-1	-1	-1	-1	-1	-1	1	0	0	132002	-1	1	-1	-1	-1	-1	-1	-1	-1	-1	-1	-1	-1	-1	-1	-1	-1	-1	-1	-1	-1	-1	-1	-1	-1	-1
3781	-1	-1	-1	-1	-1	-1	-1	1	0	0	132002	-1	-1	-1	-1	-1	-1	-1	-1	-1	-1	-1	-1	-1	-1	-1	-1	-1	-1	-1	-1	-1	-1	-1	-1	-1	-1
3782	-1	-1	-1	-1	-1	-1	-1	1	0	0	132002	-1	-1	-1	-1	-1	-1	-1	-1	-1	-1	-1	-1	-1	-1	-1	-1	-1	-1	-1	-1	-1	-1	-1	-1	-1	-1
3783	-1	-1	-1	-1	-1	-1	-1	1	0	0	132002	-1	-1	-1	-1	-1	-1	-1	-1	-1	-1	-1	-1	-1	-1	-1	-1	-1	-1	-1	-1	-1	-1	-1	-1	-1	-1
3784	-1	-1	-1	-1	-1	-1	-1	1	0	0	132002	-1	-1	-1	-1	-1	-1	-1	-1	-1	-1	-1	-1	-1	-1	-1	-1	-1	-1	-1	-1	-1	-1	-1	-1	-1	-1
3785	-1	-1	-1	-1	-1	-1	-1	1	0	0	132002	-1	-1	-1	-1	-1	-1	-1	-1	-1	-1	-1	-1	-1	-1	-1	-1	-1	-1	-1	-1	-1	-1	-1	-1	-1	-1
3786	-1	-1	-1	-1	-1	-1	-1	1	0	0	132002	-1	-1	-1	-1	-1	-1	-1	-1	-1	-1	-1	-1	-1	-1	-1	-1	-1	-1	-1	-1	-1	-1	-1	-1	-1	-1
3787	-1	-1	-1	-1	-1	-1	-1	1	0	0	132002	-1	-1	-1	-1	-1	-1	-1	-1	-1	-1	-1	-1	-1	-1	-1	-1	-1	-1	-1	-1	-1	-1	-1	-1	-1	-1
3788	-1	-1	-1	-1	-1	-1	-1	1	0	0	132002	-1	-1	-1	-1	-1	-1	-1	-1	-1	-1	-1	-1	-1	-1	-1	-1	-1	-1	-1	-1	-1	-1	-1	-1	-1	-1
3789	-1	-1	-1	-1	-1	-1	-1	1	0	0	132002	-1	-1	-1	-1	-1	-1	-1	-1	-1	-1	-1	-1	-1	-1	-1	-1	-1	-1	-1	-1	-1	-1	-1	-1	-1	-1
3790	-1	-1	-1	-1	-1	-1	-1	1	0	0	132002	-1	-1	-1	-1	-1	-1	-1	-1	-1	-1	-1	-1	-1	-1	-1	-1	-1	-1	-1	-1	-1	-1	-1	-1	-1	-1
3791	-1	-1	-1	-1	-1	-1	-1	1	0	0	132002	-1	-1	-1	-1	-1	-1	-1	-1	-1	-1	-1	-1	-1	-1	-1	-1	-1	-1	-1	-1	-1	-1	-1	-1	-1	-1
3792	-1	-1	-1	-1	-1	-1	-1	1	0	0	132002	-1	-1	-1	-1	-1	-1	-1	-1	-1	-1	-1	-1	-1	-1	-1	-1	-1	-1	-1	-1	-1	-1	-1	-1	-1	-1
3623	-1	-1	-1	-1	-1	-1	-1	1	0	0	132002	-1	1	-1	-1	-1	-1	-1	-1	-1	-1	-1	-1	-1	-1	-1	-1	-1	-1	-1	-1	-1	-1	-1	-1	-1	-1
6302	-1	-1	-1	-1	-1	-1	-1	4	-1	0	82067	-1	-1	1	0	0	101001	-1	-1	-1	-1	-1	-1	-1	-1	-1	-1	-1	-1	-1	-1	-1	-1	-1	-1	-1	-1
6303	-1	-1	-1	-1	-1	-1	-1	4	0	0	59633	108	1	-1	-1	-1	-1	-1	-1	-1	-1	-1	-1	-1	-1	-1	-1	-1	-1	-1	-1	-1	-1	-1	-1	-1	-1
#	罕难河草原					-1	-1						-1						-1						-1							-1					-1
1	-1	-1	-1	-1	-1	-1	-1	1	0	0	101001	-1	-1	-1	-1	-1	-1	-1	-1	-1	-1	-1	-1	-1	-1	-1	-1	-1	-1	-1	-1	-1	-1	-1	-1	-1	-1
2	-1	-1	-1	-1	-1	-1	-1	1	0	0	101003	-1	-1	-1	-1	-1	-1	-1	-1	-1	-1	-1	-1	-1	-1	-1	-1	-1	-1	-1	-1	-1	-1	-1	-1	-1	-1
20	1	-1	0	101001	-1	3|-1	-1	2	0	0	13018	-1	575|6	-1	-1	-1	-1	-1	-1	-1	-1	-1	-1	-1	-1	-1	-1	-1	-1	-1	-1	-1	-1	-1	-1	-1	-1
3	1	-1	0	101001	-1	4|-1	-1	2	0	0	13019	-1	-1	-1	-1	-1	-1	-1	-1	-1	-1	-1	-1	-1	-1	-1	-1	-1	-1	-1	-1	-1	-1	-1	-1	-1	-1
4	-1	-1	-1	-1	-1	-1	-1	1	0	0	101004	-1	-1	-1	-1	-1	-1	-1	-1	-1	-1	-1	-1	-1	-1	-1	-1	-1	-1	-1	-1	-1	-1	-1	-1	-1	-1
5	1	-1	0	101005	-1	7|-1	-1	1	0	0	101005	-1	-1	-1	-1	-1	-1	-1	-1	-1	-1	-1	-1	-1	-1	-1	-1	-1	-1	-1	-1	-1	-1	-1	-1	-1	-1
7	1	-1	0	101005	-1	8|-1	-1	2	0	0	13011	-1	-1	-1	-1	-1	-1	-1	-1	-1	-1	-1	-1	-1	-1	-1	-1	-1	-1	-1	-1	-1	-1	-1	-1	-1	-1
8	-1	-1	-1	-1	-1	-1	-1	1	0	0	101006	-1	-1	-1	-1	-1	-1	-1	-1	-1	-1	-1	-1	-1	-1	-1	-1	-1	-1	-1	-1	-1	-1	-1	-1	-1	-1
9	1	-1	0	101010	-1	19|-1	-1	1	0	0	101004	-1	-1	-1	-1	-1	-1	-1	-1	-1	-1	-1	-1	-1	-1	-1	-1	-1	-1	-1	-1	-1	-1	-1	-1	-1	-1
19	1	-1	0	101005	-1	6|-1	-1	2	0	0	13014	-1	-1	2	1	0	13015	-1	-1	-1	-1	-1	-1	-1	-1	-1	-1	-1	-1	-1	-1	-1	-1	-1	-1	-1	-1
6	1	-1	0	101005	-1	10|-1	-1	2	0	0	13012	-1	-1	-1	-1	-1	-1	-1	-1	-1	-1	-1	-1	-1	-1	-1	-1	-1	-1	-1	-1	-1	-1	-1	-1	-1	-1
10	-1	-1	-1	-1	-1	-1	-1	2	0	0	13014	-1	-1	2	1	0	13015	-1	-1	-1	-1	-1	-1	-1	-1	-1	-1	-1	-1	-1	-1	-1	-1	-1	-1	-1	-1
11	-1	-1	-1	-1	-1	-1	-1	1	0	0	101005	-1	-1	-1	-1	-1	-1	-1	-1	-1	-1	-1	-1	-1	-1	-1	-1	-1	-1	-1	-1	-1	-1	-1	-1	-1	-1
13	1	-1	0	101004	-1	14|-1	-1	1	0	0	101004	-1	-1	-1	-1	-1	-1	-1	-1	-1	-1	-1	-1	-1	-1	-1	-1	-1	-1	-1	-1	-1	-1	-1	-1	-1	-1
14	1	-1	0	101004	-1	15|-1	-1	1	0	0	101002	-1	-1	-1	-1	-1	-1	-1	-1	-1	-1	-1	-1	-1	-1	-1	-1	-1	-1	-1	-1	-1	-1	-1	-1	-1	-1
15	1	-1	0	101001	-1	16|-1	-1	1	0	0	101003	-1	1	-1	-1	-1	-1	-1	-1	-1	-1	-1	-1	-1	-1	-1	-1	-1	-1	-1	-1	-1	-1	-1	-1	-1	-1
16	-1	-1	-1	-1	-1	-1	-1	1	0	0	101001	-1	-1	-1	-1	-1	-1	-1	-1	-1	-1	-1	-1	-1	-1	-1	-1	-1	-1	-1	-1	-1	-1	-1	-1	-1	-1
17	-1	-1	-1	-1	-1	-1	-1	1	0	0	101000	-1	-1	-1	-1	-1	-1	-1	-1	-1	-1	-1	-1	-1	-1	-1	-1	-1	-1	-1	-1	-1	-1	-1	-1	-1	-1
18	-1	-1	-1	-1	-1	-1	-1	1	0	0	101020	-1	1	-1	-1	-1	-1	-1	-1	-1	-1	-1	-1	-1	-1	-1	-1	-1	-1	-1	-1	-1	-1	-1	-1	-1	-1
3644	-1	-1	-1	-1	-1	-1	-1	1	-1	0	101020	-1	-1	1	5	0	123702	-1	1	-1	-1	-1	-1	-1	-1	-1	-1	-1	-1	-1	-1	-1	-1	-1	-1	-1	-1
3645	-1	-1	-1	-1	-1	-1	-1	1	-1	0	101020	-1	-1	1	5	0	126002	-1	1	-1	-1	-1	-1	-1	-1	-1	-1	-1	-1	-1	-1	-1	-1	-1	-1	-1	-1
3646	-1	-1	-1	-1	-1	-1	-1	1	-1	0	101020	-1	-1	1	5	0	129056	-1	1	-1	-1	-1	-1	-1	-1	-1	-1	-1	-1	-1	-1	-1	-1	-1	-1	-1	-1
3647	-1	-1	-1	-1	-1	-1	-1	1	-1	0	101020	-1	-1	1	5	0	132002	-1	1	-1	-1	-1	-1	-1	-1	-1	-1	-1	-1	-1	-1	-1	-1	-1	-1	-1	-1
#						-1	-1						-1						-1						-1							-1					-1
3216	-1	-1	-1	-1	-1	-1	-1	1	0	0	123728	-1	-1	-1	-1	-1	-1	-1	-1	-1	-1	-1	-1	-1	-1	-1	-1	-1	-1	-1	-1	-1	-1	-1	-1	-1	-1
3316	-1	-1	-1	-1	-1	-1	-1	1	0	0	126025	-1	-1	-1	-1	-1	-1	-1	-1	-1	-1	-1	-1	-1	-1	-1	-1	-1	-1	-1	-1	-1	-1	-1	-1	-1	-1
3416	-1	-1	-1	-1	-1	-1	-1	1	0	0	129025	-1	-1	-1	-1	-1	-1	-1	-1	-1	-1	-1	-1	-1	-1	-1	-1	-1	-1	-1	-1	-1	-1	-1	-1	-1	-1
3716	-1	-1	-1	-1	-1	-1	-1	1	0	0	132025	-1	-1	-1	-1	-1	-1	-1	-1	-1	-1	-1	-1	-1	-1	-1	-1	-1	-1	-1	-1	-1	-1	-1	-1	-1	-1
3266	-1	-1	-1	-1	-1	-1	-1	1	0	0	123730	-1	-1	-1	-1	-1	-1	-1	-1	-1	-1	-1	-1	-1	-1	-1	-1	-1	-1	-1	-1	-1	-1	-1	-1	-1	-1
3366	-1	-1	-1	-1	-1	-1	-1	1	0	0	126027	-1	-1	-1	-1	-1	-1	-1	-1	-1	-1	-1	-1	-1	-1	-1	-1	-1	-1	-1	-1	-1	-1	-1	-1	-1	-1
3457	-1	-1	-1	-1	-1	-1	-1	1	0	0	129027	-1	-1	-1	-1	-1	-1	-1	-1	-1	-1	-1	-1	-1	-1	-1	-1	-1	-1	-1	-1	-1	-1	-1	-1	-1	-1
3766	-1	-1	-1	-1	-1	-1	-1	1	0	0	132027	-1	-1	-1	-1	-1	-1	-1	-1	-1	-1	-1	-1	-1	-1	-1	-1	-1	-1	-1	-1	-1	-1	-1	-1	-1	-1
3268	-1	-1	-1	-1	-1	-1	-1	1	0	0	123729	-1	1	-1	-1	-1	-1	-1	-1	-1	-1	-1	-1	-1	-1	-1	-1	-1	-1	-1	-1	-1	-1	-1	-1	-1	-1
3368	-1	-1	-1	-1	-1	-1	-1	1	0	0	126026	-1	-1	-1	-1	-1	-1	-1	-1	-1	-1	-1	-1	-1	-1	-1	-1	-1	-1	-1	-1	-1	-1	-1	-1	-1	-1
3458	-1	-1	-1	-1	-1	-1	-1	1	0	0	129026	-1	1	-1	-1	-1	-1	-1	-1	-1	-1	-1	-1	-1	-1	-1	-1	-1	-1	-1	-1	-1	-1	-1	-1	-1	-1
3768	-1	-1	-1	-1	-1	-1	-1	1	0	0	132026	-1	1	-1	-1	-1	-1	-1	-1	-1	-1	-1	-1	-1	-1	-1	-1	-1	-1	-1	-1	-1	-1	-1	-1	-1	-1
3652	-1	-1	-1	-1	-1	-1	-1	1	0	0	101101	-1	-1	-1	-1	-1	-1	-1	-1	-1	-1	-1	-1	-1	-1	-1	-1	-1	-1	-1	-1	-1	-1	-1	-1	-1	-1
3653	-1	-1	-1	-1	-1	-1	-1	1	0	0	126000	-1	-1	-1	-1	-1	-1	-1	-1	-1	-1	-1	-1	-1	-1	-1	-1	-1	-1	-1	-1	-1	-1	-1	-1	-1	-1
3654	-1	-1	-1	-1	-1	-1	-1	1	0	0	129169	-1	-1	-1	-1	-1	-1	-1	-1	-1	-1	-1	-1	-1	-1	-1	-1	-1	-1	-1	-1	-1	-1	-1	-1	-1	-1
3655	-1	-1	-1	-1	-1	-1	-1	1	0	0	132000	-1	-1	-1	-1	-1	-1	-1	-1	-1	-1	-1	-1	-1	-1	-1	-1	-1	-1	-1	-1	-1	-1	-1	-1	-1	-1
3640	1	-1	0	123702	-1	3648|-1	-1	1	0	0	123702	-1	-1	-1	-1	-1	-1	-1	-1	-1	-1	-1	-1	-1	-1	-1	-1	-1	-1	-1	-1	-1	-1	-1	-1	-1	-1
3641	1	-1	0	126002	-1	3649|-1	-1	1	0	0	126002	-1	-1	-1	-1	-1	-1	-1	-1	-1	-1	-1	-1	-1	-1	-1	-1	-1	-1	-1	-1	-1	-1	-1	-1	-1	-1
3642	1	-1	0	129056	-1	3650|-1	-1	1	0	0	129056	-1	-1	-1	-1	-1	-1	-1	-1	-1	-1	-1	-1	-1	-1	-1	-1	-1	-1	-1	-1	-1	-1	-1	-1	-1	-1
3643	1	-1	0	132002	-1	3651|-1	-1	1	0	0	132002	-1	-1	-1	-1	-1	-1	-1	-1	-1	-1	-1	-1	-1	-1	-1	-1	-1	-1	-1	-1	-1	-1	-1	-1	-1	-1
3648	-1	-1	-1	-1	-1	-1	-1	1	0	0	123844	-1	-1	-1	-1	-1	-1	-1	-1	-1	-1	-1	-1	-1	-1	-1	-1	-1	-1	-1	-1	-1	-1	-1	-1	-1	-1
3649	-1	-1	-1	-1	-1	-1	-1	1	0	0	126144	-1	-1	-1	-1	-1	-1	-1	-1	-1	-1	-1	-1	-1	-1	-1	-1	-1	-1	-1	-1	-1	-1	-1	-1	-1	-1
3650	-1	-1	-1	-1	-1	-1	-1	1	0	0	129754	-1	-1	-1	-1	-1	-1	-1	-1	-1	-1	-1	-1	-1	-1	-1	-1	-1	-1	-1	-1	-1	-1	-1	-1	-1	-1
3651	-1	-1	-1	-1	-1	-1	-1	1	0	0	132077	-1	-1	-1	-1	-1	-1	-1	-1	-1	-1	-1	-1	-1	-1	-1	-1	-1	-1	-1	-1	-1	-1	-1	-1	-1	-1
6005	1	-1	0	102004	-1	50|-1	-1	4	-1	0	59630	109	-1	-1	-1	-1	-1	-1	-1	-1	-1	-1	-1	-1	-1	-1	-1	-1	-1	-1	-1	-1	-1	-1	-1	-1	-1
6105	1	-1	0	102004	-1	50|-1	-1	4	-1	0	59631	109	-1	-1	-1	-1	-1	-1	-1	-1	-1	-1	-1	-1	-1	-1	-1	-1	-1	-1	-1	-1	-1	-1	-1	-1	-1
6205	1	-1	0	102004	-1	50|-1	-1	4	-1	0	59632	109	-1	-1	-1	-1	-1	-1	-1	-1	-1	-1	-1	-1	-1	-1	-1	-1	-1	-1	-1	-1	-1	-1	-1	-1	-1
6305	1	-1	0	102004	-1	50|-1	-1	4	-1	0	59633	109	-1	-1	-1	-1	-1	-1	-1	-1	-1	-1	-1	-1	-1	-1	-1	-1	-1	-1	-1	-1	-1	-1	-1	-1	-1
#	乞颜部大营					-1	-1																		-1							-1					-1
50	-1	-1	-1	-1	-1	-1	-1	1	0	0	102010	-1	-1	-1	-1	-1	-1	-1	-1	-1	-1	-1	-1	-1	-1	-1	-1	-1	-1	-1	-1	-1	-1	-1	-1	-1	-1
51	1	-1	0	102009	-1	52|-1	-1	1	0	0	102009	-1	-1	-1	-1	-1	-1	-1	-1	-1	-1	-1	-1	-1	-1	-1	-1	-1	-1	-1	-1	-1	-1	-1	-1	-1	-1
52	1	-1	0	102009	-1	53|-1	-1	5	0	0	14017	-1	-1	-1	-1	-1	-1	-1	-1	-1	-1	-1	-1	-1	-1	-1	-1	-1	-1	-1	-1	-1	-1	-1	-1	-1	-1
53	1	-1	0	102009	-1	54|-1	-1	0	0	0	14018	-1	-1	-1	-1	-1	-1	-1	-1	-1	-1	-1	-1	-1	-1	-1	-1	-1	-1	-1	-1	-1	-1	-1	-1	-1	-1
54	-1	-1	-1	-1	-1	-1	-1	1	0	0	102010	-1	-1	-1	-1	-1	-1	-1	-1	-1	-1	-1	-1	-1	-1	-1	-1	-1	-1	-1	-1	-1	-1	-1	-1	-1	-1
55	-1	-1	-1	-1	-1	-1	-1	1	0	0	102011	-1	-1	-1	-1	-1	-1	-1	-1	-1	-1	-1	-1	-1	-1	-1	-1	-1	-1	-1	-1	-1	-1	-1	-1	-1	-1
56	-1	-1	-1	-1	-1	-1	-1	1	0	0	102004	-1	-1	-1	-1	-1	-1	-1	-1	-1	-1	-1	-1	-1	-1	-1	-1	-1	-1	-1	-1	-1	-1	-1	-1	-1	-1
57	1	-1	0	102019	-1	58|-1	-1	1	0	0	102019	-1	-1	-1	-1	-1	-1	-1	-1	-1	-1	-1	-1	-1	-1	-1	-1	-1	-1	-1	-1	-1	-1	-1	-1	-1	-1
58	1	-1	0	102019	-1	60|-1	-1	2	0	0	14011	-1	-1	-1	-1	-1	-1	-1	-1	-1	-1	-1	-1	-1	-1	-1	-1	-1	-1	-1	-1	-1	-1	-1	-1	-1	-1
60	1	-1	0	102024	-1	59|-1	-1	2	0	0	14012	-1	-1	-1	-1	-1	-1	-1	-1	-1	-1	-1	-1	-1	-1	-1	-1	-1	-1	-1	-1	-1	-1	-1	-1	-1	-1
59	-1	-1	-1	-1	-1	-1	-1	0	0	0	14019	-1	3|1	-1	-1	-1	-1	-1	-1	-1	-1	-1	-1	-1	-1	-1	-1	-1	-1	-1	-1	-1	-1	-1	-1	-1	-1
61	-1	-1	-1	-1	-1	-1	-1	2	0	0	14009	-1	-1	-1	-1	-1	-1	-1	-1	-1	-1	-1	-1	-1	-1	-1	-1	-1	-1	-1	-1	-1	-1	-1	-1	-1	-1
62	-1	-1	-1	-1	-1	-1	-1	1	0	0	102002	-1	-1	-1	-1	-1	-1	-1	-1	-1	-1	-1	-1	-1	-1	-1	-1	-1	-1	-1	-1	-1	-1	-1	-1	-1	-1
63	1	-1	0	102004	-1	64|-1	-1	0	0	0	14014	-1	-1	-1	-1	-1	-1	-1	-1	-1	-1	-1	-1	-1	-1	-1	-1	-1	-1	-1	-1	-1	-1	-1	-1	-1	-1
64	-1	-1	-1	-1	-1	-1	-1	1	0	0	102004	-1	1	-1	-1	-1	-1	-1	-1	-1	-1	-1	-1	-1	-1	-1	-1	-1	-1	-1	-1	-1	-1	-1	-1	-1	-1
66	1	-1	-1	-1	-1	-1	-1	1	0	0	102040	-1	1	-1	-1	-1	-1	-1	-1	-1	-1	-1	-1	-1	-1	-1	-1	-1	-1	-1	-1	-1	-1	-1	-1	-1	-1
3660	-1	-1	-1	-1	-1	-1	-1	1	-1	0	102040	-1	1	1	5	0	123702	-1	1	-1	-1	-1	-1	-1	-1	-1	-1	-1	-1	-1	-1	-1	-1	-1	-1	-1	-1
3661	-1	-1	-1	-1	-1	-1	-1	1	-1	0	102040	-1	1	1	5	0	126002	-1	1	-1	-1	-1	-1	-1	-1	-1	-1	-1	-1	-1	-1	-1	-1	-1	-1	-1	-1
3662	-1	-1	-1	-1	-1	-1	-1	1	-1	0	102040	-1	1	1	5	0	129056	-1	1	-1	-1	-1	-1	-1	-1	-1	-1	-1	-1	-1	-1	-1	-1	-1	-1	-1	-1
3663	-1	-1	-1	-1	-1	-1	-1	1	-1	0	102040	-1	1	1	5	0	132002	-1	1	-1	-1	-1	-1	-1	-1	-1	-1	-1	-1	-1	-1	-1	-1	-1	-1	-1	-1
4260	-1	-1	-1	-1	-1	-1	-1	1	0	0	123726	-1	1	-1	-1	-1	-1	-1	-1	-1	-1	-1	-1	-1	-1	-1	-1	-1	-1	-1	-1	-1	-1	-1	-1	-1	-1
4261	-1	-1	-1	-1	-1	-1	-1	1	0	0	126023	-1	1	-1	-1	-1	-1	-1	-1	-1	-1	-1	-1	-1	-1	-1	-1	-1	-1	-1	-1	-1	-1	-1	-1	-1	-1
4262	-1	-1	-1	-1	-1	-1	-1	1	0	0	129023	-1	1	-1	-1	-1	-1	-1	-1	-1	-1	-1	-1	-1	-1	-1	-1	-1	-1	-1	-1	-1	-1	-1	-1	-1	-1
4263	-1	-1	-1	-1	-1	-1	-1	1	0	0	132023	-1	1	-1	-1	-1	-1	-1	-1	-1	-1	-1	-1	-1	-1	-1	-1	-1	-1	-1	-1	-1	-1	-1	-1	-1	-1
4264	1	-1	0	123702	-1	4212|-1	-1	1	0	0	123702	-1	1	-1	-1	-1	-1	-1	-1	-1	-1	-1	-1	-1	-1	-1	-1	-1	-1	-1	-1	-1	-1	-1	-1	-1	-1
4265	1	-1	0	123702	-1	4212|-1	-1	1	0	0	123702	-1	1	-1	-1	-1	-1	-1	-1	-1	-1	-1	-1	-1	-1	-1	-1	-1	-1	-1	-1	-1	-1	-1	-1	-1	-1
4266	1	-1	0	123702	-1	4212|-1	-1	1	0	0	123702	-1	1	-1	-1	-1	-1	-1	-1	-1	-1	-1	-1	-1	-1	-1	-1	-1	-1	-1	-1	-1	-1	-1	-1	-1	-1
4267	1	-1	0	123702	-1	4212|-1	-1	1	0	0	123702	-1	1	-1	-1	-1	-1	-1	-1	-1	-1	-1	-1	-1	-1	-1	-1	-1	-1	-1	-1	-1	-1	-1	-1	-1	-1
4268	1	-1	0	123702	-1	4212|-1	-1	1	0	0	123702	-1	1	-1	-1	-1	-1	-1	-1	-1	-1	-1	-1	-1	-1	-1	-1	-1	-1	-1	-1	-1	-1	-1	-1	-1	-1
4269	1	-1	0	123702	-1	4212|-1	-1	1	0	0	123702	-1	1	-1	-1	-1	-1	-1	-1	-1	-1	-1	-1	-1	-1	-1	-1	-1	-1	-1	-1	-1	-1	-1	-1	-1	-1
4270	1	-1	0	123702	-1	4212|-1	-1	1	0	0	123702	-1	1	-1	-1	-1	-1	-1	-1	-1	-1	-1	-1	-1	-1	-1	-1	-1	-1	-1	-1	-1	-1	-1	-1	-1	-1
4271	1	-1	0	123702	-1	4212|-1	-1	1	0	0	123702	-1	1	-1	-1	-1	-1	-1	-1	-1	-1	-1	-1	-1	-1	-1	-1	-1	-1	-1	-1	-1	-1	-1	-1	-1	-1
4272	1	-1	0	123702	-1	4212|-1	-1	1	0	0	123702	-1	1	-1	-1	-1	-1	-1	-1	-1	-1	-1	-1	-1	-1	-1	-1	-1	-1	-1	-1	-1	-1	-1	-1	-1	-1
4273	1	-1	0	123702	-1	4212|-1	-1	1	0	0	123702	-1	1	-1	-1	-1	-1	-1	-1	-1	-1	-1	-1	-1	-1	-1	-1	-1	-1	-1	-1	-1	-1	-1	-1	-1	-1
4274	1	-1	0	123702	-1	4212|-1	-1	1	0	0	123702	-1	1	-1	-1	-1	-1	-1	-1	-1	-1	-1	-1	-1	-1	-1	-1	-1	-1	-1	-1	-1	-1	-1	-1	-1	-1
4275	1	-1	0	123702	-1	4212|-1	-1	1	0	0	123702	-1	1	-1	-1	-1	-1	-1	-1	-1	-1	-1	-1	-1	-1	-1	-1	-1	-1	-1	-1	-1	-1	-1	-1	-1	-1
4276	1	-1	0	126002	-1	4213|-1	-1	1	0	0	126002	-1	1	-1	-1	-1	-1	-1	-1	-1	-1	-1	-1	-1	-1	-1	-1	-1	-1	-1	-1	-1	-1	-1	-1	-1	-1
4277	1	-1	0	126002	-1	4213|-1	-1	1	0	0	126002	-1	1	-1	-1	-1	-1	-1	-1	-1	-1	-1	-1	-1	-1	-1	-1	-1	-1	-1	-1	-1	-1	-1	-1	-1	-1
4278	1	-1	0	126002	-1	4213|-1	-1	1	0	0	126002	-1	1	-1	-1	-1	-1	-1	-1	-1	-1	-1	-1	-1	-1	-1	-1	-1	-1	-1	-1	-1	-1	-1	-1	-1	-1
4279	1	-1	0	126002	-1	4213|-1	-1	1	0	0	126002	-1	1	-1	-1	-1	-1	-1	-1	-1	-1	-1	-1	-1	-1	-1	-1	-1	-1	-1	-1	-1	-1	-1	-1	-1	-1
4280	1	-1	0	126002	-1	4213|-1	-1	1	0	0	126002	-1	1	-1	-1	-1	-1	-1	-1	-1	-1	-1	-1	-1	-1	-1	-1	-1	-1	-1	-1	-1	-1	-1	-1	-1	-1
4281	1	-1	0	126002	-1	4213|-1	-1	1	0	0	126002	-1	1	-1	-1	-1	-1	-1	-1	-1	-1	-1	-1	-1	-1	-1	-1	-1	-1	-1	-1	-1	-1	-1	-1	-1	-1
4282	1	-1	0	126002	-1	4213|-1	-1	1	0	0	126002	-1	1	-1	-1	-1	-1	-1	-1	-1	-1	-1	-1	-1	-1	-1	-1	-1	-1	-1	-1	-1	-1	-1	-1	-1	-1
4283	1	-1	0	126002	-1	4213|-1	-1	1	0	0	126002	-1	1	-1	-1	-1	-1	-1	-1	-1	-1	-1	-1	-1	-1	-1	-1	-1	-1	-1	-1	-1	-1	-1	-1	-1	-1
4284	1	-1	0	126002	-1	4213|-1	-1	1	0	0	126002	-1	1	-1	-1	-1	-1	-1	-1	-1	-1	-1	-1	-1	-1	-1	-1	-1	-1	-1	-1	-1	-1	-1	-1	-1	-1
4285	1	-1	0	126002	-1	4213|-1	-1	1	0	0	126002	-1	1	-1	-1	-1	-1	-1	-1	-1	-1	-1	-1	-1	-1	-1	-1	-1	-1	-1	-1	-1	-1	-1	-1	-1	-1
4286	1	-1	0	126002	-1	4213|-1	-1	1	0	0	126002	-1	1	-1	-1	-1	-1	-1	-1	-1	-1	-1	-1	-1	-1	-1	-1	-1	-1	-1	-1	-1	-1	-1	-1	-1	-1
4287	1	-1	0	126002	-1	4213|-1	-1	1	0	0	126002	-1	1	-1	-1	-1	-1	-1	-1	-1	-1	-1	-1	-1	-1	-1	-1	-1	-1	-1	-1	-1	-1	-1	-1	-1	-1
4288	1	-1	0	129056	-1	4214|-1	-1	1	0	0	129056	-1	1	-1	-1	-1	-1	-1	-1	-1	-1	-1	-1	-1	-1	-1	-1	-1	-1	-1	-1	-1	-1	-1	-1	-1	-1
4289	1	-1	0	129056	-1	4214|-1	-1	1	0	0	129056	-1	1	-1	-1	-1	-1	-1	-1	-1	-1	-1	-1	-1	-1	-1	-1	-1	-1	-1	-1	-1	-1	-1	-1	-1	-1
4290	1	-1	0	129056	-1	4214|-1	-1	1	0	0	129056	-1	1	-1	-1	-1	-1	-1	-1	-1	-1	-1	-1	-1	-1	-1	-1	-1	-1	-1	-1	-1	-1	-1	-1	-1	-1
4291	1	-1	0	129056	-1	4214|-1	-1	1	0	0	129056	-1	1	-1	-1	-1	-1	-1	-1	-1	-1	-1	-1	-1	-1	-1	-1	-1	-1	-1	-1	-1	-1	-1	-1	-1	-1
4292	1	-1	0	129056	-1	4214|-1	-1	1	0	0	129056	-1	1	-1	-1	-1	-1	-1	-1	-1	-1	-1	-1	-1	-1	-1	-1	-1	-1	-1	-1	-1	-1	-1	-1	-1	-1
4293	1	-1	0	129056	-1	4214|-1	-1	1	0	0	129056	-1	1	-1	-1	-1	-1	-1	-1	-1	-1	-1	-1	-1	-1	-1	-1	-1	-1	-1	-1	-1	-1	-1	-1	-1	-1
4294	1	-1	0	129056	-1	4214|-1	-1	1	0	0	129056	-1	1	-1	-1	-1	-1	-1	-1	-1	-1	-1	-1	-1	-1	-1	-1	-1	-1	-1	-1	-1	-1	-1	-1	-1	-1
4295	1	-1	0	129056	-1	4214|-1	-1	1	0	0	129056	-1	1	-1	-1	-1	-1	-1	-1	-1	-1	-1	-1	-1	-1	-1	-1	-1	-1	-1	-1	-1	-1	-1	-1	-1	-1
4296	1	-1	0	129056	-1	4214|-1	-1	1	0	0	129056	-1	1	-1	-1	-1	-1	-1	-1	-1	-1	-1	-1	-1	-1	-1	-1	-1	-1	-1	-1	-1	-1	-1	-1	-1	-1
4297	1	-1	0	129056	-1	4214|-1	-1	1	0	0	129056	-1	1	-1	-1	-1	-1	-1	-1	-1	-1	-1	-1	-1	-1	-1	-1	-1	-1	-1	-1	-1	-1	-1	-1	-1	-1
4298	1	-1	0	129056	-1	4214|-1	-1	1	0	0	129056	-1	1	-1	-1	-1	-1	-1	-1	-1	-1	-1	-1	-1	-1	-1	-1	-1	-1	-1	-1	-1	-1	-1	-1	-1	-1
4299	1	-1	0	129056	-1	4214|-1	-1	1	0	0	129056	-1	1	-1	-1	-1	-1	-1	-1	-1	-1	-1	-1	-1	-1	-1	-1	-1	-1	-1	-1	-1	-1	-1	-1	-1	-1
4300	1	-1	0	132002	-1	4215|-1	-1	1	0	0	132002	-1	1	-1	-1	-1	-1	-1	-1	-1	-1	-1	-1	-1	-1	-1	-1	-1	-1	-1	-1	-1	-1	-1	-1	-1	-1
4301	1	-1	0	132002	-1	4215|-1	-1	1	0	0	132002	-1	1	-1	-1	-1	-1	-1	-1	-1	-1	-1	-1	-1	-1	-1	-1	-1	-1	-1	-1	-1	-1	-1	-1	-1	-1
4302	1	-1	0	132002	-1	4215|-1	-1	1	0	0	132002	-1	1	-1	-1	-1	-1	-1	-1	-1	-1	-1	-1	-1	-1	-1	-1	-1	-1	-1	-1	-1	-1	-1	-1	-1	-1
4303	1	-1	0	132002	-1	4215|-1	-1	1	0	0	132002	-1	1	-1	-1	-1	-1	-1	-1	-1	-1	-1	-1	-1	-1	-1	-1	-1	-1	-1	-1	-1	-1	-1	-1	-1	-1
4304	1	-1	0	132002	-1	4215|-1	-1	1	0	0	132002	-1	1	-1	-1	-1	-1	-1	-1	-1	-1	-1	-1	-1	-1	-1	-1	-1	-1	-1	-1	-1	-1	-1	-1	-1	-1
4305	1	-1	0	132002	-1	4215|-1	-1	1	0	0	132002	-1	1	-1	-1	-1	-1	-1	-1	-1	-1	-1	-1	-1	-1	-1	-1	-1	-1	-1	-1	-1	-1	-1	-1	-1	-1
4306	1	-1	0	132002	-1	4215|-1	-1	1	0	0	132002	-1	1	-1	-1	-1	-1	-1	-1	-1	-1	-1	-1	-1	-1	-1	-1	-1	-1	-1	-1	-1	-1	-1	-1	-1	-1
4307	1	-1	0	132002	-1	4215|-1	-1	1	0	0	132002	-1	1	-1	-1	-1	-1	-1	-1	-1	-1	-1	-1	-1	-1	-1	-1	-1	-1	-1	-1	-1	-1	-1	-1	-1	-1
4308	1	-1	0	132002	-1	4215|-1	-1	1	0	0	132002	-1	1	-1	-1	-1	-1	-1	-1	-1	-1	-1	-1	-1	-1	-1	-1	-1	-1	-1	-1	-1	-1	-1	-1	-1	-1
4309	1	-1	0	132002	-1	4215|-1	-1	1	0	0	132002	-1	1	-1	-1	-1	-1	-1	-1	-1	-1	-1	-1	-1	-1	-1	-1	-1	-1	-1	-1	-1	-1	-1	-1	-1	-1
4310	1	-1	0	132002	-1	4215|-1	-1	1	0	0	132002	-1	1	-1	-1	-1	-1	-1	-1	-1	-1	-1	-1	-1	-1	-1	-1	-1	-1	-1	-1	-1	-1	-1	-1	-1	-1
4311	1	-1	0	132002	-1	4215|-1	-1	1	0	0	132002	-1	1	-1	-1	-1	-1	-1	-1	-1	-1	-1	-1	-1	-1	-1	-1	-1	-1	-1	-1	-1	-1	-1	-1	-1	-1
4212	-1	-1	-1	-1	-1	-1	-1	1	0	0	123727	-1	-1	-1	-1	-1	-1	-1	-1	-1	-1	-1	-1	-1	-1	-1	-1	-1	-1	-1	-1	-1	-1	-1	-1	-1	-1
4213	-1	-1	-1	-1	-1	-1	-1	1	0	0	126024	-1	-1	-1	-1	-1	-1	-1	-1	-1	-1	-1	-1	-1	-1	-1	-1	-1	-1	-1	-1	-1	-1	-1	-1	-1	-1
4214	-1	-1	-1	-1	-1	-1	-1	1	0	0	129024	-1	-1	-1	-1	-1	-1	-1	-1	-1	-1	-1	-1	-1	-1	-1	-1	-1	-1	-1	-1	-1	-1	-1	-1	-1	-1
4215	-1	-1	-1	-1	-1	-1	-1	1	0	0	132024	-1	-1	-1	-1	-1	-1	-1	-1	-1	-1	-1	-1	-1	-1	-1	-1	-1	-1	-1	-1	-1	-1	-1	-1	-1	-1
4216	-1	-1	-1	-1	-1	-1	-1	1	0	0	123727	-1	1	-1	-1	-1	-1	-1	-1	-1	-1	-1	-1	-1	-1	-1	-1	-1	-1	-1	-1	-1	-1	-1	-1	-1	-1
4217	-1	-1	-1	-1	-1	-1	-1	1	0	0	126024	-1	1	-1	-1	-1	-1	-1	-1	-1	-1	-1	-1	-1	-1	-1	-1	-1	-1	-1	-1	-1	-1	-1	-1	-1	-1
4218	-1	-1	-1	-1	-1	-1	-1	1	0	0	129024	-1	1	-1	-1	-1	-1	-1	-1	-1	-1	-1	-1	-1	-1	-1	-1	-1	-1	-1	-1	-1	-1	-1	-1	-1	-1
4219	-1	-1	-1	-1	-1	-1	-1	1	0	0	132024	-1	1	-1	-1	-1	-1	-1	-1	-1	-1	-1	-1	-1	-1	-1	-1	-1	-1	-1	-1	-1	-1	-1	-1	-1	-1
2695	-1	-1	-1	-1	-1	-1	-1	4	0	0	59901	-1	-1	-1	-1	-1	-1	-1	-1	-1	-1	-1	-1	-1	-1	-1	-1	-1	-1	-1	-1	-1	-1	-1	-1	-1	-1
2696	-1	-1	-1	-1	-1	-1	-1	4	0	0	59911	-1	-1	-1	-1	-1	-1	-1	-1	-1	-1	-1	-1	-1	-1	-1	-1	-1	-1	-1	-1	-1	-1	-1	-1	-1	-1
2697	-1	-1	-1	-1	-1	-1	-1	4	0	0	59921	-1	-1	-1	-1	-1	-1	-1	-1	-1	-1	-1	-1	-1	-1	-1	-1	-1	-1	-1	-1	-1	-1	-1	-1	-1	-1
2698	-1	-1	-1	-1	-1	-1	-1	4	0	0	59931	-1	-1	-1	-1	-1	-1	-1	-1	-1	-1	-1	-1	-1	-1	-1	-1	-1	-1	-1	-1	-1	-1	-1	-1	-1	-1
4240	-1	-1	-1	-1	-1	-1	-1	1	0	0	123764	-1	1	-1	-1	-1	-1	-1	-1	-1	-1	-1	-1	-1	-1	-1	-1	-1	-1	-1	-1	-1	-1	-1	-1	-1	-1
4241	-1	-1	-1	-1	-1	-1	-1	1	0	0	126060	-1	1	-1	-1	-1	-1	-1	-1	-1	-1	-1	-1	-1	-1	-1	-1	-1	-1	-1	-1	-1	-1	-1	-1	-1	-1
4242	-1	-1	-1	-1	-1	-1	-1	1	0	0	129062	-1	1	-1	-1	-1	-1	-1	-1	-1	-1	-1	-1	-1	-1	-1	-1	-1	-1	-1	-1	-1	-1	-1	-1	-1	-1
4243	-1	-1	-1	-1	-1	-1	-1	1	0	0	132060	-1	1	-1	-1	-1	-1	-1	-1	-1	-1	-1	-1	-1	-1	-1	-1	-1	-1	-1	-1	-1	-1	-1	-1	-1	-1
4204	-1	-1	-1	-1	-1	-1	-1	1	0	0	123732	-1	1	-1	-1	-1	-1	-1	-1	-1	-1	-1	-1	-1	-1	-1	-1	-1	-1	-1	-1	-1	-1	-1	-1	-1	-1
4205	-1	-1	-1	-1	-1	-1	-1	1	0	0	126028	-1	1	-1	-1	-1	-1	-1	-1	-1	-1	-1	-1	-1	-1	-1	-1	-1	-1	-1	-1	-1	-1	-1	-1	-1	-1
4206	-1	-1	-1	-1	-1	-1	-1	1	0	0	129029	-1	1	-1	-1	-1	-1	-1	-1	-1	-1	-1	-1	-1	-1	-1	-1	-1	-1	-1	-1	-1	-1	-1	-1	-1	-1
4207	-1	-1	-1	-1	-1	-1	-1	1	0	0	132028	-1	1	-1	-1	-1	-1	-1	-1	-1	-1	-1	-1	-1	-1	-1	-1	-1	-1	-1	-1	-1	-1	-1	-1	-1	-1
4382	1	-1	0	123719	-1	4050|-1	-1	1	0	0	123702	-1	-1	-1	-1	-1	-1	-1	-1	-1	-1	-1	-1	-1	-1	-1	-1	-1	-1	-1	-1	-1	-1	-1	-1	-1	-1
4383	1	-1	0	126016	-1	4051|-1	-1	1	0	0	126002	-1	-1	-1	-1	-1	-1	-1	-1	-1	-1	-1	-1	-1	-1	-1	-1	-1	-1	-1	-1	-1	-1	-1	-1	-1	-1
4384	1	-1	0	129016	-1	4052|-1	-1	1	0	0	129056	-1	-1	-1	-1	-1	-1	-1	-1	-1	-1	-1	-1	-1	-1	-1	-1	-1	-1	-1	-1	-1	-1	-1	-1	-1	-1
4385	1	-1	0	132016	-1	4053|-1	-1	1	0	0	132002	-1	-1	-1	-1	-1	-1	-1	-1	-1	-1	-1	-1	-1	-1	-1	-1	-1	-1	-1	-1	-1	-1	-1	-1	-1	-1
4050	-1	-1	-1	-1	-1	-1	-1	1	0	0	123760	-1	-1	-1	-1	-1	-1	-1	-1	-1	-1	-1	-1	-1	-1	-1	-1	-1	-1	-1	-1	-1	-1	-1	-1	-1	-1
4051	-1	-1	-1	-1	-1	-1	-1	1	0	0	126056	-1	-1	-1	-1	-1	-1	-1	-1	-1	-1	-1	-1	-1	-1	-1	-1	-1	-1	-1	-1	-1	-1	-1	-1	-1	-1
4052	-1	-1	-1	-1	-1	-1	-1	1	0	0	129058	-1	-1	-1	-1	-1	-1	-1	-1	-1	-1	-1	-1	-1	-1	-1	-1	-1	-1	-1	-1	-1	-1	-1	-1	-1	-1
4053	-1	-1	-1	-1	-1	-1	-1	1	0	0	132056	-1	-1	-1	-1	-1	-1	-1	-1	-1	-1	-1	-1	-1	-1	-1	-1	-1	-1	-1	-1	-1	-1	-1	-1	-1	-1
4054	1	-1	0	123702	-1	4208|-1	-1	1	0	0	123766	-1	-1	-1	-1	-1	-1	-1	-1	-1	-1	-1	-1	-1	-1	-1	-1	-1	-1	-1	-1	-1	-1	-1	-1	-1	-1
4055	1	-1	0	126002	-1	4209|-1	-1	1	0	0	126062	-1	-1	-1	-1	-1	-1	-1	-1	-1	-1	-1	-1	-1	-1	-1	-1	-1	-1	-1	-1	-1	-1	-1	-1	-1	-1
4056	1	-1	0	129056	-1	4210|-1	-1	1	0	0	129065	-1	-1	-1	-1	-1	-1	-1	-1	-1	-1	-1	-1	-1	-1	-1	-1	-1	-1	-1	-1	-1	-1	-1	-1	-1	-1
4057	1	-1	0	132002	-1	4211|-1	-1	1	0	0	132062	-1	-1	-1	-1	-1	-1	-1	-1	-1	-1	-1	-1	-1	-1	-1	-1	-1	-1	-1	-1	-1	-1	-1	-1	-1	-1
4208	-1	-1	-1	-1	-1	-1	-1	1	0	0	123744	-1	-1	-1	-1	-1	-1	-1	-1	-1	-1	-1	-1	-1	-1	-1	-1	-1	-1	-1	-1	-1	-1	-1	-1	-1	-1
4209	-1	-1	-1	-1	-1	-1	-1	1	0	0	126040	-1	-1	-1	-1	-1	-1	-1	-1	-1	-1	-1	-1	-1	-1	-1	-1	-1	-1	-1	-1	-1	-1	-1	-1	-1	-1
4210	-1	-1	-1	-1	-1	-1	-1	1	0	0	129041	-1	-1	-1	-1	-1	-1	-1	-1	-1	-1	-1	-1	-1	-1	-1	-1	-1	-1	-1	-1	-1	-1	-1	-1	-1	-1
4211	-1	-1	-1	-1	-1	-1	-1	1	0	0	132040	-1	-1	-1	-1	-1	-1	-1	-1	-1	-1	-1	-1	-1	-1	-1	-1	-1	-1	-1	-1	-1	-1	-1	-1	-1	-1
2639	1	-1	0	123702	-1	2671|-1	-1	1	0	0	123744	31	-1	1	5	0	123744	-1	1	-1	-1	-1	-1	-1	-1	-1	-1	-1	-1	-1	-1	-1	-1	-1	-1	-1	-1
2640	1	-1	0	126002	-1	2672|-1	-1	1	0	0	126040	31	-1	1	5	0	126040	-1	1	-1	-1	-1	-1	-1	-1	-1	-1	-1	-1	-1	-1	-1	-1	-1	-1	-1	-1
2641	1	-1	0	129056	-1	2673|-1	-1	1	0	0	129041	31	-1	1	5	0	129041	-1	1	-1	-1	-1	-1	-1	-1	-1	-1	-1	-1	-1	-1	-1	-1	-1	-1	-1	-1
2642	1	-1	0	132002	-1	2674|-1	-1	1	0	0	132040	31	-1	1	5	0	132040	-1	1	-1	-1	-1	-1	-1	-1	-1	-1	-1	-1	-1	-1	-1	-1	-1	-1	-1	-1
2671	-1	-1	-1	-1	-1	-1	-1	1	0	0	124000	-1	-1	-1	-1	-1	-1	-1	-1	-1	-1	-1	-1	-1	-1	-1	-1	-1	-1	-1	-1	-1	-1	-1	-1	-1	-1
2672	-1	-1	-1	-1	-1	-1	-1	1	0	0	127008	-1	-1	-1	-1	-1	-1	-1	-1	-1	-1	-1	-1	-1	-1	-1	-1	-1	-1	-1	-1	-1	-1	-1	-1	-1	-1
2673	-1	-1	-1	-1	-1	-1	-1	1	0	0	130002	-1	-1	-1	-1	-1	-1	-1	-1	-1	-1	-1	-1	-1	-1	-1	-1	-1	-1	-1	-1	-1	-1	-1	-1	-1	-1
2674	-1	-1	-1	-1	-1	-1	-1	1	0	0	133007	-1	-1	-1	-1	-1	-1	-1	-1	-1	-1	-1	-1	-1	-1	-1	-1	-1	-1	-1	-1	-1	-1	-1	-1	-1	-1
2675	-1	-1	-1	-1	-1	-1	-1	2	0	0	90001	-1	-1	-1	-1	-1	-1	-1	-1	-1	-1	-1	-1	-1	-1	-1	-1	-1	-1	-1	-1	-1	-1	-1	-1	-1	-1
2676	-1	-1	-1	-1	-1	-1	-1	2	0	0	90101	-1	-1	-1	-1	-1	-1	-1	-1	-1	-1	-1	-1	-1	-1	-1	-1	-1	-1	-1	-1	-1	-1	-1	-1	-1	-1
2677	-1	-1	-1	-1	-1	-1	-1	2	0	0	90201	-1	-1	-1	-1	-1	-1	-1	-1	-1	-1	-1	-1	-1	-1	-1	-1	-1	-1	-1	-1	-1	-1	-1	-1	-1	-1
2678	-1	-1	-1	-1	-1	-1	-1	2	0	0	90301	-1	-1	-1	-1	-1	-1	-1	-1	-1	-1	-1	-1	-1	-1	-1	-1	-1	-1	-1	-1	-1	-1	-1	-1	-1	-1
2679	-1	-1	-1	-1	-1	-1	-1	1	0	0	123830	-1	-1	-1	-1	-1	-1	-1	-1	-1	-1	-1	-1	-1	-1	-1	-1	-1	-1	-1	-1	-1	-1	-1	-1	-1	-1
2680	-1	-1	-1	-1	-1	-1	-1	1	0	0	126130	-1	-1	-1	-1	-1	-1	-1	-1	-1	-1	-1	-1	-1	-1	-1	-1	-1	-1	-1	-1	-1	-1	-1	-1	-1	-1
2681	-1	-1	-1	-1	-1	-1	-1	1	0	0	129175	-1	-1	-1	-1	-1	-1	-1	-1	-1	-1	-1	-1	-1	-1	-1	-1	-1	-1	-1	-1	-1	-1	-1	-1	-1	-1
2682	-1	-1	-1	-1	-1	-1	-1	1	0	0	132155	-1	-1	-1	-1	-1	-1	-1	-1	-1	-1	-1	-1	-1	-1	-1	-1	-1	-1	-1	-1	-1	-1	-1	-1	-1	-1
4244	-1	-1	-1	-1	-1	-1	-1	1	0	0	123710	-1	1	-1	-1	-1	-1	-1	-1	-1	-1	-1	-1	-1	-1	-1	-1	-1	-1	-1	-1	-1	-1	-1	-1	-1	-1
4245	-1	-1	-1	-1	-1	-1	-1	1	0	0	126009	-1	1	-1	-1	-1	-1	-1	-1	-1	-1	-1	-1	-1	-1	-1	-1	-1	-1	-1	-1	-1	-1	-1	-1	-1	-1
4246	-1	-1	-1	-1	-1	-1	-1	1	0	0	139077	-1	1	-1	-1	-1	-1	-1	-1	-1	-1	-1	-1	-1	-1	-1	-1	-1	-1	-1	-1	-1	-1	-1	-1	-1	-1
4247	-1	-1	-1	-1	-1	-1	-1	1	0	0	132009	-1	1	-1	-1	-1	-1	-1	-1	-1	-1	-1	-1	-1	-1	-1	-1	-1	-1	-1	-1	-1	-1	-1	-1	-1	-1
4360	-1	-1	-1	-1	-1	-1	-1	1	0	0	123702	-1	-1	-1	-1	-1	-1	-1	-1	-1	-1	-1	-1	-1	-1	-1	-1	-1	-1	-1	-1	-1	-1	-1	-1	-1	-1
4361	-1	-1	-1	-1	-1	-1	-1	1	0	0	126002	-1	-1	-1	-1	-1	-1	-1	-1	-1	-1	-1	-1	-1	-1	-1	-1	-1	-1	-1	-1	-1	-1	-1	-1	-1	-1
4362	-1	-1	-1	-1	-1	-1	-1	1	0	0	129056	-1	-1	-1	-1	-1	-1	-1	-1	-1	-1	-1	-1	-1	-1	-1	-1	-1	-1	-1	-1	-1	-1	-1	-1	-1	-1
4363	-1	-1	-1	-1	-1	-1	-1	1	0	0	132002	-1	-1	-1	-1	-1	-1	-1	-1	-1	-1	-1	-1	-1	-1	-1	-1	-1	-1	-1	-1	-1	-1	-1	-1	-1	-1
3656	1	-1	0	123844	-1	6007|-1	-1	1	0	0	123844	-1	1	-1	-1	-1	-1	-1	-1	-1	-1	-1	-1	-1	-1	-1	-1	-1	-1	-1	-1	-1	-1	-1	-1	-1	-1
3657	1	-1	0	126144	-1	6107|-1	-1	1	0	0	126144	-1	1	-1	-1	-1	-1	-1	-1	-1	-1	-1	-1	-1	-1	-1	-1	-1	-1	-1	-1	-1	-1	-1	-1	-1	-1
3658	1	-1	0	129754	-1	6207|-1	-1	1	0	0	129754	-1	1	-1	-1	-1	-1	-1	-1	-1	-1	-1	-1	-1	-1	-1	-1	-1	-1	-1	-1	-1	-1	-1	-1	-1	-1
3659	1	-1	0	132077	-1	6307|-1	-1	1	0	0	132077	-1	1	-1	-1	-1	-1	-1	-1	-1	-1	-1	-1	-1	-1	-1	-1	-1	-1	-1	-1	-1	-1	-1	-1	-1	-1
6007	1	-1	0	103001	-1	100|-1	-1	4	-1	0	59630	110	-1	-1	-1	-1	-1	-1	-1	-1	-1	-1	-1	-1	-1	-1	-1	-1	-1	-1	-1	-1	-1	-1	-1	-1	-1
6107	1	-1	0	103001	-1	100|-1	-1	4	-1	0	59631	110	-1	-1	-1	-1	-1	-1	-1	-1	-1	-1	-1	-1	-1	-1	-1	-1	-1	-1	-1	-1	-1	-1	-1	-1	-1
6207	1	-1	0	103001	-1	100|-1	-1	4	-1	0	59632	110	-1	-1	-1	-1	-1	-1	-1	-1	-1	-1	-1	-1	-1	-1	-1	-1	-1	-1	-1	-1	-1	-1	-1	-1	-1
6307	1	-1	0	103001	-1	100|-1	-1	4	-1	0	59633	110	-1	-1	-1	-1	-1	-1	-1	-1	-1	-1	-1	-1	-1	-1	-1	-1	-1	-1	-1	-1	-1	-1	-1	-1	-1
#	塔塔尔部		20			-1	-1						-1						-1						-1							-1					-1
100	1	-1	0	103001	-1	101|-1	-1	1	0	0	103001	-1	1	-1	-1	-1	-1	-1	-1	-1	-1	-1	-1	-1	-1	-1	-1	-1	-1	-1	-1	-1	-1	-1	-1	-1	-1
101	1	-1	0	103003	-1	102|-1	-1	2	0	0	15009	-1	-1	2	1	0	15010	-1	-1	-1	-1	-1	-1	-1	-1	-1	-1	-1	-1	-1	-1	-1	-1	-1	-1	-1	-1
102	1	-1	0	103001	-1	103|-1	-1	2	0	0	15010	-1	-1	-1	-1	-1	-1	-1	-1	-1	-1	-1	-1	-1	-1	-1	-1	-1	-1	-1	-1	-1	-1	-1	-1	-1	-1
103	1	-1	0	103009	-1	104|-1	-1	1	0	0	103007	-1	-1	-1	-1	-1	-1	-1	-1	-1	-1	-1	-1	-1	-1	-1	-1	-1	-1	-1	-1	-1	-1	-1	-1	-1	-1
104	1	-1	0	103009	-1	105|-1	-1	2	0	0	15015	-1	-1	-1	-1	-1	-1	-1	-1	-1	-1	-1	-1	-1	-1	-1	-1	-1	-1	-1	-1	-1	-1	-1	-1	-1	-1
105	1	-1	0	103009	-1	106|-1	-1	5	0	0	15034	-1	-1	-1	-1	-1	-1	-1	-1	-1	-1	-1	-1	-1	-1	-1	-1	-1	-1	-1	-1	-1	-1	-1	-1	-1	-1
106	1	-1	0	103007	-1	108|-1	-1	5	0	0	15035	-1	-1	-1	-1	-1	-1	-1	-1	-1	-1	-1	-1	-1	-1	-1	-1	-1	-1	-1	-1	-1	-1	-1	-1	-1	-1
108	1	-1	0	103001	-1	109|-1	-1	2	0	0	15022	-1	-1	-1	-1	-1	-1	-1	-1	-1	-1	-1	-1	-1	-1	-1	-1	-1	-1	-1	-1	-1	-1	-1	-1	-1	-1
109	-1	-1	-1	-1	-1	-1	-1	1	0	0	103015	-1	-1	-1	-1	-1	-1	-1	-1	-1	-1	-1	-1	-1	-1	-1	-1	-1	-1	-1	-1	-1	-1	-1	-1	-1	-1
110	1	-1	0	103015	-1	111|-1	-1	1	0	0	103016	-1	1	-1	-1	-1	-1	-1	-1	-1	-1	-1	-1	-1	-1	-1	-1	-1	-1	-1	-1	-1	-1	-1	-1	-1	-1
111	-1	-1	-1	-1	-1	-1	-1	1	0	0	103002	-1	-1	-1	-1	-1	-1	-1	-1	-1	-1	-1	-1	-1	-1	-1	-1	-1	-1	-1	-1	-1	-1	-1	-1	-1	-1
112	-1	-1	-1	-1	-1	-1	-1	2	0	0	15021	-1	-1	2	1	0	15030	-1	-1	-1	-1	-1	-1	-1	-1	-1	-1	-1	-1	-1	-1	-1	-1	-1	-1	-1	-1
113	1	-1	0	103003	-1	114|-1	-1	1	0	0	103001	-1	-1	-1	-1	-1	-1	-1	-1	-1	-1	-1	-1	-1	-1	-1	-1	-1	-1	-1	-1	-1	-1	-1	-1	-1	-1
114	1	-1	0	103005	-1	117|-1	-1	2	0	0	15032	-1	-1	-1	-1	-1	-1	-1	-1	-1	-1	-1	-1	-1	-1	-1	-1	-1	-1	-1	-1	-1	-1	-1	-1	-1	-1
117	-1	-1	-1	-1	-1	-1	-1	1	0	0	103006	-1	-1	-1	-1	-1	-1	-1	-1	-1	-1	-1	-1	-1	-1	-1	-1	-1	-1	-1	-1	-1	-1	-1	-1	-1	-1
115	-1	-1	-1	-1	-1	-1	-1	2	0	0	15012	-1	-1	-1	-1	-1	-1	-1	-1	-1	-1	-1	-1	-1	-1	-1	-1	-1	-1	-1	-1	-1	-1	-1	-1	-1	-1
116	-1	-1	-1	-1	-1	-1	-1	1	0	0	103001	-1	-1	-1	-1	-1	-1	-1	-1	-1	-1	-1	-1	-1	-1	-1	-1	-1	-1	-1	-1	-1	-1	-1	-1	-1	-1
123	1	-1	0	103040	-1	124|-1|125|-1|126|-1|127|-1	-1	1	0	0	103040	-1	1	-1	-1	-1	-1	-1	-1	-1	-1	-1	-1	-1	-1	-1	-1	-1	-1	-1	-1	-1	-1	-1	-1	-1	-1
124	-1	-1	-1	-1	-1	-1	-1	1	0	0	103040	-1	-1	1	5	0	123844	-1	1	-1	-1	-1	-1	-1	-1	-1	-1	-1	-1	-1	-1	-1	-1	-1	-1	-1	-1
125	-1	-1	-1	-1	-1	-1	-1	1	0	0	103040	-1	-1	1	5	0	126144	-1	1	-1	-1	-1	-1	-1	-1	-1	-1	-1	-1	-1	-1	-1	-1	-1	-1	-1	-1
126	-1	-1	-1	-1	-1	-1	-1	1	0	0	103040	-1	-1	1	5	0	129754	-1	1	-1	-1	-1	-1	-1	-1	-1	-1	-1	-1	-1	-1	-1	-1	-1	-1	-1	-1
127	-1	-1	-1	-1	-1	-1	-1	1	0	0	103040	-1	-1	1	5	0	132077	-1	1	-1	-1	-1	-1	-1	-1	-1	-1	-1	-1	-1	-1	-1	-1	-1	-1	-1	-1
6009	1	-1	0	104102	-1	1040|-1	-1	4	-1	0	59630	111	-1	-1	-1	-1	-1	-1	-1	-1	-1	-1	-1	-1	-1	-1	-1	-1	-1	-1	-1	-1	-1	-1	-1	-1	-1
6109	1	-1	0	104102	-1	1040|-1	-1	4	-1	0	59631	111	-1	-1	-1	-1	-1	-1	-1	-1	-1	-1	-1	-1	-1	-1	-1	-1	-1	-1	-1	-1	-1	-1	-1	-1	-1
6209	1	-1	0	104102	-1	1040|-1	-1	4	-1	0	59632	111	-1	-1	-1	-1	-1	-1	-1	-1	-1	-1	-1	-1	-1	-1	-1	-1	-1	-1	-1	-1	-1	-1	-1	-1	-1
6309	1	-1	0	104102	-1	1040|-1	-1	4	-1	0	59633	111	-1	-1	-1	-1	-1	-1	-1	-1	-1	-1	-1	-1	-1	-1	-1	-1	-1	-1	-1	-1	-1	-1	-1	-1	-1
#	新克烈部大营		25			-1	-1						-1						-1						-1							-1					-1
1040	-1	-1	-1	-1	-1	-1	-1	1	0	0	104112	-1	-1	-1	-1	-1	-1	-1	-1	-1	-1	-1	-1	-1	-1	-1	-1	-1	-1	-1	-1	-1	-1	-1	-1	-1	-1
1041	1	-1	0	104114	-1	1062|-1	-1	2	0	0	16007	-1	-1	2	1	0	16018	-1	-1	-1	-1	-1	-1	-1	-1	-1	-1	-1	-1	-1	-1	-1	-1	-1	-1	-1	-1
1062	-1	-1	-1	-1	-1	-1	-1	1	0	0	104121	-1	-1	-1	-1	-1	-1	-1	-1	-1	-1	-1	-1	-1	-1	-1	-1	-1	-1	-1	-1	-1	-1	-1	-1	-1	-1
1064	1	-1	0	104112	-1	1043|-1	-1	2	0	0	16021	-1	-1	2	1	0	16026	-1	-1	-1	-1	-1	-1	-1	-1	-1	-1	-1	-1	-1	-1	-1	-1	-1	-1	-1	-1
1043	1	-1	0	104115	-1	1045|-1	-1	1	0	0	104115	-1	-1	-1	-1	-1	-1	-1	-1	-1	-1	-1	-1	-1	-1	-1	-1	-1	-1	-1	-1	-1	-1	-1	-1	-1	-1
1045	1	-1	0	104115	-1	1046|-1	-1	2	0	0	16013	-1	-1	-1	-1	-1	-1	-1	-1	-1	-1	-1	-1	-1	-1	-1	-1	-1	-1	-1	-1	-1	-1	-1	-1	-1	-1
1046	1	-1	0	104115	-1	1047|-1	-1	2	0	0	16010	-1	-1	-1	-1	-1	-1	-1	-1	-1	-1	-1	-1	-1	-1	-1	-1	-1	-1	-1	-1	-1	-1	-1	-1	-1	-1
1047	-1	-1	-1	-1	-1	-1	-1	1	0	0	104102	-1	-1	-1	-1	-1	-1	-1	-1	-1	-1	-1	-1	-1	-1	-1	-1	-1	-1	-1	-1	-1	-1	-1	-1	-1	-1
1048	-1	-1	-1	-1	-1	-1	-1	1	0	0	104109	-1	-1	-1	-1	-1	-1	-1	-1	-1	-1	-1	-1	-1	-1	-1	-1	-1	-1	-1	-1	-1	-1	-1	-1	-1	-1
1049	-1	-1	-1	-1	-1	-1	-1	1	0	0	104100	-1	-1	-1	-1	-1	-1	-1	-1	-1	-1	-1	-1	-1	-1	-1	-1	-1	-1	-1	-1	-1	-1	-1	-1	-1	-1
1050	-1	-1	-1	-1	-1	-1	-1	1	0	0	104119	-1	-1	-1	-1	-1	-1	-1	-1	-1	-1	-1	-1	-1	-1	-1	-1	-1	-1	-1	-1	-1	-1	-1	-1	-1	-1
1055	1	-1	0	104118	-1	1056|-1	-1	2	0	0	16012	-1	-1	-1	-1	-1	-1	-1	-1	-1	-1	-1	-1	-1	-1	-1	-1	-1	-1	-1	-1	-1	-1	-1	-1	-1	-1
1056	1	-1	0	104120	-1	1066|-1	-1	2	0	0	16008	-1	-1	-1	-1	-1	-1	-1	-1	-1	-1	-1	-1	-1	-1	-1	-1	-1	-1	-1	-1	-1	-1	-1	-1	-1	-1
1066	1	-1	0	104119	-1	1058|-1	-1	2	0	0	16025	-1	-1	-1	-1	-1	-1	-1	-1	-1	-1	-1	-1	-1	-1	-1	-1	-1	-1	-1	-1	-1	-1	-1	-1	-1	-1
1058	-1	-1	-1	-1	-1	-1	-1	1	0	0	104102	-1	-1	-1	-1	-1	-1	-1	-1	-1	-1	-1	-1	-1	-1	-1	-1	-1	-1	-1	-1	-1	-1	-1	-1	-1	-1
1059	-1	-1	-1	-1	-1	-1	-1	1	0	0	104100	-1	-1	-1	-1	-1	-1	-1	-1	-1	-1	-1	-1	-1	-1	-1	-1	-1	-1	-1	-1	-1	-1	-1	-1	-1	-1
1065	1	-1	0	104103	-1	1067|-1|1068|-1|1069|-1|1070|-1	-1	1	0	0	104103	-1	1	-1	-1	-1	-1	-1	-1	-1	-1	-1	-1	-1	-1	-1	-1	-1	-1	-1	-1	-1	-1	-1	-1	-1	-1
1067	1	-1	0	123702	-1	2699|-1	-1	1	0	0	104103	-1	-1	1	5	0	123702	-1	1	-1	-1	-1	-1	-1	-1	-1	-1	-1	-1	-1	-1	-1	-1	-1	-1	-1	-1
1068	1	-1	0	126002	-1	2700|-1	-1	1	0	0	104103	-1	-1	1	5	0	126002	-1	1	-1	-1	-1	-1	-1	-1	-1	-1	-1	-1	-1	-1	-1	-1	-1	-1	-1	-1
1069	1	-1	0	129056	-1	2701|-1	-1	1	0	0	104103	-1	-1	1	5	0	129056	-1	1	-1	-1	-1	-1	-1	-1	-1	-1	-1	-1	-1	-1	-1	-1	-1	-1	-1	-1
1070	1	-1	0	132002	-1	2702|-1	-1	1	0	0	104103	-1	-1	1	5	0	132002	-1	1	-1	-1	-1	-1	-1	-1	-1	-1	-1	-1	-1	-1	-1	-1	-1	-1	-1	-1
2699	-1	-1	-1	-1	-1	-1	-1	1	0	0	101227	-1	-1	-1	-1	-1	-1	-1	-1	-1	-1	-1	-1	-1	-1	-1	-1	-1	-1	-1	-1	-1	-1	-1	-1	-1	-1
2700	-1	-1	-1	-1	-1	-1	-1	1	0	0	101228	-1	-1	-1	-1	-1	-1	-1	-1	-1	-1	-1	-1	-1	-1	-1	-1	-1	-1	-1	-1	-1	-1	-1	-1	-1	-1
2701	-1	-1	-1	-1	-1	-1	-1	1	0	0	101229	-1	-1	-1	-1	-1	-1	-1	-1	-1	-1	-1	-1	-1	-1	-1	-1	-1	-1	-1	-1	-1	-1	-1	-1	-1	-1
2702	-1	-1	-1	-1	-1	-1	-1	1	0	0	101230	-1	-1	-1	-1	-1	-1	-1	-1	-1	-1	-1	-1	-1	-1	-1	-1	-1	-1	-1	-1	-1	-1	-1	-1	-1	-1
4002	1	-1	0	123702	-1	4220|-1	-1	2	0	0	90050	-1	-1	-1	-1	-1	-1	-1	-1	-1	-1	-1	-1	-1	-1	-1	-1	-1	-1	-1	-1	-1	-1	-1	-1	-1	-1
4003	1	-1	0	126002	-1	4221|-1	-1	2	0	0	90150	-1	-1	-1	-1	-1	-1	-1	-1	-1	-1	-1	-1	-1	-1	-1	-1	-1	-1	-1	-1	-1	-1	-1	-1	-1	-1
4004	1	-1	0	129056	-1	4222|-1	-1	2	0	0	90250	-1	-1	-1	-1	-1	-1	-1	-1	-1	-1	-1	-1	-1	-1	-1	-1	-1	-1	-1	-1	-1	-1	-1	-1	-1	-1
4005	1	-1	0	132002	-1	4223|-1	-1	2	0	0	90350	-1	-1	-1	-1	-1	-1	-1	-1	-1	-1	-1	-1	-1	-1	-1	-1	-1	-1	-1	-1	-1	-1	-1	-1	-1	-1
4220	1	-1	0	123738	-1	4224|-1	-1	1	0	0	123738	-1	-1	-1	-1	-1	-1	-1	-1	-1	-1	-1	-1	-1	-1	-1	-1	-1	-1	-1	-1	-1	-1	-1	-1	-1	-1
4221	1	-1	0	126034	-1	4225|-1	-1	1	0	0	126034	-1	-1	-1	-1	-1	-1	-1	-1	-1	-1	-1	-1	-1	-1	-1	-1	-1	-1	-1	-1	-1	-1	-1	-1	-1	-1
4222	1	-1	0	129035	-1	4226|-1	-1	1	0	0	129035	-1	-1	-1	-1	-1	-1	-1	-1	-1	-1	-1	-1	-1	-1	-1	-1	-1	-1	-1	-1	-1	-1	-1	-1	-1	-1
4223	1	-1	0	132034	-1	4227|-1	-1	1	0	0	132034	-1	-1	-1	-1	-1	-1	-1	-1	-1	-1	-1	-1	-1	-1	-1	-1	-1	-1	-1	-1	-1	-1	-1	-1	-1	-1
4224	1	-1	0	123702	-1	4248|-1	-1	1	0	0	123738	-1	1	-1	-1	-1	-1	-1	-1	-1	-1	-1	-1	-1	-1	-1	-1	-1	-1	-1	-1	-1	-1	-1	-1	-1	-1
4225	1	-1	0	126002	-1	4249|-1	-1	1	0	0	126034	-1	1	-1	-1	-1	-1	-1	-1	-1	-1	-1	-1	-1	-1	-1	-1	-1	-1	-1	-1	-1	-1	-1	-1	-1	-1
4226	1	-1	0	129056	-1	4250|-1	-1	1	0	0	129035	-1	1	-1	-1	-1	-1	-1	-1	-1	-1	-1	-1	-1	-1	-1	-1	-1	-1	-1	-1	-1	-1	-1	-1	-1	-1
4227	1	-1	0	132002	-1	4251|-1	-1	1	0	0	132034	-1	1	-1	-1	-1	-1	-1	-1	-1	-1	-1	-1	-1	-1	-1	-1	-1	-1	-1	-1	-1	-1	-1	-1	-1	-1
#2719	1	-1	0	123702	-1	4248|-1	-1	1	0	0	123712	-1	-1	-1	-1	-1	-1	-1	-1	-1	-1	-1	-1	-1	-1	-1	-1	-1	-1	-1	-1	-1	-1	-1	-1	-1	-1
#2720	1	-1	0	126002	-1	4249|-1	-1	1	0	0	126011	-1	-1	-1	-1	-1	-1	-1	-1	-1	-1	-1	-1	-1	-1	-1	-1	-1	-1	-1	-1	-1	-1	-1	-1	-1	-1
#2721	1	-1	0	129056	-1	4250|-1	-1	1	0	0	129009	-1	-1	-1	-1	-1	-1	-1	-1	-1	-1	-1	-1	-1	-1	-1	-1	-1	-1	-1	-1	-1	-1	-1	-1	-1	-1
#2722	1	-1	0	132002	-1	4251|-1	-1	1	0	0	132011	-1	-1	-1	-1	-1	-1	-1	-1	-1	-1	-1	-1	-1	-1	-1	-1	-1	-1	-1	-1	-1	-1	-1	-1	-1	-1
4248	-1	-1	-1	-1	-1	-1	-1	1	0	0	123742	-1	1	-1	-1	-1	-1	-1	-1	-1	-1	-1	-1	-1	-1	-1	-1	-1	-1	-1	-1	-1	-1	-1	-1	-1	-1
4249	-1	-1	-1	-1	-1	-1	-1	1	0	0	126038	-1	1	-1	-1	-1	-1	-1	-1	-1	-1	-1	-1	-1	-1	-1	-1	-1	-1	-1	-1	-1	-1	-1	-1	-1	-1
4250	-1	-1	-1	-1	-1	-1	-1	1	0	0	129039	-1	1	-1	-1	-1	-1	-1	-1	-1	-1	-1	-1	-1	-1	-1	-1	-1	-1	-1	-1	-1	-1	-1	-1	-1	-1
4251	-1	-1	-1	-1	-1	-1	-1	1	0	0	132038	-1	1	-1	-1	-1	-1	-1	-1	-1	-1	-1	-1	-1	-1	-1	-1	-1	-1	-1	-1	-1	-1	-1	-1	-1	-1
4312	1	-1	0	123844	-1	6011|-1	-1	1	0	0	123719	-1	1	-1	-1	-1	-1	-1	-1	-1	-1	-1	-1	-1	-1	-1	-1	-1	-1	-1	-1	-1	-1	-1	-1	-1	-1
4313	1	-1	0	123844	-1	6011|-1	-1	1	0	0	123719	-1	1	-1	-1	-1	-1	-1	-1	-1	-1	-1	-1	-1	-1	-1	-1	-1	-1	-1	-1	-1	-1	-1	-1	-1	-1
4314	1	-1	0	123844	-1	6011|-1	-1	1	0	0	123719	-1	1	-1	-1	-1	-1	-1	-1	-1	-1	-1	-1	-1	-1	-1	-1	-1	-1	-1	-1	-1	-1	-1	-1	-1	-1
4315	1	-1	0	123844	-1	6011|-1	-1	1	0	0	123719	-1	1	-1	-1	-1	-1	-1	-1	-1	-1	-1	-1	-1	-1	-1	-1	-1	-1	-1	-1	-1	-1	-1	-1	-1	-1
4316	1	-1	0	123844	-1	6011|-1	-1	1	0	0	123719	-1	1	-1	-1	-1	-1	-1	-1	-1	-1	-1	-1	-1	-1	-1	-1	-1	-1	-1	-1	-1	-1	-1	-1	-1	-1
4317	1	-1	0	123844	-1	6011|-1	-1	1	0	0	123719	-1	1	-1	-1	-1	-1	-1	-1	-1	-1	-1	-1	-1	-1	-1	-1	-1	-1	-1	-1	-1	-1	-1	-1	-1	-1
4318	1	-1	0	123844	-1	6011|-1	-1	1	0	0	123719	-1	1	-1	-1	-1	-1	-1	-1	-1	-1	-1	-1	-1	-1	-1	-1	-1	-1	-1	-1	-1	-1	-1	-1	-1	-1
4319	1	-1	0	123844	-1	6011|-1	-1	1	0	0	123719	-1	1	-1	-1	-1	-1	-1	-1	-1	-1	-1	-1	-1	-1	-1	-1	-1	-1	-1	-1	-1	-1	-1	-1	-1	-1
4320	1	-1	0	123844	-1	6011|-1	-1	1	0	0	123719	-1	1	-1	-1	-1	-1	-1	-1	-1	-1	-1	-1	-1	-1	-1	-1	-1	-1	-1	-1	-1	-1	-1	-1	-1	-1
4321	1	-1	0	123844	-1	6011|-1	-1	1	0	0	123719	-1	1	-1	-1	-1	-1	-1	-1	-1	-1	-1	-1	-1	-1	-1	-1	-1	-1	-1	-1	-1	-1	-1	-1	-1	-1
4322	1	-1	0	123844	-1	6011|-1	-1	1	0	0	123719	-1	1	-1	-1	-1	-1	-1	-1	-1	-1	-1	-1	-1	-1	-1	-1	-1	-1	-1	-1	-1	-1	-1	-1	-1	-1
4323	1	-1	0	123844	-1	6011|-1	-1	1	0	0	123719	-1	1	-1	-1	-1	-1	-1	-1	-1	-1	-1	-1	-1	-1	-1	-1	-1	-1	-1	-1	-1	-1	-1	-1	-1	-1
4324	1	-1	0	126144	-1	6111|-1	-1	1	0	0	126016	-1	1	-1	-1	-1	-1	-1	-1	-1	-1	-1	-1	-1	-1	-1	-1	-1	-1	-1	-1	-1	-1	-1	-1	-1	-1
4325	1	-1	0	126144	-1	6111|-1	-1	1	0	0	126016	-1	1	-1	-1	-1	-1	-1	-1	-1	-1	-1	-1	-1	-1	-1	-1	-1	-1	-1	-1	-1	-1	-1	-1	-1	-1
4326	1	-1	0	126144	-1	6111|-1	-1	1	0	0	126016	-1	1	-1	-1	-1	-1	-1	-1	-1	-1	-1	-1	-1	-1	-1	-1	-1	-1	-1	-1	-1	-1	-1	-1	-1	-1
4327	1	-1	0	126144	-1	6111|-1	-1	1	0	0	126016	-1	1	-1	-1	-1	-1	-1	-1	-1	-1	-1	-1	-1	-1	-1	-1	-1	-1	-1	-1	-1	-1	-1	-1	-1	-1
4328	1	-1	0	126144	-1	6111|-1	-1	1	0	0	126016	-1	1	-1	-1	-1	-1	-1	-1	-1	-1	-1	-1	-1	-1	-1	-1	-1	-1	-1	-1	-1	-1	-1	-1	-1	-1
4329	1	-1	0	126144	-1	6111|-1	-1	1	0	0	126016	-1	1	-1	-1	-1	-1	-1	-1	-1	-1	-1	-1	-1	-1	-1	-1	-1	-1	-1	-1	-1	-1	-1	-1	-1	-1
4330	1	-1	0	126144	-1	6111|-1	-1	1	0	0	126016	-1	1	-1	-1	-1	-1	-1	-1	-1	-1	-1	-1	-1	-1	-1	-1	-1	-1	-1	-1	-1	-1	-1	-1	-1	-1
4331	1	-1	0	126144	-1	6111|-1	-1	1	0	0	126016	-1	1	-1	-1	-1	-1	-1	-1	-1	-1	-1	-1	-1	-1	-1	-1	-1	-1	-1	-1	-1	-1	-1	-1	-1	-1
4332	1	-1	0	126144	-1	6111|-1	-1	1	0	0	126016	-1	1	-1	-1	-1	-1	-1	-1	-1	-1	-1	-1	-1	-1	-1	-1	-1	-1	-1	-1	-1	-1	-1	-1	-1	-1
4333	1	-1	0	126144	-1	6111|-1	-1	1	0	0	126016	-1	1	-1	-1	-1	-1	-1	-1	-1	-1	-1	-1	-1	-1	-1	-1	-1	-1	-1	-1	-1	-1	-1	-1	-1	-1
4334	1	-1	0	126144	-1	6111|-1	-1	1	0	0	126016	-1	1	-1	-1	-1	-1	-1	-1	-1	-1	-1	-1	-1	-1	-1	-1	-1	-1	-1	-1	-1	-1	-1	-1	-1	-1
4335	1	-1	0	126144	-1	6111|-1	-1	1	0	0	126016	-1	1	-1	-1	-1	-1	-1	-1	-1	-1	-1	-1	-1	-1	-1	-1	-1	-1	-1	-1	-1	-1	-1	-1	-1	-1
4336	1	-1	0	129754	-1	6211|-1	-1	1	0	0	129016	-1	1	-1	-1	-1	-1	-1	-1	-1	-1	-1	-1	-1	-1	-1	-1	-1	-1	-1	-1	-1	-1	-1	-1	-1	-1
4337	1	-1	0	129754	-1	6211|-1	-1	1	0	0	129016	-1	1	-1	-1	-1	-1	-1	-1	-1	-1	-1	-1	-1	-1	-1	-1	-1	-1	-1	-1	-1	-1	-1	-1	-1	-1
4338	1	-1	0	129754	-1	6211|-1	-1	1	0	0	129016	-1	1	-1	-1	-1	-1	-1	-1	-1	-1	-1	-1	-1	-1	-1	-1	-1	-1	-1	-1	-1	-1	-1	-1	-1	-1
4339	1	-1	0	129754	-1	6211|-1	-1	1	0	0	129016	-1	1	-1	-1	-1	-1	-1	-1	-1	-1	-1	-1	-1	-1	-1	-1	-1	-1	-1	-1	-1	-1	-1	-1	-1	-1
4340	1	-1	0	129754	-1	6211|-1	-1	1	0	0	129016	-1	1	-1	-1	-1	-1	-1	-1	-1	-1	-1	-1	-1	-1	-1	-1	-1	-1	-1	-1	-1	-1	-1	-1	-1	-1
4341	1	-1	0	129754	-1	6211|-1	-1	1	0	0	129016	-1	1	-1	-1	-1	-1	-1	-1	-1	-1	-1	-1	-1	-1	-1	-1	-1	-1	-1	-1	-1	-1	-1	-1	-1	-1
4342	1	-1	0	129754	-1	6211|-1	-1	1	0	0	129016	-1	1	-1	-1	-1	-1	-1	-1	-1	-1	-1	-1	-1	-1	-1	-1	-1	-1	-1	-1	-1	-1	-1	-1	-1	-1
4343	1	-1	0	129754	-1	6211|-1	-1	1	0	0	129016	-1	1	-1	-1	-1	-1	-1	-1	-1	-1	-1	-1	-1	-1	-1	-1	-1	-1	-1	-1	-1	-1	-1	-1	-1	-1
4344	1	-1	0	129754	-1	6211|-1	-1	1	0	0	129016	-1	1	-1	-1	-1	-1	-1	-1	-1	-1	-1	-1	-1	-1	-1	-1	-1	-1	-1	-1	-1	-1	-1	-1	-1	-1
4345	1	-1	0	129754	-1	6211|-1	-1	1	0	0	129016	-1	1	-1	-1	-1	-1	-1	-1	-1	-1	-1	-1	-1	-1	-1	-1	-1	-1	-1	-1	-1	-1	-1	-1	-1	-1
4346	1	-1	0	129754	-1	6211|-1	-1	1	0	0	129016	-1	1	-1	-1	-1	-1	-1	-1	-1	-1	-1	-1	-1	-1	-1	-1	-1	-1	-1	-1	-1	-1	-1	-1	-1	-1
4347	1	-1	0	129754	-1	6211|-1	-1	1	0	0	129016	-1	1	-1	-1	-1	-1	-1	-1	-1	-1	-1	-1	-1	-1	-1	-1	-1	-1	-1	-1	-1	-1	-1	-1	-1	-1
4348	1	-1	0	132077	-1	6311|-1	-1	1	0	0	132016	-1	1	-1	-1	-1	-1	-1	-1	-1	-1	-1	-1	-1	-1	-1	-1	-1	-1	-1	-1	-1	-1	-1	-1	-1	-1
4349	1	-1	0	132077	-1	6311|-1	-1	1	0	0	132016	-1	1	-1	-1	-1	-1	-1	-1	-1	-1	-1	-1	-1	-1	-1	-1	-1	-1	-1	-1	-1	-1	-1	-1	-1	-1
4350	1	-1	0	132077	-1	6311|-1	-1	1	0	0	132016	-1	1	-1	-1	-1	-1	-1	-1	-1	-1	-1	-1	-1	-1	-1	-1	-1	-1	-1	-1	-1	-1	-1	-1	-1	-1
4351	1	-1	0	132077	-1	6311|-1	-1	1	0	0	132016	-1	1	-1	-1	-1	-1	-1	-1	-1	-1	-1	-1	-1	-1	-1	-1	-1	-1	-1	-1	-1	-1	-1	-1	-1	-1
4352	1	-1	0	132077	-1	6311|-1	-1	1	0	0	132016	-1	1	-1	-1	-1	-1	-1	-1	-1	-1	-1	-1	-1	-1	-1	-1	-1	-1	-1	-1	-1	-1	-1	-1	-1	-1
4353	1	-1	0	132077	-1	6311|-1	-1	1	0	0	132016	-1	1	-1	-1	-1	-1	-1	-1	-1	-1	-1	-1	-1	-1	-1	-1	-1	-1	-1	-1	-1	-1	-1	-1	-1	-1
4354	1	-1	0	132077	-1	6311|-1	-1	1	0	0	132016	-1	1	-1	-1	-1	-1	-1	-1	-1	-1	-1	-1	-1	-1	-1	-1	-1	-1	-1	-1	-1	-1	-1	-1	-1	-1
4355	1	-1	0	132077	-1	6311|-1	-1	1	0	0	132016	-1	1	-1	-1	-1	-1	-1	-1	-1	-1	-1	-1	-1	-1	-1	-1	-1	-1	-1	-1	-1	-1	-1	-1	-1	-1
4356	1	-1	0	132077	-1	6311|-1	-1	1	0	0	132016	-1	1	-1	-1	-1	-1	-1	-1	-1	-1	-1	-1	-1	-1	-1	-1	-1	-1	-1	-1	-1	-1	-1	-1	-1	-1
4357	1	-1	0	132077	-1	6311|-1	-1	1	0	0	132016	-1	1	-1	-1	-1	-1	-1	-1	-1	-1	-1	-1	-1	-1	-1	-1	-1	-1	-1	-1	-1	-1	-1	-1	-1	-1
4358	1	-1	0	132077	-1	6311|-1	-1	1	0	0	132016	-1	1	-1	-1	-1	-1	-1	-1	-1	-1	-1	-1	-1	-1	-1	-1	-1	-1	-1	-1	-1	-1	-1	-1	-1	-1
4359	1	-1	0	132077	-1	6311|-1	-1	1	0	0	132016	-1	1	-1	-1	-1	-1	-1	-1	-1	-1	-1	-1	-1	-1	-1	-1	-1	-1	-1	-1	-1	-1	-1	-1	-1	-1
#6011	1	-1	0	105100	-1	-1	-1	4	-1	0	59630	112	-1	-1	-1	-1	-1	-1	-1	-1	-1	-1	-1	-1	-1	-1	-1	-1	-1	-1	-1	-1	-1	-1	-1	-1	-1
#6111	1	-1	0	105100	-1	-1	-1	4	-1	0	59631	112	-1	-1	-1	-1	-1	-1	-1	-1	-1	-1	-1	-1	-1	-1	-1	-1	-1	-1	-1	-1	-1	-1	-1	-1	-1
#6211	1	-1	0	105100	-1	-1	-1	4	-1	0	59632	112	-1	-1	-1	-1	-1	-1	-1	-1	-1	-1	-1	-1	-1	-1	-1	-1	-1	-1	-1	-1	-1	-1	-1	-1	-1
#6311	1	-1	0	105100	-1	-1	-1	4	-1	0	59633	112	-1	-1	-1	-1	-1	-1	-1	-1	-1	-1	-1	-1	-1	-1	-1	-1	-1	-1	-1	-1	-1	-1	-1	-1	-1
#	乃蛮剧场		30			-1	-1						-1						-1						-1							-1					-1
#1000	1	-1	0	105125	-1	#1001|-1	-1	1	0	0	105125	-1	-1	-1	-1	-1	-1	-1	-1	-1	-1	-1	-1	-1	-1	-1	-1	-1	-1	-1	-1	-1	-1	-1	-1	-1	-1
#1001	1	-1	0	105125	-1	#1002|-1	-1	2	0	0	105306	-1	-1	2	1	105315	-1	-1	-1	-1	-1	-1	-1	-1	-1	-1	-1	-1	-1	-1	-1	-1	-1	-1	-1	-1	-1
#1002	1	-1	0	105125	-1	#1008|-1	-1	2	0	0	105305	-1	-1	2	1	105316	-1	-1	-1	-1	-1	-1	-1	-1	-1	-1	-1	-1	-1	-1	-1	-1	-1	-1	-1	-1	-1
#1008	-1	-1	-1	-1	-1	-1	-1	2	0	0	105193	-1	-1	2	1	105310	-1	-1	-1	-1	-1	-1	-1	-1	-1	-1	-1	-1	-1	-1	-1	-1	-1	-1	-1	-1	-1
#1006	-1	-1	-1	-1	-1	-1	-1	2	0	0	105302	-1	-1	-1	-1	-1	-1	-1	-1	-1	-1	-1	-1	-1	-1	-1	-1	-1	-1	-1	-1	-1	-1	-1	-1	-1	-1
#1007	-1	-1	-1	-1	-1	-1	-1	2	0	0	105301	-1	-1	-1	-1	-1	-1	-1	-1	-1	-1	-1	-1	-1	-1	-1	-1	-1	-1	-1	-1	-1	-1	-1	-1	-1	-1
#1009	-1	-1	-1	-1	-1	-1	-1	1	0	0	105126	-1	-1	-1	-1	-1	-1	-1	-1	-1	-1	-1	-1	-1	-1	-1	-1	-1	-1	-1	-1	-1	-1	-1	-1	-1	-1
#1010	-1	-1	-1	-1	-1	-1	-1	2	0	0	105303	-1	-1	2	1	105313	-1	-1	-1	-1	-1	-1	-1	-1	-1	-1	-1	-1	-1	-1	-1	-1	-1	-1	-1	-1	-1
#1022	-1	-1	-1	-1	-1	-1	-1	2	0	0	105320	-1	-1	-1	-1	-1	-1	-1	-1	-1	-1	-1	-1	-1	-1	-1	-1	-1	-1	-1	-1	-1	-1	-1	-1	-1	-1
#1023	-1	-1	-1	-1	-1	-1	-1	1	0	0	105322	-1	1	-1	-1	-1	-1	-1	-1	-1	-1	-1	-1	-1	-1	-1	-1	-1	-1	-1	-1	-1	-1	-1	-1	-1	-1
#1012	-1	-1	-1	-1	-1	-1	-1	2	0	0	105307	-1	-1	-1	-1	-1	-1	-1	-1	-1	-1	-1	-1	-1	-1	-1	-1	-1	-1	-1	-1	-1	-1	-1	-1	-1	-1
#1020	-1	-1	-1	-1	-1	-1	-1	1	0	0	105191	-1	1	-1	-1	-1	-1	-1	-1	-1	-1	-1	-1	-1	-1	-1	-1	-1	-1	-1	-1	-1	-1	-1	-1	-1	-1
#1013	-1	-1	-1	-1	-1	-1	-1	1	0	0	105120	-1	-1	-1	-1	-1	-1	-1	-1	-1	-1	-1	-1	-1	-1	-1	-1	-1	-1	-1	-1	-1	-1	-1	-1	-1	-1
#1016	-1	-1	-1	-1	-1	-1	-1	1	0	0	105100	-1	-1	-1	-1	-1	-1	-1	-1	-1	-1	-1	-1	-1	-1	-1	-1	-1	-1	-1	-1	-1	-1	-1	-1	-1	-1
#1017	1	-1	0	105100	-1	#1018|-1	-1	1	0	0	105108	-1	-1	-1	-1	-1	-1	-1	-1	-1	-1	-1	-1	-1	-1	-1	-1	-1	-1	-1	-1	-1	-1	-1	-1	-1	-1
#1018	1	-1	0	105100	-1	#1019|-1	-1	1	0	0	105107	-1	-1	-1	-1	-1	-1	-1	-1	-1	-1	-1	-1	-1	-1	-1	-1	-1	-1	-1	-1	-1	-1	-1	-1	-1	-1
#1019	-1	-1	-1	-1	-1	-1	-1	1	0	0	105125	-1	-1	-1	-1	-1	-1	-1	-1	-1	-1	-1	-1	-1	-1	-1	-1	-1	-1	-1	-1	-1	-1	-1	-1	-1	-1
#1003	1	-1	0	105126	-1	#1030|-1	-1	1	0	0	105124	-1	-1	-1	-1	-1	-1	-1	-1	-1	-1	-1	-1	-1	-1	-1	-1	-1	-1	-1	-1	-1	-1	-1	-1	-1	-1
#1030	-1	-1	-1	-1	-1	-1	-1	2	0	0	105304	-1	-1	-1	-1	-1	-1	-1	-1	-1	-1	-1	-1	-1	-1	-1	-1	-1	-1	-1	-1	-1	-1	-1	-1	-1	-1
#1026	-1	-1	-1	-1	-1	-1	-1	1	0	0	105116	-1	-1	-1	-1	-1	-1	-1	-1	-1	-1	-1	-1	-1	-1	-1	-1	-1	-1	-1	-1	-1	-1	-1	-1	-1	-1
#1027	-1	-1	-1	-1	-1	-1	-1	1	0	0	105104	-1	-1	-1	-1	-1	-1	-1	-1	-1	-1	-1	-1	-1	-1	-1	-1	-1	-1	-1	-1	-1	-1	-1	-1	-1	-1
#1028	-1	-1	-1	-1	-1	-1	-1	1	0	0	105104	-1	1	-1	-1	-1	-1	-1	-1	-1	-1	-1	-1	-1	-1	-1	-1	-1	-1	-1	-1	-1	-1	-1	-1	-1	-1
#1032	-1	-1	-1	-1	-1	-1	-1	1	0	0	105103	-1	1	-1	-1	-1	-1	-1	-1	-1	-1	-1	-1	-1	-1	-1	-1	-1	-1	-1	-1	-1	-1	-1	-1	-1	-1
