NUM	NUM	TEXT	TEXT	TEXT	NUM	NUM	TEXT
莉북ID긍뵀（닒鬼돕댕，膽邱섬弩늴瓊멕）	莉북츰냔	矜헹탬謹1	矜헹탬謹2	矜헹탬謹3	퓻뺏橄昑ID	퓻뺏鑒令	景槻
9	훨雷糠	-1	-1	-1	149	1	
10	훨雷옻	-1	-1	-1	149	1	
11	훨雷쉥	-1	-1	-1	149	1	
12	훨雷係糠	6	6	6	149	2	
13	훨雷呱糠	7	7	7	151	2	
14	훨雷拱糠	8	8	8	150	2	
15	훨雷係옻	6	6	6	149	2	
16	훨雷呱옻	7	7	7	151	2	
17	훨雷拱옻	8	8	8	150	2	
18	훨雷係쉥	6	6	-1	149	2	
19	훨雷呱쉥	7	7	-1	151	2	
20	훨雷拱쉥	8	8	-1	150	2	
90	櫓쉥	19|69|119|169|219|269|319	19|69|119|169|219|269|319	-1	163	2	
91	랙쉥	20|70|120|170|220|270|320	20|70|120|170|220|270|320	-1	163	2	
92	겜쉥	21|71|121|171|221|271|321	21|71|121|171|221|271|321	-1	163	2	
93	5係쉥	35|85|135|185|235|285|335	35|85|135|185|235|285|335	-1	149	4	
94	5呱쉥	45|95|145|195|245|295|345	45|95|145|195|245|295|345	-1	151	4	
95	5拱쉥	55|105|155|205|255|305|355	55|105|155|205|255|305|355	-1	150	4	
96	숫쉥	3	3	-1	163	2	
97	루쉥	2	2	-1	163	2	
98	숫옻	3	3	3	163	1	
99	루옻	2	2	2	163	1	
100	係123	31|81|131|181|231|281|331	32|82|132|182|232|282|332	33|83|133|183|233|283|333	149	4	
101	係456	34|84|134|184|234|284|334	35|85|135|185|235|285|335	36|86|136|186|236|286|336	149	4	
102	係789	37|87|137|187|237|287|337	38|88|138|188|238|288|338	39|89|139|189|239|289|339	149	4	
103	呱123	41|91|141|191|241|291|341	42|92|142|192|242|292|342	43|93|143|193|243|293|343	151	4	
104	呱456	44|94|144|194|244|294|344	45|95|145|195|245|295|345	46|96|146|196|246|296|346	151	4	
105	呱789	47|97|147|197|247|297|347	48|98|148|198|248|298|348	49|99|149|199|249|299|349	151	4	
106	拱123	51|101|151|201|251|301|351	52|102|152|202|252|302|352	53|103|153|203|253|303|353	150	4	
107	拱456	54|104|154|204|254|304|354	55|105|155|205|255|305|355	56|106|156|206|256|306|356	150	4	
108	拱789	57|107|157|207|257|307|357	58|108|158|208|258|308|358	59|109|159|209|259|309|359	150	4	
109	땜옻	15|65|115|165|215|265|315	15|65|115|165|215|265|315	15|65|115|165|215|265|315	163	7	
110	켓옻	16|66|116|166|216|266|316	16|66|116|166|216|266|316	16|66|116|166|216|266|316	163	7	
111	鮫옻	17|67|117|167|217|267|317	17|67|117|167|217|267|317	17|67|117|167|217|267|317	163	7	
112	굇옻	18|68|118|168|218|268|318	18|68|118|168|218|268|318	18|68|118|168|218|268|318	163	7	
113	櫓옻	19|69|119|169|219|269|319	19|69|119|169|219|269|319	19|69|119|169|219|269|319	149	4	
114	랙옻	20|70|120|170|220|270|320	20|70|120|170|220|270|320	20|70|120|170|220|270|320	150	4	
115	겜옻	21|71|121|171|221|271|321	21|71|121|171|221|271|321	21|71|121|171|221|271|321	151	4	
116	2係옻	32|82|132|182|232|282|332	32|82|132|182|232|282|332	32|82|132|182|232|282|332	149	4	
117	5係옻	35|85|135|185|235|285|335	35|85|135|185|235|285|335	35|85|135|185|235|285|335	149	4	
118	8係옻	38|88|138|188|238|288|338	38|88|138|188|238|288|338	38|88|138|188|238|288|338	149	4	
119	2呱옻	42|92|142|192|242|292|342	42|92|142|192|242|292|342	42|92|142|192|242|292|342	151	4	
120	5呱옻	45|95|145|195|245|295|345	45|95|145|195|245|295|345	45|95|145|195|245|295|345	151	4	
121	8呱옻	48|98|148|198|248|298|348	48|98|148|198|248|298|348	48|98|148|198|248|298|348	151	4	
122	2拱옻	52|102|152|202|252|302|352	52|102|152|202|252|302|352	52|102|152|202|252|302|352	150	4	
123	5拱옻	55|105|155|205|255|305|355	55|105|155|205|255|305|355	55|105|155|205|255|305|355	150	4	
124	8拱옻	58|108|158|208|258|308|358	58|108|158|208|258|308|358	58|108|158|208|258|308|358	150	4	
125	2係쉥	32|82|132|182|232|282|332	32|82|132|182|232|282|332	-1	149	4	
126	2呱쉥	42|92|142|192|242|292|342	42|92|142|192|242|292|342	-1	151	4	
127	2拱쉥	52|102|152|202|252|302|352	52|102|152|202|252|302|352	-1	150	4	
128	8係쉥	38|88|138|188|238|288|338	38|88|138|188|238|288|338	-1	149	4	
129	8呱쉥	48|98|148|198|248|298|348	48|98|148|198|248|298|348	-1	151	4	
130	8拱쉥	58|108|158|208|258|308|358	58|108|158|208|258|308|358	-1	150	4	
