NUM	NUM	NUM	NUM	NUM	NUM	TEXT	TEXT	TEXT	TEXT	NUM	NUM	NUM	NUM	NUM	NUM	NUM	NUM	NUM	NUM	NUM	NUM	NUM	NUM	NUM	NUM	NUM	NUM	NUM	NUM	NUM	NUM	NUM	NUM	NUM	NUM	NUM	NUM	NUM	NUM	NUM	NUM	NUM	NUM	NUM	NUM	NUM	NUM	NUM	NUM	NUM	NUM	NUM	NUM	NUM	NUM	NUM	NUM	NUM	NUM	NUM	NUM	NUM	NUM	NUM	NUM	NUM	NUM	NUM	NUM	NUM	NUM	NUM	NUM	NUM	NUM	NUM	NUM	NUM	NUM	NUM	NUM
 ID	ЗжРрID	зАБИРраЭ(0ГЕЩэЃЌ1зАМз/гљааМзЃЌ2ЕззљЃЌ3ЗЂЖЏЛњ/ЛњЪрЃЌ4ТФДј/МВЗчдЏЃЌ5Л№Хк/СњЛїХкЃЌ6РзДя/ОЋзМвЧЃЌ7дЄОЏ/ркЭћДАЃЌ8жаПи/жиЛїЦїЃЉ	БрКХ	зАБИЕу(0ГЕЩэЃЌ1зАМз/гљааМзЃЌ2ЕззљЃЌ3ЗЂЖЏЛњ/ЛњЪрЃЌ4ТФДј/МВЗчдЏЃЌ5Л№Хк/СњЛїХкЃЌ6РзДя/ОЋзМвЧЃЌ7дЄОЏ/ркЭћДАЃЌ8жаПи/жиЛїЦїЃЉ	ЪЪгІЙцдђ	зАБИУћГЦ	"зАБИУћГЦбеЩЋРраЭ(Аз:1,ТЬ:2,РЖ:3,ЛЦ:4,зЯ:5ГШ)"	зАБИУшЪі	зАБИЭМБъ	зАБИФЃаЭ	вЊЧѓШЫЮяЕШМЖ	ЬьИГЕШМЖ	ИіШЫЕШМЖ	МлИё	ФЭОУ	гааЇЦкЃЈЕЅЮЛаЁЪБЃЉ	зАБИЬьШЛПзЪ§	зюДѓПзЪ§	зАБИЬьШЛаЧЪ§	Гажи	ИКжи	ЕчФм	ЕчКФ	ЙЅ	ЗР	бЊ	РЖ	"РЖЪєадЪЧЗёЫцЛњЃЈ0ЃЌЗё,РЖЪєаджБНгЖСШЁБОБэжаЕФЪ§ОнЃЛ1ЃЌЪЧЃЌРЖЪєадвЊЖСШЅЪєадЫцЛњБэЕФЪ§ОнЃЌЖСШЁЕФIDдкЯТвЛИізжЖЮЃЉ"	ЫцЛњЕФЪ§зжЖЮID	ЪєадЬѕФПЯТЯо	ЪєадЬѕФПЩЯЯо	ИНМгРЖЪєад1	РЖЪєад1ЕФжЕ	ИНМгРЖЪєад2	РЖЪєад2ЕФжЕ	ИНМгРЖЪєад3	РЖЪєад3ЕФжЕ	ИНМгРЖЪєад4	РЖЪєад4ЕФжЕ	ИНМгРЖЪєад5	РЖЪєад5ЕФжЕ	ИНМгРЖЪєад6	РЖЪєад6ЕФжЕ	ИНМгРЖЪєад7	РЖЪєад7ЕФжЕ	ИНМгРЖЪєад8	РЖЪєад8ЕФжЕ	ИНМгРЖЪєад9	РЖЪєад9ЕФжЕ	ИНМгРЖЪєад10	РЖЪєад10ЕФжЕ	ИНМгРЖЪєад11	РЖЪєад11ЕФжЕ	ИНМгРЖЪєад12	РЖЪєад12ЕФжЕ	ИНМгРЖЪєад13	РЖЪєад13ЕФжЕ	ИНМгРЖЪєад14	РЖЪєад14ЕФжЕ	ИНМгРЖЪєад15	РЖЪєад15ЕФжЕ	ИНМгРЖЪєад16	РЖЪєад16ЕФжЕ	ИНМгРЖЪєад17	РЖЪєад17ЕФжЕ	ИНМгРЖЪєад18	РЖЪєад18ЕФжЕ	ИНМгРЖЪєад19	РЖЪєад19ЕФжЕ	ИНМгРЖЪєад20	РЖЪєад20ЕФжЕ	ИНМгРЖЪєад21	РЖЪєад21ЕФжЕ	ИНМгРЖЪєад22	РЖЪєад22ЕФжЕ	ИНМгВЮЪ§РраЭ	ВЮЪ§	ЯћКФСП	ММФмЪ§СП	ММФм1id	ММФм2id
20000001	20	0	1	0	1	ГЕЩэЁЄЗчвэеНГЕ	1		KHan2_zhanche_03_3	2818	70	-1	-1	100	200	-1	7	7	10	100	0	100	0	300	100	300	200	1	1	2	4	1	1	2	1	5	1	7	1	0	1	3	1	4	1	6	1	-1	-1	-1	-1	-1	-1	-1	-1	-1	-1	-1	-1	-1	-1	-1	-1	-1	-1	-1	-1	-1	-1	-1	-1	-1	-1	-1	-1	-1	0	0	0	-1	-1
20000002	20	0	2	0	1	ГЕЩэЁЄЖРГхеНГЕ	1		KHan2_zhanche_03_4	2820	70	-1	-1	100	200	-1	7	7	10	100	0	100	0	300	100	300	200	1	1	2	4	1	1	2	1	5	1	7	1	0	1	3	1	4	1	6	1	-1	-1	-1	-1	-1	-1	-1	-1	-1	-1	-1	-1	-1	-1	-1	-1	-1	-1	-1	-1	-1	-1	-1	-1	-1	-1	-1	-1	-1	0	0	0	-1	-1
20000003	20	0	3	0	1	ГЕЩэЁЄПќМзеНГЕ	1		KHan2_zhanche_03_2	2814	70	-1	-1	100	200	-1	7	7	10	100	0	100	0	300	100	300	200	1	1	2	4	1	1	2	1	5	1	7	1	0	1	3	1	4	1	6	1	-1	-1	-1	-1	-1	-1	-1	-1	-1	-1	-1	-1	-1	-1	-1	-1	-1	-1	-1	-1	-1	-1	-1	-1	-1	-1	-1	-1	-1	0	0	0	-1	-1
20000004	20	0	4	0	1	ГЕЩэЁЄРззІеНГЕ	1		KHan2_zhanche_03_1	2823	70	-1	-1	100	200	-1	7	7	10	100	0	100	0	300	100	300	200	1	1	2	4	1	1	2	1	5	1	7	1	0	1	3	1	4	1	6	1	-1	-1	-1	-1	-1	-1	-1	-1	-1	-1	-1	-1	-1	-1	-1	-1	-1	-1	-1	-1	-1	-1	-1	-1	-1	-1	-1	-1	-1	0	0	0	-1	-1
20000005	20	0	5	0	1	ГЕЩэЁЄаТЪжеНГЕ	1		KHan2_zhanche_03_2	2824	70	-1	-1	100	200	-1	7	7	10	100	0	100	0	200	70	200	140	0	-1	-1	-1	-1	-1	-1	-1	-1	-1	-1	-1	-1	-1	-1	-1	-1	-1	-1	-1	-1	-1	-1	-1	-1	-1	-1	-1	-1	-1	-1	-1	-1	-1	-1	-1	-1	-1	-1	-1	-1	-1	-1	-1	-1	-1	-1	-1	-1	0	0	0	-1	-1
20000006	20	0	6	0	1	ГЕЩэЁЄаЁЧП	1		KHan2_zhanche_03_2	2824	70	-1	-1	100	200	-1	7	7	10	100	0	100	0	20000	70	90000	140	0	-1	2	2	4	50	6	50	-1	-1	-1	-1	-1	-1	-1	-1	-1	-1	-1	-1	-1	-1	-1	-1	-1	-1	-1	-1	-1	-1	-1	-1	-1	-1	-1	-1	-1	-1	-1	-1	-1	-1	-1	-1	-1	-1	-1	-1	-1	0	0	0	-1	-1
20000007	20	0	7	0	1	ГЕЩэЁЄQQЛсдБзЈЪєеНГЕ	1		KHan2_zhanche_tubiao_01_1	2833	70	-1	-1	100	200	-1	7	7	10	100	0	100	0	300	100	300	200	1	1	2	4	1	1	2	1	5	1	7	1	0	1	3	1	4	1	6	1	-1	-1	-1	-1	-1	-1	-1	-1	-1	-1	-1	-1	-1	-1	-1	-1	-1	-1	-1	-1	-1	-1	-1	-1	-1	-1	-1	-1	-1	0	0	0	-1	-1
20000008	20	0	8	0	1	ГЕЩэЁЄЩёЁЄЧсЗчеНГЕ	5		KHan2_zhanche_08_9	2822	70	-1	-1	100	200	-1	7	7	10	100	0	100	0	750	100	15000	150	0	-1	2	6	2	3600	-1	-1	-1	-1	-1	-1	-1	-1	-1	-1	-1	-1	-1	1	-1	-1	-1	-1	-1	-1	-1	-1	-1	-1	-1	-1	-1	-1	-1	-1	-1	-1	-1	-1	-1	-1	-1	-1	-1	-1	-1	-1	-1	0	0	0	-1	-1
20000009	20	0	9	0	1	ГЕЩэЁЄЩёЁЄЬЄдЦеНГЕ	5		KHan2_zhanche_08_8	2825	70	-1	-1	100	200	-1	7	7	10	100	0	100	0	1050	140	21000	210	0	-1	2	6	2	5040	-1	-1	-1	-1	-1	-1	-1	-1	-1	-1	-1	-1	-1	-1	-1	-1	-1	-1	-1	-1	-1	-1	-1	-1	-1	-1	-1	-1	-1	-1	-1	-1	-1	-1	-1	-1	-1	-1	-1	-1	-1	-1	-1	0	0	0	-1	-1
20000010	20	0	10	0	1	ГЕЩэЁЄЩёЁЄгљСњеНГЕ	5		KHan2_zhanche_08_10	2826	70	-1	-1	100	200	-1	7	7	10	100	0	100	0	1500	200	30000	300	0	-1	2	6	2	7200	-1	-1	-1	-1	-1	-1	-1	-1	-1	-1	-1	-1	-1	-1	-1	-1	-1	-1	-1	-1	-1	-1	-1	-1	-1	-1	-1	-1	-1	-1	-1	-1	-1	-1	-1	-1	-1	-1	-1	-1	-1	-1	-1	0	0	0	-1	-1
20000011	20	0	11	0	1	ГЕЩэЁЄЩёЁЄгљСњеНГЕ	5		KHan2_zhanche_08_10	2826	70	-1	-1	100	200	-1	7	7	10	100	0	100	0	1500	200	30000	300	0	-1	2	6	2	7200	-1	-1	-1	-1	-1	-1	-1	-1	-1	-1	-1	-1	-1	-1	-1	-1	-1	-1	-1	-1	-1	-1	-1	-1	-1	-1	-1	-1	-1	-1	-1	-1	-1	-1	-1	-1	-1	-1	-1	-1	-1	-1	-1	0	0	0	-1	-1
20010001	20	1	1	1	1	гљааМзЁЄВдРЧ	1		KHan2_zhanche_03_11	-1	70	-1	-1	100	200	-1	7	7	10	0	20	0	10	-1	261	-1	-1	1	1	1	2	1	1	2	1	-1	-1	-1	-1	-1	-1	-1	-1	-1	-1	-1	-1	-1	-1	-1	-1	-1	-1	-1	-1	-1	-1	-1	-1	-1	-1	-1	-1	-1	-1	-1	-1	-1	-1	-1	-1	-1	-1	-1	-1	-1	0	0	0	-1	-1
20010002	20	1	2	1	1	гљааМзЁЄУЭЛЂ	1		KHan2_zhanche_03_12	-1	70	-1	-1	100	200	-1	7	7	10	0	19	0	10	-1	174	-1	-1	1	1	1	2	1	1	2	1	-1	-1	-1	-1	-1	-1	-1	-1	-1	-1	-1	-1	-1	-1	-1	-1	-1	-1	-1	-1	-1	-1	-1	-1	-1	-1	-1	-1	-1	-1	-1	-1	-1	-1	-1	-1	-1	-1	-1	-1	-1	0	0	0	-1	-1
20010003	20	1	3	1	1	гљааМзЁЄБЉам	1		KHan2_zhanche_03_9	-1	70	-1	-1	100	200	-1	7	7	10	0	26	0	10	-1	305	-1	-1	1	1	1	2	1	1	2	1	-1	-1	-1	-1	-1	-1	-1	-1	-1	-1	-1	-1	-1	-1	-1	-1	-1	-1	-1	-1	-1	-1	-1	-1	-1	-1	-1	-1	-1	-1	-1	-1	-1	-1	-1	-1	-1	-1	-1	-1	-1	0	0	0	-1	-1
20010004	20	1	4	1	1	гљааМзЁЄаТЪж	1		KHan2_zhanche_03_10	-1	70	-1	-1	100	200	-1	7	7	10	0	20	0	10	-1	218	-1	-1	1	1	1	2	1	1	2	1	-1	-1	-1	-1	-1	-1	-1	-1	-1	-1	-1	-1	-1	-1	-1	-1	-1	-1	-1	-1	-1	-1	-1	-1	-1	-1	-1	-1	-1	-1	-1	-1	-1	-1	-1	-1	-1	-1	-1	-1	-1	0	0	0	-1	-1
20010005	20	1	5	1	1	гљааМзЁЄЩёЁЄЧсЗч	5		KHan2_zhanche_03_11	-1	70	-1	-1	100	200	-1	7	7	10	0	10	0	10	-1	1750	12500	-1	0	-1	2	6	1	750	-1	-1	-1	-1	-1	-1	-1	-1	-1	-1	-1	-1	-1	-1	-1	-1	-1	-1	-1	-1	-1	-1	-1	-1	-1	-1	-1	-1	-1	-1	-1	-1	-1	-1	-1	-1	-1	-1	-1	-1	-1	-1	-1	0	0	0	-1	-1
20010006	20	1	6	1	1	гљааМзЁЄЩёЁЄЬЄдЦ	5		KHan2_zhanche_03_12	-1	70	-1	-1	100	200	-1	7	7	10	0	10	0	10	-1	2450	17500	-1	0	-1	2	6	1	1050	-1	-1	-1	-1	-1	-1	-1	-1	-1	-1	-1	-1	-1	-1	-1	-1	-1	-1	-1	-1	-1	-1	-1	-1	-1	-1	-1	-1	-1	-1	-1	-1	-1	-1	-1	-1	-1	-1	-1	-1	-1	-1	-1	0	0	0	-1	-1
20010007	20	1	7	1	1	гљааМзЁЄЩёЁЄгљСњ	5		KHan2_zhanche_03_9	-1	70	-1	-1	100	200	-1	7	7	10	0	10	0	10	-1	3500	25000	-1	0	-1	2	6	1	1500	-1	-1	-1	-1	-1	-1	-1	-1	-1	-1	-1	-1	-1	-1	-1	-1	-1	-1	-1	-1	-1	-1	-1	-1	-1	-1	-1	-1	-1	-1	-1	-1	-1	-1	-1	-1	-1	-1	-1	-1	-1	-1	-1	0	0	0	-1	-1
20010008	20	1	8	1	1	гљааМзЁЄЩёЁЄЦпЩБ	5		KHan2_zhanche_03_9	-1	70	-1	-1	100	200	-1	7	7	10	0	10	0	10	-1	3500	25000	-1	0	-1	2	6	1	1500	-1	-1	-1	-1	-1	-1	-1	-1	-1	-1	-1	-1	-1	-1	-1	-1	-1	-1	-1	-1	-1	-1	-1	-1	-1	-1	-1	-1	-1	-1	-1	-1	-1	-1	-1	-1	-1	-1	-1	-1	-1	-1	-1	0	0	0	-1	-1
20020001	20	2	1	2	1	ЕзХЬЁЄВдРЧ	1		KHan2_zhanche_04_1	-1	70	-1	-1	100	200	-1	7	7	10	0	0	0	10	-1	-1	6552	-1	1	1	1	3	1	1	2	1	7	1	-1	-1	-1	-1	-1	-1	-1	-1	-1	-1	-1	-1	-1	-1	-1	-1	-1	-1	-1	-1	-1	-1	-1	-1	-1	-1	-1	-1	-1	-1	-1	-1	-1	-1	-1	-1	-1	-1	-1	0	0	0	-1	-1
20020002	20	2	2	2	1	ЕзХЬЁЄУЭЛЂ	1		KHan2_zhanche_04_2	-1	70	-1	-1	100	200	-1	7	7	10	0	0	0	5	-1	-1	4368	-1	1	1	1	3	1	1	2	1	7	1	-1	-1	-1	-1	-1	-1	-1	-1	-1	-1	-1	-1	-1	-1	-1	-1	-1	-1	-1	-1	-1	-1	-1	-1	-1	-1	-1	-1	-1	-1	-1	-1	-1	-1	-1	-1	-1	-1	-1	0	0	0	-1	-1
20020003	20	2	3	2	1	ЕзХЬЁЄБЉам	1		KHan2_zhanche_04_3	-1	70	-1	-1	100	200	-1	7	7	10	0	0	0	8	-1	-1	7644	-1	1	1	1	3	1	1	2	1	7	1	-1	-1	-1	-1	-1	-1	-1	-1	-1	-1	-1	-1	-1	-1	-1	-1	-1	-1	-1	-1	-1	-1	-1	-1	-1	-1	-1	-1	-1	-1	-1	-1	-1	-1	-1	-1	-1	-1	-1	0	0	0	-1	-1
20020004	20	2	4	2	1	ЕзХЬЁЄаТЪж	1		KHan2_zhanche_04_4	-1	70	-1	-1	100	200	-1	7	7	10	0	0	0	10	-1	-1	5460	-1	1	1	1	3	1	1	2	1	7	1	-1	-1	-1	-1	-1	-1	-1	-1	-1	-1	-1	-1	-1	-1	-1	-1	-1	-1	-1	-1	-1	-1	-1	-1	-1	-1	-1	-1	-1	-1	-1	-1	-1	-1	-1	-1	-1	-1	-1	0	0	0	-1	-1
20020005	20	2	5	2	1	ЕзХЬЁЄЩёЁЄЧсЗч	5		KHan2_zhanche_04_1	-1	70	-1	-1	100	200	-1	7	7	10	0	10	0	10	-1	-1	12500	-1	0	-1	2	6	7	98	-1	-1	-1	-1	-1	-1	-1	-1	-1	-1	-1	-1	-1	-1	-1	-1	-1	-1	-1	-1	-1	-1	-1	-1	-1	-1	-1	-1	-1	-1	-1	-1	-1	-1	-1	-1	-1	-1	-1	-1	-1	-1	-1	0	0	0	-1	-1
20020006	20	2	6	2	1	ЕзХЬЁЄЩёЁЄЬЄдЦ	5		KHan2_zhanche_04_2	-1	70	-1	-1	100	200	-1	7	7	10	0	10	0	10	-1	-1	17500	-1	0	-1	2	6	7	137	-1	-1	-1	-1	-1	-1	-1	-1	-1	-1	-1	-1	-1	-1	-1	-1	-1	-1	-1	-1	-1	-1	-1	-1	-1	-1	-1	-1	-1	-1	-1	-1	-1	-1	-1	-1	-1	-1	-1	-1	-1	-1	-1	0	0	0	-1	-1
20020007	20	2	7	2	1	ЕзХЬЁЄЩёЁЄгљСњ	5		KHan2_zhanche_04_3	-1	70	-1	-1	100	200	-1	7	7	10	0	10	0	10	-1	-1	25000	-1	0	-1	2	6	7	195	-1	-1	-1	-1	-1	-1	-1	-1	-1	-1	-1	-1	-1	-1	-1	-1	-1	-1	-1	-1	-1	-1	-1	-1	-1	-1	-1	-1	-1	-1	-1	-1	-1	-1	-1	-1	-1	-1	-1	-1	-1	-1	-1	0	0	0	-1	-1
20020008	20	2	8	2	1	ЕзХЬЁЄЩёЁЄЦпЩБ	5		KHan2_zhanche_04_3	-1	70	-1	-1	100	200	-1	7	7	10	0	10	0	10	-1	-1	25000	-1	0	-1	2	6	7	195	-1	-1	-1	-1	-1	-1	-1	-1	-1	-1	-1	-1	-1	-1	-1	-1	-1	-1	-1	-1	-1	-1	-1	-1	-1	-1	-1	-1	-1	-1	-1	-1	-1	-1	-1	-1	-1	-1	-1	-1	-1	-1	-1	0	0	0	-1	-1
20030001	20	3	1	3	1	ЛњЪрЁЄВдРЧ	1		KHan2_zhanche_04_13	-1	70	-1	-1	100	200	-1	7	7	10	0	20	0	0	-1	-1	-1	504	1	1	1	4	0	20	3	20	4	20	6	20	14	1	-1	-1	-1	-1	-1	-1	-1	-1	-1	-1	-1	-1	-1	-1	-1	-1	-1	-1	-1	-1	-1	-1	-1	-1	-1	-1	-1	-1	-1	-1	-1	-1	-1	-1	-1	0	0	0	-1	-1
20030002	20	3	2	3	1	ЛњЪрЁЄУЭЛЂ	1		KHan2_zhanche_04_14	-1	70	-1	-1	100	200	-1	7	7	10	0	20	0	0	-1	-1	-1	588	1	1	1	4	0	20	3	20	4	20	6	20	14	1	-1	-1	-1	-1	-1	-1	-1	-1	-1	-1	-1	-1	-1	-1	-1	-1	-1	-1	-1	-1	-1	-1	-1	-1	-1	-1	-1	-1	-1	-1	-1	-1	-1	-1	-1	0	0	0	-1	-1
20030003	20	3	3	3	1	ЛњЪрЁЄБЉам	1		KHan2_zhanche_04_15	-1	70	-1	-1	100	200	-1	7	7	10	0	15	0	0	-1	-1	-1	336	1	1	1	4	0	20	3	20	4	20	6	20	14	1	-1	-1	-1	-1	-1	-1	-1	-1	-1	-1	-1	-1	-1	-1	-1	-1	-1	-1	-1	-1	-1	-1	-1	-1	-1	-1	-1	-1	-1	-1	-1	-1	-1	-1	-1	0	0	0	-1	-1
20030004	20	3	4	3	1	ЛњЪрЁЄаТЪж	1		KHan2_zhanche_04_16	-1	70	-1	-1	100	200	-1	7	7	10	0	20	0	0	-1	-1	-1	420	1	1	1	4	0	20	3	20	4	20	6	20	14	1	-1	-1	-1	-1	-1	-1	-1	-1	-1	-1	-1	-1	-1	-1	-1	-1	-1	-1	-1	-1	-1	-1	-1	-1	-1	-1	-1	-1	-1	-1	-1	-1	-1	-1	-1	0	0	0	-1	-1
20030005	20	3	5	3	1	ЛњЪрЁЄЩёЁЄЧсЗч	5		KHan2_zhanche_04_13	-1	70	-1	-1	100	200	-1	7	7	10	0	10	0	10	750	-1	12500	300	0	-1	2	6	8	158	-1	-1	-1	-1	-1	-1	-1	1	-1	-1	-1	-1	-1	-1	-1	-1	-1	-1	-1	-1	-1	-1	-1	-1	-1	-1	-1	-1	-1	-1	-1	-1	-1	-1	-1	-1	-1	-1	-1	-1	-1	-1	-1	0	0	0	-1	-1
20030006	20	3	6	3	1	ЛњЪрЁЄЩёЁЄЬЄдЦ	5		KHan2_zhanche_04_14	-1	70	-1	-1	100	200	-1	7	7	10	0	10	0	10	1050	-1	17500	420	0	-1	2	6	8	221	-1	-1	-1	-1	-1	-1	-1	1	-1	-1	-1	-1	-1	-1	-1	-1	-1	-1	-1	-1	-1	-1	-1	-1	-1	-1	-1	-1	-1	-1	-1	-1	-1	-1	-1	-1	-1	-1	-1	-1	-1	-1	-1	0	0	0	-1	-1
20030007	20	3	7	3	1	ЛњЪрЁЄЩёЁЄгљСњ	5		KHan2_zhanche_04_15	-1	70	-1	-1	100	200	-1	7	7	10	0	10	0	10	1500	-1	25000	600	0	-1	2	6	8	315	-1	-1	-1	-1	-1	-1	-1	1	-1	-1	-1	-1	-1	-1	-1	-1	-1	-1	-1	-1	-1	-1	-1	-1	-1	-1	-1	-1	-1	-1	-1	-1	-1	-1	-1	-1	-1	-1	-1	-1	-1	-1	-1	0	0	0	-1	-1
20030008	20	3	8	3	1	ЛњЪрЁЄЩёЁЄЦпЩБ	5		KHan2_zhanche_04_15	-1	70	-1	-1	100	200	-1	7	7	10	0	10	0	10	1500	-1	25000	600	0	-1	2	6	8	315	-1	-1	-1	-1	-1	-1	-1	1	-1	-1	-1	-1	-1	-1	-1	-1	-1	-1	-1	-1	-1	-1	-1	-1	-1	-1	-1	-1	-1	-1	-1	-1	-1	-1	-1	-1	-1	-1	-1	-1	-1	-1	-1	0	0	0	-1	-1
20040001	20	4	1	4	1	МВЗчдЏЁЄВдРЧ	1		KHan2_zhanche_04_5	-1	70	-1	-1	100	200	-1	7	7	10	0	10	0	10	-1	141	-1	-1	1	1	1	4	1	20	2	20	5	20	7	20	14	1	-1	-1	-1	-1	-1	-1	-1	-1	-1	-1	-1	-1	-1	-1	-1	-1	-1	-1	-1	-1	-1	-1	-1	-1	-1	-1	-1	-1	-1	-1	-1	-1	-1	-1	-1	0	0	0	-1	-1
20040002	20	4	2	4	1	МВЗчдЏЁЄУЭЛЂ	1		KHan2_zhanche_04_6	-1	70	-1	-1	100	200	-1	7	7	10	0	4	0	7	-1	94	-1	-1	1	1	1	4	1	20	2	20	5	20	7	20	14	1	-1	-1	-1	-1	-1	-1	-1	-1	-1	-1	-1	-1	-1	-1	-1	-1	-1	-1	-1	-1	-1	-1	-1	-1	-1	-1	-1	-1	-1	-1	-1	-1	-1	-1	-1	0	0	0	-1	-1
20040003	20	4	3	4	1	МВЗчдЏЁЄБЉам	1		KHan2_zhanche_04_7	-1	70	-1	-1	100	200	-1	7	7	10	0	14	0	20	-1	165	-1	-1	1	1	1	4	1	20	2	20	5	20	7	20	14	1	-1	-1	-1	-1	-1	-1	-1	-1	-1	-1	-1	-1	-1	-1	-1	-1	-1	-1	-1	-1	-1	-1	-1	-1	-1	-1	-1	-1	-1	-1	-1	-1	-1	-1	-1	0	0	0	-1	-1
20040004	20	4	4	4	1	МВЗчдЏЁЄаТЪж	1		KHan2_zhanche_04_8	-1	70	-1	-1	100	200	-1	7	7	10	0	10	0	10	-1	118	-1	-1	1	1	1	4	1	20	2	20	5	20	7	20	14	1	-1	-1	-1	-1	-1	-1	-1	-1	-1	-1	-1	-1	-1	-1	-1	-1	-1	-1	-1	-1	-1	-1	-1	-1	-1	-1	-1	-1	-1	-1	-1	-1	-1	-1	-1	0	0	0	-1	-1
20040005	20	4	5	4	1	МВЗчдЏЁЄЩёЁЄЧсЗч	5		KHan2_zhanche_04_5	-1	70	-1	-1	100	200	-1	7	7	10	0	10	0	10	750	150	12500	-1	0	-1	2	6	9	158	-1	-1	-1	-1	-1	-1	-1	1	-1	-1	-1	-1	-1	-1	-1	-1	-1	-1	-1	-1	-1	-1	-1	-1	-1	-1	-1	-1	-1	-1	-1	-1	-1	-1	-1	-1	-1	-1	-1	-1	-1	-1	-1	0	0	0	-1	-1
20040006	20	4	6	4	1	МВЗчдЏЁЄЩёЁЄЬЄдЦ	5		KHan2_zhanche_04_6	-1	70	-1	-1	100	200	-1	7	7	10	0	10	0	10	1050	210	17500	-1	0	-1	2	6	9	221	-1	-1	-1	-1	-1	-1	-1	1	-1	-1	-1	-1	-1	-1	-1	-1	-1	-1	-1	-1	-1	-1	-1	-1	-1	-1	-1	-1	-1	-1	-1	-1	-1	-1	-1	-1	-1	-1	-1	-1	-1	-1	-1	0	0	0	-1	-1
20040007	20	4	7	4	1	МВЗчдЏЁЄЩёЁЄгљСњ	5		KHan2_zhanche_04_7	-1	70	-1	-1	100	200	-1	7	7	10	0	10	0	10	1500	300	25000	-1	0	-1	2	6	9	315	-1	-1	-1	-1	-1	-1	-1	1	-1	-1	-1	-1	-1	-1	-1	-1	-1	-1	-1	-1	-1	-1	-1	-1	-1	-1	-1	-1	-1	-1	-1	-1	-1	-1	-1	-1	-1	-1	-1	-1	-1	-1	-1	0	0	0	-1	-1
20040008	20	4	7	4	1	МВЗчдЏЁЄЩёЁЄЦпЩБ	5		KHan2_zhanche_04_7	-1	70	-1	-1	100	200	-1	7	7	10	0	10	0	10	1500	300	25000	-1	0	-1	2	6	9	315	-1	-1	-1	-1	-1	-1	-1	1	-1	-1	-1	-1	-1	-1	-1	-1	-1	-1	-1	-1	-1	-1	-1	-1	-1	-1	-1	-1	-1	-1	-1	-1	-1	-1	-1	-1	-1	-1	-1	-1	-1	-1	-1	0	0	0	-1	-1
20050001	20	5	1	5	1	СњЛїХкЁЄБљЖГ	1		KHan2_zhanche_03_1	-1	70	-1	-1	100	200	-1	7	7	10	0	20	0	10	604	-1	-1	-1	1	1	1	2	0	1	3	1	-1	-1	-1	-1	-1	-1	-1	-1	-1	-1	-1	-1	-1	-1	-1	-1	-1	-1	-1	-1	-1	-1	-1	-1	-1	-1	-1	-1	-1	-1	-1	-1	-1	-1	-1	-1	-1	-1	-1	-1	-1	0	0	1	10605	-1
20050002	20	5	2	5	1	СњЛїХкЁЄЖОвп	1		KHan2_zhanche_03_2	-1	70	-1	-1	100	200	-1	7	7	10	0	26	0	24	705	-1	-1	-1	1	1	1	2	0	1	3	1	-1	-1	-1	-1	-1	-1	-1	-1	-1	-1	-1	-1	-1	-1	-1	-1	-1	-1	-1	-1	-1	-1	-1	-1	-1	-1	-1	-1	-1	-1	-1	-1	-1	-1	-1	-1	-1	-1	-1	-1	-1	0	0	1	10606	-1
20050003	20	5	3	5	1	СњЛїХкЁЄЫщМз	1		KHan2_zhanche_03_3	-1	70	-1	-1	100	200	-1	7	7	10	0	26	0	14	403	-1	-1	-1	1	1	1	2	0	1	3	1	-1	-1	-1	-1	-1	-1	-1	-1	-1	-1	-1	-1	-1	-1	-1	-1	-1	-1	-1	-1	-1	-1	-1	-1	-1	-1	-1	-1	-1	-1	-1	-1	-1	-1	-1	-1	-1	-1	-1	-1	-1	0	0	1	10609	-1
20050004	20	5	4	5	1	СњЛїХкЁЄаТЪж	1		KHan2_zhanche_03_4	-1	70	-1	-1	100	200	-1	7	7	10	0	20	0	10	504	-1	-1	-1	1	1	1	2	0	1	3	1	-1	-1	-1	-1	-1	-1	-1	-1	-1	-1	-1	-1	-1	-1	-1	-1	-1	-1	-1	-1	-1	-1	-1	-1	-1	-1	-1	-1	-1	-1	-1	-1	-1	-1	-1	-1	-1	-1	-1	-1	-1	0	0	1	10604	-1
20050005	20	5	5	5	1	СњЛїХкЁЄЩёЁЄЧсЗч	5		KHan2_zhanche_03_1	-1	70	-1	-1	100	200	-1	7	7	10	0	10	0	10	2750	-1	12500	-1	0	-1	2	6	0	750	-1	-1	-1	-1	-1	-1	-1	-1	-1	-1	-1	-1	-1	-1	-1	-1	-1	-1	-1	-1	-1	-1	-1	-1	-1	-1	-1	-1	-1	-1	-1	-1	-1	-1	-1	-1	-1	-1	-1	-1	-1	-1	-1	0	0	1	10604	-1
20050006	20	5	6	5	1	СњЛїХкЁЄЩёЁЄЬЄдЦ	5		KHan2_zhanche_03_2	-1	70	-1	-1	100	200	-1	7	7	10	0	10	0	10	3850	-1	17500	-1	0	-1	2	6	0	1050	-1	-1	-1	-1	-1	-1	-1	-1	-1	-1	-1	-1	-1	-1	-1	-1	-1	-1	-1	-1	-1	-1	-1	-1	-1	-1	-1	-1	-1	-1	-1	-1	-1	-1	-1	-1	-1	-1	-1	-1	-1	-1	-1	0	0	1	10604	-1
20050007	20	5	7	5	1	СњЛїХкЁЄЩёЁЄгљСњ	5		KHan2_zhanche_03_3	-1	70	-1	-1	100	200	-1	7	7	10	0	10	0	10	5500	-1	25000	-1	0	-1	2	6	0	1500	-1	-1	-1	-1	-1	-1	-1	-1	-1	-1	-1	-1	-1	-1	-1	-1	-1	-1	-1	-1	-1	-1	-1	-1	-1	-1	-1	-1	-1	-1	-1	-1	-1	-1	-1	-1	-1	-1	-1	-1	-1	-1	-1	0	0	1	10604	-1
20050008	20	5	8	5	1	СњЛїХкЁЄЩёЁЄЦпЩБ	5		KHan2_zhanche_03_3	-1	70	-1	-1	100	200	-1	7	7	10	0	10	0	10	5500	-1	25000	-1	0	-1	2	6	0	1500	-1	-1	-1	-1	-1	-1	-1	-1	-1	-1	-1	-1	-1	-1	-1	-1	-1	-1	-1	-1	-1	-1	-1	-1	-1	-1	-1	-1	-1	-1	-1	-1	-1	-1	-1	-1	-1	-1	-1	-1	-1	-1	-1	0	0	1	10604	-1
20060001	20	6	1	6	1	ОЋзМвЧЁЄВдРЧ	1		KHan2_zhanche_04_13	-1	70	-1	-1	100	200	-1	7	7	10	0	10	0	20	403	-1	-1	-1	1	1	1	3	0	1	3	1	4	1	-1	-1	-1	-1	-1	-1	-1	-1	-1	-1	-1	-1	-1	-1	-1	-1	-1	-1	-1	-1	-1	-1	-1	-1	-1	-1	-1	-1	-1	-1	-1	-1	-1	-1	-1	-1	-1	-1	-1	0	0	0	-1	-1
20060002	20	6	2	6	1	ОЋзМвЧЁЄУЭЛЂ	1		KHan2_zhanche_04_14	-1	70	-1	-1	100	200	-1	7	7	10	0	16	0	18	470	-1	-1	-1	1	1	1	3	0	1	3	1	4	1	-1	-1	-1	-1	-1	-1	-1	-1	-1	-1	-1	-1	-1	-1	-1	-1	-1	-1	-1	-1	-1	-1	-1	-1	-1	-1	-1	-1	-1	-1	-1	-1	-1	-1	-1	-1	-1	-1	-1	0	0	0	-1	-1
20060003	20	6	3	6	1	ОЋзМвЧЁЄБЉам	1		KHan2_zhanche_04_15	-1	70	-1	-1	100	200	-1	7	7	10	0	8	0	20	268	-1	-1	-1	1	1	1	3	0	1	3	1	4	1	-1	-1	-1	-1	-1	-1	-1	-1	-1	-1	-1	-1	-1	-1	-1	-1	-1	-1	-1	-1	-1	-1	-1	-1	-1	-1	-1	-1	-1	-1	-1	-1	-1	-1	-1	-1	-1	-1	-1	0	0	0	-1	-1
20060004	20	6	4	6	1	ОЋзМвЧЁЄаТЪж	1		KHan2_zhanche_04_16	-1	70	-1	-1	100	200	-1	7	7	10	0	10	0	20	336	-1	-1	-1	1	1	1	3	0	1	3	1	4	1	-1	-1	-1	-1	-1	-1	-1	-1	-1	-1	-1	-1	-1	-1	-1	-1	-1	-1	-1	-1	-1	-1	-1	-1	-1	-1	-1	-1	-1	-1	-1	-1	-1	-1	-1	-1	-1	-1	-1	0	0	0	-1	-1
20060005	20	6	5	6	1	ОЋзМвЧЁЄЩёЁЄЧсЗч	5		KHan2_zhanche_04_13	-1	70	-1	-1	100	200	-1	7	7	10	0	10	0	10	1000	-1	12500	-1	0	-1	2	6	4	220	-1	-1	-1	-1	-1	-1	-1	-1	-1	-1	-1	-1	-1	-1	-1	-1	-1	-1	-1	-1	-1	-1	-1	-1	-1	-1	-1	-1	-1	-1	-1	-1	-1	-1	-1	-1	-1	-1	-1	-1	-1	-1	-1	0	0	0	-1	-1
20060006	20	6	6	6	1	ОЋзМвЧЁЄЩёЁЄЬЄдЦ	5		KHan2_zhanche_04_14	-1	70	-1	-1	100	200	-1	7	7	10	0	10	0	10	1400	-1	17500	-1	0	-1	2	6	4	308	-1	-1	-1	-1	-1	-1	-1	-1	-1	-1	-1	-1	-1	-1	-1	-1	-1	-1	-1	-1	-1	-1	-1	-1	-1	-1	-1	-1	-1	-1	-1	-1	-1	-1	-1	-1	-1	-1	-1	-1	-1	-1	-1	0	0	0	-1	-1
20060007	20	6	7	6	1	ОЋзМвЧЁЄЩёЁЄгљСњ	5		KHan2_zhanche_04_15	-1	70	-1	-1	100	200	-1	7	7	10	0	10	0	10	2000	-1	25000	-1	0	-1	2	6	4	440	-1	-1	-1	-1	-1	-1	-1	-1	-1	-1	-1	-1	-1	-1	-1	-1	-1	-1	-1	-1	-1	-1	-1	-1	-1	-1	-1	-1	-1	-1	-1	-1	-1	-1	-1	-1	-1	-1	-1	-1	-1	-1	-1	0	0	0	-1	-1
20060008	20	6	7	6	1	ОЋзМвЧЁЄЩёЁЄЦпЩБ	5		KHan2_zhanche_04_15	-1	70	-1	-1	100	200	-1	7	7	10	0	10	0	10	2000	-1	25000	-1	0	-1	2	6	4	440	-1	-1	-1	-1	-1	-1	-1	-1	-1	-1	-1	-1	-1	-1	-1	-1	-1	-1	-1	-1	-1	-1	-1	-1	-1	-1	-1	-1	-1	-1	-1	-1	-1	-1	-1	-1	-1	-1	-1	-1	-1	-1	-1	0	0	0	-1	-1
20070001	20	7	1	7	1	ркЭћДАЁЄВдРЧ	1		CJSH_item_baoshi_8_1	-1	70	-1	-1	100	200	-1	7	7	10	0	10	0	20	-1	-1	3024	-1	1	1	1	4	1	5	2	5	5	5	7	5	9	1	-1	-1	-1	-1	-1	-1	-1	-1	-1	-1	-1	-1	-1	-1	-1	-1	-1	-1	-1	-1	-1	-1	-1	-1	-1	-1	-1	-1	-1	-1	-1	-1	-1	-1	-1	0	0	0	-1	-1
20070002	20	7	2	7	1	ркЭћДАЁЄУЭЛЂ	1		CJSH_item_baoshi_10_1	-1	70	-1	-1	100	200	-1	7	7	10	0	5	0	18	-1	-1	2016	-1	1	1	1	4	1	5	2	5	5	5	7	5	9	1	-1	-1	-1	-1	-1	-1	-1	-1	-1	-1	-1	-1	-1	-1	-1	-1	-1	-1	-1	-1	-1	-1	-1	-1	-1	-1	-1	-1	-1	-1	-1	-1	-1	-1	-1	0	0	0	-1	-1
20070003	20	7	3	7	1	ркЭћДАЁЄБЉам	1		CJSH_item_baoshi_9_1	-1	70	-1	-1	100	200	-1	7	7	10	0	6	0	14	-1	-1	3528	-1	1	1	1	4	1	5	2	5	5	5	7	5	9	1	-1	-1	-1	-1	-1	-1	-1	-1	-1	-1	-1	-1	-1	-1	-1	-1	-1	-1	-1	-1	-1	-1	-1	-1	-1	-1	-1	-1	-1	-1	-1	-1	-1	-1	-1	0	0	0	-1	-1
20070004	20	7	4	7	1	ркЭћДАЁЄаТЪж	1		CJSH_item_baoshi_9_1	-1	70	-1	-1	100	200	-1	7	7	10	0	10	0	20	-1	-1	2520	-1	1	1	1	4	1	5	2	5	5	5	7	5	9	1	-1	-1	-1	-1	-1	-1	-1	-1	-1	-1	-1	-1	-1	-1	-1	-1	-1	-1	-1	-1	-1	-1	-1	-1	-1	-1	-1	-1	-1	-1	-1	-1	-1	-1	-1	0	0	0	-1	-1
20070005	20	7	5	7	1	ркЭћДАЁЄЩёЁЄЧсЗч	5		CJSH_item_baoshi_8_1	-1	70	-1	-1	100	200	-1	7	7	10	0	10	0	10	750	-1	12500	-1	0	-1	2	6	5	150	-1	-1	-1	-1	-1	-1	-1	1	-1	-1	-1	-1	-1	-1	-1	-1	-1	-1	-1	-1	-1	-1	-1	-1	-1	-1	-1	-1	-1	-1	-1	-1	-1	-1	-1	-1	-1	-1	-1	-1	-1	-1	-1	0	0	0	-1	-1
20070006	20	7	6	7	1	ркЭћДАЁЄЩёЁЄЬЄдЦ	5		CJSH_item_baoshi_10_1	-1	70	-1	-1	100	200	-1	7	7	10	0	10	0	10	1050	-1	17500	-1	0	-1	2	6	5	210	-1	-1	-1	-1	-1	-1	-1	1	-1	-1	-1	-1	-1	-1	-1	-1	-1	-1	-1	-1	-1	-1	-1	-1	-1	-1	-1	-1	-1	-1	-1	-1	-1	-1	-1	-1	-1	-1	-1	-1	-1	-1	-1	0	0	0	-1	-1
20070007	20	7	7	7	1	ркЭћДАЁЄЩёЁЄгљСњ	5		CJSH_item_baoshi_9_1	-1	70	-1	-1	100	200	-1	7	7	10	0	10	0	10	1500	-1	25000	-1	0	-1	2	6	5	300	-1	-1	-1	-1	-1	-1	-1	1	-1	-1	-1	-1	-1	-1	-1	-1	-1	-1	-1	-1	-1	-1	-1	-1	-1	-1	-1	-1	-1	-1	-1	-1	-1	-1	-1	-1	-1	-1	-1	-1	-1	-1	-1	0	0	0	-1	-1
20070008	20	7	7	7	1	ркЭћДАЁЄЩёЁЄЦпЩБ	5		CJSH_item_baoshi_9_1	-1	70	-1	-1	100	200	-1	7	7	10	0	10	0	10	1500	-1	25000	-1	0	-1	2	6	5	300	-1	-1	-1	-1	-1	-1	-1	1	-1	-1	-1	-1	-1	-1	-1	-1	-1	-1	-1	-1	-1	-1	-1	-1	-1	-1	-1	-1	-1	-1	-1	-1	-1	-1	-1	-1	-1	-1	-1	-1	-1	-1	-1	0	0	0	-1	-1
20080001	20	8	1	8	1	жиЛїЦїЁЄВдРЧ	1		CJSH_item_baoshi_13_6	-1	70	-1	-1	100	200	-1	7	7	10	0	10	0	20	-1	-1	-1	352	1	1	1	4	0	10	3	10	4	10	6	10	8	1	-1	-1	-1	-1	-1	-1	-1	-1	-1	-1	-1	-1	-1	-1	-1	-1	-1	-1	-1	-1	-1	-1	-1	-1	-1	-1	-1	-1	-1	-1	-1	-1	-1	-1	-1	0	0	0	-1	-1
20080002	20	8	2	8	1	жиЛїЦїЁЄУЭЛЂ	1		CJSH_item_baoshi_13_7	-1	70	-1	-1	100	200	-1	7	7	10	0	10	0	18	-1	-1	-1	411	1	1	1	4	0	10	3	10	4	10	6	10	8	1	-1	-1	-1	-1	-1	-1	-1	-1	-1	-1	-1	-1	-1	-1	-1	-1	-1	-1	-1	-1	-1	-1	-1	-1	-1	-1	-1	-1	-1	-1	-1	-1	-1	-1	-1	0	0	0	-1	-1
20080003	20	8	3	8	1	жиЛїЦїЁЄБЉам	1		CJSH_item_huizhang_1_5	-1	70	-1	-1	100	200	-1	7	7	10	0	5	0	14	-1	-1	-1	235	1	1	1	4	0	10	3	10	4	10	6	10	8	1	-1	-1	-1	-1	-1	-1	-1	-1	-1	-1	-1	-1	-1	-1	-1	-1	-1	-1	-1	-1	-1	-1	-1	-1	-1	-1	-1	-1	-1	-1	-1	-1	-1	-1	-1	0	0	0	-1	-1
20080004	20	8	4	8	1	жиЛїЦїЁЄаТЪж	1		CJSH_item_huizhang_1_5	-1	70	-1	-1	100	200	-1	7	7	10	0	10	0	20	-1	-1	-1	294	1	1	1	4	0	10	3	10	4	10	6	10	8	1	-1	-1	-1	-1	-1	-1	-1	-1	-1	-1	-1	-1	-1	-1	-1	-1	-1	-1	-1	-1	-1	-1	-1	-1	-1	-1	-1	-1	-1	-1	-1	-1	-1	-1	-1	0	0	0	-1	-1
20080005	20	8	5	8	1	жиЛїЦїЁЄЩёЁЄЧсЗч	5		CJSH_item_baoshi_13_6	-1	70	-1	-1	100	200	-1	7	7	10	0	10	0	10	750	-1	12500	300	0	-1	2	6	6	115	-1	-1	-1	-1	-1	-1	-1	1	-1	-1	-1	-1	-1	-1	-1	-1	-1	-1	-1	-1	-1	-1	-1	-1	-1	-1	-1	-1	-1	-1	-1	-1	-1	-1	-1	-1	-1	-1	-1	-1	-1	-1	-1	0	0	0	-1	-1
20080006	20	8	6	8	1	жиЛїЦїЁЄЩёЁЄЬЄдЦ	5		CJSH_item_baoshi_13_7	-1	70	-1	-1	100	200	-1	7	7	10	0	10	0	10	1050	-1	17500	300	0	-1	2	6	6	161	-1	-1	-1	-1	-1	-1	-1	1	-1	-1	-1	-1	-1	-1	-1	-1	-1	-1	-1	-1	-1	-1	-1	-1	-1	-1	-1	-1	-1	-1	-1	-1	-1	-1	-1	-1	-1	-1	-1	-1	-1	-1	-1	0	0	0	-1	-1
20080007	20	8	7	8	1	жиЛїЦїЁЄЩёЁЄгљСњ	5		CJSH_item_huizhang_1_5	-1	70	-1	-1	100	200	-1	7	7	10	0	10	0	10	1500	-1	25000	300	0	-1	2	6	6	230	-1	-1	-1	-1	-1	-1	-1	1	-1	-1	-1	-1	-1	-1	-1	-1	-1	-1	-1	-1	-1	-1	-1	-1	-1	-1	-1	-1	-1	-1	-1	-1	-1	-1	-1	-1	-1	-1	-1	-1	-1	-1	-1	0	0	0	-1	-1
20080008	20	8	7	8	1	жиЛїЦїЁЄЩёЁЄЦпЩБ	5		CJSH_item_huizhang_1_5	-1	70	-1	-1	100	200	-1	7	7	10	0	10	0	10	1500	-1	25000	300	0	-1	2	6	6	230	-1	-1	-1	-1	-1	-1	-1	1	-1	-1	-1	-1	-1	-1	-1	-1	-1	-1	-1	-1	-1	-1	-1	-1	-1	-1	-1	-1	-1	-1	-1	-1	-1	-1	-1	-1	-1	-1	-1	-1	-1	-1	-1	0	0	0	-1	-1
