NUM	NUM	NUM	NUM	TEXT	TEXT	TEXT	NUM	NUM	TEXT	TEXT	NUM	TEXT	TEXT	NUM	TEXT	NUM	TEXT	NUM	TEXT
编号	天介绍	月介绍	所有人可见，1肯定，0否定	可见等级区间	国家限制	帮会限制	家族限制	类型，0是循环任务，1为活动日程	名字	月限制	以星期限制或日期限制，0表示星期，1表示日期	时限（星期几或日期）	时段限制	MD标识方式 0:按天标识 1:按周标识	MD变量	次数上限	描述	发布NPC编号	图片
0	0	0	1	20~160	0	0	0	0	【队伍】三环副本	0	1	0	0	1	209|0|9|209|9|7	21	经验副本，共享每周21次	123744	
1	0	0	1	25~160	0	0	0	0	【队伍】藏宝洞	0	1	0	0	0	204|16|9|204|25|7	5	这里有各种道具奖励	123711	
2	0	0	1	20~160	1	0	0	0	【队伍】三环副本	0	1	0	0	1	209|0|9|209|9|7	21	经验副本，共享每周21次	126040	
3	0	0	1	25~160	1	0	0	0	【队伍】藏宝洞	0	1	0	0	0	204|16|9|204|25|7	5	这里有各种道具奖励	126010	
4	0	0	1	20~160	2	0	0	0	【队伍】三环副本	0	1	0	0	1	209|0|9|209|9|7	21	经验副本，共享每周21次	129041	
5	0	0	1	25~160	2	0	0	0	【队伍】藏宝洞	0	1	0	0	0	204|16|9|204|25|7	5	这里有各种道具奖励	129008	
6	0	0	1	20~160	3	0	0	0	【队伍】三环副本	0	1	0	0	1	209|0|9|209|9|7	21	经验副本，共享每周21次	132040	
7	0	0	1	25~160	3	0	0	0	【队伍】藏宝洞	0	1	0	0	0	204|16|9|204|25|7	5	这里有各种道具奖励	132010	
8	0	0	1	30~160	0	1~10	0	0	【帮会】帮会暗战	0	1	0	0	0	16|16|9|16|25|7	1	去消灭指定的怪物吧	123723	
9	0	0	1	30~160	1	1~10	0	0	【帮会】帮会暗战	0	1	0	0	0	16|16|9|16|25|7	1	去消灭指定的怪物吧	126020	
10	0	0	1	30~160	2	1~10	0	0	【帮会】帮会暗战	0	1	0	0	0	16|16|9|16|25|7	1	去消灭指定的怪物吧	129020	
11	0	0	1	30~160	3	1~10	0	0	【帮会】帮会暗战	0	1	0	0	0	16|16|9|16|25|7	1	去消灭指定的怪物吧	132020	
12	0	0	1	20~160	0	1~10	0	0	【帮会】帮会贡品	0	1	0	0	0	2|22|9|91|27|4	10	为帮会提供人力物力	123723	
13	0	0	1	20~160	1	1~10	0	0	【帮会】帮会贡品	0	1	0	0	0	2|22|9|91|27|4	10	为帮会提供人力物力	126020	
14	0	0	1	20~160	2	1~10	0	0	【帮会】帮会贡品	0	1	0	0	0	2|22|9|91|27|4	10	为帮会提供人力物力	129020	
15	0	0	1	20~160	3	1~10	0	0	【帮会】帮会贡品	0	1	0	0	0	2|22|9|91|27|4	10	为帮会提供人力物力	132020	
16	0	0	1	25~160	0	0	0	0	【个人】内政任务	0	1	0	0	0	0|22|9|1|6|8	10	超高经验，千万别放弃	123745	
17	0	0	1	25~160	1	0	0	0	【个人】内政任务	0	1	0	0	0	0|22|9|1|6|8	10	超高经验，千万别放弃	126041	
18	0	0	1	25~160	2	0	0	0	【个人】内政任务	0	1	0	0	0	0|22|9|1|6|8	10	超高经验，千万别放弃	129042	
19	0	0	1	25~160	3	0	0	0	【个人】内政任务	0	1	0	0	0	0|22|9|1|6|8	10	超高经验，千万别放弃	132041	
20	0	0	1	60~160	0	0	0	0	【个人】大漠盗宝客	0	1	0	0	0	42|21|9|42|17|4	10	消灭盗宝客	124057	
21	0	0	1	60~160	1	0	0	0	【个人】大漠盗宝客	0	1	0	0	0	42|21|9|42|17|4	10	消灭盗宝客	124057	
22	0	0	1	60~160	2	0	0	0	【个人】大漠盗宝客	0	1	0	0	0	42|21|9|42|17|4	10	消灭盗宝客	124057	
23	0	0	1	60~160	3	0	0	0	【个人】大漠盗宝客	0	1	0	0	0	42|21|9|42|17|4	10	消灭盗宝客	124057	
24	0	0	1	40~49	0	0	0	0	【个人】大漠盗宝客	0	1	0	0	0	42|21|9|42|17|4	2	消灭盗宝客	124057	
25	0	0	1	40~49	1	0	0	0	【个人】大漠盗宝客	0	1	0	0	0	42|21|9|42|17|4	2	消灭盗宝客	124057	
26	0	0	1	40~49	2	0	0	0	【个人】大漠盗宝客	0	1	0	0	0	42|21|9|42|17|4	2	消灭盗宝客	124057	
27	0	0	1	40~49	3	0	0	0	【个人】大漠盗宝客	0	1	0	0	0	42|21|9|42|17|4	2	消灭盗宝客	124057	
28	0	0	1	50~59	0	0	0	0	【个人】大漠盗宝客	0	1	0	0	0	42|21|9|42|17|4	5	消灭盗宝客	124057	
29	0	0	1	50~59	1	0	0	0	【个人】大漠盗宝客	0	1	0	0	0	42|21|9|42|17|4	5	消灭盗宝客	124057	
30	0	0	1	50~59	2	0	0	0	【个人】大漠盗宝客	0	1	0	0	0	42|21|9|42|17|4	5	消灭盗宝客	124057	
31	0	0	1	50~59	3	0	0	0	【个人】大漠盗宝客	0	1	0	0	0	42|21|9|42|17|4	5	消灭盗宝客	124057	
32	0	0	1	30~160	0	0	0	0	【个人】官府押运	0	1	0	0	0	16|0|9|16|9|7	3	风险与经验并存	123767	
33	0	0	1	30~160	1	0	0	0	【个人】官府押运	0	1	0	0	0	16|0|9|16|9|7	3	风险与经验并存	126063	
34	0	0	1	30~160	2	0	0	0	【个人】官府押运	0	1	0	0	0	16|0|9|16|9|7	3	风险与经验并存	129066	
35	0	0	1	30~160	3	0	0	0	【个人】官府押运	0	1	0	0	0	16|0|9|16|9|7	3	风险与经验并存	132063	
36	0	0	1	30~160	0	0	0	0	【个人】黑金押运	0	1	0	0	0	17|0|9|17|9|7	3	高风险必然带来高利润	123767	
37	0	0	1	30~160	1	0	0	0	【个人】黑金押运	0	1	0	0	0	17|0|9|17|9|7	3	高风险必然带来高利润	126063	
38	0	0	1	30~160	2	0	0	0	【个人】黑金押运	0	1	0	0	0	17|0|9|17|9|7	3	高风险必然带来高利润	129066	
39	0	0	1	30~160	3	0	0	0	【个人】黑金押运	0	1	0	0	0	17|0|9|17|9|7	3	高风险必然带来高利润	132063	
40	0	0	1	30~160	0	0	0	0	【个人】国家守边	0	1	0	0	0	17|16|9|17|25|7	3	为国守边，经验荣誉并存	125508	
41	0	0	1	30~160	1	0	0	0	【个人】国家守边	0	1	0	0	0	17|16|9|17|25|7	3	为国守边，经验荣誉并存	128510	
42	0	0	1	30~160	2	0	0	0	【个人】国家守边	0	1	0	0	0	17|16|9|17|25|7	3	为国守边，经验荣誉并存	131510	
43	0	0	1	30~160	3	0	0	0	【个人】国家守边	0	1	0	0	0	17|16|9|17|25|7	3	为国守边，经验荣誉并存	134510	
44	0	0	1	30~160	0	0	0	1	【队伍】轮回台	0	1	0	1130~1330	0	205|16|9|205|25|7	1	每天一次，经验无限	123712	
45	0	0	1	30~160	0	0	0	1	【队伍】轮回台	0	1	0	2030~2230	0	205|16|9|205|25|7	1	每天一次，经验无限	123712	
46	0	0	1	30~160	1	0	0	1	【队伍】轮回台	0	1	0	1130~1330	0	205|16|9|205|25|7	1	每天一次，经验无限	126011	
47	0	0	1	30~160	1	0	0	1	【队伍】轮回台	0	1	0	2030~2230	0	205|16|9|205|25|7	1	每天一次，经验无限	126011	
48	0	0	1	30~160	2	0	0	1	【队伍】轮回台	0	1	0	1130~1330	0	205|16|9|205|25|7	1	每天一次，经验无限	129009	
49	0	0	1	30~160	2	0	0	1	【队伍】轮回台	0	1	0	2030~2230	0	205|16|9|205|25|7	1	每天一次，经验无限	129009	
50	0	0	1	30~160	3	0	0	1	【队伍】轮回台	0	1	0	1130~1330	0	205|16|9|205|25|7	1	每天一次，经验无限	132011	
51	0	0	1	30~160	3	0	0	1	【队伍】轮回台	0	1	0	2030~2230	0	205|16|9|205|25|7	1	每天一次，经验无限	132011	
52	0	0	1	30~160	0	0	0	0	【队伍】轮回台	0	1	0	0	0	205|16|9|205|25|7	1	每天一次，经验无限	123712	
53	0	0	1	30~160	1	0	0	0	【队伍】轮回台	0	1	0	0	0	205|16|9|205|25|7	1	每天一次，经验无限	126011	
54	0	0	1	30~160	2	0	0	0	【队伍】轮回台	0	1	0	0	0	205|16|9|205|25|7	1	每天一次，经验无限	129009	
55	0	0	1	30~160	3	0	0	0	【队伍】轮回台	0	1	0	0	0	205|16|9|205|25|7	1	每天一次，经验无限	132011	
56	0	0	1	40~160	0	0	0	1	【队伍】十八魔君	0	1	0	0~2400	0	0	1	珍贵道具由这里产出	123719
57	0	0	1	40~160	1	0	0	1	【队伍】十八魔君	0	1	0	0~2400	0	0	1	珍贵道具由这里产出	126016
58	0	0	1	40~160	2	0	0	1	【队伍】十八魔君	0	1	0	0~2400	0	0	1	珍贵道具由这里产出	129016
59	0	0	1	40~160	3	0	0	1	【队伍】十八魔君	0	1	0	0~2400	0	0	1	珍贵道具由这里产出	132016
60	0	0	1	50~64	0~3	0	0	0	【个人】五耀律诀	0	1	0	0	0	27|5|9|0|0|0	1	获得五耀之证	129705
61	0	0	1	65~160	0~3	0	0	0	【个人】五耀律诀	0	1	0	0	0	27|5|9|0|0|0	1	获得五耀之证	129702
62	0	1	1	30~160	0	0	0	0	【好友】意气相投	0	0	1|3	0	0	31|0|9|31|18|9	1	意气相投真朋友	123759	set:CJSH_fuben_2 image:CJSH_fuben_2_15
63	0	1	1	30~160	1	0	0	0	【好友】意气相投	0	0	1|3	0	0	31|0|9|31|18|9	1	意气相投真朋友	126055	set:CJSH_fuben_2 image:CJSH_fuben_2_15
64	0	1	1	30~160	2	0	0	0	【好友】意气相投	0	0	1|3	0	0	31|0|9|31|18|9	1	意气相投真朋友	129057	set:CJSH_fuben_2 image:CJSH_fuben_2_15
65	0	1	1	30~160	3	0	0	0	【好友】意气相投	0	0	1|3	0	0	31|0|9|31|18|9	1	意气相投真朋友	132055	set:CJSH_fuben_2 image:CJSH_fuben_2_15
66	0	0	1	50~160	0	0	0	1	【队伍】圣山地宫	0	1	0	0200~0220	0	0	0	使用五耀之力消灭敌人	124539|124540|124541|124542|124543|124544
67	0	0	1	50~160	1	0	0	1	【队伍】圣山地宫	0	1	0	0200~0220	0	0	0	使用五耀之力消灭敌人	127550|127551|127552|127553|127554|12755
68	0	0	1	50~160	2	0	0	1	【队伍】圣山地宫	0	1	0	0200~0220	0	0	0	使用五耀之力消灭敌人	130543|130544|130545|130546|130547|130548
69	0	0	1	50~160	3	0	0	1	【队伍】圣山地宫	0	1	0	0200~0220	0	0	0	使用五耀之力消灭敌人	133539|133540|133541|133542|133543|133544
70	0	0	1	50~160	0	0	0	1	【队伍】圣山地宫	0	1	0	0600~0620	0	0	0	使用五耀之力消灭敌人	124539|124540|124541|124542|124543|124544
71	0	0	1	50~160	1	0	0	1	【队伍】圣山地宫	0	1	0	0600~0620	0	0	0	使用五耀之力消灭敌人	127550|127551|127552|127553|127554|12755
72	0	0	1	50~160	2	0	0	1	【队伍】圣山地宫	0	1	0	0600~0620	0	0	0	使用五耀之力消灭敌人	130543|130544|130545|130546|130547|130548
73	0	0	1	50~160	3	0	0	1	【队伍】圣山地宫	0	1	0	0600~0620	0	0	0	使用五耀之力消灭敌人	133539|133540|133541|133542|133543|133544
74	0	0	1	50~160	0	0	0	1	【队伍】圣山地宫	0	1	0	1000~1020	0	0	0	使用五耀之力消灭敌人	124539|124540|124541|124542|124543|124544
75	0	0	1	50~160	1	0	0	1	【队伍】圣山地宫	0	1	0	1000~1020	0	0	0	使用五耀之力消灭敌人	127550|127551|127552|127553|127554|12755
76	0	0	1	50~160	2	0	0	1	【队伍】圣山地宫	0	1	0	1000~1020	0	0	0	使用五耀之力消灭敌人	130543|130544|130545|130546|130547|130548
77	0	0	1	50~160	3	0	0	1	【队伍】圣山地宫	0	1	0	1000~1020	0	0	0	使用五耀之力消灭敌人	133539|133540|133541|133542|133543|133544
78	0	0	1	50~160	0	0	0	1	【队伍】圣山地宫	0	1	0	1400~1420	0	0	0	使用五耀之力消灭敌人	124539|124540|124541|124542|124543|124544
79	0	0	1	50~160	1	0	0	1	【队伍】圣山地宫	0	1	0	1400~1420	0	0	0	使用五耀之力消灭敌人	127550|127551|127552|127553|127554|12755
80	0	0	1	50~160	2	0	0	1	【队伍】圣山地宫	0	1	0	1400~1420	0	0	0	使用五耀之力消灭敌人	130543|130544|130545|130546|130547|130548
81	0	0	1	50~160	3	0	0	1	【队伍】圣山地宫	0	1	0	1400~1420	0	0	0	使用五耀之力消灭敌人	133539|133540|133541|133542|133543|133544
82	0	0	1	50~160	0	0	0	1	【队伍】圣山地宫	0	1	0	1800~1820	0	0	0	使用五耀之力消灭敌人	124539|124540|124541|124542|124543|124544
83	0	0	1	50~160	1	0	0	1	【队伍】圣山地宫	0	1	0	1800~1820	0	0	0	使用五耀之力消灭敌人	127550|127551|127552|127553|127554|12755
84	0	0	1	50~160	2	0	0	1	【队伍】圣山地宫	0	1	0	1800~1820	0	0	0	使用五耀之力消灭敌人	130543|130544|130545|130546|130547|130548
85	0	0	1	50~160	3	0	0	1	【队伍】圣山地宫	0	1	0	1800~1820	0	0	0	使用五耀之力消灭敌人	133539|133540|133541|133542|133543|133544
86	0	0	1	50~160	0	0	0	1	【队伍】圣山地宫	0	1	0	2200~2220	0	0	0	使用五耀之力消灭敌人	124539|124540|124541|124542|124543|124544
87	0	0	1	50~160	1	0	0	1	【队伍】圣山地宫	0	1	0	2200~2220	0	0	0	使用五耀之力消灭敌人	127550|127551|127552|127553|127554|12755
88	0	0	1	50~160	2	0	0	1	【队伍】圣山地宫	0	1	0	2200~2220	0	0	0	使用五耀之力消灭敌人	130543|130544|130545|130546|130547|130548
89	0	0	1	50~160	3	0	0	1	【队伍】圣山地宫	0	1	0	2200~2220	0	0	0	使用五耀之力消灭敌人	133539|133540|133541|133542|133543|133544
90	0	0	1	50~160	0	0	0	0	【队伍】圣山地宫	0	1	0	0	1	128|5|12|128|2|3	7	使用五耀之力消灭敌人	124539|124540|124541|124542|124543|124544
91	0	0	1	50~160	1	0	0	0	【队伍】圣山地宫	0	1	0	0	1	128|5|12|128|2|3	7	使用五耀之力消灭敌人	127550|127551|127552|127553|127554|12755
92	0	0	1	50~160	2	0	0	0	【队伍】圣山地宫	0	1	0	0	1	128|5|12|128|2|3	7	使用五耀之力消灭敌人	130543|130544|130545|130546|130547|130548
93	0	0	1	50~160	3	0	0	0	【队伍】圣山地宫	0	1	0	0	1	128|5|12|128|2|3	7	使用五耀之力消灭敌人	133539|133540|133541|133542|133543|133544
94	0	1	1	65~160	0~3	0	0	0	【队伍】钧窑厂	0	0	6|7	0	1	200|16|9|200|25|7	1	带你进入国粹陶瓷的世界	145004	set:CJSH_fuben_2 image:CJSH_fuben_2_10
95	0	1	1	65~160	0~3	0	0	0	【队伍】勾栏曲台	0	0	6|7	0	1	203|16|9|203|25|7	1	带你进入国粹京剧的世界	145004	set:CJSH_fuben_1 image:CJSH_fuben_1_3
96	0	0	1	20~160	0~3	0	0	1	【个人】答题	0	1	0	1920~1930	0	0	2	每日答题，轻松学知识	-1
97	0	0	1	20~160	0	0	0	1	【个人】天降宝箱	0	1	0	1230~1300	0	0	1	收集宝石吧，经验等着你	123762
98	0	0	1	20~160	1	0	0	1	【个人】天降宝箱	0	1	0	1230~1300	0	0	1	收集宝石吧，经验等着你	126058
99	0	0	1	20~160	2	0	0	1	【个人】天降宝箱	0	1	0	1230~1300	0	0	1	收集宝石吧，经验等着你	129060
100	0	0	1	20~160	3	0	0	1	【个人】天降宝箱	0	1	0	1230~1300	0	0	1	收集宝石吧，经验等着你	132058
101	0	0	1	20~160	0	0	0	1	【个人】天降宝箱	0	1	0	1930~2000	0	0	1	收集宝石吧，经验等着你	123762
102	0	0	1	20~160	1	0	0	1	【个人】天降宝箱	0	1	0	1930~2000	0	0	1	收集宝石吧，经验等着你	126058
103	0	0	1	20~160	2	0	0	1	【个人】天降宝箱	0	1	0	1930~2000	0	0	1	收集宝石吧，经验等着你	129060
104	0	0	1	20~160	3	0	0	1	【个人】天降宝箱	0	1	0	1930~2000	0	0	1	收集宝石吧，经验等着你	132058
105	0	0	1	20~160	0	0	0	1	【个人】玄武飞艇	0	1	0	1215~1245	0	0	0	累了吗？休息休息吧	123832
106	0	0	1	20~160	1	0	0	1	【个人】玄武飞艇	0	1	0	1215~1245	0	0	0	累了吗？休息休息吧	126132
107	0	0	1	20~160	2	0	0	1	【个人】玄武飞艇	0	1	0	1215~1245	0	0	0	累了吗？休息休息吧	129179
108	0	0	1	20~160	3	0	0	1	【个人】玄武飞艇	0	1	0	1215~1245	0	0	0	累了吗？休息休息吧	132158
109	0	0	1	20~160	0	0	0	1	【个人】玄武飞艇	0	1	0	1415~1445	0	0	0	累了吗？休息休息吧	123832
110	0	0	1	20~160	1	0	0	1	【个人】玄武飞艇	0	1	0	1415~1445	0	0	0	累了吗？休息休息吧	126132
111	0	0	1	20~160	2	0	0	1	【个人】玄武飞艇	0	1	0	1415~1445	0	0	0	累了吗？休息休息吧	129179
112	0	0	1	20~160	3	0	0	1	【个人】玄武飞艇	0	1	0	1415~1445	0	0	0	累了吗？休息休息吧	132158
113	0	0	1	20~160	0	0	0	1	【个人】玄武飞艇	0	1	0	1615~1645	0	0	0	累了吗？休息休息吧	123832
114	0	0	1	20~160	1	0	0	1	【个人】玄武飞艇	0	1	0	1615~1645	0	0	0	累了吗？休息休息吧	126132
115	0	0	1	20~160	2	0	0	1	【个人】玄武飞艇	0	1	0	1615~1645	0	0	0	累了吗？休息休息吧	129179
116	0	0	1	20~160	3	0	0	1	【个人】玄武飞艇	0	1	0	1615~1645	0	0	0	累了吗？休息休息吧	132158
117	0	0	1	20~160	0	0	0	1	【个人】玄武飞艇	0	1	0	1815~1845	0	0	0	累了吗？休息休息吧	123832
118	0	0	1	20~160	1	0	0	1	【个人】玄武飞艇	0	1	0	1815~1845	0	0	0	累了吗？休息休息吧	126132
119	0	0	1	20~160	2	0	0	1	【个人】玄武飞艇	0	1	0	1815~1845	0	0	0	累了吗？休息休息吧	129179
120	0	0	1	20~160	3	0	0	1	【个人】玄武飞艇	0	1	0	1815~1845	0	0	0	累了吗？休息休息吧	132158
121	0	0	1	40~160	0~3	0	0	1	【体】新铁人三项	0	1	0	1930~2400	0	28|3|9|28|12|11|28|23|9	1	比拼速度的地方	139100
122	0	1	1	20~160	0	1~10	0	1	【帮会】帮会战场	0	0	2	2000~2020	0	0	1	这是证明帮派实力的机会	123721	set:CJSH_fuben_1 image:CJSH_fuben_1_6
123	0	1	1	20~160	1	1~10	0	1	【帮会】帮会战场	0	0	2	2000~2020	0	0	1	这是证明帮派实力的机会	126018	set:CJSH_fuben_1 image:CJSH_fuben_1_6
124	0	1	1	20~160	2	1~10	0	1	【帮会】帮会战场	0	0	2	2000~2020	0	0	1	这是证明帮派实力的机会	129018	set:CJSH_fuben_1 image:CJSH_fuben_1_6
125	0	1	1	20~160	3	1~10	0	1	【帮会】帮会战场	0	0	2	2000~2020	0	0	1	这是证明帮派实力的机会	132018	set:CJSH_fuben_1 image:CJSH_fuben_1_6
126	0	1	1	20~160	0	1~10	0	1	【帮会】帮会战场	0	0	5	2000~2020	0	0	1	这是证明帮派实力的机会	123721	set:CJSH_fuben_1 image:CJSH_fuben_1_6
127	0	1	1	20~160	1	1~10	0	1	【帮会】帮会战场	0	0	5	2000~2020	0	0	1	这是证明帮派实力的机会	126018	set:CJSH_fuben_1 image:CJSH_fuben_1_6
128	0	1	1	20~160	2	1~10	0	1	【帮会】帮会战场	0	0	5	2000~2020	0	0	1	这是证明帮派实力的机会	129018	set:CJSH_fuben_1 image:CJSH_fuben_1_6
129	0	1	1	20~160	3	1~10	0	1	【帮会】帮会战场	0	0	5	2000~2020	0	0	1	这是证明帮派实力的机会	132018	set:CJSH_fuben_1 image:CJSH_fuben_1_6
130	0	1	1	40~160	0	1~10	0	1	【国家】国王战场	0	0	7	2000~2020	0	0	1	国王，国家的最高荣誉	123724	set:CJSH_fuben_1 image:CJSH_fuben_1_8
131	0	1	1	40~160	1	1~10	0	1	【国家】国王战场	0	0	7	2000~2020	0	0	1	国王，国家的最高荣誉	126021	set:CJSH_fuben_1 image:CJSH_fuben_1_8
132	0	1	1	40~160	2	1~10	0	1	【国家】国王战场	0	0	7	2000~2020	0	0	1	国王，国家的最高荣誉	129021	set:CJSH_fuben_1 image:CJSH_fuben_1_8
133	0	1	1	40~160	3	1~10	0	1	【国家】国王战场	0	0	7	2000~2020	0	0	1	国王，国家的最高荣誉	132021	set:CJSH_fuben_1 image:CJSH_fuben_1_8
134	0	1	1	40~160	0~3	0	0	1	【战场】双人战场	0	0	1|4	2000~2100	0	0	0	和队友并肩作战吧！	141105	set:CJSH_fuben_2 image:CJSH_fuben_2_12
135	0	1	1	40~160	0~3	0	0	1	【战场】双人战场	0	0	7	1300~1500	0	0	0	和队友并肩作战吧！	141105	set:CJSH_fuben_2 image:CJSH_fuben_2_12
136	0	1	1	60~160	0~3	0	0	1	【战场】六人战场	0	0	3	1930~2100	0	0	0	和队友并肩作战吧！	140606	set:CJSH_fuben_2 image:CJSH_fuben_2_11
137	0	0	1	40~160	1	0	0	0	【个人】敌国除奸(楼兰)	0	1	0	0	0	20|0|9|20|9|7	1	敌国除奸，经验荣誉并存	128503
138	0	0	1	40~160	1	0	0	0	【个人】敌国刺杀(楼兰)	0	1	0	0	0	18|0|9|18|9|7	1	敌国刺杀，经验荣誉并存	128505
139	0	0	1	40~160	1	0	0	0	【个人】敌国情报(楼兰)	0	1	0	0	0	22|0|9|22|9|7	1	敌国情报，经验荣誉并存	128504
140	0	0	1	40~160	1	0	0	0	【个人】敌国夺旗(楼兰)	0	1	0	0	0	24|0|9|24|9|7	1	敌国夺旗，经验荣誉并存	128502
141	0	0	1	40~160	2	0	0	0	【个人】敌国除奸(楼兰)	0	1	0	0	0	20|0|9|20|9|7	1	敌国除奸，经验荣誉并存	131503
142	0	0	1	40~160	2	0	0	0	【个人】敌国刺杀(楼兰)	0	1	0	0	0	18|0|9|18|9|7	1	敌国刺杀，经验荣誉并存	131505
143	0	0	1	40~160	2	0	0	0	【个人】敌国情报(楼兰)	0	1	0	0	0	22|0|9|22|9|7	1	敌国情报，经验荣誉并存	131504
144	0	0	1	40~160	2	0	0	0	【个人】敌国夺旗(楼兰)	0	1	0	0	0	24|0|9|24|9|7	1	敌国夺旗，经验荣誉并存	131502
145	0	0	1	40~160	3	0	0	0	【个人】敌国除奸(楼兰)	0	1	0	0	0	20|0|9|20|9|7	1	敌国除奸，经验荣誉并存	134503
146	0	0	1	40~160	3	0	0	0	【个人】敌国刺杀(楼兰)	0	1	0	0	0	18|0|9|18|9|7	1	敌国刺杀，经验荣誉并存	134505
147	0	0	1	40~160	3	0	0	0	【个人】敌国情报(楼兰)	0	1	0	0	0	22|0|9|22|9|7	1	敌国情报，经验荣誉并存	134504
148	0	0	1	40~160	3	0	0	0	【个人】敌国夺旗(楼兰)	0	1	0	0	0	24|0|9|24|9|7	1	敌国夺旗，经验荣誉并存	134502
149	0	0	1	40~160	0	0	0	0	【个人】敌国除奸(天山)	0	1	0	0	0	20|16|9|20|25|7	1	敌国除奸，经验荣誉并存	125501
150	0	0	1	40~160	0	0	0	0	【个人】敌国刺杀(天山)	0	1	0	0	0	18|16|9|18|25|7	1	敌国刺杀，经验荣誉并存	125503
151	0	0	1	40~160	0	0	0	0	【个人】敌国情报(天山)	0	1	0	0	0	22|16|9|22|25|7	1	敌国情报，经验荣誉并存	125502
152	0	0	1	40~160	0	0	0	0	【个人】敌国夺旗(天山)	0	1	0	0	0	24|16|9|24|25|7	1	敌国夺旗，经验荣誉并存	125500
153	0	0	1	40~160	2	0	0	0	【个人】敌国除奸(天山)	0	1	0	0	0	20|16|9|20|25|7	1	敌国除奸，经验荣誉并存	131503
154	0	0	1	40~160	2	0	0	0	【个人】敌国刺杀(天山)	0	1	0	0	0	18|16|9|18|25|7	1	敌国刺杀，经验荣誉并存	131505
155	0	0	1	40~160	2	0	0	0	【个人】敌国情报(天山)	0	1	0	0	0	22|16|9|22|25|7	1	敌国情报，经验荣誉并存	131504
156	0	0	1	40~160	2	0	0	0	【个人】敌国夺旗(天山)	0	1	0	0	0	24|16|9|24|25|7	1	敌国夺旗，经验荣誉并存	131502
157	0	0	1	40~160	3	0	0	0	【个人】敌国除奸(天山)	0	1	0	0	0	20|16|9|20|25|7	1	敌国除奸，经验荣誉并存	134503
158	0	0	1	40~160	3	0	0	0	【个人】敌国刺杀(天山)	0	1	0	0	0	18|16|9|18|25|7	1	敌国刺杀，经验荣誉并存	134505
159	0	0	1	40~160	3	0	0	0	【个人】敌国情报(天山)	0	1	0	0	0	22|16|9|22|25|7	1	敌国情报，经验荣誉并存	134504
160	0	0	1	40~160	3	0	0	0	【个人】敌国夺旗(天山)	0	1	0	0	0	24|16|9|24|25|7	1	敌国夺旗，经验荣誉并存	134502
161	0	0	1	40~160	0	0	0	0	【个人】敌国除奸(昆仑)	0	1	0	0	0	21|0|9|21|9|7	1	敌国除奸，经验荣誉并存	125501
162	0	0	1	40~160	0	0	0	0	【个人】敌国刺杀(昆仑)	0	1	0	0	0	19|0|9|19|9|7	1	敌国刺杀，经验荣誉并存	125503
163	0	0	1	40~160	0	0	0	0	【个人】敌国情报(昆仑)	0	1	0	0	0	23|0|9|23|9|7	1	敌国情报，经验荣誉并存	125502
164	0	0	1	40~160	0	0	0	0	【个人】敌国夺旗(昆仑)	0	1	0	0	0	25|0|9|25|9|7	1	敌国夺旗，经验荣誉并存	125500
165	0	0	1	40~160	1	0	0	0	【个人】敌国除奸(昆仑)	0	1	0	0	0	21|0|9|21|9|7	1	敌国除奸，经验荣誉并存	128503
166	0	0	1	40~160	1	0	0	0	【个人】敌国刺杀(昆仑)	0	1	0	0	0	19|0|9|19|9|7	1	敌国刺杀，经验荣誉并存	128505
167	0	0	1	40~160	1	0	0	0	【个人】敌国情报(昆仑)	0	1	0	0	0	23|0|9|23|9|7	1	敌国情报，经验荣誉并存	128504
168	0	0	1	40~160	1	0	0	0	【个人】敌国夺旗(昆仑)	0	1	0	0	0	25|0|9|25|9|7	1	敌国夺旗，经验荣誉并存	128502
169	0	0	1	40~160	3	0	0	0	【个人】敌国除奸(昆仑)	0	1	0	0	0	21|0|9|21|9|7	1	敌国除奸，经验荣誉并存	134503
170	0	0	1	40~160	3	0	0	0	【个人】敌国刺杀(昆仑)	0	1	0	0	0	19|0|9|19|9|7	1	敌国刺杀，经验荣誉并存	134505
171	0	0	1	40~160	3	0	0	0	【个人】敌国情报(昆仑)	0	1	0	0	0	23|0|9|23|9|7	1	敌国情报，经验荣誉并存	134504
172	0	0	1	40~160	3	0	0	0	【个人】敌国夺旗(昆仑)	0	1	0	0	0	25|0|9|25|9|7	1	敌国夺旗，经验荣誉并存	134502
173	0	0	1	40~160	0	0	0	0	【个人】敌国除奸(敦煌)	0	1	0	0	0	21|16|9|21|25|7	1	敌国除奸，经验荣誉并存	125501
174	0	0	1	40~160	0	0	0	0	【个人】敌国刺杀(敦煌)	0	1	0	0	0	19|16|9|19|25|7	1	敌国刺杀，经验荣誉并存	125503
175	0	0	1	40~160	0	0	0	0	【个人】敌国情报(敦煌)	0	1	0	0	0	23|16|9|23|25|7	1	敌国情报，经验荣誉并存	125502
176	0	0	1	40~160	0	0	0	0	【个人】敌国夺旗(敦煌)	0	1	0	0	0	25|16|9|25|25|7	1	敌国夺旗，经验荣誉并存	125500
177	0	0	1	40~160	1	0	0	0	【个人】敌国除奸(敦煌)	0	1	0	0	0	21|16|9|21|25|7	1	敌国除奸，经验荣誉并存	128503
178	0	0	1	40~160	1	0	0	0	【个人】敌国刺杀(敦煌)	0	1	0	0	0	19|16|9|19|25|7	1	敌国刺杀，经验荣誉并存	128505
179	0	0	1	40~160	1	0	0	0	【个人】敌国情报(敦煌)	0	1	0	0	0	23|16|9|23|25|7	1	敌国情报，经验荣誉并存	128504
180	0	0	1	40~160	1	0	0	0	【个人】敌国夺旗(敦煌)	0	1	0	0	0	25|16|9|25|25|7	1	敌国夺旗，经验荣誉并存	128502
181	0	0	1	40~160	2	0	0	0	【个人】敌国除奸(敦煌)	0	1	0	0	0	21|16|9|21|25|7	1	敌国除奸，经验荣誉并存	131503
182	0	0	1	40~160	2	0	0	0	【个人】敌国刺杀(敦煌)	0	1	0	0	0	19|16|9|19|25|7	1	敌国刺杀，经验荣誉并存	131505
183	0	0	1	40~160	2	0	0	0	【个人】敌国情报(敦煌)	0	1	0	0	0	23|16|9|23|25|7	1	敌国情报，经验荣誉并存	131504
184	0	0	1	40~160	2	0	0	0	【个人】敌国夺旗(敦煌)	0	1	0	0	0	25|16|9|25|25|7	1	敌国夺旗，经验荣誉并存	131502
185	999	0	1	30~160	0	0	0	0	【个人】国运令	0	1	0	0	0	0	1	王国押运	123767
186	999	0	1	30~160	1	0	0	0	【个人】国运令	0	1	0	0	0	0	1	王国押运	126063
187	999	0	1	30~160	2	0	0	0	【个人】国运令	0	1	0	0	0	0	1	王国押运	129066
188	999	0	1	30~160	3	0	0	0	【个人】国运令	0	1	0	0	0	0	1	王国押运	132063
189	888	0	1	40~160	0	0	0	0	【个人】出国令	0	1	0	0	0	0	1	玉门关御边统领	125503
190	888	0	1	40~160	1	0	0	0	【个人】出国令	0	1	0	0	0	0	1	玉门关御边统领	128505
191	888	0	1	40~160	2	0	0	0	【个人】出国令	0	1	0	0	0	0	1	玉门关御边统领	131505
192	888	0	1	40~160	3	0	0	0	【个人】出国令	0	1	0	0	0	0	1	玉门关御边统领	134505
193	0	0	1	50~160	0~3	0	0	0	【个人】仕官晋级	0	1	0	0	0	82|12|9|82|21|5	15	文韬武略，仕官晋级！	139140
194	0	0	1	40~160	0~3	0	0	0	【个人】每日新鲜事儿	0	1	0	0	0	94|0|9|94|9|2	3	天下大事，一手掌握	140417
195	0	0	1	40~160	0~3	0	0	1	【德】益者三友	0	1	0	1930~2400	0	43|20|9|0|0|0	1	君子爱财，取之有道	139129
196	0	0	1	40~160	0~3	0	0	1	【智】天坛灯谜会	0	1	0	1930~2400	0	215|0|9|215|9|5	1	猜灯谜，得奖励	139133
197	0	0	1	40~160	0~3	0	0	1	【美】大都美丽会	0	1	0	2300~0900	0	15|23|9	0	跳舞吧，让自己完全放松	139104
198	0	1	1	20~160	0	0	0	1	【个人】乌龙辞典	0	0	7	1300~1400	0	225|0|9|225|12|5	1	乌龙辞典，开心周末	141536	set:CJSH_fuben_2 image:CJSH_fuben_2_13
199	0	1	1	20~160	1	0	0	1	【个人】乌龙辞典	0	0	7	1300~1400	0	225|0|9|225|12|5	1	乌龙辞典，开心周末	141537	set:CJSH_fuben_2 image:CJSH_fuben_2_13
200	0	1	1	20~160	2	0	0	1	【个人】乌龙辞典	0	0	7	1300~1400	0	225|0|9|225|12|5	1	乌龙辞典，开心周末	141538	set:CJSH_fuben_2 image:CJSH_fuben_2_13
201	0	1	1	20~160	3	0	0	1	【个人】乌龙辞典	0	0	7	1300~1400	0	225|0|9|225|12|5	1	乌龙辞典，开心周末	141539	set:CJSH_fuben_2 image:CJSH_fuben_2_13
202	0	0	1	70~160	0	0	0	0	【个人】四国争霸	0	1	0	0	0	56|0|9|0|0|0	1	四国争霸	142600
203	0	0	1	70~160	2	0	0	0	【个人】四国争霸	0	1	0	0	0	56|0|9|0|0|0	1	四国争霸	142601
204	0	0	1	70~160	1	0	0	0	【个人】四国争霸	0	1	0	0	0	56|0|9|0|0|0	1	四国争霸	142602
205	0	0	1	70~160	3	0	0	0	【个人】四国争霸	0	1	0	0	0	56|0|9|0|0|0	1	四国争霸	142603
206	0	1	1	60~160	0	0	0	1	【队伍】海都大王	0	0	6	2300~2400	0		0	击败所有的十八魔君	123719	set:CJSH_wanfa_add_0 image:CJSH_wanfa_add_0_14
207	0	1	1	60~160	1	0	0	1	【队伍】海都大王	0	0	6	2300~2400	0		0	击败所有的十八魔君	126016	set:CJSH_wanfa_add_0 image:CJSH_wanfa_add_0_14
208	0	1	1	60~160	2	0	0	1	【队伍】海都大王	0	0	6	2300~2400	0		0	击败所有的十八魔君	129016	set:CJSH_wanfa_add_0 image:CJSH_wanfa_add_0_14
209	0	1	1	60~160	3	0	0	1	【队伍】海都大王	0	0	6	2300~2400	0		0	击败所有的十八魔君	132016	set:CJSH_wanfa_add_0 image:CJSH_wanfa_add_0_14
210	0	0	1	25~160	0	0	0	0	【个人】弱国任务	0	1	0	0	1	59|0|16|59|16|7	3	弱国专用每周一轮（3次）	123724
211	0	0	1	25~160	1	0	0	0	【个人】弱国任务	0	1	0	0	1	59|0|16|59|16|7	3	弱国专用每周一轮（3次）	126021
212	0	0	1	25~160	2	0	0	0	【个人】弱国任务	0	1	0	0	1	59|0|16|59|16|7	3	弱国专用每周一轮（3次）	129021
213	0	0	1	25~160	3	0	0	0	【个人】弱国任务	0	1	0	0	1	59|0|16|59|16|7	3	弱国专用每周一轮（3次）	132021
214	0	0	1	40~160	0	1~10	0	0	【帮会】帮会图腾	0	1	0	0	0	14|16|9|14|25|7	1	去采集神像吧	123723
215	0	0	1	40~160	1	1~10	0	0	【帮会】帮会图腾	0	1	0	0	0	14|16|9|14|25|7	1	去采集神像吧	126020
216	0	0	1	40~160	2	1~10	0	0	【帮会】帮会图腾	0	1	0	0	0	14|16|9|14|25|7	1	去采集神像吧	129020
217	0	0	1	40~160	3	1~10	0	0	【帮会】帮会图腾	0	1	0	0	0	14|16|9|14|25|7	1	去采集神像吧	132020
218	0	0	1	40~100	0	1~10	0	0	【帮会】帮会除魔	0	1	0	0	0	14|0|9|14|25|7	1	去消灭恶魔吧	123723
219	0	0	1	40~100	1	1~10	0	0	【帮会】帮会除魔	0	1	0	0	0	14|0|9|14|25|7	1	去消灭恶魔吧	126020
220	0	0	1	40~100	2	1~10	0	0	【帮会】帮会除魔	0	1	0	0	0	14|0|9|14|25|7	1	去消灭恶魔吧	129020
221	0	0	1	40~100	3	1~10	0	0	【帮会】帮会除魔	0	1	0	0	0	14|0|9|14|25|7	1	去消灭恶魔吧	132020
222	29	0	1	20~160	0	0	0	0	【帮会】护兽令	0	1	0	0	0	0	1	帮会护兽	123723
223	29	0	1	20~160	1	0	0	0	【帮会】护兽令	0	1	0	0	0	0	1	帮会护兽	126020
224	29	0	1	20~160	2	0	0	0	【帮会】护兽令	0	1	0	0	0	0	1	帮会护兽	129020
225	29	0	1	20~160	3	0	0	0	【帮会】护兽令	0	1	0	0	0	0	1	帮会护兽	132020
226	30	0	1	20~160	0	0	0	0	【帮会】图腾令	0	1	0	0	0	0	1	帮会护兽	123723
227	30	0	1	20~160	1	0	0	0	【帮会】图腾令	0	1	0	0	0	0	1	帮会护兽	126020
228	30	0	1	20~160	2	0	0	0	【帮会】图腾令	0	1	0	0	0	0	1	帮会护兽	129020
229	30	0	1	20~160	3	0	0	0	【帮会】图腾令	0	1	0	0	0	0	1	帮会护兽	132020
230	31	0	1	20~160	0	0	0	0	【帮会】暗战令	0	1	0	0	0	0	1	帮会护兽	123723
231	31	0	1	20~160	1	0	0	0	【帮会】暗战令	0	1	0	0	0	0	1	帮会护兽	126020
232	31	0	1	20~160	2	0	0	0	【帮会】暗战令	0	1	0	0	0	0	1	帮会护兽	129020
233	31	0	1	20~160	3	0	0	0	【帮会】暗战令	0	1	0	0	0	0	1	帮会护兽	132020
234	32	0	1	20~160	0	0	0	0	【帮会】除魔令	0	1	0	0	0	0	1	帮会护兽	123723
235	32	0	1	20~160	1	0	0	0	【帮会】除魔令	0	1	0	0	0	0	1	帮会护兽	126020
236	32	0	1	20~160	2	0	0	0	【帮会】除魔令	0	1	0	0	0	0	1	帮会护兽	129020
237	32	0	1	20~160	3	0	0	0	【帮会】除魔令	0	1	0	0	0	0	1	帮会护兽	132020
238	33	0	1	20~160	0	0	0	0	【帮会】募集令	0	1	0	0	0	0	1	帮会护兽	123723
239	33	0	1	20~160	1	0	0	0	【帮会】募集令	0	1	0	0	0	0	1	帮会护兽	126020
240	33	0	1	20~160	2	0	0	0	【帮会】募集令	0	1	0	0	0	0	1	帮会护兽	129020
241	33	0	1	20~160	3	0	0	0	【帮会】募集令	0	1	0	0	0	0	1	帮会护兽	132020
242	0	1	1	60~160	0	0	0	1	【国家】领取津贴	0	0	7	0	0	0	1	津贴发放日	123704	set:CJSH_item_jinshuding_1 image:CJSH_item_jinshuding_1_2
243	0	1	1	60~160	1	0	0	1	【国家】领取津贴	0	0	7	0	0	0	1	津贴发放日	126004	set:CJSH_item_jinshuding_1 image:CJSH_item_jinshuding_1_2
244	0	1	1	60~160	2	0	0	1	【国家】领取津贴	0	0	7	0	0	0	1	津贴发放日	129001	set:CJSH_item_jinshuding_1 image:CJSH_item_jinshuding_1_2
245	0	1	1	60~160	3	0	0	1	【国家】领取津贴	0	0	7	0	0	0	1	津贴发放日	132004	set:CJSH_item_jinshuding_1 image:CJSH_item_jinshuding_1_2
246	0	1	1	60~160	0~3	0	0	1	【队伍】莫斯科大公	0	0	7	2100~2200	0	0	1	前往莫斯科消灭他！	101126	set:CJSH_fuben_1 image:CJSH_fuben_1_16
247	0	0	1	75~160	0	0	0	0	【个人】军需武备	0	1	0	0	1	101|18|12|64|9|7	1	海量经验，每周一轮	123827
248	0	0	1	75~160	1	0	0	0	【个人】军需武备	0	1	0	0	1	101|18|12|64|9|7	1	海量经验，每周一轮	126128
249	0	0	1	75~160	2	0	0	0	【个人】军需武备	0	1	0	0	1	101|18|12|64|9|7	1	海量经验，每周一轮	129173
250	0	0	1	75~160	3	0	0	0	【个人】军需武备	0	1	0	0	1	101|18|12|64|9|7	1	海量经验，每周一轮	132153
251	0	0	1	70~160	0	0	0	0	【个人】战车护送	0	1	0	0	0	81|0|9|80|24|7	3	风险与经验并存	123774
252	0	0	1	70~160	1	0	0	0	【个人】战车护送	0	1	0	0	0	81|0|9|80|24|7	3	风险与经验并存	126131
253	0	0	1	70~160	2	0	0	0	【个人】战车护送	0	1	0	0	0	81|0|9|80|24|7	3	风险与经验并存	129073
254	0	0	1	70~160	3	0	0	0	【个人】战车护送	0	1	0	0	0	81|0|9|80|24|7	3	风险与经验并存	132157
255	0	1	1	1~160	0	0	0	0	【挑战赛】囚龙岛	9	1	17~23	0	0	0	0	拭目以待，囚龙岛之王	123831	set:CJSH_quest_gaoshi_1 image:CJSH_quest_gaoshi_1_7
256	0	1	1	1~160	0	0	0	0	【挑战赛】玫瑰	9	1	24~30	0	0	0	0	展现浪漫的平台	123831	set:CJSH_quest_gaoshi_1 image:CJSH_quest_gaoshi_1_12
257	0	1	1	1~160	0	0	0	0	【挑战赛】和氏璧	10	1	1~7	0	0	0	0	拭目以待，和氏璧之王	123831	set:CJSH_quest_gaoshi_1 image:CJSH_quest_gaoshi_1_8
258	0	1	1	1~160	0	0	0	0	【挑战赛】小喇叭	10	1	8~14	0	0	0	0	表现自我，尽展风采	123831	set:CJSH_quest_gaoshi_1 image:CJSH_quest_gaoshi_1_14
259	0	1	1	1~160	0	0	0	0	【挑战赛】赤血号	10	1	15~21	0	0	0	0	拭目以待，赤血号之王	123831	set:CJSH_quest_gaoshi_1 image:CJSH_quest_gaoshi_1_6
260	0	1	1	1~160	0	0	0	0	【挑战赛】放烟花	10	1	22~28	0	0	0	0	绚丽烟花，五彩缤纷	123831	set:CJSH_quest_gaoshi_1 image:CJSH_quest_gaoshi_1_15
261	0	1	1	1~160	0	0	0	0	【挑战赛】祝家庄	10	1	29~31	0	0	0	0	拭目以待，祝家庄之王	123831	set:CJSH_quest_gaoshi_1 image:CJSH_quest_gaoshi_1_9
262	0	1	1	1~160	0	0	0	0	【挑战赛】祝家庄	11	1	1~4	0	0	0	0	拭目以待，祝家庄之王	123831	set:CJSH_quest_gaoshi_1 image:CJSH_quest_gaoshi_1_9
263	0	1	1	1~160	0	0	0	0	【挑战赛】战场等级	11	1	5~11	0	0	0	0	拭目以待，战场之王	123831	set:CJSH_quest_gaoshi_1 image:CJSH_quest_gaoshi_1_11
264	0	1	1	1~160	0	0	0	0	【挑战赛】夏王墓	11	1	12~18	0	0	0	0	拭目以待，夏王墓之王	123831	set:CJSH_quest_gaoshi_1 image:CJSH_quest_gaoshi_1_6
265	0	1	1	1~160	0	0	0	0	【挑战赛】杀敌	11	1	19~25	0	0	0	0	国家的英雄，在世战神	123831	set:CJSH_quest_gaoshi_1 image:CJSH_quest_gaoshi_1_10
266	0	1	1	1~160	0	0	0	0	【挑战赛】印度河	11	1	26~30	0	0	0	0	拭目以待，印度河之王	123831	set:CJSH_quest_gaoshi_1 image:CJSH_quest_gaoshi_1_13
267	0	1	1	1~160	0	0	0	0	【挑战赛】印度河	12	1	1~2	0	0	0	0	拭目以待，印度河之王	123831	set:CJSH_quest_gaoshi_1 image:CJSH_quest_gaoshi_1_13
268	0	1	1	1~160	0	0	0	0	【挑战赛】智力竞赛	12	1	3~9	0	0	0	0	比拼才智的平台	123831	set:CJSH_quest_gaoshi_1 image:CJSH_quest_gaoshi_1_14
269	0	1	1	1~160	0	0	0	0	【挑战赛】轮回台	12	1	10~16	0	0	0	0	拭目以待，轮回台之王	123831	set:CJSH_quest_gaoshi_1 image:CJSH_quest_gaoshi_1_5
270	0	1	1	1~160	0	0	0	0	【挑战赛】屠龙	12	1	17~23	0	0	0	0	屠龙勇士，万人敬仰	123831	set:CJSH_quest_gaoshi_1 image:CJSH_quest_gaoshi_1_13
271	0	1	1	1~160	0	0	0	0	【挑战赛】大教堂	12	1	24~30	0	0	0	0	拭目以待，大教堂之王	123831	set:CJSH_quest_gaoshi_1 image:CJSH_quest_gaoshi_1_14
272	0	1	1	1~160	0	0	0	0	【挑战赛】神龙宝藏	12	1	31	0	0	0	0	拭目以待，神龙宝藏之王	123831	set:CJSH_quest_gaoshi_1 image:CJSH_quest_gaoshi_1_16
273	0	1	1	1~160	0	0	0	0	【挑战赛】神龙宝藏	1	1	1~6	0	0	0	0	拭目以待，神龙宝藏之王	123831	set:CJSH_quest_gaoshi_1 image:CJSH_quest_gaoshi_1_16
274	0	1	1	1~160	0	0	0	0	【挑战赛】囚龙岛	1	1	7~13	0	0	0	0	拭目以待，囚龙岛之王	123831	set:CJSH_quest_gaoshi_1 image:CJSH_quest_gaoshi_1_7
275	0	1	1	1~160	0	0	0	0	【挑战赛】玫瑰	1	1	14~20	0	0	0	0	展现浪漫的平台	123831	set:CJSH_quest_gaoshi_1 image:CJSH_quest_gaoshi_1_12
276	0	1	1	1~160	0	0	0	0	【挑战赛】和氏璧	1	1	21~27	0	0	0	0	拭目以待，和氏璧之王	123831	set:CJSH_quest_gaoshi_1 image:CJSH_quest_gaoshi_1_8
277	0	1	1	1~160	0	0	0	0	【挑战赛】小喇叭	1	1	28~31	0	0	0	0	表现自我，尽展风采	123831	set:CJSH_quest_gaoshi_1 image:CJSH_quest_gaoshi_1_14
278	0	1	1	1~160	0	0	0	0	【挑战赛】小喇叭	2	1	1~3	0	0	0	0	表现自我，尽展风采	123831	set:CJSH_quest_gaoshi_1 image:CJSH_quest_gaoshi_1_14
279	0	1	1	1~160	0	0	0	0	【挑战赛】赤血号	2	1	4~10	0	0	0	0	拭目以待，赤血号之王	123831	set:CJSH_quest_gaoshi_1 image:CJSH_quest_gaoshi_1_6
280	0	1	1	1~160	0	0	0	0	【挑战赛】放烟花	2	1	11~17	0	0	0	0	绚丽烟花，五彩缤纷	123831	set:CJSH_quest_gaoshi_1 image:CJSH_quest_gaoshi_1_15
281	0	1	1	1~160	0	0	0	0	【挑战赛】祝家庄	2	1	18~24	0	0	0	0	拭目以待，祝家庄之王	123831	set:CJSH_quest_gaoshi_1 image:CJSH_quest_gaoshi_1_9
282	0	1	1	1~160	1	0	0	0	【挑战赛】囚龙岛	9	1	17~23	0	0	0	0	拭目以待，囚龙岛之王	126070	set:CJSH_quest_gaoshi_1 image:CJSH_quest_gaoshi_1_7
283	0	1	1	1~160	1	0	0	0	【挑战赛】玫瑰	9	1	24~30	0	0	0	0	展现浪漫的平台	126070	set:CJSH_quest_gaoshi_1 image:CJSH_quest_gaoshi_1_12
284	0	1	1	1~160	1	0	0	0	【挑战赛】和氏璧	10	1	1~7	0	0	0	0	拭目以待，和氏璧之王	126070	set:CJSH_quest_gaoshi_1 image:CJSH_quest_gaoshi_1_8
285	0	1	1	1~160	1	0	0	0	【挑战赛】小喇叭	10	1	8~14	0	0	0	0	表现自我，尽展风采	126070	set:CJSH_quest_gaoshi_1 image:CJSH_quest_gaoshi_1_14
286	0	1	1	1~160	1	0	0	0	【挑战赛】赤血号	10	1	15~21	0	0	0	0	拭目以待，赤血号之王	126070	set:CJSH_quest_gaoshi_1 image:CJSH_quest_gaoshi_1_6
287	0	1	1	1~160	1	0	0	0	【挑战赛】放烟花	10	1	22~28	0	0	0	0	绚丽烟花，五彩缤纷	126070	set:CJSH_quest_gaoshi_1 image:CJSH_quest_gaoshi_1_15
288	0	1	1	1~160	1	0	0	0	【挑战赛】祝家庄	10	1	29~31	0	0	0	0	拭目以待，祝家庄之王	126070	set:CJSH_quest_gaoshi_1 image:CJSH_quest_gaoshi_1_9
289	0	1	1	1~160	1	0	0	0	【挑战赛】祝家庄	11	1	1~4	0	0	0	0	拭目以待，祝家庄之王	126070	set:CJSH_quest_gaoshi_1 image:CJSH_quest_gaoshi_1_9
290	0	1	1	1~160	1	0	0	0	【挑战赛】战场等级	11	1	5~11	0	0	0	0	拭目以待，战场之王	126070	set:CJSH_quest_gaoshi_1 image:CJSH_quest_gaoshi_1_11
291	0	1	1	1~160	1	0	0	0	【挑战赛】夏王墓	11	1	12~18	0	0	0	0	拭目以待，夏王墓之王	126070	set:CJSH_quest_gaoshi_1 image:CJSH_quest_gaoshi_1_6
292	0	1	1	1~160	1	0	0	0	【挑战赛】杀敌	11	1	19~25	0	0	0	0	国家的英雄，在世战神	126070	set:CJSH_quest_gaoshi_1 image:CJSH_quest_gaoshi_1_10
293	0	1	1	1~160	1	0	0	0	【挑战赛】印度河	11	1	26~30	0	0	0	0	拭目以待，印度河之王	126070	set:CJSH_quest_gaoshi_1 image:CJSH_quest_gaoshi_1_13
294	0	1	1	1~160	1	0	0	0	【挑战赛】印度河	12	1	1~2	0	0	0	0	拭目以待，印度河之王	126070	set:CJSH_quest_gaoshi_1 image:CJSH_quest_gaoshi_1_13
295	0	1	1	1~160	1	0	0	0	【挑战赛】智力竞赛	12	1	3~9	0	0	0	0	比拼才智的平台	126070	set:CJSH_quest_gaoshi_1 image:CJSH_quest_gaoshi_1_14
296	0	1	1	1~160	1	0	0	0	【挑战赛】轮回台	12	1	10~16	0	0	0	0	拭目以待，轮回台之王	126070	set:CJSH_quest_gaoshi_1 image:CJSH_quest_gaoshi_1_5
297	0	1	1	1~160	1	0	0	0	【挑战赛】屠龙	12	1	17~23	0	0	0	0	屠龙勇士，万人敬仰	126070	set:CJSH_quest_gaoshi_1 image:CJSH_quest_gaoshi_1_13
298	0	1	1	1~160	1	0	0	0	【挑战赛】大教堂	12	1	24~30	0	0	0	0	拭目以待，大教堂之王	126070	set:CJSH_quest_gaoshi_1 image:CJSH_quest_gaoshi_1_14
299	0	1	1	1~160	1	0	0	0	【挑战赛】神龙宝藏	12	1	31	0	0	0	0	拭目以待，神龙宝藏之王	126070	set:CJSH_quest_gaoshi_1 image:CJSH_quest_gaoshi_1_16
300	0	1	1	1~160	1	0	0	0	【挑战赛】神龙宝藏	1	1	1~6	0	0	0	0	拭目以待，神龙宝藏之王	126070	set:CJSH_quest_gaoshi_1 image:CJSH_quest_gaoshi_1_16
301	0	1	1	1~160	1	0	0	0	【挑战赛】囚龙岛	1	1	7~13	0	0	0	0	拭目以待，囚龙岛之王	126070	set:CJSH_quest_gaoshi_1 image:CJSH_quest_gaoshi_1_7
302	0	1	1	1~160	1	0	0	0	【挑战赛】玫瑰	1	1	14~20	0	0	0	0	展现浪漫的平台	126070	set:CJSH_quest_gaoshi_1 image:CJSH_quest_gaoshi_1_12
303	0	1	1	1~160	1	0	0	0	【挑战赛】和氏璧	1	1	21~27	0	0	0	0	拭目以待，和氏璧之王	126070	set:CJSH_quest_gaoshi_1 image:CJSH_quest_gaoshi_1_8
304	0	1	1	1~160	1	0	0	0	【挑战赛】小喇叭	1	1	28~31	0	0	0	0	表现自我，尽展风采	126070	set:CJSH_quest_gaoshi_1 image:CJSH_quest_gaoshi_1_14
305	0	1	1	1~160	1	0	0	0	【挑战赛】小喇叭	2	1	1~3	0	0	0	0	表现自我，尽展风采	126070	set:CJSH_quest_gaoshi_1 image:CJSH_quest_gaoshi_1_14
306	0	1	1	1~160	1	0	0	0	【挑战赛】赤血号	2	1	4~10	0	0	0	0	拭目以待，赤血号之王	126070	set:CJSH_quest_gaoshi_1 image:CJSH_quest_gaoshi_1_6
307	0	1	1	1~160	1	0	0	0	【挑战赛】放烟花	2	1	11~17	0	0	0	0	绚丽烟花，五彩缤纷	126070	set:CJSH_quest_gaoshi_1 image:CJSH_quest_gaoshi_1_15
308	0	1	1	1~160	1	0	0	0	【挑战赛】祝家庄	2	1	18~24	0	0	0	0	拭目以待，祝家庄之王	126070	set:CJSH_quest_gaoshi_1 image:CJSH_quest_gaoshi_1_9
309	0	1	1	1~160	2	0	0	0	【挑战赛】囚龙岛	9	1	17~23	0	0	0	0	拭目以待，囚龙岛之王	129176	set:CJSH_quest_gaoshi_1 image:CJSH_quest_gaoshi_1_7
310	0	1	1	1~160	2	0	0	0	【挑战赛】玫瑰	9	1	24~30	0	0	0	0	展现浪漫的平台	129176	set:CJSH_quest_gaoshi_1 image:CJSH_quest_gaoshi_1_12
311	0	1	1	1~160	2	0	0	0	【挑战赛】和氏璧	10	1	1~7	0	0	0	0	拭目以待，和氏璧之王	129176	set:CJSH_quest_gaoshi_1 image:CJSH_quest_gaoshi_1_8
312	0	1	1	1~160	2	0	0	0	【挑战赛】小喇叭	10	1	8~14	0	0	0	0	表现自我，尽展风采	129176	set:CJSH_quest_gaoshi_1 image:CJSH_quest_gaoshi_1_14
313	0	1	1	1~160	2	0	0	0	【挑战赛】赤血号	10	1	15~21	0	0	0	0	拭目以待，赤血号之王	129176	set:CJSH_quest_gaoshi_1 image:CJSH_quest_gaoshi_1_6
314	0	1	1	1~160	2	0	0	0	【挑战赛】放烟花	10	1	22~28	0	0	0	0	绚丽烟花，五彩缤纷	129176	set:CJSH_quest_gaoshi_1 image:CJSH_quest_gaoshi_1_15
315	0	1	1	1~160	2	0	0	0	【挑战赛】祝家庄	10	1	29~31	0	0	0	0	拭目以待，祝家庄之王	129176	set:CJSH_quest_gaoshi_1 image:CJSH_quest_gaoshi_1_9
316	0	1	1	1~160	2	0	0	0	【挑战赛】祝家庄	11	1	1~4	0	0	0	0	拭目以待，祝家庄之王	129176	set:CJSH_quest_gaoshi_1 image:CJSH_quest_gaoshi_1_9
317	0	1	1	1~160	2	0	0	0	【挑战赛】战场等级	11	1	5~11	0	0	0	0	拭目以待，战场之王	129176	set:CJSH_quest_gaoshi_1 image:CJSH_quest_gaoshi_1_11
318	0	1	1	1~160	2	0	0	0	【挑战赛】夏王墓	11	1	12~18	0	0	0	0	拭目以待，夏王墓之王	129176	set:CJSH_quest_gaoshi_1 image:CJSH_quest_gaoshi_1_6
319	0	1	1	1~160	2	0	0	0	【挑战赛】杀敌	11	1	19~25	0	0	0	0	国家的英雄，在世战神	129176	set:CJSH_quest_gaoshi_1 image:CJSH_quest_gaoshi_1_10
320	0	1	1	1~160	2	0	0	0	【挑战赛】印度河	11	1	26~30	0	0	0	0	拭目以待，印度河之王	129176	set:CJSH_quest_gaoshi_1 image:CJSH_quest_gaoshi_1_13
321	0	1	1	1~160	2	0	0	0	【挑战赛】印度河	12	1	1~2	0	0	0	0	拭目以待，印度河之王	129176	set:CJSH_quest_gaoshi_1 image:CJSH_quest_gaoshi_1_13
322	0	1	1	1~160	2	0	0	0	【挑战赛】智力竞赛	12	1	3~9	0	0	0	0	比拼才智的平台	129176	set:CJSH_quest_gaoshi_1 image:CJSH_quest_gaoshi_1_14
323	0	1	1	1~160	2	0	0	0	【挑战赛】轮回台	12	1	10~16	0	0	0	0	拭目以待，轮回台之王	129176	set:CJSH_quest_gaoshi_1 image:CJSH_quest_gaoshi_1_5
324	0	1	1	1~160	2	0	0	0	【挑战赛】屠龙	12	1	17~23	0	0	0	0	屠龙勇士，万人敬仰	129176	set:CJSH_quest_gaoshi_1 image:CJSH_quest_gaoshi_1_13
325	0	1	1	1~160	2	0	0	0	【挑战赛】大教堂	12	1	24~30	0	0	0	0	拭目以待，大教堂之王	129176	set:CJSH_quest_gaoshi_1 image:CJSH_quest_gaoshi_1_14
326	0	1	1	1~160	2	0	0	0	【挑战赛】神龙宝藏	12	1	31	0	0	0	0	拭目以待，神龙宝藏之王	129176	set:CJSH_quest_gaoshi_1 image:CJSH_quest_gaoshi_1_16
327	0	1	1	1~160	2	0	0	0	【挑战赛】神龙宝藏	1	1	1~6	0	0	0	0	拭目以待，神龙宝藏之王	129176	set:CJSH_quest_gaoshi_1 image:CJSH_quest_gaoshi_1_16
328	0	1	1	1~160	2	0	0	0	【挑战赛】囚龙岛	1	1	7~13	0	0	0	0	拭目以待，囚龙岛之王	129176	set:CJSH_quest_gaoshi_1 image:CJSH_quest_gaoshi_1_7
329	0	1	1	1~160	2	0	0	0	【挑战赛】玫瑰	1	1	14~20	0	0	0	0	展现浪漫的平台	129176	set:CJSH_quest_gaoshi_1 image:CJSH_quest_gaoshi_1_12
330	0	1	1	1~160	2	0	0	0	【挑战赛】和氏璧	1	1	21~27	0	0	0	0	拭目以待，和氏璧之王	129176	set:CJSH_quest_gaoshi_1 image:CJSH_quest_gaoshi_1_8
331	0	1	1	1~160	2	0	0	0	【挑战赛】小喇叭	1	1	28~31	0	0	0	0	表现自我，尽展风采	129176	set:CJSH_quest_gaoshi_1 image:CJSH_quest_gaoshi_1_14
332	0	1	1	1~160	2	0	0	0	【挑战赛】小喇叭	2	1	1~3	0	0	0	0	表现自我，尽展风采	129176	set:CJSH_quest_gaoshi_1 image:CJSH_quest_gaoshi_1_14
333	0	1	1	1~160	2	0	0	0	【挑战赛】赤血号	2	1	4~10	0	0	0	0	拭目以待，赤血号之王	129176	set:CJSH_quest_gaoshi_1 image:CJSH_quest_gaoshi_1_6
334	0	1	1	1~160	2	0	0	0	【挑战赛】放烟花	2	1	11~17	0	0	0	0	绚丽烟花，五彩缤纷	129176	set:CJSH_quest_gaoshi_1 image:CJSH_quest_gaoshi_1_15
335	0	1	1	1~160	2	0	0	0	【挑战赛】祝家庄	2	1	18~24	0	0	0	0	拭目以待，祝家庄之王	129176	set:CJSH_quest_gaoshi_1 image:CJSH_quest_gaoshi_1_9
336	0	1	1	1~160	3	0	0	0	【挑战赛】囚龙岛	9	1	17~23	0	0	0	0	拭目以待，囚龙岛之王	132070	set:CJSH_quest_gaoshi_1 image:CJSH_quest_gaoshi_1_7
337	0	1	1	1~160	3	0	0	0	【挑战赛】玫瑰	9	1	24~30	0	0	0	0	展现浪漫的平台	132070	set:CJSH_quest_gaoshi_1 image:CJSH_quest_gaoshi_1_12
338	0	1	1	1~160	3	0	0	0	【挑战赛】和氏璧	10	1	1~7	0	0	0	0	拭目以待，和氏璧之王	132070	set:CJSH_quest_gaoshi_1 image:CJSH_quest_gaoshi_1_8
339	0	1	1	1~160	3	0	0	0	【挑战赛】小喇叭	10	1	8~14	0	0	0	0	表现自我，尽展风采	132070	set:CJSH_quest_gaoshi_1 image:CJSH_quest_gaoshi_1_14
340	0	1	1	1~160	3	0	0	0	【挑战赛】赤血号	10	1	15~21	0	0	0	0	拭目以待，赤血号之王	132070	set:CJSH_quest_gaoshi_1 image:CJSH_quest_gaoshi_1_6
341	0	1	1	1~160	3	0	0	0	【挑战赛】放烟花	10	1	22~28	0	0	0	0	绚丽烟花，五彩缤纷	132070	set:CJSH_quest_gaoshi_1 image:CJSH_quest_gaoshi_1_15
342	0	1	1	1~160	3	0	0	0	【挑战赛】祝家庄	10	1	29~31	0	0	0	0	拭目以待，祝家庄之王	132070	set:CJSH_quest_gaoshi_1 image:CJSH_quest_gaoshi_1_9
343	0	1	1	1~160	3	0	0	0	【挑战赛】祝家庄	11	1	1~4	0	0	0	0	拭目以待，祝家庄之王	132070	set:CJSH_quest_gaoshi_1 image:CJSH_quest_gaoshi_1_9
344	0	1	1	1~160	3	0	0	0	【挑战赛】战场等级	11	1	5~11	0	0	0	0	拭目以待，战场之王	132070	set:CJSH_quest_gaoshi_1 image:CJSH_quest_gaoshi_1_11
345	0	1	1	1~160	3	0	0	0	【挑战赛】夏王墓	11	1	12~18	0	0	0	0	拭目以待，夏王墓之王	132070	set:CJSH_quest_gaoshi_1 image:CJSH_quest_gaoshi_1_6
346	0	1	1	1~160	3	0	0	0	【挑战赛】杀敌	11	1	19~25	0	0	0	0	国家的英雄，在世战神	132070	set:CJSH_quest_gaoshi_1 image:CJSH_quest_gaoshi_1_10
347	0	1	1	1~160	3	0	0	0	【挑战赛】印度河	11	1	26~30	0	0	0	0	拭目以待，印度河之王	132070	set:CJSH_quest_gaoshi_1 image:CJSH_quest_gaoshi_1_13
348	0	1	1	1~160	3	0	0	0	【挑战赛】印度河	12	1	1~2	0	0	0	0	拭目以待，印度河之王	132070	set:CJSH_quest_gaoshi_1 image:CJSH_quest_gaoshi_1_13
349	0	1	1	1~160	3	0	0	0	【挑战赛】智力竞赛	12	1	3~9	0	0	0	0	比拼才智的平台	132070	set:CJSH_quest_gaoshi_1 image:CJSH_quest_gaoshi_1_14
350	0	1	1	1~160	3	0	0	0	【挑战赛】轮回台	12	1	10~16	0	0	0	0	拭目以待，轮回台之王	132070	set:CJSH_quest_gaoshi_1 image:CJSH_quest_gaoshi_1_5
351	0	1	1	1~160	3	0	0	0	【挑战赛】屠龙	12	1	17~23	0	0	0	0	屠龙勇士，万人敬仰	132070	set:CJSH_quest_gaoshi_1 image:CJSH_quest_gaoshi_1_13
352	0	1	1	1~160	3	0	0	0	【挑战赛】大教堂	12	1	24~30	0	0	0	0	拭目以待，大教堂之王	132070	set:CJSH_quest_gaoshi_1 image:CJSH_quest_gaoshi_1_14
353	0	1	1	1~160	3	0	0	0	【挑战赛】神龙宝藏	12	1	31	0	0	0	0	拭目以待，神龙宝藏之王	132070	set:CJSH_quest_gaoshi_1 image:CJSH_quest_gaoshi_1_16
354	0	1	1	1~160	3	0	0	0	【挑战赛】神龙宝藏	1	1	1~6	0	0	0	0	拭目以待，神龙宝藏之王	132070	set:CJSH_quest_gaoshi_1 image:CJSH_quest_gaoshi_1_16
355	0	1	1	1~160	3	0	0	0	【挑战赛】囚龙岛	1	1	7~13	0	0	0	0	拭目以待，囚龙岛之王	132070	set:CJSH_quest_gaoshi_1 image:CJSH_quest_gaoshi_1_7
356	0	1	1	1~160	3	0	0	0	【挑战赛】玫瑰	1	1	14~20	0	0	0	0	展现浪漫的平台	132070	set:CJSH_quest_gaoshi_1 image:CJSH_quest_gaoshi_1_12
357	0	1	1	1~160	3	0	0	0	【挑战赛】和氏璧	1	1	21~27	0	0	0	0	拭目以待，和氏璧之王	132070	set:CJSH_quest_gaoshi_1 image:CJSH_quest_gaoshi_1_8
358	0	1	1	1~160	3	0	0	0	【挑战赛】小喇叭	1	1	28~31	0	0	0	0	表现自我，尽展风采	132070	set:CJSH_quest_gaoshi_1 image:CJSH_quest_gaoshi_1_14
359	0	1	1	1~160	3	0	0	0	【挑战赛】小喇叭	2	1	1~3	0	0	0	0	表现自我，尽展风采	132070	set:CJSH_quest_gaoshi_1 image:CJSH_quest_gaoshi_1_14
360	0	1	1	1~160	3	0	0	0	【挑战赛】赤血号	2	1	4~10	0	0	0	0	拭目以待，赤血号之王	132070	set:CJSH_quest_gaoshi_1 image:CJSH_quest_gaoshi_1_6
361	0	1	1	1~160	3	0	0	0	【挑战赛】放烟花	2	1	11~17	0	0	0	0	绚丽烟花，五彩缤纷	132070	set:CJSH_quest_gaoshi_1 image:CJSH_quest_gaoshi_1_15
362	0	1	1	1~160	3	0	0	0	【挑战赛】祝家庄	2	1	18~24	0	0	0	0	拭目以待，祝家庄之王	132070	set:CJSH_quest_gaoshi_1 image:CJSH_quest_gaoshi_1_9
363	0	1	1	40~160	0	1~10	0	1	【国家】青龙战场	0	0	7	2040~2100	0	0	0	青龙守护，国家中坚力量	123842	set:CJSH_fuben_1 image:CJSH_fuben_1_15
364	0	1	1	40~160	1	1~10	0	1	【国家】青龙战场	0	0	7	2040~2100	0	0	0	青龙守护，国家中坚力量	126142	set:CJSH_fuben_1 image:CJSH_fuben_1_15
365	0	1	1	40~160	2	1~10	0	1	【国家】青龙战场	0	0	7	2040~2100	0	0	0	青龙守护，国家中坚力量	129744	set:CJSH_fuben_1 image:CJSH_fuben_1_15
366	0	1	1	40~160	3	1~10	0	1	【国家】青龙战场	0	0	7	2040~2100	0	0	0	青龙守护，国家中坚力量	132168	set:CJSH_fuben_1 image:CJSH_fuben_1_15
367	0	1	1	40~160	0	1~10	0	1	【国家】朱雀战场	0	0	7	2040~2100	0	0	0	朱雀守护，国家中坚力量	123842	set:CJSH_fuben_1 image:CJSH_fuben_1_14
368	0	1	1	40~160	1	1~10	0	1	【国家】朱雀战场	0	0	7	2040~2100	0	0	0	朱雀守护，国家中坚力量	126142	set:CJSH_fuben_1 image:CJSH_fuben_1_14
369	0	1	1	40~160	2	1~10	0	1	【国家】朱雀战场	0	0	7	2040~2100	0	0	0	朱雀守护，国家中坚力量	129744	set:CJSH_fuben_1 image:CJSH_fuben_1_14
370	0	1	1	40~160	3	1~10	0	1	【国家】朱雀战场	0	0	7	2040~2100	0	0	0	朱雀守护，国家中坚力量	132168	set:CJSH_fuben_1 image:CJSH_fuben_1_14
371	0	0	1	45~160	0	0	0	1	【队伍】魔君部将	0	1	0	0~2359	0	0	1	魔君部将，诛之有奖	123719
377	0	0	1	45~160	1	0	0	1	【队伍】魔君部将	0	1	0	0~2359	0	0	1	魔君部将，诛之有奖	126016
383	0	0	1	45~160	2	0	0	1	【队伍】魔君部将	0	1	0	0~2359	0	0	1	魔君部将，诛之有奖	129016
389	0	0	1	45~160	3	0	0	1	【队伍】魔君部将	0	1	0	0~2359	0	0	1	魔君部将，诛之有奖	132016
395	0	0	1	20~160	0	0	0	0	【个人】三环通缉令	0	1	0	0	1	209|0|9|209|9|7	21	共享三环副本每周次数	123744
396	0	0	1	20~160	1	0	0	0	【个人】三环通缉令	0	1	0	0	1	209|0|9|209|9|7	21	共享三环副本每周次数	126040
397	0	0	1	20~160	2	0	0	0	【个人】三环通缉令	0	1	0	0	1	209|0|9|209|9|7	21	共享三环副本每周次数	129041
398	0	0	1	20~160	3	0	0	0	【个人】三环通缉令	0	1	0	0	1	209|0|9|209|9|7	21	共享三环副本每周次数	132040
399	0	1	1	65~84	0~3	0	0	1	【个人】暴龙大作战	0	0	6|7	1200~2210	0	0	1	暴龙作战，其乐无穷	145004	set:CJSH_wanfa_add_0 image:CJSH_wanfa_add_0_10
400	0	1	1	65~84	0~3	0	0	1	【个人】疯狂的箱子	0	0	6|7	1235~2250	0	0	1	神奇宝箱，为之疯狂	145004	set:CJSH_fuben_2 image:CJSH_fuben_2_8
401	0	0	1	65~84	0~3	0	0	1	【个人】乐透大抽奖	0	0	6|7	0	0	0	1	天上人间·麒麟的手气	145004
402	0	0	1	65~84	0~3	0	0	1	【个人】水晶球总动员	0	0	6|7	900~2300	0	0	0	周日狂欢，经验不断	145004
403	0	1	1	85~109	0~3	0	0	1	【个人】天降魔君	0	0	6|7	0~2300	0	0	50	投票得奖打BOSS	145004	set:CJSH_Add_5 image:CJSH_Add_5_15
404	0	1	1	85~109	0~3	0	0	1	【个人】挖宝大作战	0	0	6|7	1200~1700	0	0	2	挖宝大战，争先恐后	145004	set:CJSH_Add_1 image:CJSH_Add_1_15
405	0	0	1	85~109	0~3	0	0	1	【个人】乐透大抽奖	0	0	6|7	1030~2300	0	0	1	天上人间·聊斋的手气	145004
406	0	0	1	35~49	0	0	0	0	【个人】迷宫除恶	0	1	0	0	0	245|16|9|246|0|5	10	迷宫任务海量经验	101650
407	0	0	1	35~49	1	0	0	0	【个人】迷宫除恶	0	1	0	0	0	245|16|9|246|0|5	10	迷宫任务海量经验	101658
408	0	0	1	35~49	2	0	0	0	【个人】迷宫除恶	0	1	0	0	0	245|16|9|246|0|5	10	迷宫任务海量经验	101666
409	0	0	1	35~49	3	0	0	0	【个人】迷宫除恶	0	1	0	0	0	245|16|9|246|0|5	10	迷宫任务海量经验	101674
410	0	0	1	80~160	0~3	1~10	0	0	【国家】皇帝密令	0	1	0	0	0	109|10|9|0|0|0	1	去收集贡品吧	139264
411	0	0	1	80~160	0~3	0	0	0	【个人】防御之路	0	1	0	0	0	114|9|9|114|18|3	2	专精天赋，专防之路	141103
412	0	1	1	40~160	0~3	0	0	1	【个人】节日礼品	1	1	1	0~2359	0	111|21|9|0|0|0	1	重大节日派送礼品	141107	set:CJSH_item_xiangzi_2 image:CJSH_item_xiangzi_2_11
413	0	1	1	40~160	0~3	0	0	1	【个人】节日礼品	1	1	1	0~2359	0	111|21|9|0|0|0	1	重大节日派送礼品	141107	set:CJSH_item_xiangzi_2 image:CJSH_item_xiangzi_2_11
414	0	1	1	40~160	0~3	0	0	1	【个人】节日礼品	1	1	23	0~2359	0	111|21|9|0|0|0	1	重大节日派送礼品	141107	set:CJSH_item_xiangzi_2 image:CJSH_item_xiangzi_2_11
415	0	1	1	40~160	0~3	0	0	1	【个人】节日礼品	2	1	14	0~2359	0	111|21|9|0|0|0	1	重大节日派送礼品	141107	set:CJSH_item_xiangzi_2 image:CJSH_item_xiangzi_2_11
416	0	1	1	40~160	0~3	0	0	1	【个人】节日礼品	2	1	6	0~2359	0	111|21|9|0|0|0	1	重大节日派送礼品	141107	set:CJSH_item_xiangzi_2 image:CJSH_item_xiangzi_2_11
417	0	1	1	40~160	0~3	0	0	1	【个人】节日礼品	3	1	8	0~2359	0	111|21|9|0|0|0	1	重大节日派送礼品	141107	set:CJSH_item_xiangzi_2 image:CJSH_item_xiangzi_2_11
418	0	1	1	40~160	0~3	0	0	1	【个人】节日礼品	3	1	15	0~2359	0	111|21|9|0|0|0	1	重大节日派送礼品	141107	set:CJSH_item_xiangzi_2 image:CJSH_item_xiangzi_2_11
419	0	1	1	40~160	0~3	0	0	1	【个人】节日礼品	4	1	1	0~2359	0	111|21|9|0|0|0	1	重大节日派送礼品	141107	set:CJSH_item_xiangzi_2 image:CJSH_item_xiangzi_2_11
420	0	1	1	40~160	0~3	0	0	1	【个人】节日礼品	4	1	4	0~2359	0	111|21|9|0|0|0	1	重大节日派送礼品	141107	set:CJSH_item_xiangzi_2 image:CJSH_item_xiangzi_2_11
421	0	1	1	40~160	0~3	0	0	1	【个人】节日礼品	4	1	22	0~2359	0	111|21|9|0|0|0	1	重大节日派送礼品	141107	set:CJSH_item_xiangzi_2 image:CJSH_item_xiangzi_2_11
422	0	1	1	40~160	0~3	0	0	1	【个人】节日礼品	5	1	1	0~2359	0	111|21|9|0|0|0	1	重大节日派送礼品	141107	set:CJSH_item_xiangzi_2 image:CJSH_item_xiangzi_2_11
423	0	1	1	40~160	0~3	0	0	1	【个人】节日礼品	5	1	4	0~2359	0	111|21|9|0|0|0	1	重大节日派送礼品	141107	set:CJSH_item_xiangzi_2 image:CJSH_item_xiangzi_2_11
424	0	1	1	40~160	0~3	0	0	1	【个人】节日礼品	5	1	13	0~2359	0	111|21|9|0|0|0	1	重大节日派送礼品	141107	set:CJSH_item_xiangzi_2 image:CJSH_item_xiangzi_2_11
425	0	1	1	40~160	0~3	0	0	1	【个人】节日礼品	5	1	12	0~2359	0	111|21|9|0|0|0	1	重大节日派送礼品	141107	set:CJSH_item_xiangzi_2 image:CJSH_item_xiangzi_2_11
426	0	1	1	40~160	0~3	0	0	1	【个人】节日礼品	6	1	1	0~2359	0	111|21|9|0|0|0	1	重大节日派送礼品	141107	set:CJSH_item_xiangzi_2 image:CJSH_item_xiangzi_2_11
427	0	1	1	40~160	0~3	0	0	1	【个人】节日礼品	6	1	5	0~2359	0	111|21|9|0|0|0	1	重大节日派送礼品	141107	set:CJSH_item_xiangzi_2 image:CJSH_item_xiangzi_2_11
428	0	1	1	40~160	0~3	0	0	1	【个人】节日礼品	6	1	23	0~2359	0	111|21|9|0|0|0	1	重大节日派送礼品	141107	set:CJSH_item_xiangzi_2 image:CJSH_item_xiangzi_2_11
429	0	1	1	40~160	0~3	0	0	1	【个人】节日礼品	6	1	17	0~2359	0	111|21|9|0|0|0	1	重大节日派送礼品	141107	set:CJSH_item_xiangzi_2 image:CJSH_item_xiangzi_2_11
430	0	1	1	40~160	0~3	0	0	1	【个人】节日礼品	6	1	26	0~2359	0	111|21|9|0|0|0	1	重大节日派送礼品	141107	set:CJSH_item_xiangzi_2 image:CJSH_item_xiangzi_2_11
431	0	1	1	40~160	0~3	0	0	1	【个人】节日礼品	7	1	1	0~2359	0	111|21|9|0|0|0	1	重大节日派送礼品	141107	set:CJSH_item_xiangzi_2 image:CJSH_item_xiangzi_2_11
432	0	1	1	40~160	0~3	0	0	1	【个人】节日礼品	7	1	7	0~2359	0	111|21|9|0|0|0	1	重大节日派送礼品	141107	set:CJSH_item_xiangzi_2 image:CJSH_item_xiangzi_2_11
433	0	1	1	40~160	0~3	0	0	1	【个人】节日礼品	7	1	11	0~2359	0	111|21|9|0|0|0	1	重大节日派送礼品	141107	set:CJSH_item_xiangzi_2 image:CJSH_item_xiangzi_2_11
434	0	1	1	40~160	0~3	0	0	1	【个人】节日礼品	8	1	1	0~2359	0	111|21|9|0|0|0	1	重大节日派送礼品	141107	set:CJSH_item_xiangzi_2 image:CJSH_item_xiangzi_2_11
435	0	1	1	40~160	0~3	0	0	1	【个人】节日礼品	8	1	23	0~2359	0	111|21|9|0|0|0	1	重大节日派送礼品	141107	set:CJSH_item_xiangzi_2 image:CJSH_item_xiangzi_2_11
436	0	1	1	40~160	0~3	0	0	1	【个人】节日礼品	8	1	31	0~2359	0	111|21|9|0|0|0	1	重大节日派送礼品	141107	set:CJSH_item_xiangzi_2 image:CJSH_item_xiangzi_2_11
437	0	1	1	40~160	0~3	0	0	1	【个人】节日礼品	9	1	10	0~2359	0	111|21|9|0|0|0	1	重大节日派送礼品	141107	set:CJSH_item_xiangzi_2 image:CJSH_item_xiangzi_2_11
438	0	1	1	40~160	0~3	0	0	1	【个人】节日礼品	9	1	30	0~2359	0	111|21|9|0|0|0	1	重大节日派送礼品	141107	set:CJSH_item_xiangzi_2 image:CJSH_item_xiangzi_2_11
439	0	1	1	40~160	0~3	0	0	1	【个人】节日礼品	10	1	1	0~2359	0	111|21|9|0|0|0	1	重大节日派送礼品	141107	set:CJSH_item_xiangzi_2 image:CJSH_item_xiangzi_2_11
440	0	1	1	40~160	0~3	0	0	1	【个人】节日礼品	10	1	23	0~2359	0	111|21|9|0|0|0	1	重大节日派送礼品	141107	set:CJSH_item_xiangzi_2 image:CJSH_item_xiangzi_2_11
441	0	1	1	40~160	0~3	0	0	1	【个人】节日礼品	11	1	17	0~2359	0	111|21|9|0|0|0	1	重大节日派送礼品	141107	set:CJSH_item_xiangzi_2 image:CJSH_item_xiangzi_2_11
442	0	1	1	40~160	0~3	0	0	1	【个人】节日礼品	12	1	3	0~2359	0	111|21|9|0|0|0	1	重大节日派送礼品	141107	set:CJSH_item_xiangzi_2 image:CJSH_item_xiangzi_2_11
443	0	1	1	40~160	0~3	0	0	1	【个人】节日礼品	12	1	22	0~2359	0	111|21|9|0|0|0	1	重大节日派送礼品	141107	set:CJSH_item_xiangzi_2 image:CJSH_item_xiangzi_2_11
444	0	1	1	40~160	0~3	0	0	1	【个人】节日礼品	12	1	25	0~2359	0	111|21|9|0|0|0	1	重大节日派送礼品	141107	set:CJSH_item_xiangzi_2 image:CJSH_item_xiangzi_2_11
445	777	0	1	40~160	0	0	0	0	【个人】弱国令	0	1	0	0	0	0	1	国家管理员	123724
446	777	0	1	40~160	1	0	0	0	【个人】弱国令	0	1	0	0	0	0	1	国家管理员	126021
447	777	0	1	40~160	2	0	0	0	【个人】弱国令	0	1	0	0	0	0	1	国家管理员	129021
448	777	0	1	40~160	3	0	0	0	【个人】弱国令	0	1	0	0	0	0	1	国家管理员	132021
449	0	1	1	60~160	0	0	0	1	【队伍】暗·海都大王	0	0	5	2200~2300	0	0	1	前往中兴府消灭邪恶力量	123719	set:CJSH_wanfa_add_0 image:CJSH_wanfa_add_0_15
450	0	1	1	60~160	1	0	0	1	【队伍】暗·海都大王	0	0	5	2200~2300	0	0	1	前往中兴府消灭邪恶力量	126016	set:CJSH_wanfa_add_0 image:CJSH_wanfa_add_0_15
451	0	1	1	60~160	2	0	0	1	【队伍】暗·海都大王	0	0	5	2200~2300	0	0	1	前往中兴府消灭邪恶力量	129016	set:CJSH_wanfa_add_0 image:CJSH_wanfa_add_0_15
452	0	1	1	60~160	3	0	0	1	【队伍】暗·海都大王	0	0	5	2200~2300	0	0	1	前往中兴府消灭邪恶力量	132016	set:CJSH_wanfa_add_0 image:CJSH_wanfa_add_0_15
453	0	0	1	40~160	0~3	0	0	1	【战场】双人演习	0	0	1|2|3|4|5	900~1600	0	0	0	和队友并肩作战吧！	141105
454	0	1	1	40~160	0~3	0	0	1	【后花园】决战后花园	0	0	6	1430~1500	0	0	1	生存竞争，海量经验	144060	set:CJSH_fuben_2 image:CJSH_fuben_2_12
455	0	0	1	70~160	0	1~10	0	0	【帮会】帮会除妖	0	1	0	0	0	127|2|9|127|11|7	1	全帮动员，消灭妖魔	123723
456	0	0	1	70~160	1	1~10	0	0	【帮会】帮会除妖	0	1	0	0	0	127|2|9|127|11|7	1	全帮动员，消灭妖魔	126020
457	0	0	1	70~160	2	1~10	0	0	【帮会】帮会除妖	0	1	0	0	0	127|2|9|127|11|7	1	全帮动员，消灭妖魔	129020
458	0	0	1	70~160	3	1~10	0	0	【帮会】帮会除妖	0	1	0	0	0	127|2|9|127|11|7	1	全帮动员，消灭妖魔	132020
459	0	0	1	70~95	0	1~10	0	0	【帮会】收集黑木	0	1	0	0	0	127|18|9|125|18|7	1	结伴同行，采集黑木	123723
460	0	0	1	70~95	1	1~10	0	0	【帮会】收集黑木	0	1	0	0	0	127|18|9|125|18|7	1	结伴同行，采集黑木	126020
461	0	0	1	70~95	2	1~10	0	0	【帮会】收集黑木	0	1	0	0	0	127|18|9|125|18|7	1	结伴同行，采集黑木	129020
462	0	0	1	70~95	3	1~10	0	0	【帮会】收集黑木	0	1	0	0	0	127|18|9|125|18|7	1	结伴同行，采集黑木	132020
463	0	0	1	96~160	0	1~10	0	0	【帮会】收集丹木	0	1	0	0	0	127|18|9|125|18|7	1	结伴同行，采集丹木	123723
464	0	0	1	96~160	1	1~10	0	0	【帮会】收集丹木	0	1	0	0	0	127|18|9|125|18|7	1	结伴同行，采集丹木	126020
465	0	0	1	96~160	2	1~10	0	0	【帮会】收集丹木	0	1	0	0	0	127|18|9|125|18|7	1	结伴同行，采集丹木	129020
466	0	0	1	96~160	3	1~10	0	0	【帮会】收集丹木	0	1	0	0	0	127|18|9|125|18|7	1	结伴同行，采集丹木	132020
467	0	0	1	60~160	0~3	0	0	1	【战场】跨服六人战场	0	0	6	1300~1400	0	0	0	六人组队，跨服PK	-1
468	0	0	1	70~160	0	0	0	0	【国家】争夺龙魂	0	0	0	0	0	130|15|9|130|24|5	3	去别国抢夺龙之魂	400706
469	0	0	1	70~160	1	0	0	0	【国家】争夺龙魂	0	0	0	0	0	130|15|9|130|24|5	3	去别国抢夺龙之魂	400716
470	0	0	1	70~160	2	0	0	0	【国家】争夺龙魂	0	0	0	0	0	130|15|9|130|24|5	3	去别国抢夺龙之魂	400726
471	0	0	1	70~160	3	0	0	0	【国家】争夺龙魂	0	0	0	0	0	130|15|9|130|24|5	3	去别国抢夺龙之魂	400736
472	400	0	1	1~160	0	0	0	0	【个人】双倍令	0	1	0	0	0	0	1	双倍经验，双倍效率	-1
473	400	0	1	1~160	1	0	0	0	【个人】双倍令	0	1	0	0	0	0	1	双倍经验，双倍效率	-1
474	400	0	1	1~160	2	0	0	0	【个人】双倍令	0	1	0	0	0	0	1	双倍经验，双倍效率	-1
475	400	0	1	1~160	3	0	0	0	【个人】双倍令	0	1	0	0	0	0	1	双倍经验，双倍效率	-1
476	401	0	1	60~160	0	0	0	0	【个人】魔君令	0	1	0	0	0	0	1	魔君出现，奖励丰厚	-1
477	401	0	1	60~160	1	0	0	0	【个人】魔君令	0	1	0	0	0	0	1	魔君出现，奖励丰厚	-1
478	401	0	1	60~160	2	0	0	0	【个人】魔君令	0	1	0	0	0	0	1	魔君出现，奖励丰厚	-1
479	401	0	1	60~160	3	0	0	0	【个人】魔君令	0	1	0	0	0	0	1	魔君出现，奖励丰厚	-1
480	402	0	1	40~160	0	0	0	0	【个人】战神令	0	1	0	0	0	0	1	战神加护，能力提高	401220
481	402	0	1	40~160	1	0	0	0	【个人】战神令	0	1	0	0	0	0	1	战神加护，能力提高	401220
482	402	0	1	40~160	2	0	0	0	【个人】战神令	0	1	0	0	0	0	1	战神加护，能力提高	401220
483	402	0	1	40~160	3	0	0	0	【个人】战神令	0	1	0	0	0	0	1	战神加护，能力提高	401220
484	0	1	1	60~160	0	0	0	1	【国家】皇帝战场	0	0	6	2000~2100	0	0	1	皇帝，世界的主宰	401261	set:CJSH_fuben_1 image:CJSH_fuben_1_6
485	0	1	1	60~160	1	0	0	1	【国家】皇帝战场	0	0	6	2000~2100	0	0	1	皇帝，世界的主宰	401262	set:CJSH_fuben_1 image:CJSH_fuben_1_6
486	0	1	1	60~160	2	0	0	1	【国家】皇帝战场	0	0	6	2000~2100	0	0	1	皇帝，世界的主宰	401260	set:CJSH_fuben_1 image:CJSH_fuben_1_6
487	0	1	1	60~160	3	0	0	1	【国家】皇帝战场	0	0	6	2000~2100	0	0	1	皇帝，世界的主宰	401263	set:CJSH_fuben_1 image:CJSH_fuben_1_6
488	0	0	1	70~160	0~3	0	0	1	【个人】疯狂的冥铁	0	1	0	2230~2235	0	0	1	疯狂冥铁，先到先得	110045
489	0	0	1	70~160	0~3	0	0	1	【个人】疯狂的冥铁	0	1	0	2240~2245	0	0	1	疯狂冥铁，先到先得	110045
490	0	0	1	70~160	0~3	0	0	1	【个人】疯狂的冥铁	0	1	0	2250~2255	0	0	1	疯狂冥铁，先到先得	110045
491	666	0	1	30~160	0	0	0	0	【个人】战车令	0	1	0	0	0	0	1	战车双倍经验立刻抢	401241
492	666	0	1	30~160	1	0	0	0	【个人】战车令	0	1	0	0	0	0	1	战车双倍经验立刻抢	401242
493	666	0	1	30~160	2	0	0	0	【个人】战车令	0	1	0	0	0	0	1	战车双倍经验立刻抢	401243
494	666	0	1	30~160	3	0	0	0	【个人】战车令	0	1	0	0	0	0	1	战车双倍经验立刻抢	401244
495	0	0	1	70~160	0	0	0	0	【战车】争夺机甲	0	1	0	0	0	136|13|9|129|15|1	1	三倍战车荣誉立刻得	401241
496	0	0	1	70~160	1	0	0	0	【战车】争夺机甲	0	1	0	0	0	136|13|9|129|15|1	1	三倍战车荣誉立刻得	401242
497	0	0	1	70~160	2	0	0	0	【战车】争夺机甲	0	1	0	0	0	136|13|9|129|15|1	1	三倍战车荣誉立刻得	401243
498	0	0	1	70~160	3	0	0	0	【战车】争夺机甲	0	1	0	0	0	136|13|9|129|15|1	1	三倍战车荣誉立刻得	401244
499	0	0	1	70~160	0	0	0	0	【战车】千里杀敌(天山)	0	1	0	0	0	136|22|9|129|16|1	1	三倍战车荣誉立刻得	401241
500	0	0	1	70~160	0	0	0	0	【战车】千里杀敌(昆仑)	0	1	0	0	0	137|0|9|129|17|1	1	三倍战车荣誉立刻得	401241
501	0	0	1	70~160	0	0	0	0	【战车】千里杀敌(敦煌)	0	1	0	0	0	137|9|9|129|18|1	1	三倍战车荣誉立刻得	401241
502	0	0	1	70~160	1	0	0	0	【战车】千里杀敌(楼兰)	0	1	0	0	0	137|9|9|129|18|1	1	三倍战车荣誉立刻得	401242
503	0	0	1	70~160	1	0	0	0	【战车】千里杀敌(昆仑)	0	1	0	0	0	136|22|9|129|16|1	1	三倍战车荣誉立刻得	401242
504	0	0	1	70~160	1	0	0	0	【战车】千里杀敌(敦煌)	0	1	0	0	0	137|0|9|129|17|1	1	三倍战车荣誉立刻得	401242
505	0	0	1	70~160	2	0	0	0	【战车】千里杀敌(楼兰)	0	1	0	0	0	137|0|9|129|17|1	1	三倍战车荣誉立刻得	401243
506	0	0	1	70~160	2	0	0	0	【战车】千里杀敌(天山)	0	1	0	0	0	137|9|9|129|18|1	1	三倍战车荣誉立刻得	401243
507	0	0	1	70~160	2	0	0	0	【战车】千里杀敌(敦煌)	0	1	0	0	0	136|22|9|129|16|1	1	三倍战车荣誉立刻得	401243
508	0	0	1	70~160	3	0	0	0	【战车】千里杀敌(楼兰)	0	1	0	0	0	136|22|9|129|16|1	1	三倍战车荣誉立刻得	401244
509	0	0	1	70~160	3	0	0	0	【战车】千里杀敌(天山)	0	1	0	0	0	137|0|9|129|17|1	1	三倍战车荣誉立刻得	401244
510	0	0	1	70~160	3	0	0	0	【战车】千里杀敌(昆仑)	0	1	0	0	0	137|9|9|129|18|1	1	三倍战车荣誉立刻得	401244
511	0	0	1	70~160	0	0	0	0	【战车】军旗军魂	0	1	0	0	0	137|18|9|129|19|1	1	三倍战车荣誉立刻得	401241
512	0	0	1	70~160	1	0	0	0	【战车】军旗军魂	0	1	0	0	0	137|18|9|129|19|1	1	三倍战车荣誉立刻得	401242
513	0	0	1	70~160	2	0	0	0	【战车】军旗军魂	0	1	0	0	0	137|18|9|129|19|1	1	三倍战车荣誉立刻得	401243
514	0	0	1	70~160	3	0	0	0	【战车】军旗军魂	0	1	0	0	0	137|18|9|129|19|1	1	三倍战车荣誉立刻得	401244
515	0	0	1	40~160	0~3	0	0	1	【活动】那达慕赛马	0	1	0	1930~2000	0	256|0|9|256|9|2	1	那达慕赛马海量马币经验	405900
516	0	0	1	70~160	0~3	0	0	1	【队伍】跨界之王	0	1	0	1230~1330	0	0	1	跨界争王	401559
517	0	0	1	70~160	0~3	0	0	1	【队伍】跨界之王	0	1	0	1600~1700	0	0	1	跨界争王	401559
518	0	0	1	70~160	0~3	0	0	1	【队伍】跨界之王	0	1	0	2200~2300	0	0	1	跨界争王	401559
519	0	0	1	45~160	0~3	0	0	0	【个人】浮屠塔	0	1	0	0	0	272|21|9|283|0|8	2	将星卡产出	141176
520	0	0	1	70~160	0~3	0	0	0	【个人】精英剧场	0	1	0	0	1	317|0|9|317|9|7	15	灵力产出	550001
521	0	0	1	40~160	0~3	0	0	1	【队伍】挂机现金翻倍	0	0	6|7	0~2400	0	0	0	挂机吧，仅周六周日翻倍	401559
522	0	0	1	40~160	0~3	0	0	1	【队伍】现金boss	0	1	0	2100~2200	0	0	1	打boss掉落海量现金	401559
523	0	0	1	40~160	0~3	0	0	1	【队伍】现金boss	0	1	0	2200~2300	0	0	1	打boss掉落海量现金	401559
524	0	0	1	40~160	0~3	0	0	1	【个人】每日领奖	0	1	0	2100~2200	0	0	1	海量金卡各种珍稀道具	144800
525	0	0	1	40~160	0~3	0	0	1	【个人】肝帝的证明	0	1	0	0~2400	0	0	1	海量珍稀道具	600011
