NUM	NUM	NUM	NUM	NUM	NUM	NUM	NUM	NUM	NUM	TEXT	TEXT
ID冥甲术等级	学习最低等级需求	"消耗类型1（0非绑定银币，1绑定银币，2非绑定金子，3绑定金子，4声望，5荣誉，6帮贡，10英雄会积分, 88经验）"	消耗数量	消耗类型2	消耗数量	消耗类型3	消耗数量	消耗材料ID	消耗材料数量	对下限值影响	对上限值影响
1	90	-1	-1	-1	-1	-1	-1	11000630	1	0|0|0|0|0|0|0|0|0|0|0|0|0|0|0|0|0|0|0|0	0|0|0|0|0|0|0|0|0|0|0|0|0|0|0|0|0|0|0|0
2	90	-1	-1	-1	-1	-1	-1	11000630	1	0|0|0|0|0|0|0|0|0|0|0|0|0|0|0|0|0|0|0|0	0|0|0|0|0|0|0|0|0|0|0|0|0|0|0|0|0|0|0|0
3	90	-1	-1	-1	-1	-1	-1	11000630	1	0|0|0|0|0|0|0|0|0|0|0|0|0|0|0|0|0|0|0|0	0|0|0|0|0|0|0|0|0|0|0|0|0|0|0|0|0|0|0|0
4	90	-1	-1	-1	-1	-1	-1	11000630	1	0|0|0|0|0|0|0|0|0|0|0|0|0|0|0|0|0|0|0|0	0|0|0|0|0|0|0|0|0|0|0|0|0|0|0|0|0|0|0|0
5	90	-1	-1	-1	-1	-1	-1	11000630	1	0|0|0|0|0|0|0|0|0|0|0|0|0|0|0|0|0|0|0|0	0|0|0|0|0|0|0|0|0|0|0|0|0|0|0|0|0|0|0|0
6	90	-1	-1	-1	-1	-1	-1	11000630	1	0|0|0|0|0|0|0|0|0|0|0|0|0|0|0|0|0|0|0|0	0|0|0|0|0|0|0|0|0|0|0|0|0|0|0|0|0|0|0|0
7	90	-1	-1	-1	-1	-1	-1	11000630	1	0|0|0|0|0|0|0|0|0|0|0|0|0|0|0|0|0|0|0|0	0|0|0|0|0|0|0|0|0|0|0|0|0|0|0|0|0|0|0|0
8	90	-1	-1	-1	-1	-1	-1	11000630	1	0|0|0|0|0|0|0|0|0|0|0|0|0|0|0|0|0|0|0|0	0|0|0|0|0|0|0|0|0|0|0|0|0|0|0|0|0|0|0|0
