NUM	NUM	NUM	NUM	NUM	NUM	NUM	NUM	NUM	NUM	NUM
ID编号	星级	装备点1	成功几率	失败惩罚	所需银卡	强化比例	强化属性类别（0：所有属性;1:基础属性;2：非基础属性）	可装备等级	所需人的等级	是否执行升阶操作
1	1	0	100	0	2500	10	2	75	75	0
2	2	0	100	0	3500	20	2	75	76	0
3	3	0	100	0	4500	30	2	75	77	0
4	4	0	100	0	5500	40	2	75	78	0
5	5	0	100	0	6500	50	2	75	79	0
6	6	0	100	0	7500	60	2	75	80	0
7	7	0	100	0	8500	70	2	75	81	0
8	8	0	100	0	9500	80	2	75	82	0
9	9	0	100	0	10500	90	2	75	83	0
10	10	0	100	0	11500	100	2	75	84	0
11	11	0	100	0	12500	110	2	75	85	1
12	12	0	100	0	13500	120	2	85	86	0
13	13	0	100	0	14500	130	2	85	87	0
14	14	0	100	0	15500	140	2	85	88	0
15	15	0	100	0	16500	150	2	85	89	0
16	16	0	100	0	17500	160	2	85	90	0
17	17	0	100	0	18500	170	2	85	91	0
18	18	0	100	0	19500	180	2	85	92	0
19	19	0	100	0	20500	190	2	85	93	0
20	20	0	100	0	21500	200	2	85	94	0
21	21	0	100	0	22500	210	2	85	95	1
22	22	0	100	0	23500	220	2	95	96	0
23	23	0	100	0	24500	230	2	95	97	0
24	24	0	100	0	25500	240	2	95	98	0
25	25	0	100	0	26500	250	2	95	99	0
26	26	0	100	0	27500	260	2	95	100	0
27	27	0	100	0	28500	270	2	95	101	0
28	28	0	100	0	29500	280	2	95	102	0
29	29	0	100	0	30500	290	2	95	103	0
30	30	0	100	0	31500	300	2	95	104	0
31	31	0	100	0	32500	310	2	95	105	1
32	32	0	100	0	33500	320	2	105	106	0
33	33	0	100	0	34500	330	2	105	107	0
34	34	0	100	0	35500	340	2	105	108	0
35	35	0	100	0	36500	350	2	105	109	0
36	36	0	100	0	37500	360	2	105	110	0
37	37	0	100	0	38500	370	2	105	111	0
38	38	0	100	0	39500	380	2	105	112	0
39	39	0	100	0	40500	390	2	105	113	0
40	40	0	100	0	41500	400	2	105	114	0
41	41	0	100	0	42500	410	2	105	115	1
42	42	0	100	0	43500	420	2	115	116	0
43	43	0	100	0	44500	430	2	115	117	0
44	44	0	100	0	45500	440	2	115	118	0
45	45	0	100	0	46500	450	2	115	119	0
46	46	0	100	0	47500	460	2	115	120	0
47	47	0	100	0	48500	470	2	115	121	0
48	48	0	100	0	50000	480	2	115	122	0
49	49	0	100	0	50000	490	2	115	123	0
50	50	0	100	0	50000	500	2	115	124	0
51	51	0	100	0	50000	510	2	115	125	0
52	52	0	100	0	50000	520	2	115	126	0
53	53	0	100	0	50000	530	2	115	127	0
54	54	0	100	0	50000	540	2	115	128	0
55	55	0	100	0	50000	550	2	115	129	0
56	56	0	100	0	50000	560	2	115	130	0
57	57	0	100	0	50000	570	2	115	131	0
58	58	0	100	0	50000	580	2	115	132	0
59	59	0	100	0	50000	590	2	115	133	0
60	60	0	100	0	50000	600	2	115	134	0
61	61	0	100	0	50000	610	2	115	135	0
62	62	0	100	0	50000	620	2	115	136	0
63	63	0	100	0	50000	630	2	115	137	0
64	64	0	100	0	50000	640	2	115	138	0
65	65	0	100	0	50000	650	2	115	139	0
66	66	0	100	0	50000	660	2	115	140	0
67	67	0	100	0	50000	670	2	115	141	0
68	68	0	100	0	50000	680	2	115	142	0
69	69	0	100	0	50000	690	2	115	143	0
70	70	0	100	0	50000	700	2	115	144	0
71	71	0	100	0	50000	710	2	115	145	0
72	72	0	100	0	50000	720	2	115	146	0
73	73	0	100	0	50000	730	2	115	147	0
74	74	0	100	0	50000	740	2	115	148	0
75	75	0	100	0	50000	750	2	115	149	0
76	76	0	100	0	50000	760	2	115	150	0
77	77	0	100	0	50000	770	2	115	151	0
78	78	0	100	0	50000	780	2	115	152	0
79	79	0	100	0	50000	790	2	115	153	0
80	80	0	100	0	50000	800	2	115	154	0
81	81	0	100	0	50000	810	2	115	155	0
82	82	0	100	0	50000	820	2	115	156	0
83	83	0	100	0	50000	830	2	115	157	0
84	84	0	100	0	50000	840	2	115	158	0
85	85	0	100	0	50000	850	2	115	159	0
86	86	0	100	0	50000	860	2	115	160	0
87	1	1	100	0	2500	10	2	75	75	0
88	2	1	100	0	3500	20	2	75	76	0
89	3	1	100	0	4500	30	2	75	77	0
90	4	1	100	0	5500	40	2	75	78	0
91	5	1	100	0	6500	50	2	75	79	0
92	6	1	100	0	7500	60	2	75	80	0
93	7	1	100	0	8500	70	2	75	81	0
94	8	1	100	0	9500	80	2	75	82	0
95	9	1	100	0	10500	90	2	75	83	0
96	10	1	100	0	11500	100	2	75	84	0
97	11	1	100	0	12500	110	2	75	85	1
98	12	1	100	0	13500	120	2	85	86	0
99	13	1	100	0	14500	130	2	85	87	0
100	14	1	100	0	15500	140	2	85	88	0
101	15	1	100	0	16500	150	2	85	89	0
102	16	1	100	0	17500	160	2	85	90	0
103	17	1	100	0	18500	170	2	85	91	0
104	18	1	100	0	19500	180	2	85	92	0
105	19	1	100	0	20500	190	2	85	93	0
106	20	1	100	0	21500	200	2	85	94	0
107	21	1	100	0	22500	210	2	85	95	1
108	22	1	100	0	23500	220	2	95	96	0
109	23	1	100	0	24500	230	2	95	97	0
110	24	1	100	0	25500	240	2	95	98	0
111	25	1	100	0	26500	250	2	95	99	0
112	26	1	100	0	27500	260	2	95	100	0
113	27	1	100	0	28500	270	2	95	101	0
114	28	1	100	0	29500	280	2	95	102	0
115	29	1	100	0	30500	290	2	95	103	0
116	30	1	100	0	31500	300	2	95	104	0
117	31	1	100	0	32500	310	2	95	105	1
118	32	1	100	0	33500	320	2	105	106	0
119	33	1	100	0	34500	330	2	105	107	0
120	34	1	100	0	35500	340	2	105	108	0
121	35	1	100	0	36500	350	2	105	109	0
122	36	1	100	0	37500	360	2	105	110	0
123	37	1	100	0	38500	370	2	105	111	0
124	38	1	100	0	39500	380	2	105	112	0
125	39	1	100	0	40500	390	2	105	113	0
126	40	1	100	0	41500	400	2	105	114	0
127	41	1	100	0	42500	410	2	105	115	1
128	42	1	100	0	43500	420	2	115	116	0
129	43	1	100	0	44500	430	2	115	117	0
130	44	1	100	0	45500	440	2	115	118	0
131	45	1	100	0	46500	450	2	115	119	0
132	46	1	100	0	47500	460	2	115	120	0
133	47	1	100	0	48500	470	2	115	121	0
134	48	1	100	0	50000	480	2	115	122	0
135	49	1	100	0	50000	490	2	115	123	0
136	50	1	100	0	50000	500	2	115	124	0
137	51	1	100	0	50000	510	2	115	125	0
138	52	1	100	0	50000	520	2	115	126	0
139	53	1	100	0	50000	530	2	115	127	0
140	54	1	100	0	50000	540	2	115	128	0
141	55	1	100	0	50000	550	2	115	129	0
142	56	1	100	0	50000	560	2	115	130	0
143	57	1	100	0	50000	570	2	115	131	0
144	58	1	100	0	50000	580	2	115	132	0
145	59	1	100	0	50000	590	2	115	133	0
146	60	1	100	0	50000	600	2	115	134	0
147	61	1	100	0	50000	610	2	115	135	0
148	62	1	100	0	50000	620	2	115	136	0
149	63	1	100	0	50000	630	2	115	137	0
150	64	1	100	0	50000	640	2	115	138	0
151	65	1	100	0	50000	650	2	115	139	0
152	66	1	100	0	50000	660	2	115	140	0
153	67	1	100	0	50000	670	2	115	141	0
154	68	1	100	0	50000	680	2	115	142	0
155	69	1	100	0	50000	690	2	115	143	0
156	70	1	100	0	50000	700	2	115	144	0
157	71	1	100	0	50000	710	2	115	145	0
158	72	1	100	0	50000	720	2	115	146	0
159	73	1	100	0	50000	730	2	115	147	0
160	74	1	100	0	50000	740	2	115	148	0
161	75	1	100	0	50000	750	2	115	149	0
162	76	1	100	0	50000	760	2	115	150	0
163	77	1	100	0	50000	770	2	115	151	0
164	78	1	100	0	50000	780	2	115	152	0
165	79	1	100	0	50000	790	2	115	153	0
166	80	1	100	0	50000	800	2	115	154	0
167	81	1	100	0	50000	810	2	115	155	0
168	82	1	100	0	50000	820	2	115	156	0
169	83	1	100	0	50000	830	2	115	157	0
170	84	1	100	0	50000	840	2	115	158	0
171	85	1	100	0	50000	850	2	115	159	0
172	86	1	100	0	50000	860	2	115	160	0
173	1	2	100	0	2500	10	2	75	75	0
174	2	2	100	0	3500	20	2	75	76	0
175	3	2	100	0	4500	30	2	75	77	0
176	4	2	100	0	5500	40	2	75	78	0
177	5	2	100	0	6500	50	2	75	79	0
178	6	2	100	0	7500	60	2	75	80	0
179	7	2	100	0	8500	70	2	75	81	0
180	8	2	100	0	9500	80	2	75	82	0
181	9	2	100	0	10500	90	2	75	83	0
182	10	2	100	0	11500	100	2	75	84	0
183	11	2	100	0	12500	110	2	75	85	1
184	12	2	100	0	13500	120	2	85	86	0
185	13	2	100	0	14500	130	2	85	87	0
186	14	2	100	0	15500	140	2	85	88	0
187	15	2	100	0	16500	150	2	85	89	0
188	16	2	100	0	17500	160	2	85	90	0
189	17	2	100	0	18500	170	2	85	91	0
190	18	2	100	0	19500	180	2	85	92	0
191	19	2	100	0	20500	190	2	85	93	0
192	20	2	100	0	21500	200	2	85	94	0
193	21	2	100	0	22500	210	2	85	95	1
194	22	2	100	0	23500	220	2	95	96	0
195	23	2	100	0	24500	230	2	95	97	0
196	24	2	100	0	25500	240	2	95	98	0
197	25	2	100	0	26500	250	2	95	99	0
198	26	2	100	0	27500	260	2	95	100	0
199	27	2	100	0	28500	270	2	95	101	0
200	28	2	100	0	29500	280	2	95	102	0
201	29	2	100	0	30500	290	2	95	103	0
202	30	2	100	0	31500	300	2	95	104	0
203	31	2	100	0	32500	310	2	95	105	1
204	32	2	100	0	33500	320	2	105	106	0
205	33	2	100	0	34500	330	2	105	107	0
206	34	2	100	0	35500	340	2	105	108	0
207	35	2	100	0	36500	350	2	105	109	0
208	36	2	100	0	37500	360	2	105	110	0
209	37	2	100	0	38500	370	2	105	111	0
210	38	2	100	0	39500	380	2	105	112	0
211	39	2	100	0	40500	390	2	105	113	0
212	40	2	100	0	41500	400	2	105	114	0
213	41	2	100	0	42500	410	2	105	115	1
214	42	2	100	0	43500	420	2	115	116	0
215	43	2	100	0	44500	430	2	115	117	0
216	44	2	100	0	45500	440	2	115	118	0
217	45	2	100	0	46500	450	2	115	119	0
218	46	2	100	0	47500	460	2	115	120	0
219	47	2	100	0	48500	470	2	115	121	0
220	48	2	100	0	50000	480	2	115	122	0
221	49	2	100	0	50000	490	2	115	123	0
222	50	2	100	0	50000	500	2	115	124	0
223	51	2	100	0	50000	510	2	115	125	0
224	52	2	100	0	50000	520	2	115	126	0
225	53	2	100	0	50000	530	2	115	127	0
226	54	2	100	0	50000	540	2	115	128	0
227	55	2	100	0	50000	550	2	115	129	0
228	56	2	100	0	50000	560	2	115	130	0
229	57	2	100	0	50000	570	2	115	131	0
230	58	2	100	0	50000	580	2	115	132	0
231	59	2	100	0	50000	590	2	115	133	0
232	60	2	100	0	50000	600	2	115	134	0
233	61	2	100	0	50000	610	2	115	135	0
234	62	2	100	0	50000	620	2	115	136	0
235	63	2	100	0	50000	630	2	115	137	0
236	64	2	100	0	50000	640	2	115	138	0
237	65	2	100	0	50000	650	2	115	139	0
238	66	2	100	0	50000	660	2	115	140	0
239	67	2	100	0	50000	670	2	115	141	0
240	68	2	100	0	50000	680	2	115	142	0
241	69	2	100	0	50000	690	2	115	143	0
242	70	2	100	0	50000	700	2	115	144	0
243	71	2	100	0	50000	710	2	115	145	0
244	72	2	100	0	50000	720	2	115	146	0
245	73	2	100	0	50000	730	2	115	147	0
246	74	2	100	0	50000	740	2	115	148	0
247	75	2	100	0	50000	750	2	115	149	0
248	76	2	100	0	50000	760	2	115	150	0
249	77	2	100	0	50000	770	2	115	151	0
250	78	2	100	0	50000	780	2	115	152	0
251	79	2	100	0	50000	790	2	115	153	0
252	80	2	100	0	50000	800	2	115	154	0
253	81	2	100	0	50000	810	2	115	155	0
254	82	2	100	0	50000	820	2	115	156	0
255	83	2	100	0	50000	830	2	115	157	0
256	84	2	100	0	50000	840	2	115	158	0
257	85	2	100	0	50000	850	2	115	159	0
258	86	2	100	0	50000	860	2	115	160	0
259	1	3	100	0	2500	10	2	75	75	0
260	2	3	100	0	3500	20	2	75	76	0
261	3	3	100	0	4500	30	2	75	77	0
262	4	3	100	0	5500	40	2	75	78	0
263	5	3	100	0	6500	50	2	75	79	0
264	6	3	100	0	7500	60	2	75	80	0
265	7	3	100	0	8500	70	2	75	81	0
266	8	3	100	0	9500	80	2	75	82	0
267	9	3	100	0	10500	90	2	75	83	0
268	10	3	100	0	11500	100	2	75	84	0
269	11	3	100	0	12500	110	2	75	85	1
270	12	3	100	0	13500	120	2	85	86	0
271	13	3	100	0	14500	130	2	85	87	0
272	14	3	100	0	15500	140	2	85	88	0
273	15	3	100	0	16500	150	2	85	89	0
274	16	3	100	0	17500	160	2	85	90	0
275	17	3	100	0	18500	170	2	85	91	0
276	18	3	100	0	19500	180	2	85	92	0
277	19	3	100	0	20500	190	2	85	93	0
278	20	3	100	0	21500	200	2	85	94	0
279	21	3	100	0	22500	210	2	85	95	1
280	22	3	100	0	23500	220	2	95	96	0
281	23	3	100	0	24500	230	2	95	97	0
282	24	3	100	0	25500	240	2	95	98	0
283	25	3	100	0	26500	250	2	95	99	0
284	26	3	100	0	27500	260	2	95	100	0
285	27	3	100	0	28500	270	2	95	101	0
286	28	3	100	0	29500	280	2	95	102	0
287	29	3	100	0	30500	290	2	95	103	0
288	30	3	100	0	31500	300	2	95	104	0
289	31	3	100	0	32500	310	2	95	105	1
290	32	3	100	0	33500	320	2	105	106	0
291	33	3	100	0	34500	330	2	105	107	0
292	34	3	100	0	35500	340	2	105	108	0
293	35	3	100	0	36500	350	2	105	109	0
294	36	3	100	0	37500	360	2	105	110	0
295	37	3	100	0	38500	370	2	105	111	0
296	38	3	100	0	39500	380	2	105	112	0
297	39	3	100	0	40500	390	2	105	113	0
298	40	3	100	0	41500	400	2	105	114	0
299	41	3	100	0	42500	410	2	105	115	1
300	42	3	100	0	43500	420	2	115	116	0
301	43	3	100	0	44500	430	2	115	117	0
302	44	3	100	0	45500	440	2	115	118	0
303	45	3	100	0	46500	450	2	115	119	0
304	46	3	100	0	47500	460	2	115	120	0
305	47	3	100	0	48500	470	2	115	121	0
306	48	3	100	0	50000	480	2	115	122	0
307	49	3	100	0	50000	490	2	115	123	0
308	50	3	100	0	50000	500	2	115	124	0
309	51	3	100	0	50000	510	2	115	125	0
310	52	3	100	0	50000	520	2	115	126	0
311	53	3	100	0	50000	530	2	115	127	0
312	54	3	100	0	50000	540	2	115	128	0
313	55	3	100	0	50000	550	2	115	129	0
314	56	3	100	0	50000	560	2	115	130	0
315	57	3	100	0	50000	570	2	115	131	0
316	58	3	100	0	50000	580	2	115	132	0
317	59	3	100	0	50000	590	2	115	133	0
318	60	3	100	0	50000	600	2	115	134	0
319	61	3	100	0	50000	610	2	115	135	0
320	62	3	100	0	50000	620	2	115	136	0
321	63	3	100	0	50000	630	2	115	137	0
322	64	3	100	0	50000	640	2	115	138	0
323	65	3	100	0	50000	650	2	115	139	0
324	66	3	100	0	50000	660	2	115	140	0
325	67	3	100	0	50000	670	2	115	141	0
326	68	3	100	0	50000	680	2	115	142	0
327	69	3	100	0	50000	690	2	115	143	0
328	70	3	100	0	50000	700	2	115	144	0
329	71	3	100	0	50000	710	2	115	145	0
330	72	3	100	0	50000	720	2	115	146	0
331	73	3	100	0	50000	730	2	115	147	0
332	74	3	100	0	50000	740	2	115	148	0
333	75	3	100	0	50000	750	2	115	149	0
334	76	3	100	0	50000	760	2	115	150	0
335	77	3	100	0	50000	770	2	115	151	0
336	78	3	100	0	50000	780	2	115	152	0
337	79	3	100	0	50000	790	2	115	153	0
338	80	3	100	0	50000	800	2	115	154	0
339	81	3	100	0	50000	810	2	115	155	0
340	82	3	100	0	50000	820	2	115	156	0
341	83	3	100	0	50000	830	2	115	157	0
342	84	3	100	0	50000	840	2	115	158	0
343	85	3	100	0	50000	850	2	115	159	0
344	86	3	100	0	50000	860	2	115	160	0
345	1	4	100	0	2500	10	2	75	75	0
346	2	4	100	0	3500	20	2	75	76	0
347	3	4	100	0	4500	30	2	75	77	0
348	4	4	100	0	5500	40	2	75	78	0
349	5	4	100	0	6500	50	2	75	79	0
350	6	4	100	0	7500	60	2	75	80	0
351	7	4	100	0	8500	70	2	75	81	0
352	8	4	100	0	9500	80	2	75	82	0
353	9	4	100	0	10500	90	2	75	83	0
354	10	4	100	0	11500	100	2	75	84	0
355	11	4	100	0	12500	110	2	75	85	1
356	12	4	100	0	13500	120	2	85	86	0
357	13	4	100	0	14500	130	2	85	87	0
358	14	4	100	0	15500	140	2	85	88	0
359	15	4	100	0	16500	150	2	85	89	0
360	16	4	100	0	17500	160	2	85	90	0
361	17	4	100	0	18500	170	2	85	91	0
362	18	4	100	0	19500	180	2	85	92	0
363	19	4	100	0	20500	190	2	85	93	0
364	20	4	100	0	21500	200	2	85	94	0
365	21	4	100	0	22500	210	2	85	95	1
366	22	4	100	0	23500	220	2	95	96	0
367	23	4	100	0	24500	230	2	95	97	0
368	24	4	100	0	25500	240	2	95	98	0
369	25	4	100	0	26500	250	2	95	99	0
370	26	4	100	0	27500	260	2	95	100	0
371	27	4	100	0	28500	270	2	95	101	0
372	28	4	100	0	29500	280	2	95	102	0
373	29	4	100	0	30500	290	2	95	103	0
374	30	4	100	0	31500	300	2	95	104	0
375	31	4	100	0	32500	310	2	95	105	1
376	32	4	100	0	33500	320	2	105	106	0
377	33	4	100	0	34500	330	2	105	107	0
378	34	4	100	0	35500	340	2	105	108	0
379	35	4	100	0	36500	350	2	105	109	0
380	36	4	100	0	37500	360	2	105	110	0
381	37	4	100	0	38500	370	2	105	111	0
382	38	4	100	0	39500	380	2	105	112	0
383	39	4	100	0	40500	390	2	105	113	0
384	40	4	100	0	41500	400	2	105	114	0
385	41	4	100	0	42500	410	2	105	115	1
386	42	4	100	0	43500	420	2	115	116	0
387	43	4	100	0	44500	430	2	115	117	0
388	44	4	100	0	45500	440	2	115	118	0
389	45	4	100	0	46500	450	2	115	119	0
390	46	4	100	0	47500	460	2	115	120	0
391	47	4	100	0	48500	470	2	115	121	0
392	48	4	100	0	50000	480	2	115	122	0
393	49	4	100	0	50000	490	2	115	123	0
394	50	4	100	0	50000	500	2	115	124	0
395	51	4	100	0	50000	510	2	115	125	0
396	52	4	100	0	50000	520	2	115	126	0
397	53	4	100	0	50000	530	2	115	127	0
398	54	4	100	0	50000	540	2	115	128	0
399	55	4	100	0	50000	550	2	115	129	0
400	56	4	100	0	50000	560	2	115	130	0
401	57	4	100	0	50000	570	2	115	131	0
402	58	4	100	0	50000	580	2	115	132	0
403	59	4	100	0	50000	590	2	115	133	0
404	60	4	100	0	50000	600	2	115	134	0
405	61	4	100	0	50000	610	2	115	135	0
406	62	4	100	0	50000	620	2	115	136	0
407	63	4	100	0	50000	630	2	115	137	0
408	64	4	100	0	50000	640	2	115	138	0
409	65	4	100	0	50000	650	2	115	139	0
410	66	4	100	0	50000	660	2	115	140	0
411	67	4	100	0	50000	670	2	115	141	0
412	68	4	100	0	50000	680	2	115	142	0
413	69	4	100	0	50000	690	2	115	143	0
414	70	4	100	0	50000	700	2	115	144	0
415	71	4	100	0	50000	710	2	115	145	0
416	72	4	100	0	50000	720	2	115	146	0
417	73	4	100	0	50000	730	2	115	147	0
418	74	4	100	0	50000	740	2	115	148	0
419	75	4	100	0	50000	750	2	115	149	0
420	76	4	100	0	50000	760	2	115	150	0
421	77	4	100	0	50000	770	2	115	151	0
422	78	4	100	0	50000	780	2	115	152	0
423	79	4	100	0	50000	790	2	115	153	0
424	80	4	100	0	50000	800	2	115	154	0
425	81	4	100	0	50000	810	2	115	155	0
426	82	4	100	0	50000	820	2	115	156	0
427	83	4	100	0	50000	830	2	115	157	0
428	84	4	100	0	50000	840	2	115	158	0
429	85	4	100	0	50000	850	2	115	159	0
430	86	4	100	0	50000	860	2	115	160	0
431	1	5	100	0	2500	10	2	75	75	0
432	2	5	100	0	3500	20	2	75	76	0
433	3	5	100	0	4500	30	2	75	77	0
434	4	5	100	0	5500	40	2	75	78	0
435	5	5	100	0	6500	50	2	75	79	0
436	6	5	100	0	7500	60	2	75	80	0
437	7	5	100	0	8500	70	2	75	81	0
438	8	5	100	0	9500	80	2	75	82	0
439	9	5	100	0	10500	90	2	75	83	0
440	10	5	100	0	11500	100	2	75	84	0
441	11	5	100	0	12500	110	2	75	85	1
442	12	5	100	0	13500	120	2	85	86	0
443	13	5	100	0	14500	130	2	85	87	0
444	14	5	100	0	15500	140	2	85	88	0
445	15	5	100	0	16500	150	2	85	89	0
446	16	5	100	0	17500	160	2	85	90	0
447	17	5	100	0	18500	170	2	85	91	0
448	18	5	100	0	19500	180	2	85	92	0
449	19	5	100	0	20500	190	2	85	93	0
450	20	5	100	0	21500	200	2	85	94	0
451	21	5	100	0	22500	210	2	85	95	1
452	22	5	100	0	23500	220	2	95	96	0
453	23	5	100	0	24500	230	2	95	97	0
454	24	5	100	0	25500	240	2	95	98	0
455	25	5	100	0	26500	250	2	95	99	0
456	26	5	100	0	27500	260	2	95	100	0
457	27	5	100	0	28500	270	2	95	101	0
458	28	5	100	0	29500	280	2	95	102	0
459	29	5	100	0	30500	290	2	95	103	0
460	30	5	100	0	31500	300	2	95	104	0
461	31	5	100	0	32500	310	2	95	105	1
462	32	5	100	0	33500	320	2	105	106	0
463	33	5	100	0	34500	330	2	105	107	0
464	34	5	100	0	35500	340	2	105	108	0
465	35	5	100	0	36500	350	2	105	109	0
466	36	5	100	0	37500	360	2	105	110	0
467	37	5	100	0	38500	370	2	105	111	0
468	38	5	100	0	39500	380	2	105	112	0
469	39	5	100	0	40500	390	2	105	113	0
470	40	5	100	0	41500	400	2	105	114	0
471	41	5	100	0	42500	410	2	105	115	1
472	42	5	100	0	43500	420	2	115	116	0
473	43	5	100	0	44500	430	2	115	117	0
474	44	5	100	0	45500	440	2	115	118	0
475	45	5	100	0	46500	450	2	115	119	0
476	46	5	100	0	47500	460	2	115	120	0
477	47	5	100	0	48500	470	2	115	121	0
478	48	5	100	0	50000	480	2	115	122	0
479	49	5	100	0	50000	490	2	115	123	0
480	50	5	100	0	50000	500	2	115	124	0
481	51	5	100	0	50000	510	2	115	125	0
482	52	5	100	0	50000	520	2	115	126	0
483	53	5	100	0	50000	530	2	115	127	0
484	54	5	100	0	50000	540	2	115	128	0
485	55	5	100	0	50000	550	2	115	129	0
486	56	5	100	0	50000	560	2	115	130	0
487	57	5	100	0	50000	570	2	115	131	0
488	58	5	100	0	50000	580	2	115	132	0
489	59	5	100	0	50000	590	2	115	133	0
490	60	5	100	0	50000	600	2	115	134	0
491	61	5	100	0	50000	610	2	115	135	0
492	62	5	100	0	50000	620	2	115	136	0
493	63	5	100	0	50000	630	2	115	137	0
494	64	5	100	0	50000	640	2	115	138	0
495	65	5	100	0	50000	650	2	115	139	0
496	66	5	100	0	50000	660	2	115	140	0
497	67	5	100	0	50000	670	2	115	141	0
498	68	5	100	0	50000	680	2	115	142	0
499	69	5	100	0	50000	690	2	115	143	0
500	70	5	100	0	50000	700	2	115	144	0
501	71	5	100	0	50000	710	2	115	145	0
502	72	5	100	0	50000	720	2	115	146	0
503	73	5	100	0	50000	730	2	115	147	0
504	74	5	100	0	50000	740	2	115	148	0
505	75	5	100	0	50000	750	2	115	149	0
506	76	5	100	0	50000	760	2	115	150	0
507	77	5	100	0	50000	770	2	115	151	0
508	78	5	100	0	50000	780	2	115	152	0
509	79	5	100	0	50000	790	2	115	153	0
510	80	5	100	0	50000	800	2	115	154	0
511	81	5	100	0	50000	810	2	115	155	0
512	82	5	100	0	50000	820	2	115	156	0
513	83	5	100	0	50000	830	2	115	157	0
514	84	5	100	0	50000	840	2	115	158	0
515	85	5	100	0	50000	850	2	115	159	0
516	86	5	100	0	50000	860	2	115	160	0
517	1	6	100	0	2500	10	2	75	75	0
518	2	6	100	0	3500	20	2	75	76	0
519	3	6	100	0	4500	30	2	75	77	0
520	4	6	100	0	5500	40	2	75	78	0
521	5	6	100	0	6500	50	2	75	79	0
522	6	6	100	0	7500	60	2	75	80	0
523	7	6	100	0	8500	70	2	75	81	0
524	8	6	100	0	9500	80	2	75	82	0
525	9	6	100	0	10500	90	2	75	83	0
526	10	6	100	0	11500	100	2	75	84	0
527	11	6	100	0	12500	110	2	75	85	1
528	12	6	100	0	13500	120	2	85	86	0
529	13	6	100	0	14500	130	2	85	87	0
530	14	6	100	0	15500	140	2	85	88	0
531	15	6	100	0	16500	150	2	85	89	0
532	16	6	100	0	17500	160	2	85	90	0
533	17	6	100	0	18500	170	2	85	91	0
534	18	6	100	0	19500	180	2	85	92	0
535	19	6	100	0	20500	190	2	85	93	0
536	20	6	100	0	21500	200	2	85	94	0
537	21	6	100	0	22500	210	2	85	95	1
538	22	6	100	0	23500	220	2	95	96	0
539	23	6	100	0	24500	230	2	95	97	0
540	24	6	100	0	25500	240	2	95	98	0
541	25	6	100	0	26500	250	2	95	99	0
542	26	6	100	0	27500	260	2	95	100	0
543	27	6	100	0	28500	270	2	95	101	0
544	28	6	100	0	29500	280	2	95	102	0
545	29	6	100	0	30500	290	2	95	103	0
546	30	6	100	0	31500	300	2	95	104	0
547	31	6	100	0	32500	310	2	95	105	1
548	32	6	100	0	33500	320	2	105	106	0
549	33	6	100	0	34500	330	2	105	107	0
550	34	6	100	0	35500	340	2	105	108	0
551	35	6	100	0	36500	350	2	105	109	0
552	36	6	100	0	37500	360	2	105	110	0
553	37	6	100	0	38500	370	2	105	111	0
554	38	6	100	0	39500	380	2	105	112	0
555	39	6	100	0	40500	390	2	105	113	0
556	40	6	100	0	41500	400	2	105	114	0
557	41	6	100	0	42500	410	2	105	115	1
558	42	6	100	0	43500	420	2	115	116	0
559	43	6	100	0	44500	430	2	115	117	0
560	44	6	100	0	45500	440	2	115	118	0
561	45	6	100	0	46500	450	2	115	119	0
562	46	6	100	0	47500	460	2	115	120	0
563	47	6	100	0	48500	470	2	115	121	0
564	48	6	100	0	50000	480	2	115	122	0
565	49	6	100	0	50000	490	2	115	123	0
566	50	6	100	0	50000	500	2	115	124	0
567	51	6	100	0	50000	510	2	115	125	0
568	52	6	100	0	50000	520	2	115	126	0
569	53	6	100	0	50000	530	2	115	127	0
570	54	6	100	0	50000	540	2	115	128	0
571	55	6	100	0	50000	550	2	115	129	0
572	56	6	100	0	50000	560	2	115	130	0
573	57	6	100	0	50000	570	2	115	131	0
574	58	6	100	0	50000	580	2	115	132	0
575	59	6	100	0	50000	590	2	115	133	0
576	60	6	100	0	50000	600	2	115	134	0
577	61	6	100	0	50000	610	2	115	135	0
578	62	6	100	0	50000	620	2	115	136	0
579	63	6	100	0	50000	630	2	115	137	0
580	64	6	100	0	50000	640	2	115	138	0
581	65	6	100	0	50000	650	2	115	139	0
582	66	6	100	0	50000	660	2	115	140	0
583	67	6	100	0	50000	670	2	115	141	0
584	68	6	100	0	50000	680	2	115	142	0
585	69	6	100	0	50000	690	2	115	143	0
586	70	6	100	0	50000	700	2	115	144	0
587	71	6	100	0	50000	710	2	115	145	0
588	72	6	100	0	50000	720	2	115	146	0
589	73	6	100	0	50000	730	2	115	147	0
590	74	6	100	0	50000	740	2	115	148	0
591	75	6	100	0	50000	750	2	115	149	0
592	76	6	100	0	50000	760	2	115	150	0
593	77	6	100	0	50000	770	2	115	151	0
594	78	6	100	0	50000	780	2	115	152	0
595	79	6	100	0	50000	790	2	115	153	0
596	80	6	100	0	50000	800	2	115	154	0
597	81	6	100	0	50000	810	2	115	155	0
598	82	6	100	0	50000	820	2	115	156	0
599	83	6	100	0	50000	830	2	115	157	0
600	84	6	100	0	50000	840	2	115	158	0
601	85	6	100	0	50000	850	2	115	159	0
602	86	6	100	0	50000	860	2	115	160	0
603	1	7	100	0	2500	10	2	75	75	0
604	2	7	100	0	3500	20	2	75	76	0
605	3	7	100	0	4500	30	2	75	77	0
606	4	7	100	0	5500	40	2	75	78	0
607	5	7	100	0	6500	50	2	75	79	0
608	6	7	100	0	7500	60	2	75	80	0
609	7	7	100	0	8500	70	2	75	81	0
610	8	7	100	0	9500	80	2	75	82	0
611	9	7	100	0	10500	90	2	75	83	0
612	10	7	100	0	11500	100	2	75	84	0
613	11	7	100	0	12500	110	2	75	85	1
614	12	7	100	0	13500	120	2	85	86	0
615	13	7	100	0	14500	130	2	85	87	0
616	14	7	100	0	15500	140	2	85	88	0
617	15	7	100	0	16500	150	2	85	89	0
618	16	7	100	0	17500	160	2	85	90	0
619	17	7	100	0	18500	170	2	85	91	0
620	18	7	100	0	19500	180	2	85	92	0
621	19	7	100	0	20500	190	2	85	93	0
622	20	7	100	0	21500	200	2	85	94	0
623	21	7	100	0	22500	210	2	85	95	1
624	22	7	100	0	23500	220	2	95	96	0
625	23	7	100	0	24500	230	2	95	97	0
626	24	7	100	0	25500	240	2	95	98	0
627	25	7	100	0	26500	250	2	95	99	0
628	26	7	100	0	27500	260	2	95	100	0
629	27	7	100	0	28500	270	2	95	101	0
630	28	7	100	0	29500	280	2	95	102	0
631	29	7	100	0	30500	290	2	95	103	0
632	30	7	100	0	31500	300	2	95	104	0
633	31	7	100	0	32500	310	2	95	105	1
634	32	7	100	0	33500	320	2	105	106	0
635	33	7	100	0	34500	330	2	105	107	0
636	34	7	100	0	35500	340	2	105	108	0
637	35	7	100	0	36500	350	2	105	109	0
638	36	7	100	0	37500	360	2	105	110	0
639	37	7	100	0	38500	370	2	105	111	0
640	38	7	100	0	39500	380	2	105	112	0
641	39	7	100	0	40500	390	2	105	113	0
642	40	7	100	0	41500	400	2	105	114	0
643	41	7	100	0	42500	410	2	105	115	1
644	42	7	100	0	43500	420	2	115	116	0
645	43	7	100	0	44500	430	2	115	117	0
646	44	7	100	0	45500	440	2	115	118	0
647	45	7	100	0	46500	450	2	115	119	0
648	46	7	100	0	47500	460	2	115	120	0
649	47	7	100	0	48500	470	2	115	121	0
650	48	7	100	0	50000	480	2	115	122	0
651	49	7	100	0	50000	490	2	115	123	0
652	50	7	100	0	50000	500	2	115	124	0
653	51	7	100	0	50000	510	2	115	125	0
654	52	7	100	0	50000	520	2	115	126	0
655	53	7	100	0	50000	530	2	115	127	0
656	54	7	100	0	50000	540	2	115	128	0
657	55	7	100	0	50000	550	2	115	129	0
658	56	7	100	0	50000	560	2	115	130	0
659	57	7	100	0	50000	570	2	115	131	0
660	58	7	100	0	50000	580	2	115	132	0
661	59	7	100	0	50000	590	2	115	133	0
662	60	7	100	0	50000	600	2	115	134	0
663	61	7	100	0	50000	610	2	115	135	0
664	62	7	100	0	50000	620	2	115	136	0
665	63	7	100	0	50000	630	2	115	137	0
666	64	7	100	0	50000	640	2	115	138	0
667	65	7	100	0	50000	650	2	115	139	0
668	66	7	100	0	50000	660	2	115	140	0
669	67	7	100	0	50000	670	2	115	141	0
670	68	7	100	0	50000	680	2	115	142	0
671	69	7	100	0	50000	690	2	115	143	0
672	70	7	100	0	50000	700	2	115	144	0
673	71	7	100	0	50000	710	2	115	145	0
674	72	7	100	0	50000	720	2	115	146	0
675	73	7	100	0	50000	730	2	115	147	0
676	74	7	100	0	50000	740	2	115	148	0
677	75	7	100	0	50000	750	2	115	149	0
678	76	7	100	0	50000	760	2	115	150	0
679	77	7	100	0	50000	770	2	115	151	0
680	78	7	100	0	50000	780	2	115	152	0
681	79	7	100	0	50000	790	2	115	153	0
682	80	7	100	0	50000	800	2	115	154	0
683	81	7	100	0	50000	810	2	115	155	0
684	82	7	100	0	50000	820	2	115	156	0
685	83	7	100	0	50000	830	2	115	157	0
686	84	7	100	0	50000	840	2	115	158	0
687	85	7	100	0	50000	850	2	115	159	0
688	86	7	100	0	50000	860	2	115	160	0
689	1	8	100	0	2500	10	2	75	75	0
690	2	8	100	0	3500	20	2	75	76	0
691	3	8	100	0	4500	30	2	75	77	0
692	4	8	100	0	5500	40	2	75	78	0
693	5	8	100	0	6500	50	2	75	79	0
694	6	8	100	0	7500	60	2	75	80	0
695	7	8	100	0	8500	70	2	75	81	0
696	8	8	100	0	9500	80	2	75	82	0
697	9	8	100	0	10500	90	2	75	83	0
698	10	8	100	0	11500	100	2	75	84	0
699	11	8	100	0	12500	110	2	75	85	1
700	12	8	100	0	13500	120	2	85	86	0
701	13	8	100	0	14500	130	2	85	87	0
702	14	8	100	0	15500	140	2	85	88	0
703	15	8	100	0	16500	150	2	85	89	0
704	16	8	100	0	17500	160	2	85	90	0
705	17	8	100	0	18500	170	2	85	91	0
706	18	8	100	0	19500	180	2	85	92	0
707	19	8	100	0	20500	190	2	85	93	0
708	20	8	100	0	21500	200	2	85	94	0
709	21	8	100	0	22500	210	2	85	95	1
710	22	8	100	0	23500	220	2	95	96	0
711	23	8	100	0	24500	230	2	95	97	0
712	24	8	100	0	25500	240	2	95	98	0
713	25	8	100	0	26500	250	2	95	99	0
714	26	8	100	0	27500	260	2	95	100	0
715	27	8	100	0	28500	270	2	95	101	0
716	28	8	100	0	29500	280	2	95	102	0
717	29	8	100	0	30500	290	2	95	103	0
718	30	8	100	0	31500	300	2	95	104	0
719	31	8	100	0	32500	310	2	95	105	1
720	32	8	100	0	33500	320	2	105	106	0
721	33	8	100	0	34500	330	2	105	107	0
722	34	8	100	0	35500	340	2	105	108	0
723	35	8	100	0	36500	350	2	105	109	0
724	36	8	100	0	37500	360	2	105	110	0
725	37	8	100	0	38500	370	2	105	111	0
726	38	8	100	0	39500	380	2	105	112	0
727	39	8	100	0	40500	390	2	105	113	0
728	40	8	100	0	41500	400	2	105	114	0
729	41	8	100	0	42500	410	2	105	115	1
730	42	8	100	0	43500	420	2	115	116	0
731	43	8	100	0	44500	430	2	115	117	0
732	44	8	100	0	45500	440	2	115	118	0
733	45	8	100	0	46500	450	2	115	119	0
734	46	8	100	0	47500	460	2	115	120	0
735	47	8	100	0	48500	470	2	115	121	0
736	48	8	100	0	50000	480	2	115	122	0
737	49	8	100	0	50000	490	2	115	123	0
738	50	8	100	0	50000	500	2	115	124	0
739	51	8	100	0	50000	510	2	115	125	0
740	52	8	100	0	50000	520	2	115	126	0
741	53	8	100	0	50000	530	2	115	127	0
742	54	8	100	0	50000	540	2	115	128	0
743	55	8	100	0	50000	550	2	115	129	0
744	56	8	100	0	50000	560	2	115	130	0
745	57	8	100	0	50000	570	2	115	131	0
746	58	8	100	0	50000	580	2	115	132	0
747	59	8	100	0	50000	590	2	115	133	0
748	60	8	100	0	50000	600	2	115	134	0
749	61	8	100	0	50000	610	2	115	135	0
750	62	8	100	0	50000	620	2	115	136	0
751	63	8	100	0	50000	630	2	115	137	0
752	64	8	100	0	50000	640	2	115	138	0
753	65	8	100	0	50000	650	2	115	139	0
754	66	8	100	0	50000	660	2	115	140	0
755	67	8	100	0	50000	670	2	115	141	0
756	68	8	100	0	50000	680	2	115	142	0
757	69	8	100	0	50000	690	2	115	143	0
758	70	8	100	0	50000	700	2	115	144	0
759	71	8	100	0	50000	710	2	115	145	0
760	72	8	100	0	50000	720	2	115	146	0
761	73	8	100	0	50000	730	2	115	147	0
762	74	8	100	0	50000	740	2	115	148	0
763	75	8	100	0	50000	750	2	115	149	0
764	76	8	100	0	50000	760	2	115	150	0
765	77	8	100	0	50000	770	2	115	151	0
766	78	8	100	0	50000	780	2	115	152	0
767	79	8	100	0	50000	790	2	115	153	0
768	80	8	100	0	50000	800	2	115	154	0
769	81	8	100	0	50000	810	2	115	155	0
770	82	8	100	0	50000	820	2	115	156	0
771	83	8	100	0	50000	830	2	115	157	0
772	84	8	100	0	50000	840	2	115	158	0
773	85	8	100	0	50000	850	2	115	159	0
774	86	8	100	0	50000	860	2	115	160	0
775	1	9	100	0	2500	10	2	75	75	0
776	2	9	100	0	3500	20	2	75	76	0
777	3	9	100	0	4500	30	2	75	77	0
778	4	9	100	0	5500	40	2	75	78	0
779	5	9	100	0	6500	50	2	75	79	0
780	6	9	100	0	7500	60	2	75	80	0
781	7	9	100	0	8500	70	2	75	81	0
782	8	9	100	0	9500	80	2	75	82	0
783	9	9	100	0	10500	90	2	75	83	0
784	10	9	100	0	11500	100	2	75	84	0
785	11	9	100	0	12500	110	2	75	85	1
786	12	9	100	0	13500	120	2	85	86	0
787	13	9	100	0	14500	130	2	85	87	0
788	14	9	100	0	15500	140	2	85	88	0
789	15	9	100	0	16500	150	2	85	89	0
790	16	9	100	0	17500	160	2	85	90	0
791	17	9	100	0	18500	170	2	85	91	0
792	18	9	100	0	19500	180	2	85	92	0
793	19	9	100	0	20500	190	2	85	93	0
794	20	9	100	0	21500	200	2	85	94	0
795	21	9	100	0	22500	210	2	85	95	1
796	22	9	100	0	23500	220	2	95	96	0
797	23	9	100	0	24500	230	2	95	97	0
798	24	9	100	0	25500	240	2	95	98	0
799	25	9	100	0	26500	250	2	95	99	0
800	26	9	100	0	27500	260	2	95	100	0
801	27	9	100	0	28500	270	2	95	101	0
802	28	9	100	0	29500	280	2	95	102	0
803	29	9	100	0	30500	290	2	95	103	0
804	30	9	100	0	31500	300	2	95	104	0
805	31	9	100	0	32500	310	2	95	105	1
806	32	9	100	0	33500	320	2	105	106	0
807	33	9	100	0	34500	330	2	105	107	0
808	34	9	100	0	35500	340	2	105	108	0
809	35	9	100	0	36500	350	2	105	109	0
810	36	9	100	0	37500	360	2	105	110	0
811	37	9	100	0	38500	370	2	105	111	0
812	38	9	100	0	39500	380	2	105	112	0
813	39	9	100	0	40500	390	2	105	113	0
814	40	9	100	0	41500	400	2	105	114	0
815	41	9	100	0	42500	410	2	105	115	1
816	42	9	100	0	43500	420	2	115	116	0
817	43	9	100	0	44500	430	2	115	117	0
818	44	9	100	0	45500	440	2	115	118	0
819	45	9	100	0	46500	450	2	115	119	0
820	46	9	100	0	47500	460	2	115	120	0
821	47	9	100	0	48500	470	2	115	121	0
822	48	9	100	0	50000	480	2	115	122	0
823	49	9	100	0	50000	490	2	115	123	0
824	50	9	100	0	50000	500	2	115	124	0
825	51	9	100	0	50000	510	2	115	125	0
826	52	9	100	0	50000	520	2	115	126	0
827	53	9	100	0	50000	530	2	115	127	0
828	54	9	100	0	50000	540	2	115	128	0
829	55	9	100	0	50000	550	2	115	129	0
830	56	9	100	0	50000	560	2	115	130	0
831	57	9	100	0	50000	570	2	115	131	0
832	58	9	100	0	50000	580	2	115	132	0
833	59	9	100	0	50000	590	2	115	133	0
834	60	9	100	0	50000	600	2	115	134	0
835	61	9	100	0	50000	610	2	115	135	0
836	62	9	100	0	50000	620	2	115	136	0
837	63	9	100	0	50000	630	2	115	137	0
838	64	9	100	0	50000	640	2	115	138	0
839	65	9	100	0	50000	650	2	115	139	0
840	66	9	100	0	50000	660	2	115	140	0
841	67	9	100	0	50000	670	2	115	141	0
842	68	9	100	0	50000	680	2	115	142	0
843	69	9	100	0	50000	690	2	115	143	0
844	70	9	100	0	50000	700	2	115	144	0
845	71	9	100	0	50000	710	2	115	145	0
846	72	9	100	0	50000	720	2	115	146	0
847	73	9	100	0	50000	730	2	115	147	0
848	74	9	100	0	50000	740	2	115	148	0
849	75	9	100	0	50000	750	2	115	149	0
850	76	9	100	0	50000	760	2	115	150	0
851	77	9	100	0	50000	770	2	115	151	0
852	78	9	100	0	50000	780	2	115	152	0
853	79	9	100	0	50000	790	2	115	153	0
854	80	9	100	0	50000	800	2	115	154	0
855	81	9	100	0	50000	810	2	115	155	0
856	82	9	100	0	50000	820	2	115	156	0
857	83	9	100	0	50000	830	2	115	157	0
858	84	9	100	0	50000	840	2	115	158	0
859	85	9	100	0	50000	850	2	115	159	0
860	86	9	100	0	50000	860	2	115	160	0
861	1	10	100	0	2500	10	2	75	75	0
862	2	10	100	0	3500	20	2	75	76	0
863	3	10	100	0	4500	30	2	75	77	0
864	4	10	100	0	5500	40	2	75	78	0
865	5	10	100	0	6500	50	2	75	79	0
866	6	10	100	0	7500	60	2	75	80	0
867	7	10	100	0	8500	70	2	75	81	0
868	8	10	100	0	9500	80	2	75	82	0
869	9	10	100	0	10500	90	2	75	83	0
870	10	10	100	0	11500	100	2	75	84	0
871	11	10	100	0	12500	110	2	75	85	1
872	12	10	100	0	13500	120	2	85	86	0
873	13	10	100	0	14500	130	2	85	87	0
874	14	10	100	0	15500	140	2	85	88	0
875	15	10	100	0	16500	150	2	85	89	0
876	16	10	100	0	17500	160	2	85	90	0
877	17	10	100	0	18500	170	2	85	91	0
878	18	10	100	0	19500	180	2	85	92	0
879	19	10	100	0	20500	190	2	85	93	0
880	20	10	100	0	21500	200	2	85	94	0
881	21	10	100	0	22500	210	2	85	95	1
882	22	10	100	0	23500	220	2	95	96	0
883	23	10	100	0	24500	230	2	95	97	0
884	24	10	100	0	25500	240	2	95	98	0
885	25	10	100	0	26500	250	2	95	99	0
886	26	10	100	0	27500	260	2	95	100	0
887	27	10	100	0	28500	270	2	95	101	0
888	28	10	100	0	29500	280	2	95	102	0
889	29	10	100	0	30500	290	2	95	103	0
890	30	10	100	0	31500	300	2	95	104	0
891	31	10	100	0	32500	310	2	95	105	1
892	32	10	100	0	33500	320	2	105	106	0
893	33	10	100	0	34500	330	2	105	107	0
894	34	10	100	0	35500	340	2	105	108	0
895	35	10	100	0	36500	350	2	105	109	0
896	36	10	100	0	37500	360	2	105	110	0
897	37	10	100	0	38500	370	2	105	111	0
898	38	10	100	0	39500	380	2	105	112	0
899	39	10	100	0	40500	390	2	105	113	0
900	40	10	100	0	41500	400	2	105	114	0
901	41	10	100	0	42500	410	2	105	115	1
902	42	10	100	0	43500	420	2	115	116	0
903	43	10	100	0	44500	430	2	115	117	0
904	44	10	100	0	45500	440	2	115	118	0
905	45	10	100	0	46500	450	2	115	119	0
906	46	10	100	0	47500	460	2	115	120	0
907	47	10	100	0	48500	470	2	115	121	0
908	48	10	100	0	50000	480	2	115	122	0
909	49	10	100	0	50000	490	2	115	123	0
910	50	10	100	0	50000	500	2	115	124	0
911	51	10	100	0	50000	510	2	115	125	0
912	52	10	100	0	50000	520	2	115	126	0
913	53	10	100	0	50000	530	2	115	127	0
914	54	10	100	0	50000	540	2	115	128	0
915	55	10	100	0	50000	550	2	115	129	0
916	56	10	100	0	50000	560	2	115	130	0
917	57	10	100	0	50000	570	2	115	131	0
918	58	10	100	0	50000	580	2	115	132	0
919	59	10	100	0	50000	590	2	115	133	0
920	60	10	100	0	50000	600	2	115	134	0
921	61	10	100	0	50000	610	2	115	135	0
922	62	10	100	0	50000	620	2	115	136	0
923	63	10	100	0	50000	630	2	115	137	0
924	64	10	100	0	50000	640	2	115	138	0
925	65	10	100	0	50000	650	2	115	139	0
926	66	10	100	0	50000	660	2	115	140	0
927	67	10	100	0	50000	670	2	115	141	0
928	68	10	100	0	50000	680	2	115	142	0
929	69	10	100	0	50000	690	2	115	143	0
930	70	10	100	0	50000	700	2	115	144	0
931	71	10	100	0	50000	710	2	115	145	0
932	72	10	100	0	50000	720	2	115	146	0
933	73	10	100	0	50000	730	2	115	147	0
934	74	10	100	0	50000	740	2	115	148	0
935	75	10	100	0	50000	750	2	115	149	0
936	76	10	100	0	50000	760	2	115	150	0
937	77	10	100	0	50000	770	2	115	151	0
938	78	10	100	0	50000	780	2	115	152	0
939	79	10	100	0	50000	790	2	115	153	0
940	80	10	100	0	50000	800	2	115	154	0
941	81	10	100	0	50000	810	2	115	155	0
942	82	10	100	0	50000	820	2	115	156	0
943	83	10	100	0	50000	830	2	115	157	0
944	84	10	100	0	50000	840	2	115	158	0
945	85	10	100	0	50000	850	2	115	159	0
946	86	10	100	0	50000	860	2	115	160	0
947	1	11	100	0	2500	10	2	75	75	0
948	2	11	100	0	3500	20	2	75	76	0
949	3	11	100	0	4500	30	2	75	77	0
950	4	11	100	0	5500	40	2	75	78	0
951	5	11	100	0	6500	50	2	75	79	0
952	6	11	100	0	7500	60	2	75	80	0
953	7	11	100	0	8500	70	2	75	81	0
954	8	11	100	0	9500	80	2	75	82	0
955	9	11	100	0	10500	90	2	75	83	0
956	10	11	100	0	11500	100	2	75	84	0
957	11	11	100	0	12500	110	2	75	85	1
958	12	11	100	0	13500	120	2	85	86	0
959	13	11	100	0	14500	130	2	85	87	0
960	14	11	100	0	15500	140	2	85	88	0
961	15	11	100	0	16500	150	2	85	89	0
962	16	11	100	0	17500	160	2	85	90	0
963	17	11	100	0	18500	170	2	85	91	0
964	18	11	100	0	19500	180	2	85	92	0
965	19	11	100	0	20500	190	2	85	93	0
966	20	11	100	0	21500	200	2	85	94	0
967	21	11	100	0	22500	210	2	85	95	1
968	22	11	100	0	23500	220	2	95	96	0
969	23	11	100	0	24500	230	2	95	97	0
970	24	11	100	0	25500	240	2	95	98	0
971	25	11	100	0	26500	250	2	95	99	0
972	26	11	100	0	27500	260	2	95	100	0
973	27	11	100	0	28500	270	2	95	101	0
974	28	11	100	0	29500	280	2	95	102	0
975	29	11	100	0	30500	290	2	95	103	0
976	30	11	100	0	31500	300	2	95	104	0
977	31	11	100	0	32500	310	2	95	105	1
978	32	11	100	0	33500	320	2	105	106	0
979	33	11	100	0	34500	330	2	105	107	0
980	34	11	100	0	35500	340	2	105	108	0
981	35	11	100	0	36500	350	2	105	109	0
982	36	11	100	0	37500	360	2	105	110	0
983	37	11	100	0	38500	370	2	105	111	0
984	38	11	100	0	39500	380	2	105	112	0
985	39	11	100	0	40500	390	2	105	113	0
986	40	11	100	0	41500	400	2	105	114	0
987	41	11	100	0	42500	410	2	105	115	1
988	42	11	100	0	43500	420	2	115	116	0
989	43	11	100	0	44500	430	2	115	117	0
990	44	11	100	0	45500	440	2	115	118	0
991	45	11	100	0	46500	450	2	115	119	0
992	46	11	100	0	47500	460	2	115	120	0
993	47	11	100	0	48500	470	2	115	121	0
994	48	11	100	0	50000	480	2	115	122	0
995	49	11	100	0	50000	490	2	115	123	0
996	50	11	100	0	50000	500	2	115	124	0
997	51	11	100	0	50000	510	2	115	125	0
998	52	11	100	0	50000	520	2	115	126	0
999	53	11	100	0	50000	530	2	115	127	0
1000	54	11	100	0	50000	540	2	115	128	0
1001	55	11	100	0	50000	550	2	115	129	0
1002	56	11	100	0	50000	560	2	115	130	0
1003	57	11	100	0	50000	570	2	115	131	0
1004	58	11	100	0	50000	580	2	115	132	0
1005	59	11	100	0	50000	590	2	115	133	0
1006	60	11	100	0	50000	600	2	115	134	0
1007	61	11	100	0	50000	610	2	115	135	0
1008	62	11	100	0	50000	620	2	115	136	0
1009	63	11	100	0	50000	630	2	115	137	0
1010	64	11	100	0	50000	640	2	115	138	0
1011	65	11	100	0	50000	650	2	115	139	0
1012	66	11	100	0	50000	660	2	115	140	0
1013	67	11	100	0	50000	670	2	115	141	0
1014	68	11	100	0	50000	680	2	115	142	0
1015	69	11	100	0	50000	690	2	115	143	0
1016	70	11	100	0	50000	700	2	115	144	0
1017	71	11	100	0	50000	710	2	115	145	0
1018	72	11	100	0	50000	720	2	115	146	0
1019	73	11	100	0	50000	730	2	115	147	0
1020	74	11	100	0	50000	740	2	115	148	0
1021	75	11	100	0	50000	750	2	115	149	0
1022	76	11	100	0	50000	760	2	115	150	0
1023	77	11	100	0	50000	770	2	115	151	0
1024	78	11	100	0	50000	780	2	115	152	0
1025	79	11	100	0	50000	790	2	115	153	0
1026	80	11	100	0	50000	800	2	115	154	0
1027	81	11	100	0	50000	810	2	115	155	0
1028	82	11	100	0	50000	820	2	115	156	0
1029	83	11	100	0	50000	830	2	115	157	0
1030	84	11	100	0	50000	840	2	115	158	0
1031	85	11	100	0	50000	850	2	115	159	0
1032	86	11	100	0	50000	860	2	115	160	0
1033	1	12	100	0	2500	10	2	75	75	0
1034	2	12	100	0	3500	20	2	75	76	0
1035	3	12	100	0	4500	30	2	75	77	0
1036	4	12	100	0	5500	40	2	75	78	0
1037	5	12	100	0	6500	50	2	75	79	0
1038	6	12	100	0	7500	60	2	75	80	0
1039	7	12	100	0	8500	70	2	75	81	0
1040	8	12	100	0	9500	80	2	75	82	0
1041	9	12	100	0	10500	90	2	75	83	0
1042	10	12	100	0	11500	100	2	75	84	0
1043	11	12	100	0	12500	110	2	75	85	1
1044	12	12	100	0	13500	120	2	85	86	0
1045	13	12	100	0	14500	130	2	85	87	0
1046	14	12	100	0	15500	140	2	85	88	0
1047	15	12	100	0	16500	150	2	85	89	0
1048	16	12	100	0	17500	160	2	85	90	0
1049	17	12	100	0	18500	170	2	85	91	0
1050	18	12	100	0	19500	180	2	85	92	0
1051	19	12	100	0	20500	190	2	85	93	0
1052	20	12	100	0	21500	200	2	85	94	0
1053	21	12	100	0	22500	210	2	85	95	1
1054	22	12	100	0	23500	220	2	95	96	0
1055	23	12	100	0	24500	230	2	95	97	0
1056	24	12	100	0	25500	240	2	95	98	0
1057	25	12	100	0	26500	250	2	95	99	0
1058	26	12	100	0	27500	260	2	95	100	0
1059	27	12	100	0	28500	270	2	95	101	0
1060	28	12	100	0	29500	280	2	95	102	0
1061	29	12	100	0	30500	290	2	95	103	0
1062	30	12	100	0	31500	300	2	95	104	0
1063	31	12	100	0	32500	310	2	95	105	1
1064	32	12	100	0	33500	320	2	105	106	0
1065	33	12	100	0	34500	330	2	105	107	0
1066	34	12	100	0	35500	340	2	105	108	0
1067	35	12	100	0	36500	350	2	105	109	0
1068	36	12	100	0	37500	360	2	105	110	0
1069	37	12	100	0	38500	370	2	105	111	0
1070	38	12	100	0	39500	380	2	105	112	0
1071	39	12	100	0	40500	390	2	105	113	0
1072	40	12	100	0	41500	400	2	105	114	0
1073	41	12	100	0	42500	410	2	105	115	1
1074	42	12	100	0	43500	420	2	115	116	0
1075	43	12	100	0	44500	430	2	115	117	0
1076	44	12	100	0	45500	440	2	115	118	0
1077	45	12	100	0	46500	450	2	115	119	0
1078	46	12	100	0	47500	460	2	115	120	0
1079	47	12	100	0	48500	470	2	115	121	0
1080	48	12	100	0	50000	480	2	115	122	0
1081	49	12	100	0	50000	490	2	115	123	0
1082	50	12	100	0	50000	500	2	115	124	0
1083	51	12	100	0	50000	510	2	115	125	0
1084	52	12	100	0	50000	520	2	115	126	0
1085	53	12	100	0	50000	530	2	115	127	0
1086	54	12	100	0	50000	540	2	115	128	0
1087	55	12	100	0	50000	550	2	115	129	0
1088	56	12	100	0	50000	560	2	115	130	0
1089	57	12	100	0	50000	570	2	115	131	0
1090	58	12	100	0	50000	580	2	115	132	0
1091	59	12	100	0	50000	590	2	115	133	0
1092	60	12	100	0	50000	600	2	115	134	0
1093	61	12	100	0	50000	610	2	115	135	0
1094	62	12	100	0	50000	620	2	115	136	0
1095	63	12	100	0	50000	630	2	115	137	0
1096	64	12	100	0	50000	640	2	115	138	0
1097	65	12	100	0	50000	650	2	115	139	0
1098	66	12	100	0	50000	660	2	115	140	0
1099	67	12	100	0	50000	670	2	115	141	0
1100	68	12	100	0	50000	680	2	115	142	0
1101	69	12	100	0	50000	690	2	115	143	0
1102	70	12	100	0	50000	700	2	115	144	0
1103	71	12	100	0	50000	710	2	115	145	0
1104	72	12	100	0	50000	720	2	115	146	0
1105	73	12	100	0	50000	730	2	115	147	0
1106	74	12	100	0	50000	740	2	115	148	0
1107	75	12	100	0	50000	750	2	115	149	0
1108	76	12	100	0	50000	760	2	115	150	0
1109	77	12	100	0	50000	770	2	115	151	0
1110	78	12	100	0	50000	780	2	115	152	0
1111	79	12	100	0	50000	790	2	115	153	0
1112	80	12	100	0	50000	800	2	115	154	0
1113	81	12	100	0	50000	810	2	115	155	0
1114	82	12	100	0	50000	820	2	115	156	0
1115	83	12	100	0	50000	830	2	115	157	0
1116	84	12	100	0	50000	840	2	115	158	0
1117	85	12	100	0	50000	850	2	115	159	0
1118	86	12	100	0	50000	860	2	115	160	0
1119	1	13	100	0	2500	10	2	75	75	0
1120	2	13	100	0	3500	20	2	75	76	0
1121	3	13	100	0	4500	30	2	75	77	0
1122	4	13	100	0	5500	40	2	75	78	0
1123	5	13	100	0	6500	50	2	75	79	0
1124	6	13	100	0	7500	60	2	75	80	0
1125	7	13	100	0	8500	70	2	75	81	0
1126	8	13	100	0	9500	80	2	75	82	0
1127	9	13	100	0	10500	90	2	75	83	0
1128	10	13	100	0	11500	100	2	75	84	0
1129	11	13	100	0	12500	110	2	75	85	1
1130	12	13	100	0	13500	120	2	85	86	0
1131	13	13	100	0	14500	130	2	85	87	0
1132	14	13	100	0	15500	140	2	85	88	0
1133	15	13	100	0	16500	150	2	85	89	0
1134	16	13	100	0	17500	160	2	85	90	0
1135	17	13	100	0	18500	170	2	85	91	0
1136	18	13	100	0	19500	180	2	85	92	0
1137	19	13	100	0	20500	190	2	85	93	0
1138	20	13	100	0	21500	200	2	85	94	0
1139	21	13	100	0	22500	210	2	85	95	1
1140	22	13	100	0	23500	220	2	95	96	0
1141	23	13	100	0	24500	230	2	95	97	0
1142	24	13	100	0	25500	240	2	95	98	0
1143	25	13	100	0	26500	250	2	95	99	0
1144	26	13	100	0	27500	260	2	95	100	0
1145	27	13	100	0	28500	270	2	95	101	0
1146	28	13	100	0	29500	280	2	95	102	0
1147	29	13	100	0	30500	290	2	95	103	0
1148	30	13	100	0	31500	300	2	95	104	0
1149	31	13	100	0	32500	310	2	95	105	1
1150	32	13	100	0	33500	320	2	105	106	0
1151	33	13	100	0	34500	330	2	105	107	0
1152	34	13	100	0	35500	340	2	105	108	0
1153	35	13	100	0	36500	350	2	105	109	0
1154	36	13	100	0	37500	360	2	105	110	0
1155	37	13	100	0	38500	370	2	105	111	0
1156	38	13	100	0	39500	380	2	105	112	0
1157	39	13	100	0	40500	390	2	105	113	0
1158	40	13	100	0	41500	400	2	105	114	0
1159	41	13	100	0	42500	410	2	105	115	1
1160	42	13	100	0	43500	420	2	115	116	0
1161	43	13	100	0	44500	430	2	115	117	0
1162	44	13	100	0	45500	440	2	115	118	0
1163	45	13	100	0	46500	450	2	115	119	0
1164	46	13	100	0	47500	460	2	115	120	0
1165	47	13	100	0	48500	470	2	115	121	0
1166	48	13	100	0	50000	480	2	115	122	0
1167	49	13	100	0	50000	490	2	115	123	0
1168	50	13	100	0	50000	500	2	115	124	0
1169	51	13	100	0	50000	510	2	115	125	0
1170	52	13	100	0	50000	520	2	115	126	0
1171	53	13	100	0	50000	530	2	115	127	0
1172	54	13	100	0	50000	540	2	115	128	0
1173	55	13	100	0	50000	550	2	115	129	0
1174	56	13	100	0	50000	560	2	115	130	0
1175	57	13	100	0	50000	570	2	115	131	0
1176	58	13	100	0	50000	580	2	115	132	0
1177	59	13	100	0	50000	590	2	115	133	0
1178	60	13	100	0	50000	600	2	115	134	0
1179	61	13	100	0	50000	610	2	115	135	0
1180	62	13	100	0	50000	620	2	115	136	0
1181	63	13	100	0	50000	630	2	115	137	0
1182	64	13	100	0	50000	640	2	115	138	0
1183	65	13	100	0	50000	650	2	115	139	0
1184	66	13	100	0	50000	660	2	115	140	0
1185	67	13	100	0	50000	670	2	115	141	0
1186	68	13	100	0	50000	680	2	115	142	0
1187	69	13	100	0	50000	690	2	115	143	0
1188	70	13	100	0	50000	700	2	115	144	0
1189	71	13	100	0	50000	710	2	115	145	0
1190	72	13	100	0	50000	720	2	115	146	0
1191	73	13	100	0	50000	730	2	115	147	0
1192	74	13	100	0	50000	740	2	115	148	0
1193	75	13	100	0	50000	750	2	115	149	0
1194	76	13	100	0	50000	760	2	115	150	0
1195	77	13	100	0	50000	770	2	115	151	0
1196	78	13	100	0	50000	780	2	115	152	0
1197	79	13	100	0	50000	790	2	115	153	0
1198	80	13	100	0	50000	800	2	115	154	0
1199	81	13	100	0	50000	810	2	115	155	0
1200	82	13	100	0	50000	820	2	115	156	0
1201	83	13	100	0	50000	830	2	115	157	0
1202	84	13	100	0	50000	840	2	115	158	0
1203	85	13	100	0	50000	850	2	115	159	0
1204	86	13	100	0	50000	860	2	115	160	0
