NUM	NUM	NUM	NUM	NUM	NUM	NUM	NUM
Index	ID	NeedTime(分钟)	ToolID	ToolNum	IsCycle	IsBind	Type
0	0	0	12030881	1	0	1	0
1	1	3	12030882	1	0	1	0
2	2	5	12030883	1	0	1	0
3	3	10	12030884	1	0	1	0
4	4	20	12030885	1	0	1	0
5	5	30	12030886	1	0	1	0
6	6	54	12030887	1	1	1	0
7	0	0	12030920	1	0	1	1
8	1	2	12030920	2	0	1	1
9	2	5	12030920	3	0	1	1
10	3	10	12030920	5	0	1	1
11	4	20	12030921	1	0	1	1
12	5	30	12030921	2	0	1	1
13	6	45	12030921	3	0	1	1
14	7	54	12030921	4	0	1	1
15	8	54	12030930	1	1	1	1
16	0	0	12030923	1	0	1	2
17	1	5	12030923	2	0	1	2
18	2	15	12030923	3	0	1	2
19	3	30	12030924	1	0	1	2
20	4	54	12030924	2	0	1	2
21	5	54	12030931	1	1	1	2
22	0	0	12030927	1	0	1	3
23	1	5	12030927	2	0	1	3
24	2	10	12030927	3	0	1	3
25	3	20	12030928	1	0	1	3
26	4	40	12030928	2	0	1	3
27	5	54	12030928	3	0	1	3
28	6	54	12030932	1	1	1	3
							
							
#目前最大数量为250行	#目前最大数量为250行						
