NUM	TEXT	NUM	NUM	NUM	NUM	NUM	NUM	NUM	NUM	NUM	NUM	TEXT
牌型ID	牌型名称	属性ID	属性值	属性ID	属性值	属性ID	属性值	属性ID	属性值	概率	牌对应的item id	牌ID集合(对牌ID=1~14的任意牌有效)
1	任意牌	-1	-1	-1	-1	-1	-1	-1	-1	0	-1	15~21|31~39|41~49|51~59|65~71|81~89|91~99|101~109|115~121|131~139|141~149|151~159|165~171|181~189|191~199|201~209|215~221|231~239|241~249|251~259|265~271|281~289|291~299|301~309|315~321|331~339|341~349|351~359
2	任意风牌	0	1	-1	-1	-1	-1	-1	-1	0	-1	15~18|65~68|115~118|165~168|215~218|265~268|315~318
3	任意箭牌	0	1	-1	-1	-1	-1	-1	-1	0	-1	15~21|65~71|115~121|165~171|215~221|265~271|315~321
4	任意字牌	0	1	-1	-1	-1	-1	-1	-1	0	-1	15~21|65~71|115~121|165~171|215~221|265~271|315~321
5	任意非字牌	-1	-1	-1	-1	-1	-1	-1	-1	0	11970021	31~39|41~49|51~59
6	任意条牌	0	1	-1	-1	-1	-1	-1	-1	0	-1	31~39|81~89|131~139|181~189|231~239|281~289|331~339
7	任意筒牌	0	1	-1	-1	-1	-1	-1	-1	0	-1	41~49|91~99|141~149|191~199|241~249|291~299|341~349
8	任意万牌	0	1	-1	-1	-1	-1	-1	-1	0	-1	51~59|101~109|151~159|201~209|251~259|301~309|351~359
9	任意顺	94	80	-1	-1	-1	-1	-1	-1	0	-1	
10	任意刻	94	120	-1	-1	-1	-1	-1	-1	0	-1	
11	任意将	94	40	-1	-1	-1	-1	-1	-1	0	-1	
12	任意非字牌加箭牌	-1	-1	-1	-1	-1	-1	-1	-1	0	11970022	19~21|31~39|41~49|51~59
13	任意非字牌加箭牌	-1	-1	-1	-1	-1	-1	-1	-1	0	11970023	65~71|81~89|91~99|101~109|115~121|131~139|141~149|151~159|165~171|181~189|191~199|201~209|215~221|231~239|241~249|251~259|265~271|281~289|291~299|301~309|315~321|331~339|341~349|351~359
15	东	163	3	-1	-1	-1	-1	-1	-1	0	11980015	
16	南	163	3	-1	-1	-1	-1	-1	-1	0	11980016	
17	西	163	3	-1	-1	-1	-1	-1	-1	0	11980017	
18	北	163	3	-1	-1	-1	-1	-1	-1	0	11980018	
19	中	149	4	-1	-1	-1	-1	-1	-1	0	11980019	
20	发	150	4	-1	-1	-1	-1	-1	-1	0	11980020	
21	白	151	4	-1	-1	-1	-1	-1	-1	0	11980021	
31	一条	149	1	-1	-1	-1	-1	-1	-1	0	11980031	
32	二条	149	3	-1	-1	-1	-1	-1	-1	0	11980032	
33	三条	149	2	-1	-1	-1	-1	-1	-1	0	11980033	
34	四条	149	1	-1	-1	-1	-1	-1	-1	0	11980034	
35	五条	149	3	-1	-1	-1	-1	-1	-1	0	11980035	
36	六条	149	2	-1	-1	-1	-1	-1	-1	0	11980036	
37	七条	149	1	-1	-1	-1	-1	-1	-1	0	11980037	
38	八条	149	3	-1	-1	-1	-1	-1	-1	0	11980038	
39	九条	149	2	-1	-1	-1	-1	-1	-1	0	11980039	
41	一筒	151	1	-1	-1	-1	-1	-1	-1	0	11980041	
42	二筒	151	3	-1	-1	-1	-1	-1	-1	0	11980042	
43	三筒	151	2	-1	-1	-1	-1	-1	-1	0	11980043	
44	四筒	151	1	-1	-1	-1	-1	-1	-1	0	11980044	
45	五筒	151	3	-1	-1	-1	-1	-1	-1	0	11980045	
46	六筒	151	2	-1	-1	-1	-1	-1	-1	0	11980046	
47	七筒	151	1	-1	-1	-1	-1	-1	-1	0	11980047	
48	八筒	151	3	-1	-1	-1	-1	-1	-1	0	11980048	
49	九筒	151	2	-1	-1	-1	-1	-1	-1	0	11980049	
51	一万	150	1	-1	-1	-1	-1	-1	-1	0	11980051	
52	二万	150	3	-1	-1	-1	-1	-1	-1	0	11980052	
53	三万	150	2	-1	-1	-1	-1	-1	-1	0	11980053	
54	四万	150	1	-1	-1	-1	-1	-1	-1	0	11980054	
55	五万	150	3	-1	-1	-1	-1	-1	-1	0	11980055	
56	六万	150	2	-1	-1	-1	-1	-1	-1	0	11980056	
57	七万	150	1	-1	-1	-1	-1	-1	-1	0	11980057	
58	八万	150	3	-1	-1	-1	-1	-1	-1	0	11980058	
59	九万	150	2	-1	-1	-1	-1	-1	-1	0	11980059	
65	黄金东	149	7	8	275	190	2	-1	-1	1	11980060	
66	黄金南	150	7	8	275	191	2	-1	-1	1	11980061	
67	黄金西	151	7	8	275	192	2	-1	-1	1	11980062	
68	黄金北	163	5	8	275	117	5	-1	-1	1	11980063	
69	黄金中	149	5	10	70	-1	-1	-1	-1	5	11980064
70	黄金发	150	5	10	70	-1	-1	-1	-1	5	11980065
71	黄金白	151	5	10	70	-1	-1	-1	-1	5	11980066
81	黄金一条	149	2	10	70	-1	-1	-1	-1	7	11980067
82	黄金二条	149	4	10	70	-1	-1	-1	-1	7	11980068
83	黄金三条	149	3	10	70	-1	-1	-1	-1	7	11980069
84	黄金四条	149	2	10	70	-1	-1	-1	-1	7	11980070
85	黄金五条	149	4	10	70	-1	-1	-1	-1	7	11980071
86	黄金六条	149	3	10	70	-1	-1	-1	-1	7	11980072
87	黄金七条	149	2	10	70	-1	-1	-1	-1	7	11980073
88	黄金八条	149	4	10	70	-1	-1	-1	-1	7	11980074
89	黄金九条	149	3	10	70	-1	-1	-1	-1	7	11980075
91	黄金一筒	151	2	10	70	-1	-1	-1	-1	7	11980076
92	黄金二筒	151	4	10	70	-1	-1	-1	-1	7	11980077
93	黄金三筒	151	3	10	70	-1	-1	-1	-1	7	11980078
94	黄金四筒	151	2	10	70	-1	-1	-1	-1	7	11980079
95	黄金五筒	151	4	10	70	-1	-1	-1	-1	7	11980080
96	黄金六筒	151	3	10	70	-1	-1	-1	-1	7	11980081
97	黄金七筒	151	2	10	70	-1	-1	-1	-1	7	11980082
98	黄金八筒	151	4	10	70	-1	-1	-1	-1	7	11980083
99	黄金九筒	151	3	10	70	-1	-1	-1	-1	7	11980084
101	黄金一万	150	2	10	70	-1	-1	-1	-1	7	11980085
102	黄金二万	150	4	10	70	-1	-1	-1	-1	7	11980086
103	黄金三万	150	3	10	70	-1	-1	-1	-1	7	11980087
104	黄金四万	150	2	10	70	-1	-1	-1	-1	7	11980088
105	黄金五万	150	4	10	70	-1	-1	-1	-1	7	11980089
106	黄金六万	150	3	10	70	-1	-1	-1	-1	7	11980090
107	黄金七万	150	2	10	70	-1	-1	-1	-1	7	11980091
108	黄金八万	150	4	10	70	-1	-1	-1	-1	7	11980092
109	黄金九万	150	3	10	70	-1	-1	-1	-1	7	11980093
115	黄金东	149	7	8	275	190	2	-1	-1	1	11980094
116	黄金南	150	7	8	275	191	2	-1	-1	1	11980095
117	黄金西	151	7	8	275	192	2	-1	-1	1	11980096
118	黄金北	163	5	8	275	117	5	-1	-1	1	11980097
119	黄金中	149	5	12	70	-1	-1	-1	-1	5	11980098
120	黄金发	150	5	12	70	-1	-1	-1	-1	5	11980099
121	黄金白	151	5	12	70	-1	-1	-1	-1	5	11980100
131	黄金一条	149	2	12	70	-1	-1	-1	-1	7	11980101
132	黄金二条	149	4	12	70	-1	-1	-1	-1	7	11980102
133	黄金三条	149	3	12	70	-1	-1	-1	-1	7	11980103
134	黄金四条	149	2	12	70	-1	-1	-1	-1	7	11980104
135	黄金五条	149	4	12	70	-1	-1	-1	-1	7	11980105
136	黄金六条	149	3	12	70	-1	-1	-1	-1	7	11980106
137	黄金七条	149	2	12	70	-1	-1	-1	-1	7	11980107
138	黄金八条	149	4	12	70	-1	-1	-1	-1	7	11980108
139	黄金九条	149	3	12	70	-1	-1	-1	-1	7	11980109
141	黄金一筒	151	2	12	70	-1	-1	-1	-1	7	11980110
142	黄金二筒	151	4	12	70	-1	-1	-1	-1	7	11980111
143	黄金三筒	151	3	12	70	-1	-1	-1	-1	7	11980112
144	黄金四筒	151	2	12	70	-1	-1	-1	-1	7	11980113
145	黄金五筒	151	4	12	70	-1	-1	-1	-1	7	11980114
146	黄金六筒	151	3	12	70	-1	-1	-1	-1	7	11980115
147	黄金七筒	151	2	12	70	-1	-1	-1	-1	7	11980116
148	黄金八筒	151	4	12	70	-1	-1	-1	-1	7	11980117
149	黄金九筒	151	3	12	70	-1	-1	-1	-1	7	11980118
151	黄金一万	150	2	12	70	-1	-1	-1	-1	7	11980119
152	黄金二万	150	4	12	70	-1	-1	-1	-1	7	11980120
153	黄金三万	150	3	12	70	-1	-1	-1	-1	7	11980121
154	黄金四万	150	2	12	70	-1	-1	-1	-1	7	11980122
155	黄金五万	150	4	12	70	-1	-1	-1	-1	7	11980123
156	黄金六万	150	3	12	70	-1	-1	-1	-1	7	11980124
157	黄金七万	150	2	12	70	-1	-1	-1	-1	7	11980125
158	黄金八万	150	4	12	70	-1	-1	-1	-1	7	11980126
159	黄金九万	150	3	12	70	-1	-1	-1	-1	7	11980127
165	黄金东	149	7	8	275	190	2	-1	-1	1	11980128
166	黄金南	150	7	8	275	191	2	-1	-1	1	11980129
167	黄金西	151	7	8	275	192	2	-1	-1	1	11980130
168	黄金北	163	5	8	275	117	5	-1	-1	1	11980131
169	黄金中	149	5	14	70	-1	-1	-1	-1	5	11980132
170	黄金发	150	5	14	70	-1	-1	-1	-1	5	11980133
171	黄金白	151	5	14	70	-1	-1	-1	-1	5	11980134
181	黄金一条	149	2	14	70	-1	-1	-1	-1	7	11980135
182	黄金二条	149	4	14	70	-1	-1	-1	-1	7	11980136
183	黄金三条	149	3	14	70	-1	-1	-1	-1	7	11980137
184	黄金四条	149	2	14	70	-1	-1	-1	-1	7	11980138
185	黄金五条	149	4	14	70	-1	-1	-1	-1	7	11980139
186	黄金六条	149	3	14	70	-1	-1	-1	-1	7	11980140
187	黄金七条	149	2	14	70	-1	-1	-1	-1	7	11980141
188	黄金八条	149	4	14	70	-1	-1	-1	-1	7	11980142
189	黄金九条	149	3	14	70	-1	-1	-1	-1	7	11980143
191	黄金一筒	151	2	14	70	-1	-1	-1	-1	7	11980144
192	黄金二筒	151	4	14	70	-1	-1	-1	-1	7	11980145
193	黄金三筒	151	3	14	70	-1	-1	-1	-1	7	11980146
194	黄金四筒	151	2	14	70	-1	-1	-1	-1	7	11980147
195	黄金五筒	151	4	14	70	-1	-1	-1	-1	7	11980148
196	黄金六筒	151	3	14	70	-1	-1	-1	-1	7	11980149
197	黄金七筒	151	2	14	70	-1	-1	-1	-1	7	11980150
198	黄金八筒	151	4	14	70	-1	-1	-1	-1	7	11980151
199	黄金九筒	151	3	14	70	-1	-1	-1	-1	7	11980152
201	黄金一万	150	2	14	70	-1	-1	-1	-1	7	11980153
202	黄金二万	150	4	14	70	-1	-1	-1	-1	7	11980154
203	黄金三万	150	3	14	70	-1	-1	-1	-1	7	11980155
204	黄金四万	150	2	14	70	-1	-1	-1	-1	7	11980156
205	黄金五万	150	4	14	70	-1	-1	-1	-1	7	11980157
206	黄金六万	150	3	14	70	-1	-1	-1	-1	7	11980158
207	黄金七万	150	2	14	70	-1	-1	-1	-1	7	11980159
208	黄金八万	150	4	14	70	-1	-1	-1	-1	7	11980160
209	黄金九万	150	3	14	70	-1	-1	-1	-1	7	11980161
215	黄金东	149	7	8	275	190	2	-1	-1	1	11980162
216	黄金南	150	7	8	275	191	2	-1	-1	1	11980163
217	黄金西	151	7	8	275	192	2	-1	-1	1	11980164
218	黄金北	163	5	8	275	117	5	-1	-1	1	11980165
219	黄金中	149	4	10	70	-1	-1	-1	-1	5	11980166
220	黄金发	150	4	10	70	-1	-1	-1	-1	5	11980167
221	黄金白	151	4	10	70	-1	-1	-1	-1	5	11980168
231	黄金一条	149	1	10	70	-1	-1	-1	-1	7	11980169
232	黄金二条	149	3	10	70	-1	-1	-1	-1	7	11980170
233	黄金三条	149	2	10	70	-1	-1	-1	-1	7	11980171
234	黄金四条	149	1	10	70	-1	-1	-1	-1	7	11980172
235	黄金五条	149	3	10	70	-1	-1	-1	-1	7	11980173
236	黄金六条	149	2	10	70	-1	-1	-1	-1	7	11980174
237	黄金七条	149	1	10	70	-1	-1	-1	-1	7	11980175
238	黄金八条	149	3	10	70	-1	-1	-1	-1	7	11980176
239	黄金九条	149	2	10	70	-1	-1	-1	-1	7	11980177
241	黄金一筒	151	1	10	70	-1	-1	-1	-1	7	11980178
242	黄金二筒	151	3	10	70	-1	-1	-1	-1	7	11980179
243	黄金三筒	151	2	10	70	-1	-1	-1	-1	7	11980180
244	黄金四筒	151	1	10	70	-1	-1	-1	-1	7	11980181
245	黄金五筒	151	3	10	70	-1	-1	-1	-1	7	11980182
246	黄金六筒	151	2	10	70	-1	-1	-1	-1	7	11980183
247	黄金七筒	151	1	10	70	-1	-1	-1	-1	7	11980184
248	黄金八筒	151	3	10	70	-1	-1	-1	-1	7	11980185
249	黄金九筒	151	2	10	70	-1	-1	-1	-1	7	11980186
251	黄金一万	150	1	10	70	-1	-1	-1	-1	7	11980187
252	黄金二万	150	3	10	70	-1	-1	-1	-1	7	11980188
253	黄金三万	150	2	10	70	-1	-1	-1	-1	7	11980189
254	黄金四万	150	1	10	70	-1	-1	-1	-1	7	11980190
255	黄金五万	150	3	10	70	-1	-1	-1	-1	7	11980191
256	黄金六万	150	2	10	70	-1	-1	-1	-1	7	11980192
257	黄金七万	150	1	10	70	-1	-1	-1	-1	7	11980193
258	黄金八万	150	3	10	70	-1	-1	-1	-1	7	11980194
259	黄金九万	150	2	10	70	-1	-1	-1	-1	7	11980195
265	黄金东	149	7	8	275	190	2	-1	-1	1	11980196
266	黄金南	150	7	8	275	191	2	-1	-1	1	11980197
267	黄金西	151	7	8	275	192	2	-1	-1	1	11980198
268	黄金北	163	5	8	275	117	5	-1	-1	1	11980199
269	黄金中	149	4	12	70	-1	-1	-1	-1	5	11980200
270	黄金发	150	4	12	70	-1	-1	-1	-1	5	11980201
271	黄金白	151	4	12	70	-1	-1	-1	-1	5	11980202
281	黄金一条	149	1	12	70	-1	-1	-1	-1	7	11980203
282	黄金二条	149	3	12	70	-1	-1	-1	-1	7	11980204
283	黄金三条	149	2	12	70	-1	-1	-1	-1	7	11980205
284	黄金四条	149	1	12	70	-1	-1	-1	-1	7	11980206
285	黄金五条	149	3	12	70	-1	-1	-1	-1	7	11980207
286	黄金六条	149	2	12	70	-1	-1	-1	-1	7	11980208
287	黄金七条	149	1	12	70	-1	-1	-1	-1	7	11980209
288	黄金八条	149	3	12	70	-1	-1	-1	-1	7	11980210
289	黄金九条	149	2	12	70	-1	-1	-1	-1	7	11980211
291	黄金一筒	151	1	12	70	-1	-1	-1	-1	7	11980212
292	黄金二筒	151	3	12	70	-1	-1	-1	-1	7	11980213
293	黄金三筒	151	2	12	70	-1	-1	-1	-1	7	11980214
294	黄金四筒	151	1	12	70	-1	-1	-1	-1	7	11980215
295	黄金五筒	151	3	12	70	-1	-1	-1	-1	7	11980216
296	黄金六筒	151	2	12	70	-1	-1	-1	-1	7	11980217
297	黄金七筒	151	1	12	70	-1	-1	-1	-1	7	11980218
298	黄金八筒	151	3	12	70	-1	-1	-1	-1	7	11980219
299	黄金九筒	151	2	12	70	-1	-1	-1	-1	7	11980220
301	黄金一万	150	1	12	70	-1	-1	-1	-1	7	11980221
302	黄金二万	150	3	12	70	-1	-1	-1	-1	7	11980222
303	黄金三万	150	2	12	70	-1	-1	-1	-1	7	11980223
304	黄金四万	150	1	12	70	-1	-1	-1	-1	7	11980224
305	黄金五万	150	3	12	70	-1	-1	-1	-1	7	11980225
306	黄金六万	150	2	12	70	-1	-1	-1	-1	7	11980226
307	黄金七万	150	1	12	70	-1	-1	-1	-1	7	11980227
308	黄金八万	150	3	12	70	-1	-1	-1	-1	7	11980228
309	黄金九万	150	2	12	70	-1	-1	-1	-1	7	11980229
315	黄金东	149	7	8	275	190	2	-1	-1	1	11980230
316	黄金南	150	7	8	275	191	2	-1	-1	1	11980231
317	黄金西	151	7	8	275	192	2	-1	-1	1	11980232
318	黄金北	163	5	8	275	117	5	-1	-1	1	11980233
319	黄金中	149	4	14	70	-1	-1	-1	-1	5	11980234
320	黄金发	150	4	14	70	-1	-1	-1	-1	5	11980235
321	黄金白	151	4	14	70	-1	-1	-1	-1	5	11980236
331	黄金一条	149	1	14	70	-1	-1	-1	-1	7	11980237
332	黄金二条	149	3	14	70	-1	-1	-1	-1	7	11980238
333	黄金三条	149	2	14	70	-1	-1	-1	-1	7	11980239
334	黄金四条	149	1	14	70	-1	-1	-1	-1	7	11980240
335	黄金五条	149	3	14	70	-1	-1	-1	-1	7	11980241
336	黄金六条	149	2	14	70	-1	-1	-1	-1	7	11980242
337	黄金七条	149	1	14	70	-1	-1	-1	-1	7	11980243
338	黄金八条	149	3	14	70	-1	-1	-1	-1	7	11980244
339	黄金九条	149	2	14	70	-1	-1	-1	-1	7	11980245
341	黄金一筒	151	1	14	70	-1	-1	-1	-1	7	11980246
342	黄金二筒	151	3	14	70	-1	-1	-1	-1	7	11980247
343	黄金三筒	151	2	14	70	-1	-1	-1	-1	7	11980248
344	黄金四筒	151	1	14	70	-1	-1	-1	-1	7	11980249
345	黄金五筒	151	3	14	70	-1	-1	-1	-1	7	11980250
346	黄金六筒	151	2	14	70	-1	-1	-1	-1	7	11980251
347	黄金七筒	151	1	14	70	-1	-1	-1	-1	7	11980252
348	黄金八筒	151	3	14	70	-1	-1	-1	-1	7	11980253
349	黄金九筒	151	2	14	70	-1	-1	-1	-1	7	11980254
351	黄金一万	150	1	14	70	-1	-1	-1	-1	7	11980255
352	黄金二万	150	3	14	70	-1	-1	-1	-1	7	11980256
353	黄金三万	150	2	14	70	-1	-1	-1	-1	7	11980257
354	黄金四万	150	1	14	70	-1	-1	-1	-1	7	11980258
355	黄金五万	150	3	14	70	-1	-1	-1	-1	7	11980259
356	黄金六万	150	2	14	70	-1	-1	-1	-1	7	11980260
357	黄金七万	150	1	14	70	-1	-1	-1	-1	7	11980261
358	黄金八万	150	3	14	70	-1	-1	-1	-1	7	11980262
359	黄金九万	150	2	14	70	-1	-1	-1	-1	7	11980263